03067 20240101  2.622 -100.96   38.87     9.8   -11.5    -0.9    -2.7     0.0     8.46 C    12.4   -12.2    -3.4    91.9    41.3    77.1 -99.000   0.179   0.160   0.137   0.104    -0.1     1.4     2.2     5.0     5.0
03067 20240102  2.622 -100.96   38.87     8.7    -5.8     1.4    -0.3     0.0     8.17 C    14.1    -8.5    -1.6    89.4    39.4    71.2 -99.000   0.165   0.160   0.137   0.104    -0.1     1.2     2.0     4.8     4.8
03067 20240103  2.622 -100.96   38.87    10.6    -8.4     1.1    -1.0     0.0     7.79 C    16.1   -10.6    -2.4    89.5    34.8    71.3 -99.000   0.165   0.160   0.137   0.104    -0.3     1.1     1.8     4.6     4.6
03067 20240104  2.622 -100.96   38.87     2.1    -6.6    -2.3    -1.5     0.0     1.23 C     2.3   -10.0    -2.0    93.4    85.1    90.6 -99.000   0.165   0.160   0.137   0.104    -0.3     1.0     1.7     4.5     4.5
03067 20240105  2.622 -100.96   38.87     0.1    -6.3    -3.1    -1.9     6.7     3.18 C     0.4    -9.4    -2.5    93.7    83.3    89.2 -99.000   0.165   0.160   0.136   0.104     0.0     1.0     1.6     4.3     4.3
03067 20240106  2.622 -100.96   38.87     1.8   -12.3    -5.2    -2.9     0.0     8.79 C    -0.2   -16.8    -5.5    92.2    48.6    76.3 -99.000   0.165   0.160   0.136   0.104     0.0     1.0     1.7     4.2     4.2
03067 20240107  2.622 -100.96   38.87     2.2   -13.9    -5.9    -4.3     0.0     5.03 C     0.1   -17.6    -6.8    87.3    63.0    76.2 -99.000   0.165   0.160   0.136   0.104    -0.2     0.9     1.6     4.1     4.2
03067 20240108  2.622 -100.96   38.87     1.2    -6.6    -2.7    -3.3    17.7     3.29 C    -0.4    -7.0    -3.7    91.8    78.3    84.8 -99.000   0.165   0.161   0.136   0.104    -0.1     0.9     1.5     4.0     4.1
03067 20240109  2.622 -100.96   38.87    -0.6   -10.2    -5.4    -6.0     0.0     8.38 C    -2.1   -13.9    -9.2    80.8    46.6    62.8 -99.000   0.165   0.161   0.136   0.104    -0.1     0.9     1.5     3.9     4.0
03067 20240110  2.622 -100.96   38.87     5.1   -13.3    -4.1    -4.2     0.0     9.45 C     0.5   -16.9    -8.2    81.5    39.6    63.2 -99.000   0.165   0.161   0.136   0.104     0.0     0.9     1.5     3.9     3.9
03067 20240111  2.622 -100.96   38.87    -4.6   -13.7    -9.1    -9.3     0.0     4.80 C    -3.1   -15.6   -10.8    82.5    59.1    73.1 -99.000   0.165   0.161   0.136   0.104    -0.1     0.9     1.5     3.8     3.8
03067 20240112  2.622 -100.96   38.87    -6.9   -18.3   -12.6   -12.8     0.0    10.36 C    -1.9   -20.5   -12.9    79.0    54.8    69.1 -99.000   0.165   0.161   0.136   0.104    -0.2     0.8     1.4     3.7     3.8
03067 20240113  2.622 -100.96   38.87   -15.5   -26.3   -20.9   -20.2     0.3     8.92 C   -14.5   -29.0   -19.3    72.8    49.0    61.6 -99.000   0.165   0.161   0.136   0.104    -0.6     0.7     1.3     3.6     3.7
03067 20240114  2.622 -100.96   38.87   -16.5   -27.7   -22.1   -21.3     0.0     8.90 C   -10.2   -29.1   -20.8    68.8    41.7    57.0 -99.000   0.153   0.159   0.135   0.104    -0.8     0.5     1.2     3.5     3.6
03067 20240115  2.622 -100.96   38.87   -17.4   -27.4   -22.4   -20.3     1.4     5.07 C   -13.8   -32.9   -20.7    72.0    58.4    66.0 -99.000   0.145   0.148   0.135   0.104    -1.0     0.3     1.0     3.4     3.5
03067 20240116  2.622 -100.96   38.87    -5.1   -28.5   -16.8   -17.7     0.0    10.62 C    -7.5   -35.6   -23.0    72.6    37.5    57.5 -99.000   0.145   0.148   0.135   0.104    -1.0     0.1     0.9     3.3     3.4
03067 20240117  2.622 -100.96   38.87    -1.4   -17.7    -9.6    -9.3     0.0     9.07 C    -0.4   -21.6   -12.3    79.7    48.2    67.0 -99.000   0.145   0.148   0.135   0.104    -1.0    -0.1     0.7     3.1     3.3
03067 20240118  2.622 -100.96   38.87     8.8   -15.0    -3.1    -8.7     0.0     9.66 C     1.1   -18.0   -10.9    83.6    40.3    69.6 -99.000   0.145   0.148   0.135   0.104    -0.9    -0.1     0.6     3.0     3.1
03067 20240119  2.622 -100.96   38.87    -6.9   -18.0   -12.4   -12.8     0.0     9.08 C    -3.5   -21.5   -14.3    74.9    46.1    65.1 -99.000   0.145   0.147   0.135   0.104    -1.1    -0.2     0.5     2.9     3.0
03067 20240120  2.622 -100.96   38.87    -5.1   -14.5    -9.8    -9.8     0.0     9.97 C    -4.0   -17.4   -10.7    78.0    58.5    67.4 -99.000 -99.000   0.147   0.135   0.104    -1.2    -0.3     0.4     2.8     2.9
03067 20240121  2.622 -100.96   38.87     2.1   -10.6    -4.3    -4.2     0.0     7.07 C     0.3   -13.8    -6.3    74.3    58.1    65.2 -99.000 -99.000   0.147   0.135   0.103    -1.3    -0.3     0.3     2.7     2.8
03067 20240122  2.622 -100.96   38.87     4.1   -10.4    -3.2    -2.8     0.0    10.40 C     1.5   -12.1    -4.2    94.4    56.0    80.2 -99.000 -99.000   0.147   0.135   0.103    -0.8    -0.2     0.3     2.6     2.7
03067 20240123  2.622 -100.96   38.87     0.0    -0.7    -0.4    -0.4     0.0     2.44 C     0.4    -0.4    -0.1    94.4    92.4    93.4 -99.000   0.145   0.147   0.134   0.103    -0.5    -0.1     0.4     2.5     2.7
03067 20240124  2.622 -100.96   38.87     0.8    -1.6    -0.4    -0.4     0.0     4.40 C     0.7    -1.1    -0.2    95.0    87.8    92.0 -99.000   0.145   0.147   0.134   0.103    -0.4     0.0     0.5     2.5     2.7
03067 20240125  2.622 -100.96   38.87     8.6    -6.0     1.3     0.9     0.0    10.98 C     4.1    -7.5    -1.6    95.6    58.9    82.3 -99.000   0.145   0.147   0.134   0.103    -0.3     0.1     0.5     2.5     2.6
03067 20240126  2.622 -100.96   38.87     9.8    -3.0     3.4     2.1     0.0     8.83 C     7.0    -5.4    -0.2    90.1    53.2    78.4 -99.000   0.145   0.147   0.134   0.103    -0.2     0.2     0.6     2.5     2.6
03067 20240127  2.622 -100.96   38.87    10.5    -3.6     3.5     2.1     0.0    11.43 C    11.8    -6.8    -0.5    90.1    38.5    70.3 -99.000   0.145   0.148   0.134   0.103    -0.2     0.3     0.6     2.5     2.6
03067 20240128  2.622 -100.96   38.87 -9999.0 -9999.0 -9999.0 -9999.0 -9999.0 -9999.00 U -9999.0 -9999.0 -9999.0 -9999.0 -9999.0 -9999.0 -99.000 -99.000 -99.000 -99.000 -99.000 -9999.0 -9999.0 -9999.0 -9999.0 -9999.0
03067 20240129  2.622 -100.96   38.87    16.7    -1.2     7.7     6.0     0.0     9.18 C    19.7    -4.6     2.9    85.4    32.1    65.9 -99.000   0.145   0.147   0.134   0.103    -0.1     0.4     0.7     2.4     2.6
03067 20240130  2.622 -100.96   38.87    19.0    -0.2     9.4     6.8     0.0     9.91 C    24.6    -3.9     4.3    85.8    25.1    65.1 -99.000   0.188   0.156   0.134   0.103     0.5     0.8     0.8     2.4     2.6
03067 20240131  2.622 -100.96   38.87    18.6    -3.0     7.8     7.5     0.0     9.81 C    22.0    -6.6     4.1    87.3    24.5    60.0 -99.000   0.249   0.191   0.134   0.104     1.4     1.5     1.3     2.5     2.6
03067 20240201  2.622 -100.96   38.87    18.3    -1.0     8.6     7.3     0.0    11.80 C    26.2    -4.4     6.0    87.8    26.3    62.1   0.338   0.258   0.197   0.134   0.104     3.5     2.6     2.2     2.7     2.8
03067 20240202  2.622 -100.96   38.87     9.8    -3.6     3.1     3.9     0.0     8.65 C    19.7    -5.6     4.4    92.8    64.9    83.6   0.333   0.261   0.199   0.135   0.104     3.4     2.9     2.8     3.0     3.1
03067 20240203  2.622 -100.96   38.87    13.0     6.2     9.6     8.7     0.0     6.64 C    15.6     5.4     8.4    93.3    57.7    84.6   0.354   0.276   0.205   0.135   0.104     6.1     4.5     3.9     3.3     3.4
03067 20240204  2.622 -100.96   38.87     7.5     4.9     6.2     6.0     0.0     2.19 C     7.9     4.8     5.9    92.3    84.2    89.9   0.354   0.290   0.212   0.135   0.106     5.7     5.1     4.8     3.8     3.9
03067 20240205  2.622 -100.96   38.87    13.7     2.7     8.2     6.9     0.0    12.13 C    20.9     0.6     7.4    93.5    47.1    78.1   0.343   0.292   0.218   0.136   0.109     6.5     5.4     5.0     4.2     4.3
03067 20240206  2.622 -100.96   38.87    14.1     1.8     7.9     7.6     0.0     5.15 C    14.5     0.2     6.8    90.9    46.5    72.0 -99.000 -99.000 -99.000 -99.000 -99.000 -9999.0 -9999.0 -9999.0 -9999.0 -9999.0
03067 20240207  2.622 -100.96   38.87    15.0     5.0    10.0    10.2     0.0     3.84 C    15.4     1.6     9.3    72.2    48.0    62.6   0.331   0.289   0.228   0.137   0.105     6.9     6.0     5.6     4.9     4.9
03067 20240208  2.622 -100.96   38.87    14.7    -3.8     5.5     5.6     0.0    11.58 C    22.5    -5.9     4.2    82.7    28.1    55.5   0.325   0.288   0.231   0.138   0.105     5.4     5.5     5.5     5.2     5.2
03067 20240209  2.622 -100.96   38.87     9.2    -4.6     2.3     3.2     0.0     7.60 C    16.4    -7.6     1.9    87.4    39.8    61.9   0.321   0.288   0.233   0.138   0.105     4.3     4.9     5.1     5.3     5.3
03067 20240210  2.622 -100.96   38.87     0.5    -6.4    -2.9    -2.0     0.0     3.72 C     5.9    -8.4    -1.4    90.9    76.5    85.1   0.315   0.288   0.234   0.138   0.105     2.2     3.6     4.2     5.3     5.3
03067 20240211  2.622 -100.96   38.87     6.7    -6.9    -0.1    -0.4     0.0     9.24 C    18.9   -10.3     0.7    89.1    39.3    72.6   0.314   0.287   0.235   0.138   0.105     3.1     3.3     3.7     5.0     5.0
03067 20240212  2.622 -100.96   38.87    10.7    -7.5     1.6     0.4     0.0     9.95 C    22.2   -10.5    -0.5    84.6    23.5    59.5   0.310   0.285   0.235   0.138   0.105     2.2     2.9     3.4     4.9     4.8
03067 20240213  2.622 -100.96   38.87    14.7    -5.6     4.6     4.0     0.0    14.13 C    25.3    -8.6     3.1    82.3    17.1    48.4   0.308   0.284   0.236   0.138   0.105     2.8     2.9     3.1     4.7     4.6
03067 20240214  2.622 -100.96   38.87    17.7    -5.7     6.0     5.5 -9999.0    13.56 C    27.8    -8.7     5.3    82.3    17.3    53.3   0.306   0.283   0.237   0.138   0.105     3.5     3.1     3.3     4.6     4.5
03067 20240215  2.622 -100.96   38.87     7.9    -4.0     2.0    -0.1     0.0     9.60 C    14.9    -4.7     2.1    84.1    43.5    71.3   0.305   0.282   0.238   0.138   0.105     3.1     3.4     3.5     4.6     4.5
03067 20240216  2.622 -100.96   38.87     0.3    -8.1    -3.9    -3.7     0.0     5.02 C     5.5   -10.0    -1.6    86.3    67.9    77.0   0.303   0.281   0.239   0.138   0.105     2.4     3.0     3.4     4.6     4.5
03067 20240217  2.622 -100.96   38.87     2.8   -11.3    -4.3    -4.6     0.0    14.98 C    11.9   -12.6    -3.2    84.0    25.9    61.4   0.301   0.279   0.239   0.138   0.105     1.8     2.3     2.9     4.5     4.4
03067 20240218  2.622 -100.96   38.87    14.2   -10.5     1.8     0.0     0.0    13.19 C    23.6   -13.9    -0.3    83.3     8.1    51.1   0.307   0.277   0.239   0.138   0.105     1.3     2.0     2.4     4.3     4.2
03067 20240219  2.622 -100.96   38.87    16.4    -1.6     7.4     6.5     0.0    14.79 C    25.7    -6.4     5.6    69.3    19.2    44.4   0.299   0.276   0.238   0.137   0.105     3.5     2.6     2.6     4.2     4.0
03067 20240220  2.622 -100.96   38.87    21.6    -5.3     8.1     7.1     0.0    15.11 C    33.0    -7.8     6.7    81.4    12.9    47.4   0.299   0.276   0.239   0.137   0.105     4.2     3.4     3.2     4.2     4.0
03067 20240221  2.622 -100.96   38.87    19.6    -0.9     9.4     9.0     0.0     7.97 C    29.6    -5.0     7.5    76.6    19.1    47.8   0.298   0.276   0.239   0.137   0.105     5.2     4.3     3.9     4.4     4.1
03067 20240222  2.622 -100.96   38.87 -9999.0 -9999.0 -9999.0 -9999.0 -9999.0 -9999.00 U -9999.0 -9999.0 -9999.0 -9999.0 -9999.0 -9999.0 -99.000 -99.000 -99.000 -99.000 -99.000 -9999.0 -9999.0 -9999.0 -9999.0 -9999.0
03067 20240223  2.622 -100.96   38.87    15.5    -2.7     6.4     4.8     0.0    12.87 C    27.1    -5.5     4.3    84.7    14.7    50.3   0.297   0.275   0.240   0.138   0.105     5.3     4.9     4.8     5.0     4.7
03067 20240224  2.622 -100.96   38.87    21.0    -6.9     7.0     5.8     0.0    14.13 C    29.3   -10.4     4.2    75.7     4.1    36.8   0.295   0.274   0.240   0.138   0.106     4.7     4.6     4.6     5.2     4.9
03067 20240225  2.622 -100.96   38.87    23.4    -3.4    10.0     9.3     0.0    15.68 C    34.3    -6.2     8.0    56.0     2.8    24.8   0.294   0.273   0.240   0.138   0.106     5.6     4.9     4.8     5.2     4.9
03067 20240226  2.622 -100.96   38.87    26.2    -0.1    13.0    11.8     0.0    14.85 C    36.7    -6.3     9.8    46.4     4.8    24.4   0.293   0.273   0.240   0.138   0.106     6.5     5.5     5.2     5.4     5.1
03067 20240227  2.622 -100.96   38.87    14.8    -7.6     3.6     1.7     0.0    13.84 C    18.9    -7.6     3.0    64.8    27.3    46.9   0.292   0.272   0.240   0.139   0.106     5.7     5.6     5.6     5.6     5.3
03067 20240228  2.622 -100.96   38.87 -9999.0 -9999.0 -9999.0 -9999.0 -9999.0 -9999.00 U -9999.0 -9999.0 -9999.0 -9999.0 -9999.0 -9999.0 -99.000 -99.000 -99.000 -99.000 -99.000 -9999.0 -9999.0 -9999.0 -9999.0 -9999.0
03067 20240229  2.622 -100.96   38.87    15.0    -4.6     5.2     4.9 -9999.0    15.81 C    22.2    -9.0     5.7    81.4    21.4    48.1   0.287   0.270   0.240   0.139   0.106     4.7     4.3     4.5     5.6     5.3
03067 20240301  2.622 -100.96   38.87    23.9    -5.7     9.1     7.5     0.0    16.33 C    31.6    -9.0     8.0    92.8     5.5    55.5   0.287   0.269   0.241   0.139   0.106     5.6     4.9     4.8     5.5     5.2
03067 20240302  2.622 -100.96   38.87    27.7    -4.2    11.8    11.9 -9999.0    15.68 C    36.4    -7.0    11.3    93.2     2.1    38.6   0.286   0.269   0.242   0.139   0.106     7.1     5.9     5.5     5.6     5.3
03067 20240303  2.622 -100.96   38.87    17.9     3.5    10.7    10.4     0.0    16.46 C    31.5    -2.4    10.2    39.5     2.6    20.1   0.285   0.269   0.242   0.140   0.106     7.7     6.6     6.2     5.8     5.6
03067 20240304  2.622 -100.96   38.87    14.3     0.3     7.3     6.6     0.0    16.71 C    29.2    -3.1     8.2    52.7    14.4    29.6   0.283   0.268   0.243   0.140   0.106     7.2     6.6     6.4     6.1     5.8
03067 20240305  2.622 -100.96   38.87    11.2    -6.2     2.5     3.1     0.0    11.09 C    26.4    -8.9     4.3    83.3    23.8    49.4   0.280   0.267   0.243   0.140   0.106     6.1     6.1     6.1     6.3     6.0
03067 20240306  2.622 -100.96   38.87    17.3    -1.1     8.1     7.2     0.0    14.51 C    27.8    -5.2     8.0    66.0    27.2    46.3   0.279   0.266   0.242   0.140   0.106     6.9     6.2     6.0     6.4     6.0
03067 20240307  2.622 -100.96   38.87     6.0    -0.1     2.9     3.1     0.0     1.84 C     7.0    -0.6     3.8    93.6    67.0    84.4   0.277   0.265   0.242   0.140   0.106     6.1     6.3     6.3     6.4     6.1
03067 20240308  2.622 -100.96   38.87    -0.1    -4.0    -2.1    -1.9     0.0     3.29 C     1.5    -2.9    -0.7    91.2    61.7    77.5   0.274   0.264   0.242   0.141   0.106     4.0     5.1     5.6     6.5     6.2
03067 20240309  2.622 -100.96   38.87    12.0    -8.6     1.7     1.6     0.0    17.93 C    27.6    -9.5     3.6    83.9    15.6    50.2   0.273   0.263   0.241   0.141   0.106     4.8     4.6     4.9     6.3     6.0
03067 20240310  2.622 -100.96   38.87    22.8    -6.6     8.1     7.2     0.0    16.92 C    34.9   -10.3     7.2    74.2     5.9    35.2   0.272   0.262   0.241   0.140   0.106     5.6     5.1     5.1     6.1     5.8
03067 20240311  2.622 -100.96   38.87    24.9    -3.9    10.5    10.1     0.0    16.01 C    35.2    -8.9     9.5    62.5     6.7    31.9   0.272   0.262   0.242   0.140   0.106     7.1     6.1     5.8     6.1     5.8
03067 20240312  2.622 -100.96   38.87    21.8    -2.5     9.7    11.1     0.0    15.92 C    37.1    -4.4    11.9    68.3    12.4    33.2   0.271   0.262   0.242   0.141   0.106     8.5     7.0     6.5     6.3     6.0
03067 20240313  2.622 -100.96   38.87    20.2     6.6    13.4    12.5     0.0    11.56 C    30.3     3.3    13.1    68.4    18.8    37.5   0.270   0.261   0.242   0.141   0.107     9.4     7.9     7.3     6.6     6.3
03067 20240314  2.622 -100.96   38.87     8.8     4.9     6.9     7.1     0.0     2.22 C    10.1     2.4     6.9    84.4    51.6    68.4   0.268   0.260   0.243   0.141   0.107     7.9     7.8     7.6     7.0     6.7
03067 20240315  2.622 -100.96   38.87    12.4    -0.7     5.8     5.7     0.0    15.04 C    30.3    -4.6     8.4    82.1    32.3    58.3   0.266   0.259   0.242   0.142   0.107     8.4     7.6     7.3     7.2     6.9
03067 20240316  2.622 -100.96   38.87    15.9    -5.1     5.4     6.3     0.0    17.16 C    31.6    -6.6     8.0    88.3    21.2    50.1   0.265   0.258   0.242   0.142   0.107     7.9     7.4     7.3     7.3     7.0
03067 20240317  2.622 -100.96   38.87    14.4    -3.7     5.3     4.8     0.0    15.71 C    31.7    -7.6     6.9    65.8    19.4    39.4   0.263   0.257   0.242   0.142   0.107     8.1     7.5     7.4     7.3     7.1
03067 20240318  2.622 -100.96   38.87    16.2    -9.0     3.6     3.8     0.0    17.34 C    30.1   -11.6     6.2    67.0    17.5    39.2   0.262   0.257   0.241   0.142   0.107     7.6     7.2     7.2     7.4     7.1
03067 20240319  2.622 -100.96   38.87    21.5    -1.2    10.1    11.0     0.0    19.19 C    37.3    -4.3    12.7    66.8    14.7    34.9   0.261   0.256   0.241   0.142   0.107     9.5     8.1     7.6     7.4     7.1
03067 20240320  2.622 -100.96   38.87    18.7    -0.8     9.0     9.4     0.0    17.92 C    38.8    -3.4    11.4    64.2    22.3    40.2   0.260   0.256   0.242   0.142   0.107    10.0     8.7     8.2     7.6     7.3
03067 20240321  2.622 -100.96   38.87    21.0    -3.5     8.7     7.8     0.0    15.00 C    31.3    -5.3     9.8    77.2    27.8    53.9   0.258   0.256   0.242   0.142   0.107     9.4     8.7     8.4     7.9     7.6
03067 20240322  2.622 -100.96   38.87    12.9    -3.0     5.0     6.5     0.0    19.55 C    29.7    -5.4     9.7    73.9    26.8    46.4   0.256   0.255   0.242   0.142   0.107    10.0     9.1     8.7     8.1     7.8
03067 20240323  2.622 -100.96   38.87    14.1    -4.5     4.8     3.9     0.0    13.20 C    23.4    -4.3     6.1    86.2    35.1    60.6   0.254   0.254   0.241   0.143   0.107     8.0     8.3     8.3     8.2     8.0
03067 20240324  2.622 -100.96   38.87    24.1    -0.6    11.7    11.2     7.3    11.49 C    34.1    -0.4    12.3    90.5    14.7    64.9   0.253   0.254   0.241   0.143   0.107    10.2     9.1     8.6     8.2     8.0
03067 20240325  2.622 -100.96   38.87    -0.6    -6.2    -3.4    -3.5     7.0     8.47 C    -0.4    -8.7    -3.6    90.5    66.6    77.4   0.261   0.254   0.241   0.143   0.107     5.8     7.5     8.1     8.4     8.1
03067 20240326  2.622 -100.96   38.87     2.4   -10.1    -3.9    -4.0 -9999.0    20.93 C     2.1   -12.4    -5.0    82.4    46.3    62.7   0.290   0.261   0.240   0.143   0.107     4.6     5.9     6.7     8.2     7.9
03067 20240327  2.622 -100.96   38.87    14.9    -5.9     4.5     3.8     0.0    19.58 C    23.9    -8.7     4.1    85.6    27.1    61.3   0.344   0.286   0.250   0.143   0.107     4.2     5.5     5.8     7.7     7.5
03067 20240328  2.622 -100.96   38.87    21.9    -1.6    10.2    10.2     0.0    19.63 C    31.8    -4.6    10.7    83.8    13.3    49.4   0.347   0.298   0.260   0.143   0.107     7.1     6.7     6.4     7.3     7.2
03067 20240329  2.622 -100.96   38.87    21.6     2.1    11.8    11.8     0.0    19.96 C    37.6    -0.9    14.0    74.7    19.0    43.9   0.336   0.295   0.257   0.143   0.107     9.8     8.3     7.7     7.2     7.3
03067 20240330  2.622 -100.96   38.87    17.0    -0.5     8.2     7.2 -9999.0    15.76 C    30.8    -3.4     9.2    89.3    32.1    64.5   0.329   0.292   0.256   0.143   0.107     9.6     9.1     8.6     7.6     7.7
03067 20240331  2.622 -100.96   38.87    22.0     3.7    12.9    10.8     0.0    18.74 C    35.6     2.3    14.5    88.3    28.1    62.9   0.323   0.291   0.256   0.144   0.107    11.2     9.8     9.1     8.0     8.0
03067 20240401  2.622 -100.96   38.87    13.7     2.8     8.3     7.4     0.0    11.91 C    26.6     3.2    10.0    92.7    38.5    69.4   0.318   0.289   0.256   0.144   0.107    10.5    10.0     9.7     8.4     8.3
03067 20240402  2.622 -100.96   38.87    17.7     2.9    10.3     9.2     0.0    21.71 C    30.0     2.7    11.9    78.7    14.7    41.9   0.313   0.287   0.256   0.144   0.108    10.5     9.5     9.4     8.7     8.6
03067 20240403  2.622 -100.96   38.87    19.8    -0.4     9.7     9.3     0.0    19.14 C    34.3    -3.0    11.0    72.7    18.1    41.9   0.309   0.285   0.256   0.145   0.108    11.3     9.9     9.6     8.9     8.7
03067 20240404  2.622 -100.96   38.87    23.4    -0.9    11.2    11.1     0.0    20.47 C    35.0    -3.9    12.8    75.2    16.9    40.9   0.305   0.282   0.256   0.146   0.108    11.6    10.3     9.9     9.1     8.8
03067 20240405  2.622 -100.96   38.87    30.2     4.2    17.2    15.8     0.0    17.97 C    35.8     2.1    15.9    61.6     5.3    35.2   0.301   0.280   0.256   0.147   0.108    12.2    10.9    10.4     9.3     9.0
03067 20240406  2.622 -100.96   38.87    22.1     4.7    13.4    12.2     0.0    17.05 C    30.3     1.1    12.9    67.6     6.7    43.2   0.297   0.279   0.256   0.148   0.108    12.4    11.4    10.9     9.6     9.3
03067 20240407  2.622 -100.96   38.87    20.1     0.9    10.5    10.9     0.0    17.35 C    33.3    -3.1    11.4    73.6     8.4    33.3   0.293   0.277   0.256   0.150   0.109    11.7    11.1    10.8     9.9     9.6
03067 20240408  2.622 -100.96   38.87    19.1    -3.7     7.7     8.0     0.0    18.75 C    32.7    -5.7    10.1    84.8    13.9    45.8   0.287   0.274   0.255   0.152   0.109    11.2    10.7    10.5    10.0     9.8
03067 20240409  2.622 -100.96   38.87    19.4    -3.2     8.1     8.8     0.0    21.13 C    33.4    -5.3    10.8    82.5    17.5    46.1   0.283   0.272   0.255   0.153   0.109    11.7    11.1    10.7    10.0     9.8
03067 20240410  2.622 -100.96   38.87    21.1     1.2    11.2    11.2     0.0    20.30 C    31.9    -3.1    12.0    65.5    13.4    37.9   0.278   0.271   0.255   0.154   0.109    12.1    11.4    11.0    10.1     9.9
03067 20240411  2.622 -100.96   38.87    18.9     0.1     9.5     9.8     0.0    22.94 C    32.3    -1.4    11.6    66.1    14.0    33.6   0.272   0.268   0.255   0.154   0.109    12.7    11.8    11.3    10.2    10.1
03067 20240412  2.622 -100.96   38.87    26.3    -0.3    13.0    13.6     0.0    23.00 C    35.8    -3.6    14.3    60.2    11.8    34.9   0.267   0.266   0.254   0.155   0.110    12.9    12.0    11.5    10.4    10.3
03067 20240413  2.622 -100.96   38.87 -9999.0 -9999.0 -9999.0 -9999.0     0.0 -9999.00 U -9999.0 -9999.0 -9999.0 -9999.0 -9999.0 -9999.0 -99.000 -99.000 -99.000 -99.000 -99.000 -9999.0 -9999.0 -9999.0 -9999.0 -9999.0
03067 20240414  2.622 -100.96   38.87    32.7     6.6    19.6    20.5     0.0    24.56 C    43.2     3.0    20.4    50.9     6.0    24.1   0.251   0.260   0.254   0.156   0.110    16.0    14.3    13.3    11.0    11.0
03067 20240415  2.622 -100.96   38.87    32.4     7.3    19.8    20.8     0.0    25.03 C    37.0     5.1    20.0    75.6     1.8    27.9   0.242   0.257   0.254   0.156   0.111    16.2    14.9    14.0    11.4    11.5
03067 20240416  2.622 -100.96   38.87    22.7     4.7    13.7    14.3     3.6    15.75 C    29.8    -1.0    12.6    82.3    13.9    40.6   0.234   0.254   0.253   0.157   0.111    14.3    14.2    13.9    11.8    11.9
03067 20240417  2.622 -100.96   38.87    29.0     2.5    15.7    16.8     0.0    23.76 C    36.7    -0.1    17.2    82.6    13.4    42.2   0.228   0.252   0.252   0.157   0.111    14.9    13.8    13.3    12.0    12.1
03067 20240418  2.622 -100.96   38.87    12.1     4.2     8.2     7.7     0.0    16.05 C    26.9     4.9    11.2    72.5    28.8    49.6   0.222   0.248   0.251   0.157   0.112    13.7    14.0    13.6    12.1    12.2
03067 20240419  2.622 -100.96   38.87    11.5     2.6     7.0     8.0     1.2     6.89 C    18.6     3.0     9.2    87.8    31.5    46.5   0.219   0.246   0.250   0.158   0.112    12.2    13.0    13.0    12.1    12.2
03067 20240420  2.622 -100.96   38.87     3.9     1.3     2.6     2.4     4.0     4.29 C     6.5     2.0     3.6    91.5    57.9    77.1   0.216   0.244   0.248   0.159   0.112     9.4    11.3    11.9    12.0    12.1
03067 20240421  2.622 -100.96   38.87    16.5     2.2     9.3     7.6     0.0    19.35 C    31.3     2.8    10.9    86.9    33.0    65.1   0.215   0.244   0.246   0.160   0.112    11.4    11.1    11.1    11.6    11.8
03067 20240422  2.622 -100.96   38.87    30.4     3.6    17.0    16.7     0.0    21.97 C    36.2    -1.4    17.0    79.7    10.6    43.8   0.213   0.242   0.245   0.160   0.112    13.3    12.2    11.8    11.4    11.5
03067 20240423  2.622 -100.96   38.87    22.4     8.4    15.4    15.6     0.0    24.73 C    36.0     6.6    17.4    61.6    12.1    31.5   0.209   0.240   0.245   0.161   0.112    14.8    13.6    12.8    11.4    11.6
03067 20240424  2.622 -100.96   38.87    20.0     6.6    13.3    13.6     0.0    10.58 C    27.6     4.0    13.7    61.9    25.3    39.5   0.205   0.236   0.245   0.162   0.112    13.2    13.3    13.1    11.7    11.9
03067 20240425  2.622 -100.96   38.87    32.7    11.1    21.9    20.0     3.7    16.00 C    39.5     9.9    20.9    85.9    21.5    64.1   0.203   0.235   0.244   0.163   0.112    16.0    14.1    13.3    11.9    12.1
03067 20240426  2.622 -100.96   38.87    24.1    11.2    17.7    16.3     0.0    16.58 C    33.1     9.7    16.6    91.6    25.2    60.8   0.200   0.234   0.243   0.163   0.112    15.8    15.0    14.2    12.2    12.3
03067 20240427  2.622 -100.96   38.87    19.6     6.5    13.1    12.7     6.8    17.91 C    29.5     5.5    14.1    90.9    47.6    70.9   0.196   0.232   0.243   0.165   0.112    14.9    14.7    14.3    12.5    12.7
03067 20240428  2.622 -100.96   38.87    15.7     4.9    10.3    10.2     0.0    13.81 C    26.7     1.3    11.2    90.6    39.7    68.7   0.204   0.232   0.241   0.165   0.113    13.5    13.8    13.7    12.6    12.9
03067 20240429  2.622 -100.96   38.87    25.2     2.2    13.7    14.5     0.0    23.90 C    36.6    -0.1    16.3    87.6    20.5    53.2   0.206   0.233   0.240   0.166   0.113    15.2    14.1    13.6    12.6    12.9
03067 20240430  2.622 -100.96   38.87    26.2    10.9    18.6    17.9     0.0    27.23 C    37.6     7.8    19.7    84.9    15.1    42.0   0.203   0.232   0.239   0.166   0.113    16.7    15.5    14.6    12.6    13.0
03067 20240501  2.622 -100.96   38.87    23.1     8.2    15.7    14.4     7.6    15.41 C    28.9     3.9    15.5    87.8    33.1    56.9   0.198   0.230   0.238   0.167   0.114    15.0    15.0    14.7    12.9    13.3
03067 20240502  2.622 -100.96   38.87    20.5     7.9    14.2    13.4     0.3    26.84 C    31.6     6.6    15.6    89.5    19.2    52.2   0.211   0.238   0.236   0.167   0.115    16.0    15.3    14.7    13.1    13.4
03067 20240503  2.622 -100.96   38.87    26.5     5.9    16.2    15.1     3.2    20.25 C    33.1     3.6    15.9    87.4    23.2    56.5   0.209   0.238   0.235   0.167   0.114    15.4    15.2    14.8    13.2    13.6
03067 20240504  2.622 -100.96   38.87    17.4     4.1    10.8    10.4     0.0    29.24 C    29.8     3.4    13.6    83.7    28.3    57.3   0.204   0.235   0.234   0.168   0.115    15.0    15.2    14.7    13.3    13.7
03067 20240505  2.622 -100.96   38.87    21.8     5.6    13.7    13.7     0.0     9.24 C    25.4     3.7    13.9    87.2    49.8    73.2   0.204   0.232   0.232   0.168   0.115    13.9    14.5    14.4    13.3    13.8
03067 20240506  2.622 -100.96   38.87    25.6     5.2    15.4    18.1     0.0    18.75 C    32.7    -0.3    17.5    81.2     4.6    42.2   0.202   0.229   0.230   0.169   0.115    16.2    15.4    14.8    13.3    13.8
03067 20240507  2.622 -100.96   38.87    25.9    -0.3    12.8    13.9     0.0    23.92 C    38.3    -3.1    14.9    73.9     8.2    31.7   0.196   0.222   0.228   0.169   0.116    14.9    14.7    14.6    13.4    13.9
03067 20240508  2.622 -100.96   38.87    21.6     4.3    12.9    13.2     0.0    25.22 C    37.3     0.5    15.4    53.8    11.9    27.9   0.189   0.218   0.226   0.169   0.116    15.3    15.0    14.7    13.4    13.9
03067 20240509  2.622 -100.96   38.87    20.9     4.6    12.7    12.3 -9999.0    18.85 C    35.1     1.5    14.2    76.3    26.1    48.9   0.184   0.214   0.224   0.169   0.116    15.1    15.2    14.9    13.5    14.0
03067 20240510  2.622 -100.96   38.87    22.8     4.7    13.7    13.7     0.0    20.76 C    41.8     1.4    16.0    83.4    25.2    51.7   0.180   0.210   0.222   0.169   0.116    15.9    15.4    15.0    13.5    14.1
03067 20240511  2.622 -100.96   38.87    25.4     6.5    15.9    14.8     7.9    16.76 C    41.1     3.2    16.6    89.1    24.4    58.5   0.177   0.207   0.219   0.168   0.116    16.1    15.6    15.2    13.6    14.2
03067 20240512  2.622 -100.96   38.87    21.8    10.0    15.9    14.7     4.2    12.15 C    31.2     8.2    15.6    90.9    48.5    77.1   0.189   0.206   0.218   0.169   0.116    15.9    15.7    15.3    13.8    14.3
03067 20240513  2.622 -100.96   38.87    24.6     8.8    16.7    15.7 -9999.0    20.22 C    36.1     6.6    17.0    91.3    24.9    64.3 -99.000 -99.000 -99.000 -99.000 -99.000 -9999.0 -9999.0 -9999.0 -9999.0 -9999.0
03067 20240514  2.622 -100.96   38.87    30.2     6.6    18.4    18.7     0.0    24.31 C    38.0     4.5    19.5    89.2    20.0    56.7   0.188   0.206   0.216   0.168   0.117    17.5    16.4    15.8    14.0    14.5
03067 20240515  2.622 -100.96   38.87    23.9     9.9    16.9    17.4     0.0    22.75 C    32.9     7.8    18.7    91.9    37.0    65.9   0.185   0.205   0.215   0.168   0.117    18.1    17.1    16.4    14.2    14.7
03067 20240516  2.622 -100.96   38.87    25.6     7.2    16.4    16.7     0.0    28.76 C    38.0     5.3    19.7    89.7    24.0    54.8   0.184   0.204   0.214   0.168   0.117    18.5    17.3    16.6    14.5    14.9
03067 20240517  2.622 -100.96   38.87    31.5    10.1    20.8    21.7     0.0    28.66 C    40.8     6.1    22.9    82.0    12.0    42.3   0.180   0.201   0.212   0.168   0.117    19.1    17.6    17.0    14.8    15.2
03067 20240518  2.622 -100.96   38.87    27.6    15.3    21.4    21.5     0.4    26.85 C    40.5    13.3    23.7    70.4    21.8    40.1   0.176   0.199   0.208   0.167   0.117    19.7    18.3    17.5    15.1    15.4
03067 20240519  2.622 -100.96   38.87    29.1    12.5    20.8    18.7     9.8    18.55 C    34.6    11.7    19.3    91.2    14.8    72.3   0.175   0.202   0.206   0.167   0.118    19.0    18.1    17.5    15.3    15.7
03067 20240520  2.622 -100.96   38.87    24.6    12.3    18.5    19.0     0.0    11.90 C    35.3    10.8    19.6    88.9    60.8    76.3   0.177   0.201   0.205   0.167   0.117    18.7    18.0    17.5    15.5    15.8
03067 20240521  2.622 -100.96   38.87    21.5     9.9    15.7    16.0     1.7    26.63 C    34.9    10.1    19.5    89.5    31.0    63.7   0.176   0.199   0.205   0.167   0.117    18.7    18.1    17.6    15.7    16.0
03067 20240522  2.622 -100.96   38.87 -9999.0 -9999.0 -9999.0 -9999.0 -9999.0 -9999.00 U -9999.0 -9999.0 -9999.0 -9999.0 -9999.0 -9999.0 -99.000 -99.000 -99.000 -99.000 -99.000 -9999.0 -9999.0 -9999.0 -9999.0 -9999.0
03067 20240523  2.622 -100.96   38.87    29.4    10.8    20.1    20.0     0.0    27.17 C    37.8    10.0    21.9    86.1    29.8    57.2   0.170   0.195   0.201   0.165   0.118    19.2    18.0    17.5    15.8    16.1
03067 20240524  2.622 -100.96   38.87    24.4     9.5    16.9    16.8     0.0    29.72 C    41.2     7.3    20.5    57.5    12.5    29.4   0.167   0.192   0.198   0.164   0.117    18.4    18.3    17.7    15.9    16.2
03067 20240525  2.622 -100.96   38.87    32.8     9.9    21.4    20.7     0.0    21.30 C    41.0     7.3    21.0    67.9     7.0    37.1   0.162   0.189   0.195   0.162   0.117    18.4    18.0    17.7    16.0    16.4
03067 20240526  2.622 -100.96   38.87    27.6     8.7    18.1    19.2     0.0    25.65 C    47.2     6.6    21.8    75.1    12.1    39.4   0.159   0.185   0.190   0.160   0.117    19.1    18.3    17.8    16.0    16.4
03067 20240527  2.622 -100.96   38.87    29.6     6.3    18.0    19.1     0.0    28.85 C    47.7     4.2    23.8    83.2    14.7    43.1   0.155   0.180   0.185   0.157   0.116    19.7    18.7    18.0    16.1    16.5
03067 20240528  2.622 -100.96   38.87    26.1    12.8    19.4    19.9     0.0    20.22 C    39.1    11.3    21.8    72.9    34.5    51.3   0.153   0.177   0.181   0.153   0.115    19.9    19.0    18.5    16.2    16.7
03067 20240529  2.622 -100.96   38.87    29.8     9.8    19.8    21.7     0.0    27.96 C    41.9     7.0    24.5    89.2    25.3    52.4   0.152   0.174   0.178   0.151   0.115    21.0    19.4    18.6    16.4    16.8
03067 20240530  2.622 -100.96   38.87    27.5    13.7    20.6    20.4     8.8    19.40 C    41.2    12.9    22.8    89.0    40.4    66.9   0.151   0.174   0.177   0.149   0.116    21.6    20.1    19.3    16.6    17.0
03067 20240531  2.622 -100.96   38.87    25.9    15.2    20.6    19.8     0.0    26.40 C    41.4    14.3    22.6    86.2    37.4    63.0   0.175   0.179   0.178   0.148   0.115    21.3    20.3    19.5    16.9    17.3
03067 20240601  2.622 -100.96   38.87    30.2    12.8    21.5    21.3     3.8    27.44 C    38.4    11.4    23.3    94.0    32.1    62.4   0.182   0.184   0.178   0.149   0.116    22.0    20.6    19.8    17.1    17.5
03067 20240602  2.622 -100.96   38.87    31.1    16.7    23.9    23.2     0.0    23.96 C    37.6    15.5    24.1    76.5    34.8    52.1   0.176   0.184   0.179   0.149   0.116    21.5    20.6    20.0    17.4    17.7
03067 20240603  2.622 -100.96   38.87    31.1    15.7    23.4    22.2     5.5    23.35 C    39.3    15.1    23.2    88.1    27.7    58.8   0.170   0.183   0.179   0.149   0.116    21.6    20.6    20.0    17.6    17.9
03067 20240604  2.622 -100.96   38.87    29.7    14.7    22.2    22.2     0.0    21.76 C    42.0    11.2    24.4    89.3    26.5    63.4   0.167   0.182   0.180   0.149   0.116    22.0    21.1    20.3    17.8    18.1
03067 20240605  2.622 -100.96   38.87    34.7    10.3    22.5    23.0     0.0    26.57 C    44.0     8.5    24.9    91.8    15.0    57.9   0.162   0.180   0.179   0.148   0.116    22.0    20.8    20.2    18.0    18.3
03067 20240606  2.622 -100.96   38.87    29.2    15.0    22.1    22.3     0.0    29.28 C    43.2    11.4    25.3    73.8    23.9    43.9   0.157   0.177   0.177   0.146   0.116    22.6    21.5    20.7    18.1    18.4
03067 20240607  2.622 -100.96   38.87    37.2    14.7    25.9    24.9     0.0    23.96 C    42.9    11.4    25.2    82.8    26.2    56.6   0.153   0.173   0.175   0.145   0.115    22.5    21.5    20.8    18.3    18.6
03067 20240608  2.622 -100.96   38.87    29.7    15.5    22.6    23.1     0.0    25.42 C    43.1    14.3    25.7    88.5    45.8    64.4   0.152   0.172   0.174   0.144   0.115    23.3    22.0    21.2    18.4    18.8
03067 20240609  2.622 -100.96   38.87    25.5    15.1    20.3    19.2     0.0    23.99 C    37.2    12.6    21.8    88.6    44.0    70.0   0.167   0.172   0.173   0.143   0.115    22.2    21.7    21.0    18.6    19.0
03067 20240610  2.622 -100.96   38.87    28.0    12.6    20.3    19.9     0.0    22.92 C    37.9     9.9    21.1    86.2    28.4    57.3   0.167   0.171   0.174   0.143   0.115    21.1    21.1    20.8    18.7    19.0
03067 20240611  2.622 -100.96   38.87    31.3    13.3    22.3    22.7     0.0    27.80 C    42.8    11.7    25.5    89.6    33.0    59.7   0.163   0.171   0.174   0.143   0.115    22.7    21.4    20.8    18.7    19.0
03067 20240612  2.622 -100.96   38.87    38.7    17.1    27.9    28.0     0.0    29.20 C    50.6    15.9    30.0    82.7    11.2    45.6   0.157   0.171   0.174   0.143   0.115    24.4    22.4    21.5    18.8    19.1
03067 20240613  2.622 -100.96   38.87    41.5    19.5    30.5    28.5     1.1    22.47 C    55.4    16.6    29.7    77.5    11.3    44.9   0.151   0.169   0.172   0.141   0.114    24.9    23.2    22.2    19.1    19.4
03067 20240614  2.622 -100.96   38.87    31.6    18.2    24.9    23.2     5.1    15.93 C    39.5    16.6    23.9    88.1    32.7    59.1   0.149   0.167   0.170   0.141   0.114    22.9    22.6    22.0    19.4    19.7
03067 20240615  2.622 -100.96   38.87    34.7    17.5    26.1    25.8     0.0    27.80 C    44.9    15.9    27.1    88.0    21.0    49.8   0.149   0.166   0.170   0.140   0.114    23.7    22.5    21.8    19.5    19.8
03067 20240616  2.622 -100.96   38.87    38.4    21.4    29.9    29.9     0.0    28.29 C    48.9    17.9    32.3    72.4    21.6    43.9   0.148   0.166   0.169   0.140   0.113    25.5    23.5    22.4    19.6    19.9
03067 20240617  2.622 -100.96   38.87    37.2    22.7    30.0    29.5     0.0    25.40 C    46.0    20.9    31.2    75.1    26.2    48.5   0.147   0.164   0.168   0.139   0.112    26.2    24.4    23.2    19.9    20.2
03067 20240618  2.622 -100.96   38.87    30.2    18.7    24.5    25.4     0.0    25.88 C    48.7    19.0    30.6    73.3    33.7    53.9   0.146   0.162   0.166   0.139   0.111    26.1    24.6    23.6    20.2    20.5
03067 20240619  2.622 -100.96   38.87    22.0    15.2    18.6    18.5     0.0     6.10 C    28.8    15.2    20.0    85.2    60.0    69.5   0.143   0.161   0.166   0.138   0.111    22.4    23.1    22.9    20.4    20.8
03067 20240620  2.622 -100.96   38.87    33.3    18.9    26.1    25.5     0.0    23.97 C    43.2    19.0    27.9    86.7    30.8    58.0   0.143   0.160   0.164   0.138   0.111    24.4    23.0    22.3    20.3    20.7
03067 20240621  2.622 -100.96   38.87    33.7    19.4    26.6    27.0     0.0    21.98 C    42.4    18.2    28.4    81.8    32.7    53.1   0.142   0.159   0.164   0.137   0.110    25.1    23.6    22.9    20.3    20.7
03067 20240622  2.622 -100.96   38.87    35.8    20.3    28.0    27.5     0.0    26.98 C    54.7    16.5    32.0    75.7    14.4    44.0   0.141   0.159   0.163   0.137   0.109    26.3    24.3    23.3    20.5    20.8
03067 20240623  2.622 -100.96   38.87    39.4    15.7    27.6    28.1     0.0    28.43 C    50.9    13.4    30.9    86.2    11.1    46.0   0.139   0.158   0.162   0.136   0.109    26.7    24.8    23.8    20.7    21.0
03067 20240624  2.622 -100.96   38.87    41.4    18.8    30.1    31.5     0.0    27.93 C    56.4    15.5    33.8    67.5    11.1    34.2   0.137   0.157   0.161   0.135   0.108    27.9    25.5    24.4    20.9    21.3
03067 20240625  2.622 -100.96   38.87    39.5    22.6    31.1    30.1     0.0    28.06 C    56.9    19.8    33.4    71.8    17.2    42.1   0.136   0.156   0.160   0.134   0.108    28.0    26.1    24.9    21.2    21.6
03067 20240626  2.622 -100.96   38.87    36.3    21.8    29.1    28.6     0.0    29.02 C    51.1    19.9    32.4    72.0    14.1    36.3   0.134   0.155   0.160   0.133   0.107    27.7    26.2    25.1    21.5    21.9
03067 20240627  2.622 -100.96   38.87    34.9    21.7    28.3    27.7     0.0    13.41 C    44.6    21.0    28.9    75.8    28.6    51.4   0.132   0.154   0.159   0.133   0.107    26.8    25.8    25.1    21.8    22.2
03067 20240628  2.622 -100.96   38.87    36.9    20.4    28.6    29.0     6.6    28.65 C    57.2    18.8    35.0    79.7    17.3    42.2   0.131   0.153   0.159   0.132   0.107    28.2    26.0    25.0    21.8    22.3
03067 20240629  2.622 -100.96   38.87    28.7    19.0    23.9    23.1    12.9    27.52 C    40.9    18.3    26.2    85.3    32.8    56.9   0.176   0.162   0.158   0.131   0.107    25.6    25.7    25.0    22.0    22.5
03067 20240630  2.622 -100.96   38.87    27.8    15.6    21.7    19.8     1.1    12.18 C    36.0    15.4    21.3    89.1    48.0    74.5   0.187   0.168   0.158   0.131   0.108 -9999.0 -9999.0 -9999.0 -9999.0 -9999.0
03067 20240701  2.622 -100.96   38.87    38.9    20.3    29.6    28.4     0.0    23.25 C    45.7    19.9    29.7    90.0    19.7    54.2 -99.000 -99.000 -99.000 -99.000 -99.000 -9999.0 -9999.0 -9999.0 -9999.0 -9999.0
03067 20240702  2.622 -100.96   38.87 -9999.0 -9999.0 -9999.0 -9999.0 -9999.0 -9999.00 U -9999.0 -9999.0 -9999.0 -9999.0 -9999.0 -9999.0 -99.000 -99.000 -99.000 -99.000 -99.000 -9999.0 -9999.0 -9999.0 -9999.0 -9999.0
