63828 20240101  2.622  -84.47   31.31    20.8     0.7    10.7     9.4     0.0    11.93 C    26.2    -0.8     9.5    96.8    38.1    70.1   0.102   0.111   0.140   0.116   0.131    10.2    10.7    11.4    12.1    12.6
63828 20240102  2.622  -84.47   31.31    12.5    -3.5     4.5     3.3     0.0    13.21 C    20.9    -5.3     4.1    92.0    35.7    69.8   0.101   0.109   0.139   0.115   0.130     9.3    10.4    11.4    12.1    12.6
63828 20240103  2.622  -84.47   31.31    10.6    -3.6     3.5     3.7     1.5     3.26 C    16.9    -4.7     4.4    95.3    58.0    87.3   0.100   0.109   0.138   0.115   0.131     8.6     9.6    10.6    11.5    12.1
63828 20240104  2.622  -84.47   31.31    14.6    -0.4     7.1     5.5     0.0    13.09 C    21.5    -1.8     6.1    97.1    39.7    78.6   0.099   0.107   0.137   0.114   0.130     9.3    10.0    10.7    11.4    11.9
63828 20240105  2.622  -84.47   31.31    17.9    -1.4     8.3     8.6     4.0    12.31 C    23.6    -3.0     8.8    96.3    46.9    74.8   0.099   0.107   0.136   0.114   0.130     9.0     9.6    10.4    11.2    11.7
63828 20240106  2.622  -84.47   31.31    21.9     7.6    14.8    15.5    19.3    10.96 C    27.7     5.4    15.3    93.3    48.6    81.1   0.133   0.138   0.160   0.125   0.133    12.5    12.1    11.8    11.9    12.1
63828 20240107  2.622  -84.47   31.31    13.6     2.5     8.0     7.9     0.0    11.31 C    21.9     1.6     8.8    92.4    44.4    72.7   0.118   0.131   0.161   0.136   0.144    11.5    12.0    12.4    12.6    12.7
63828 20240108  2.622  -84.47   31.31    14.5     1.8     8.1     8.6     6.3     4.93 C    20.3     0.7     8.8    95.4    53.5    76.7   0.115   0.127   0.156   0.132   0.144    10.6    11.2    11.9    12.3    12.7
63828 20240109  2.622  -84.47   31.31    20.9     6.9    13.9    14.4    30.7     1.61 C    19.1     4.8    13.4    93.2    53.4    81.6   0.138   0.142   0.170   0.145   0.156    13.1    12.8    12.6    12.7    12.8
63828 20240110  2.622  -84.47   31.31    12.6    -0.1     6.3     6.3     0.0    13.65 C    20.2    -0.8     7.2    89.1    40.6    65.2   0.122   0.133   0.164   0.141   0.157    11.0    11.8    12.4    12.8    13.0
63828 20240111  2.622  -84.47   31.31    16.2     3.0     9.6     8.0     0.0     5.95 C    20.0     2.5     8.0    95.7    46.1    83.4   0.116   0.128   0.156   0.134   0.149    10.5    11.2    11.7    12.3    12.7
63828 20240112  2.622  -84.47   31.31    21.1     5.3    13.2    14.1     9.6     1.32 C    19.1     3.5    12.9    96.5    65.7    85.9   0.121   0.127   0.153   0.129   0.146    11.4    11.5    11.8    12.2    12.5
63828 20240113  2.622  -84.47   31.31    15.4     1.0     8.2     7.0     0.0    12.75 C    20.8     1.0     8.3    90.9    31.5    58.4   0.126   0.134   0.158   0.131   0.145    11.7    12.1    12.5    12.7    12.8
63828 20240114  2.622  -84.47   31.31    16.7    -1.6     7.5     5.7     0.0    13.80 C    24.0    -1.9     7.0    95.3    15.7    67.3   0.119   0.129   0.156   0.131   0.145    10.0    10.9    11.6    12.2    12.6
63828 20240115  2.622  -84.47   31.31    19.3    -2.4     8.4     8.3     0.0    12.71 C    26.2    -2.5     9.2    94.6    36.1    77.0   0.114   0.125   0.153   0.128   0.144     9.8    10.5    11.1    11.8    12.2
63828 20240116  2.622  -84.47   31.31    13.8    -3.1     5.4     5.9     0.6     4.22 C    12.5    -3.4     6.5    94.3    56.5    77.2   0.111   0.122   0.151   0.126   0.142    10.6    11.2    11.7    12.0    12.3
63828 20240117  2.622  -84.47   31.31     6.8    -8.1    -0.6    -1.8     0.0    13.56 C    17.1    -8.1     0.6    81.9    21.4    54.3   0.110   0.121   0.151   0.125   0.140     7.5     9.1    10.3    11.3    11.8
63828 20240118  2.622  -84.47   31.31    13.4    -7.2     3.1     3.5     0.0    12.18 C    21.4    -7.2     5.1    92.1    18.7    65.6   0.108   0.119   0.150   0.124   0.141     7.2     8.1     9.3    10.2    11.0
63828 20240119  2.622  -84.47   31.31    14.9     2.8     8.9    10.0     1.1    13.70 C    23.7     0.5    10.7    96.4    33.4    63.8   0.106   0.116   0.146   0.121   0.138     9.9    10.0    10.2    10.6    11.0
63828 20240120  2.622  -84.47   31.31     5.7    -4.2     0.8     0.5     0.0    14.45 C    17.5    -6.2     2.4    73.7    26.5    53.3   0.106   0.115   0.146   0.120   0.138     8.0     9.2    10.1    10.8    11.2
63828 20240121  2.622  -84.47   31.31     7.4    -6.3     0.6    -0.6     0.0    13.56 C    18.4    -7.5     1.0    71.3    19.7    45.3   0.105   0.114   0.144   0.121   0.137     6.3     7.8     9.0    10.0    10.6
63828 20240122  2.622  -84.47   31.31    18.0    -4.3     6.8     7.2     0.0    11.87 C    24.9    -5.5     7.8    79.5    46.3    60.9   0.104   0.112   0.143   0.119   0.135     7.2     7.9     8.6     9.4    10.0
63828 20240123  2.622  -84.47   31.31    17.6    11.7    14.7    14.7     0.0     2.91 C    20.0    10.0    13.7    87.8    71.0    80.1   0.102   0.110   0.141   0.117   0.134    10.3    10.0    10.0    10.2    10.4
63828 20240124  2.622  -84.47   31.31    26.0    15.2    20.6    19.0     2.4     7.09 C    30.9    12.8    18.2    94.3    58.9    84.2   0.101   0.109   0.139   0.116   0.133    13.2    12.3    11.6    11.4    11.4
63828 20240125  2.622  -84.47   31.31    24.1    16.7    20.4    20.3     2.9     4.70 C    26.1    15.0    19.4    94.0    73.8    87.5   0.106   0.108   0.139   0.115   0.132    15.1    14.2    13.4    12.9    12.6
63828 20240126  2.622  -84.47   31.31    24.4    14.8    19.6    18.8     0.0     7.59 C    29.4    14.0    18.6    95.6    57.1    84.0   0.111   0.109   0.138   0.114   0.132    15.9    15.3    14.5    14.0    13.7
63828 20240127  2.622  -84.47   31.31    24.6    15.3    19.9    19.0    25.1     4.14 C    27.5    14.0    18.5    95.4    63.2    87.9   0.121   0.122   0.148   0.118   0.136    16.4    15.9    15.2    14.7    14.4
63828 20240128  2.622  -84.47   31.31    17.7     9.0    13.4    12.3     0.0    12.41 C    25.8     8.9    14.1    93.3    47.9    67.4   0.125   0.137   0.170   0.144   0.156    15.6    15.7    15.5    15.2    14.9
63828 20240129  2.622  -84.47   31.31    16.4     3.9    10.1     9.7     0.0    15.24 C    25.6     1.9    11.7    92.7    41.9    65.0   0.117   0.129   0.159   0.137   0.153    13.8    14.3    14.6    14.8    14.8
63828 20240130  2.622  -84.47   31.31    17.0    -0.5     8.2     8.1     0.0    15.47 C    25.7    -1.6     9.1    97.0    30.0    69.0   0.113   0.125   0.155   0.132   0.149    12.2    12.9    13.6    14.0    14.2
63828 20240131  2.622  -84.47   31.31    16.7     2.1     9.4     9.6     0.0    15.50 C    26.6     0.1    10.1    95.5    32.8    66.5   0.110   0.121   0.152   0.128   0.145    12.1    12.6    13.1    13.5    13.7
63828 20240201  2.622  -84.47   31.31    16.9    -1.3     7.8     6.9     0.0    13.62 C    25.9    -2.3     8.2    96.2    36.8    74.1   0.108   0.119   0.150   0.125   0.143    11.2    11.9    12.6    13.1    13.4
63828 20240202  2.622  -84.47   31.31    20.6     2.9    11.8     9.8     0.0    14.58 C    29.7     0.8    11.0    95.6    26.2    69.8   0.105   0.117   0.147   0.123   0.141    11.8    12.2    12.5    12.9    13.1
63828 20240203  2.622  -84.47   31.31    21.4     1.3    11.4    11.4     0.0    14.21 C    30.8     0.5    12.3    95.5    34.3    68.2   0.103   0.114   0.145   0.121   0.140    11.9    12.3    12.6    12.9    13.1
63828 20240204  2.622  -84.47   31.31    14.1     9.2    11.6    11.2    29.5     0.65 C    13.2     9.2    11.1    92.5    62.3    83.4   0.125   0.128   0.155   0.126   0.141    12.5    12.7    13.0    13.2    13.3
63828 20240205  2.622  -84.47   31.31    11.2     5.9     8.6     9.0     0.0     2.81 C    14.9     4.5     9.6    96.4    74.3    87.2   0.126   0.137   0.170   0.145   0.156    11.8    12.2    12.6    13.0    13.2
63828 20240206  2.622  -84.47   31.31    18.7     2.1    10.4     9.2     0.0    16.39 C    27.0     0.1     9.8    96.9    29.5    68.3   0.118   0.130   0.160   0.138   0.153    11.4    11.9    12.3    12.7    12.9
63828 20240207  2.622  -84.47   31.31    17.4     0.1     8.7     7.2     0.0    16.56 C    26.4    -1.4     8.2    96.3    28.1    67.1   0.114   0.126   0.155   0.132   0.149    10.7    11.4    12.0    12.5    12.7
63828 20240208  2.622  -84.47   31.31    20.1    -0.2     9.9     9.7     0.0    14.67 C    29.8    -1.6    10.5    94.7    41.7    72.2   0.111   0.123   0.152   0.129   0.146    11.1    11.4    11.8    12.2    12.5
63828 20240209  2.622  -84.47   31.31    22.8     7.1    14.9    15.2     0.0    12.48 C    30.0     4.7    15.7    95.3    47.8    72.8   0.108   0.120   0.149   0.126   0.144    12.9    12.6    12.5    12.6    12.7
63828 20240210  2.622  -84.47   31.31    24.0    12.7    18.3    17.9     0.0     8.43 C    30.0    10.4    17.5    94.5    51.3    74.1   0.106   0.117   0.147   0.123   0.141    14.8    14.3    13.8    13.5    13.4
63828 20240211  2.622  -84.47   31.31    20.4    16.0    18.2    18.5     3.2     3.03 C    21.1    13.8    17.9    93.2    86.4    90.9   0.104   0.114   0.145   0.121   0.140    15.5    15.0    14.6    14.3    14.1
63828 20240212  2.622  -84.47   31.31    20.2    12.9    16.5    17.8    57.0     1.50 C    19.7    10.6    17.2    93.8    65.7    90.1   0.136   0.138   0.167   0.142   0.157    16.3    16.0    15.5    15.1    14.8
63828 20240213  2.622  -84.47   31.31    16.7     4.0    10.3    10.6     0.0    16.32 C    25.9     2.2    12.3    90.1    34.0    63.2   0.122   0.133   0.163   0.141   0.158    14.9    15.2    15.3    15.2    15.1
63828 20240214  2.622  -84.47   31.31    18.8    -0.8     9.0     8.1     0.0    17.76 C    27.9    -1.1     9.8    96.3    27.9    69.4   0.116   0.128   0.156   0.134   0.151    12.8    13.6    14.2    14.5    14.6
63828 20240215  2.622  -84.47   31.31    21.0     4.0    12.5    11.3     0.0    15.60 C    29.6     3.5    12.7    95.6    28.3    69.7   0.112   0.124   0.153   0.129   0.148    13.3    13.6    13.8    14.1    14.2
63828 20240216  2.622  -84.47   31.31    18.0     7.6    12.8    12.0     1.3     5.01 C    22.1     6.6    12.5    93.0    49.5    80.2   0.109   0.121   0.150   0.126   0.146    13.7    13.9    14.1    14.2    14.3
63828 20240217  2.622  -84.47   31.31    15.9     7.4    11.7    11.9     1.2     2.94 C    18.5     7.2    12.2    93.5    44.7    78.5   0.107   0.118   0.148   0.124   0.144    13.8    14.0    14.1    14.3    14.3
63828 20240218  2.622  -84.47   31.31    11.0     1.4     6.2     6.5     0.0     7.43 C    17.9     0.4     7.8    93.9    46.1    59.4   0.108   0.116   0.146   0.122   0.142    12.2    13.0    13.6    13.9    14.1
63828 20240219  2.622  -84.47   31.31    17.7    -0.7     8.5     7.0     0.2    18.62 C    27.1    -2.0     8.8    96.5    18.3    63.5   0.107   0.114   0.145   0.121   0.140    11.5    12.2    12.8    13.3    13.6
63828 20240220  2.622  -84.47   31.31    19.2    -2.8     8.2     7.2     0.0    18.15 C    29.1    -3.6     8.7    94.1    18.1    60.1   0.105   0.113   0.144   0.120   0.139    11.3    11.9    12.5    12.9    13.2
63828 20240221  2.622  -84.47   31.31    20.3    -1.1     9.6     8.9     0.0    17.81 C    30.9    -2.1    10.1    95.2    21.6    63.1   0.103   0.111   0.143   0.119   0.138    11.7    12.1    12.5    12.8    13.1
63828 20240222  2.622  -84.47   31.31    22.3     1.2    11.8    12.9     0.0    17.62 C    31.4    -0.6    13.5    95.2    32.8    64.1   0.100   0.109   0.141   0.117   0.137    12.5    12.6    12.7    13.0    13.1
63828 20240223  2.622  -84.47   31.31    24.5     8.3    16.4    17.2     1.4    13.33 C    33.4     4.9    16.9    92.2    40.2    69.2   0.098   0.108   0.139   0.116   0.134    14.8    14.3    13.9    13.7    13.6
63828 20240224  2.622  -84.47   31.31    23.0     3.2    13.1    13.4     0.0    18.35 C    31.9     0.6    12.7    92.0    18.1    51.8   0.097   0.106   0.138   0.115   0.134    13.7    14.0    14.1    14.1    14.1
63828 20240225  2.622  -84.47   31.31    20.2     0.8    10.5     9.8     0.0    19.13 C    32.4    -1.4    11.2    91.0    21.0    55.4   0.095   0.105   0.137   0.114   0.133    13.2    13.6    13.8    14.0    14.0
63828 20240226  2.622  -84.47   31.31    23.8     0.7    12.2    13.1     0.0    18.52 C    35.8    -0.8    14.4    94.8    23.1    62.0   0.094   0.104   0.136   0.114   0.132    13.6    13.7    13.7    13.9    14.0
63828 20240227  2.622  -84.47   31.31    25.6    14.3    19.9    19.4     0.0    11.78 C    34.5    11.7    19.4    89.2    45.3    70.0   0.092   0.102   0.135   0.113   0.131    15.6    15.1    14.6    14.4    14.3
63828 20240228  2.622  -84.47   31.31    27.3    12.4    19.9    20.8     0.2    10.62 C    33.2    10.1    21.0    90.1    50.7    70.9   0.090   0.101   0.134   0.112   0.130    17.0    16.3    15.6    15.2    15.0
63828 20240229  2.622  -84.47   31.31    15.9     7.7    11.8    12.5     0.0     9.89 C    25.5     5.5    13.7    49.3    27.5    33.6   0.089   0.101   0.133   0.112   0.130    15.7    15.9    15.8    15.6    15.5
63828 20240301  2.622  -84.47   31.31    14.5     9.0    11.7    12.2    12.9     2.58 C    17.1     9.7    13.0    93.9    39.5    72.0   0.088   0.100   0.132   0.111   0.129    14.9    15.1    15.3    15.4    15.3
63828 20240302  2.622  -84.47   31.31    18.7     9.0    13.8    14.0     0.7     5.58 C    24.6    10.1    15.5    96.5    84.0    92.8   0.124   0.103   0.132   0.110   0.128    15.1    15.0    15.0    15.1    15.1
63828 20240303  2.622  -84.47   31.31    26.4    14.4    20.4    18.8     0.0    14.80 C    34.5    12.3    20.3    96.2    46.9    83.0   0.114   0.105   0.133   0.110   0.128    17.3    16.5    15.9    15.5    15.4
63828 20240304  2.622  -84.47   31.31    24.7    14.6    19.6    18.5     0.0    10.13 C    33.9    12.2    19.0    95.4    55.3    80.9   0.108   0.105   0.133   0.110   0.127    17.6    17.2    16.7    16.4    16.1
63828 20240305  2.622  -84.47   31.31    18.6    16.5    17.5    17.8    14.0     1.54 C    20.0    15.6    17.5    93.6    81.3    89.1   0.125   0.109   0.134   0.109   0.127    17.4    17.3    17.0    16.7    16.5
63828 20240306  2.622  -84.47   31.31    23.7    13.6    18.6    18.8     0.0    11.59 C    32.7    11.5    19.5    95.7    54.3    80.4   0.126   0.129   0.147   0.112   0.128    18.1    17.6    17.1    16.8    16.6
63828 20240307  2.622  -84.47   31.31    25.1     9.0    17.1    16.6     0.0    17.77 C    34.2     7.4    17.8    96.4    39.6    75.6   0.116   0.125   0.148   0.116   0.130    17.7    17.6    17.3    17.1    16.8
63828 20240308  2.622  -84.47   31.31    24.5    11.7    18.1    18.4    12.9     8.31 C    28.9    10.0    18.4    95.5    58.4    81.5   0.112   0.121   0.147   0.117   0.131    17.8    17.6    17.4    17.2    17.0
63828 20240309  2.622  -84.47   31.31    24.2    16.4    20.3    20.4    41.3     6.63 C    30.5    15.4    20.5    94.1    67.0    83.4   0.139   0.145   0.171   0.144   0.156    19.4    18.8    18.1    17.7    17.4
63828 20240310  2.622  -84.47   31.31    19.4     8.6    14.0    14.1     0.0    20.86 C    29.4     7.0    16.4    79.3    27.6    56.1   0.118   0.130   0.160   0.138   0.154    18.2    18.4    18.2    18.0    17.7
63828 20240311  2.622  -84.47   31.31    16.2     4.3    10.3    10.4     0.0    12.98 C    27.5     3.4    11.9    82.9    26.4    50.2   0.111   0.124   0.154   0.131   0.149    16.3    16.9    17.3    17.4    17.4
63828 20240312  2.622  -84.47   31.31    22.4     1.6    12.0    10.6     0.0    16.80 C    32.3     1.1    11.9    94.6    20.3    62.8   0.107   0.120   0.150   0.126   0.145    15.3    16.0    16.4    16.7    16.8
63828 20240313  2.622  -84.47   31.31    23.4     3.6    13.5    13.4     0.0    17.66 C    36.2     1.7    14.8    93.1    16.8    62.8   0.102   0.116   0.147   0.124   0.143    16.0    16.2    16.3    16.5    16.6
63828 20240314  2.622  -84.47   31.31    28.0     6.2    17.1    16.9     0.0    20.18 C    40.4     4.4    18.6    95.8    29.1    65.8   0.098   0.111   0.145   0.121   0.141    16.9    16.7    16.6    16.5    16.5
63828 20240315  2.622  -84.47   31.31    28.1    11.8    20.0    19.2    12.3    11.98 C    40.5    10.2    20.2    95.0    51.4    79.8   0.102   0.108   0.142   0.119   0.139    18.1    17.7    17.3    17.0    16.9
63828 20240316  2.622  -84.47   31.31    24.8    14.9    19.9    18.9     0.4    14.69 C    35.6    13.5    20.9    95.5    53.3    84.1   0.123   0.112   0.142   0.118   0.137    19.3    18.7    18.1    17.7    17.4
63828 20240317  2.622  -84.47   31.31    22.9    12.3    17.6    17.0     5.0    11.56 C    34.2    10.9    18.7    96.1    41.4    80.1   0.117   0.114   0.143   0.117   0.136    18.7    18.7    18.4    18.1    17.8
63828 20240318  2.622  -84.47   31.31    20.5     8.1    14.3    15.5     0.0    14.41 C    32.2     4.9    17.1    93.9    28.7    61.6   0.120   0.116   0.143   0.118   0.135    18.5    18.6    18.4    18.1    17.9
63828 20240319  2.622  -84.47   31.31    16.7    -1.1     7.8     8.1     0.0    23.30 C    34.3    -2.0    12.2    80.5    18.5    45.8   0.113   0.116   0.143   0.117   0.134    16.2    16.9    17.3    17.6    17.6
63828 20240320  2.622  -84.47   31.31    21.7     0.6    11.2    11.3     0.0    22.49 C    37.4    -0.4    14.2    95.5    19.3    57.2   0.107   0.112   0.142   0.117   0.134    15.9    16.2    16.6    16.9    17.0
63828 20240321  2.622  -84.47   31.31    25.0     3.6    14.3    14.7     0.0    17.50 C    39.5     2.5    16.6    95.8    27.4    62.1   0.101   0.109   0.140   0.116   0.133    16.5    16.5    16.6    16.8    16.8
63828 20240322  2.622  -84.47   31.31    19.2    13.2    16.2    16.7     9.1     2.31 C    21.8    12.2    16.7    94.2    63.4    87.7   0.111   0.107   0.138   0.115   0.132    17.1    17.1    17.1    17.0    17.0
63828 20240323  2.622  -84.47   31.31    21.2    12.4    16.8    16.9     1.5    11.09 C    30.6     9.8    17.7    96.0    55.0    81.3   0.121   0.110   0.138   0.114   0.131    17.9    17.7    17.4    17.3    17.1
63828 20240324  2.622  -84.47   31.31    22.8     6.3    14.5    15.1     0.0    21.70 C    36.1     4.7    17.4    91.9    43.2    62.4   0.115   0.112   0.139   0.114   0.131    17.5    17.4    17.3    17.3    17.2
63828 20240325  2.622  -84.47   31.31    23.8    10.4    17.1    16.3     0.0    18.44 C    36.8     8.8    18.5    82.6    49.1    64.9   0.107   0.110   0.138   0.113   0.130    17.9    17.8    17.6    17.5    17.4
63828 20240326  2.622  -84.47   31.31    23.2    15.3    19.2    18.3    36.6     4.96 C    29.9    13.7    18.5    95.5    62.6    83.0   0.121   0.118   0.143   0.114   0.130    18.1    18.1    17.9    17.8    17.6
63828 20240327  2.622  -84.47   31.31    23.4    16.2    19.8    18.5     3.0    10.85 C    31.4    15.5    20.2    95.6    61.6    87.8   0.132   0.141   0.172   0.147   0.153    19.0    18.7    18.2    18.0    17.8
63828 20240328  2.622  -84.47   31.31    23.6     7.9    15.7    15.7     0.0    23.49 C    36.1     5.5    18.1    96.1    16.4    61.0   0.118   0.129   0.159   0.138   0.152    19.1    18.9    18.6    18.3    18.1
63828 20240329  2.622  -84.47   31.31    22.2     3.1    12.7    12.5     0.0    24.14 C    37.7     1.6    15.7    92.7    17.8    55.0   0.109   0.123   0.153   0.131   0.148    17.7    18.0    18.1    18.1    18.0
63828 20240330  2.622  -84.47   31.31    24.8     6.3    15.6    15.7     0.0    23.67 C    39.5     4.8    18.4    94.2    24.5    58.3   0.103   0.117   0.149   0.126   0.145    18.2    18.1    18.0    17.9    17.9
63828 20240331  2.622  -84.47   31.31    26.1     8.0    17.0    17.6     0.0    20.14 C    43.1     6.7    20.2    95.0    42.8    71.1   0.097   0.111   0.145   0.123   0.141    18.9    18.7    18.4    18.2    18.0
63828 20240401  2.622  -84.47   31.31    27.1    14.1    20.6    21.1     0.0    16.90 C    41.8    12.5    23.4    94.8    49.7    74.2   0.092   0.105   0.142   0.120   0.139    20.3    19.8    19.1    18.7    18.4
63828 20240402  2.622  -84.47   31.31    27.1    15.8    21.4    21.9     0.0    12.95 C    39.3    13.0    23.3    95.6    55.4    78.6   0.088   0.102   0.139   0.118   0.136    20.9    20.3    19.8    19.3    19.0
63828 20240403  2.622  -84.47   31.31    24.9    11.2    18.1    18.6    44.7    14.44 C    32.7     9.4    20.1    93.5    32.6    70.0   0.125   0.135   0.169   0.144   0.158    20.9    20.7    20.2    19.8    19.5
63828 20240404  2.622  -84.47   31.31    20.1     5.3    12.7    12.7     0.0    25.00 C    34.6     4.4    15.8    87.0    25.9    54.4   0.115   0.128   0.159   0.137   0.153    18.8    19.2    19.4    19.4    19.3
63828 20240405  2.622  -84.47   31.31    22.8     4.6    13.7    13.5     0.2    24.70 C    38.7     3.0    16.7    95.7    23.9    61.2   0.106   0.121   0.152   0.130   0.146    18.4    18.7    18.8    18.9    18.8
63828 20240406  2.622  -84.47   31.31    19.9     3.7    11.8    11.6     0.0    23.86 C    39.4     1.9    15.9    93.1    30.3    64.4   0.100   0.115   0.148   0.125   0.143    18.3    18.5    18.6    18.7    18.6
63828 20240407  2.622  -84.47   31.31    24.4     3.8    14.1    14.6     0.0    23.78 C    41.0     2.6    18.1    96.3    26.7    64.1   0.095   0.109   0.144   0.122   0.140    18.5    18.5    18.5    18.5    18.5
63828 20240408  2.622  -84.47   31.31    25.5    10.2    17.8    17.8     0.0    19.93 C    41.9     7.5    20.5    91.5    40.3    68.8   0.089   0.104   0.140   0.119   0.138    19.5    19.2    18.9    18.7    18.6
63828 20240409  2.622  -84.47   31.31    25.4    14.5    20.0    18.9     0.0    12.74 C    38.0    12.6    20.2    92.8    50.0    74.0   0.083   0.100   0.137   0.117   0.135    20.0    19.8    19.4    19.2    18.9
63828 20240410  2.622  -84.47   31.31    26.5    15.1    20.8    20.0   122.9    13.21 C    38.2    14.3    21.7    94.7    49.3    78.3   0.107   0.119   0.150   0.127   0.142    19.9    19.8    19.6    19.4    19.1
63828 20240411  2.622  -84.47   31.31    25.6    10.4    18.0    20.5     9.0    19.60 C    36.8     9.7    22.1    94.1    45.0    71.0   0.133   0.143   0.174   0.151   0.169    20.7    20.4    19.9    19.7    19.5
63828 20240412  2.622  -84.47   31.31    23.6     8.7    16.2    15.9     0.0    25.56 C    37.4     6.6    18.6    87.9    22.9    58.7   0.113   0.127   0.157   0.135   0.156    20.0    20.1    19.9    19.8    19.6
63828 20240413  2.622  -84.47   31.31    26.1     4.7    15.4    15.5     0.0    25.62 C    41.0     3.2    18.6    93.8    23.9    61.4   0.104   0.121   0.151   0.128   0.151    19.7    19.7    19.6    19.6    19.5
63828 20240414  2.622  -84.47   31.31    28.1     8.9    18.5    19.3     0.0    24.56 C    42.8     7.0    22.1    96.1    28.5    61.7   0.097   0.113   0.146   0.124   0.147    20.6    20.3    19.9    19.7    19.5
63828 20240415  2.622  -84.47   31.31    28.0     9.4    18.7    19.6     0.0    24.76 C    43.5     8.0    22.8    92.6    31.7    62.6   0.090   0.106   0.142   0.120   0.143    21.8    21.3    20.6    20.2    19.9
63828 20240416  2.622  -84.47   31.31    28.6    10.8    19.7    19.2     0.0    19.73 C    42.2     8.7    21.6    96.3    36.3    73.6   0.082   0.101   0.138   0.118   0.140    21.8    21.4    21.0    20.6    20.3
63828 20240417  2.622  -84.47   31.31    29.4    13.9    21.6    21.7     0.0    20.29 C    45.3    12.1    24.8    94.9    45.7    71.8   0.072   0.098   0.135   0.115   0.136    22.5    21.9    21.3    20.8    20.5
63828 20240418  2.622  -84.47   31.31    26.2    14.1    20.2    20.5     0.0    15.50 C    39.5    11.4    22.8    95.6    57.7    81.8   0.066   0.095   0.132   0.113   0.133    22.5    22.2    21.7    21.3    20.8
63828 20240419  2.622  -84.47   31.31    29.3    16.6    23.0    22.4     0.0    17.63 C    47.8    14.6    25.6    95.9    49.5    78.9   0.062   0.090   0.128   0.111   0.130    23.2    22.6    21.9    21.4    21.0
63828 20240420  2.622  -84.47   31.31    29.0    16.4    22.7    22.4     0.0    14.42 C    46.3    14.6    25.1    95.5    55.3    80.8   0.060   0.084   0.125   0.109   0.126    23.4    22.9    22.2    21.8    21.4
63828 20240421  2.622  -84.47   31.31    23.0    10.5    16.8    17.4    14.5     6.13 C    32.8    10.3    18.9    96.3    74.8    88.5   0.082   0.080   0.123   0.107   0.125    22.1    22.4    22.2    22.0    21.6
63828 20240422  2.622  -84.47   31.31    20.7     6.0    13.3    12.8     0.0    25.77 C    38.0     5.6    17.8    95.7    39.8    72.3   0.105   0.081   0.122   0.106   0.123    20.4    20.7    20.8    21.0    20.9
63828 20240423  2.622  -84.47   31.31    23.9     5.2    14.6    14.2     0.0    26.50 C    40.7     4.6    18.9    95.7    26.2    67.7   0.094   0.081   0.121   0.105   0.122    20.4    20.5    20.5    20.6    20.5
63828 20240424  2.622  -84.47   31.31    25.6     6.8    16.2    16.7     0.0    24.61 C    43.4     6.2    20.9    96.2    32.9    66.5   0.086   0.079   0.119   0.103   0.120    20.9    20.9    20.7    20.6    20.5
63828 20240425  2.622  -84.47   31.31    28.3    14.3    21.3    20.7     0.0    23.68 C    47.1    12.7    24.9    94.9    35.5    69.2   0.075   0.076   0.117   0.101   0.119    22.6    22.0    21.4    21.0    20.7
63828 20240426  2.622  -84.47   31.31    29.9    13.9    21.9    22.3     0.0    21.31 C    48.4    12.7    25.5    95.8    36.2    65.7   0.065   0.074   0.115   0.099   0.116    23.2    22.6    22.0    21.6    21.2
63828 20240427  2.622  -84.47   31.31    27.2    17.2    22.2    22.2     0.0    14.20 C    43.1    15.3    24.0    89.7    51.5    68.2   0.061   0.071   0.112   0.097   0.113    23.3    22.9    22.4    21.9    21.5
63828 20240428  2.622  -84.47   31.31    27.4    16.9    22.2    21.6     0.0    19.27 C    47.7    14.5    24.8    87.6    38.0    65.3   0.058   0.068   0.109   0.094   0.110    23.3    22.9    22.4    22.0    21.7
63828 20240429  2.622  -84.47   31.31    28.7    14.1    21.4    21.9     0.0    23.07 C    50.1    11.6    26.6    93.0    36.3    64.0   0.055   0.066   0.105   0.091   0.106    23.8    23.2    22.6    22.2    21.8
63828 20240430  2.622  -84.47   31.31    29.2    15.0    22.1    21.6     0.0    18.42 C    52.6    13.6    25.8    94.7    44.0    73.6   0.053   0.064   0.100   0.088   0.103    24.2    23.6    23.0    22.5    22.1
63828 20240501  2.622  -84.47   31.31    30.0    16.2    23.1    21.7     0.0    20.82 C    53.3    14.6    27.3    95.3    34.5    76.1   0.052   0.063   0.096   0.086   0.101    24.6    23.9    23.2    22.7    22.3
63828 20240502  2.622  -84.47   31.31    32.5    14.6    23.5    22.8     0.0    22.19 C    54.7    13.2    28.0    95.2    35.4    70.3   0.051   0.062   0.091   0.083   0.099    25.0    24.4    23.6    23.1    22.6
63828 20240503  2.622  -84.47   31.31    30.6    17.1    23.8    23.6     0.0    15.49 C    45.6    15.3    27.7    92.9    41.6    72.1   0.050   0.062   0.089   0.082   0.097    25.1    24.6    23.9    23.4    22.9
63828 20240504  2.622  -84.47   31.31    30.5    17.9    24.2    22.8    11.2    19.38 C    54.4    18.2    27.2    94.4    49.6    80.7   0.052   0.061   0.088   0.080   0.097    25.6    24.9    24.1    23.6    23.1
63828 20240505  2.622  -84.47   31.31    30.8    15.7    23.3    23.1     0.0    25.29 C    50.5    15.7    28.4    95.3    43.4    75.5   0.068   0.061   0.088   0.079   0.097    25.7    25.0    24.2    23.7    23.2
63828 20240506  2.622  -84.47   31.31    30.7    18.6    24.6    24.1     0.0    19.35 C    50.8    18.6    28.6    94.3    46.4    75.0   0.063   0.061   0.088   0.080   0.097    26.4    25.7    24.8    24.2    23.6
63828 20240507  2.622  -84.47   31.31    31.3    17.0    24.1    24.2     0.0    22.15 C    51.1    16.7    29.0    95.2    43.2    71.8   0.059   0.061   0.087   0.079   0.096    26.5    25.9    25.1    24.4    23.9
63828 20240508  2.622  -84.47   31.31    32.5    19.3    25.9    26.2     0.0    22.11 C    54.1    18.0    31.5    93.5    43.0    70.4   0.055   0.061   0.087   0.079   0.095    27.3    26.5    25.5    24.8    24.2
63828 20240509  2.622  -84.47   31.31    31.6    19.0    25.3    24.0     3.8    13.80 C    47.5    20.7    27.4    93.4    55.2    80.4   0.052   0.061   0.086   0.078   0.094    27.0    26.7    25.9    25.2    24.6
63828 20240510  2.622  -84.47   31.31    28.0    18.6    23.3    22.1    56.4    16.12 C    39.5    17.6    24.7    94.8    63.8    83.9   0.117   0.125   0.151   0.115   0.126    24.6    24.8    24.6    24.5    24.2
63828 20240511  2.622  -84.47   31.31    26.3    13.4    19.8    19.5     0.0    26.76 C    45.7    13.0    25.2    95.1    35.7    71.0   0.109   0.124   0.154   0.132   0.143    25.0    24.8    24.5    24.2    23.9
63828 20240512  2.622  -84.47   31.31    26.3    12.0    19.1    19.5     0.0    16.98 C    45.1    12.3    23.8    94.6    40.4    74.5   0.100   0.116   0.147   0.125   0.140    24.2    24.3    24.2    24.0    23.8
63828 20240513  2.622  -84.47   31.31    20.4    17.2    18.8    18.9    42.7     1.83 C    23.8    17.1    19.5    92.4    77.9    89.6   0.120   0.128   0.158   0.133   0.145    22.7    23.3    23.6    23.7    23.6
63828 20240514  2.622  -84.47   31.31    28.5    19.0    23.7    23.2    12.4    16.94 C    40.8    19.1    25.4    94.7    55.7    78.7   0.128   0.138   0.168   0.146   0.158    23.8    23.2    22.9    22.9    22.9
63828 20240515  2.622  -84.47   31.31    30.0    18.2    24.1    24.4     0.0    25.29 C    46.0    17.8    28.3    91.6    40.7    71.0   0.110   0.125   0.155   0.134   0.151    25.6    24.9    24.1    23.6    23.3
63828 20240516  2.622  -84.47   31.31    30.3    15.7    23.0    22.6     0.0    26.12 C    48.6    15.4    27.8    95.0    45.2    73.7   0.100   0.116   0.147   0.126   0.144    26.0    25.5    24.7    24.2    23.8
63828 20240517  2.622  -84.47   31.31    26.3    18.6    22.5    21.8    42.7     8.15 C    34.5    18.6    23.4    93.8    66.7    84.9   0.112   0.123   0.154   0.131   0.148    24.8    25.1    24.9    24.5    24.2
63828 20240518  2.622  -84.47   31.31    25.9    18.9    22.4    21.7    35.0     6.60 C    30.5    18.8    22.4    95.1    67.9    87.1   0.137   0.144   0.175   0.152   0.164    23.6    23.8    23.9    23.9    23.8
63828 20240519  2.622  -84.47   31.31    28.1    19.0    23.5    23.0     0.0    21.81 C    42.0    18.1    26.3    94.9    54.0    79.2   0.115   0.128   0.157   0.137   0.154    25.0    24.4    24.0    23.7    23.5
63828 20240520  2.622  -84.47   31.31    26.7    16.4    21.6    21.0     0.0    15.29 C    42.4    16.0    23.5    95.0    54.4    80.9   0.105   0.120   0.149   0.128   0.149    24.8    24.7    24.4    24.1    23.8
63828 20240521  2.622  -84.47   31.31    29.2    14.5    21.9    21.5     0.0    23.28 C    45.8    14.2    25.4    95.3    46.1    75.9   0.099   0.114   0.144   0.124   0.144    25.0    24.7    24.3    24.0    23.8
63828 20240522  2.622  -84.47   31.31    30.3    15.7    23.0    22.8     0.0    23.85 C    47.2    15.4    27.1    95.1    44.8    77.2   0.093   0.107   0.140   0.120   0.140    25.9    25.5    24.8    24.4    24.0
63828 20240523  2.622  -84.47   31.31    31.5    17.5    24.5    24.9     0.0    19.37 C    46.6    16.8    27.8    95.0    50.1    74.0   0.087   0.102   0.135   0.117   0.137    26.5    26.1    25.3    24.8    24.4
63828 20240524  2.622  -84.47   31.31    30.7    18.8    24.7    24.6     0.0    23.29 C    46.0    17.8    28.4    94.9    47.7    74.9   0.078   0.098   0.131   0.113   0.132    27.4    26.7    25.8    25.2    24.8
63828 20240525  2.622  -84.47   31.31    29.9    20.9    25.4    24.7     0.2    12.76 C    42.2    19.9    26.4    95.1    58.5    83.7   0.070   0.095   0.127   0.111   0.129    27.0    26.7    26.1    25.6    25.1
63828 20240526  2.622  -84.47   31.31    32.7    20.3    26.5    26.6     0.0    23.43 C    49.1    19.2    30.0    95.6    38.2    71.5   0.065   0.091   0.125   0.109   0.126    27.6    26.9    26.1    25.6    25.1
63828 20240527  2.622  -84.47   31.31    32.6    19.7    26.1    25.8    13.2    16.49 C    45.6    19.7    28.3    92.7    51.1    77.1   0.066   0.085   0.121   0.105   0.122    27.8    27.3    26.6    26.0    25.5
63828 20240528  2.622  -84.47   31.31    31.9    18.5    25.2    24.4     0.0    26.62 C    42.9    18.8    27.8    95.3    40.9    74.3   0.108   0.088   0.120   0.104   0.119    27.6    27.2    26.5    26.0    25.6
63828 20240529  2.622  -84.47   31.31    30.9    16.6    23.8    23.2     0.0    26.73 C    45.2    16.0    26.9    95.0    32.0    67.1   0.092   0.087   0.117   0.102   0.117    27.5    27.2    26.6    26.1    25.7
63828 20240530  2.622  -84.47   31.31    28.5    16.2    22.3    21.5     0.0    17.37 C    41.7    16.2    24.4    94.2    42.8    74.5   0.084   0.083   0.114   0.100   0.115    26.5    26.7    26.4    26.0    25.7
63828 20240531  2.622  -84.47   31.31    31.6    16.8    24.2    25.0     0.0    24.87 C    46.5    16.2    28.1    94.6    36.1    62.5   0.072   0.077   0.112   0.098   0.113    27.3    26.7    26.1    25.8    25.4
63828 20240601  2.622  -84.47   31.31    24.7    18.9    21.8    21.8     5.4     9.71 C    27.7    17.4    22.5    94.7    54.4    73.6   0.064   0.073   0.110   0.096   0.111    26.2    26.3    26.2    25.9    25.6
63828 20240602  2.622  -84.47   31.31    30.8    17.8    24.3    23.5     8.0    22.54 C    42.8    17.8    26.5    95.6    52.1    77.8   0.067   0.072   0.109   0.095   0.111    26.5    26.0    25.7    25.4    25.2
63828 20240603  2.622  -84.47   31.31    31.6    19.5    25.5    24.6     0.0    23.26 C    41.3    19.8    27.6    95.1    46.4    78.8   0.094   0.069   0.107   0.093   0.108    27.6    26.9    26.2    25.8    25.4
63828 20240604  2.622  -84.47   31.31    31.4    19.3    25.3    25.3     0.0    19.06 C    40.2    19.4    27.1    95.2    50.0    75.8   0.085   0.069   0.106   0.091   0.107    27.5    27.2    26.5    26.1    25.7
63828 20240605  2.622  -84.47   31.31    31.9    19.7    25.8    25.5     0.0    16.80 C    43.3    19.0    27.2    94.9    54.2    79.0   0.075   0.068   0.105   0.090   0.106    27.6    27.3    26.6    26.2    25.8
63828 20240606  2.622  -84.47   31.31    31.3    21.2    26.2    25.1     7.2    19.07 C    44.9    20.1    27.5    94.9    56.0    83.5   0.070   0.067   0.102   0.089   0.105    27.9    27.5    26.8    26.4    25.9
63828 20240607  2.622  -84.47   31.31    33.5    20.7    27.1    26.9     0.0    25.03 C    42.5    20.3    29.2    95.1    45.6    73.9   0.073   0.066   0.101   0.087   0.103    28.7    28.0    27.1    26.6    26.1
63828 20240608  2.622  -84.47   31.31    32.1    16.3    24.2    23.7     0.0    27.28 C    44.0    15.9    26.7    94.4    30.9    67.3   0.065   0.065   0.097   0.086   0.101    28.3    28.0    27.4    26.9    26.4
63828 20240609  2.622  -84.47   31.31    33.8    16.0    24.9    25.1     0.0    26.27 C    47.2    15.5    28.5    94.7    34.9    67.6   0.059   0.064   0.095   0.084   0.098    28.3    27.8    27.2    26.8    26.4
63828 20240610  2.622  -84.47   31.31    33.7    20.7    27.2    26.8     0.0    19.59 C    48.0    19.8    29.8    94.0    46.8    74.9   0.055   0.063   0.092   0.082   0.095    29.0    28.5    27.5    27.1    26.6
63828 20240611  2.622  -84.47   31.31    32.1    18.7    25.4    25.0     0.0    25.20 C    51.1    17.9    29.6    94.3    35.1    68.9   0.053   0.062   0.089   0.080   0.095    29.2    28.7    27.8    27.3    26.8
63828 20240612  2.622  -84.47   31.31    33.5    17.1    25.3    25.0    32.1    21.60 C    52.1    16.7    29.3    94.5    41.4    76.6   0.064   0.070   0.090   0.080   0.094    28.7    28.5    27.9    27.4    26.9
63828 20240613  2.622  -84.47   31.31    32.8    20.0    26.4    25.7     0.0    25.09 C    41.2    20.4    28.3    94.7    37.8    73.0   0.114   0.123   0.122   0.086   0.097    28.7    28.4    27.8    27.3    26.9
63828 20240614  2.622  -84.47   31.31    32.8    18.6    25.7    25.4     0.0    26.71 C    44.4    18.9    28.6    94.3    35.8    70.6   0.099   0.108   0.122   0.083   0.096    28.8    28.5    27.9    27.5    27.0
63828 20240615  2.622  -84.47   31.31    34.7    19.4    27.1    26.4     0.0    24.46 C    46.9    19.5    29.3    94.3    37.0    72.0   0.089   0.100   0.119   0.082   0.095    29.3    28.8    28.0    27.6    27.1
63828 20240616  2.622  -84.47   31.31    33.7    20.9    27.3    26.3     3.8    16.45 C    46.5    20.5    28.4    94.1    47.7    77.8   0.080   0.094   0.116   0.082   0.094    29.1    28.9    28.4    27.9    27.3
63828 20240617  2.622  -84.47   31.31    32.9    22.4    27.6    27.1     0.0    22.20 C    41.3    21.6    28.7    94.8    49.0    70.6   0.073   0.087   0.113   0.082   0.094    29.3    28.8    28.2    27.9    27.4
63828 20240618  2.622  -84.47   31.31    32.2    20.2    26.2    26.3     0.0    22.89 C    42.5    19.8    28.1    88.2    41.5    63.5   0.065   0.081   0.109   0.082   0.093    28.9    28.6    28.2    27.8    27.4
63828 20240619  2.622  -84.47   31.31    31.8    23.5    27.7    27.4     0.0    22.03 C    45.8    21.4    29.8    81.1    39.7    59.6   0.059   0.074   0.104   0.081   0.093    29.3    29.0    28.3    27.8    27.4
63828 20240620  2.622  -84.47   31.31    32.2    19.9    26.0    25.2     0.3    17.85 C    42.4    19.0    26.9    91.4    40.6    71.3   0.056   0.068   0.099   0.080   0.093    28.8    28.7    28.3    27.9    27.5
63828 20240621  2.622  -84.47   31.31    33.6    17.6    25.6    25.3     0.0    27.31 C    48.9    16.7    29.4    94.6    30.4    66.6   0.054   0.065   0.095   0.080   0.092    29.0    28.6    28.1    27.7    27.3
63828 20240622  2.622  -84.47   31.31    34.8    19.6    27.2    27.1     0.0    25.22 C    52.0    19.6    31.4    93.7    39.0    70.0   0.051   0.063   0.092   0.078   0.092    29.9    29.3    28.5    28.0    27.5
63828 20240623  2.622  -84.47   31.31    35.8    20.5    28.1    28.9     0.0    26.15 C    54.1    19.4    33.1    94.1    38.1    64.1   0.050   0.062   0.089   0.077   0.091    30.7    29.9    29.0    28.4    27.8
63828 20240624  2.622  -84.47   31.31    33.4    24.3    28.9    28.3     0.0    18.60 C    48.0    23.8    31.3    89.2    52.8    72.7   0.049   0.060   0.087   0.076   0.090    30.6    30.2    29.3    28.8    28.2
63828 20240625  2.622  -84.47   31.31    36.8    22.0    29.4    28.9     0.0    25.61 C    55.8    21.9    33.8    94.3    31.4    68.0   0.048   0.059   0.085   0.075   0.090    31.1    30.3    29.4    28.8    28.2
63828 20240626  2.622  -84.47   31.31    36.7    23.2    30.0    28.8     0.0    25.69 C    55.6    22.6    34.0    92.6    30.4    70.5   0.047   0.059   0.084   0.074   0.089    31.5    30.9    29.9    29.2    28.6
63828 20240627  2.622  -84.47   31.31    29.7    24.5    27.1    26.4    11.4    12.26 C    37.8    24.9    28.0    92.2    66.6    83.4   0.072   0.060   0.083   0.073   0.088    30.6    30.6    30.0    29.5    28.9
63828 20240628  2.622  -84.47   31.31    33.8    23.0    28.4    28.2     0.0    22.21 C    47.9    23.3    31.1    94.5    50.4    74.9   0.076   0.060   0.084   0.073   0.089    30.4    30.0    29.4    29.0    28.5
63828 20240629  2.622  -84.47   31.31    34.9    23.5    29.2    27.9    28.5    23.31 C    50.0    23.6    31.9    94.6    48.7    77.9   0.077   0.066   0.085   0.074   0.090    30.9    30.5    29.8    29.1    28.7
63828 20240630  2.622  -84.47   31.31    33.4    23.0    28.2    27.2     0.0    16.42 C    43.7    23.6    29.5    94.4    60.6    83.3   0.115   0.116   0.100   0.077   0.092    30.3    30.0    29.6    29.2    28.7
63828 20240701  2.622  -84.47   31.31    34.0    24.4    29.2    28.6     0.0    20.11 C    43.3    24.8    31.0    93.7    58.5    78.9   0.099   0.106   0.109   0.076   0.091    30.9    30.4    29.8    29.3    28.7
63828 20240702  2.622  -84.47   31.31 -9999.0 -9999.0 -9999.0 -9999.0 -9999.0 -9999.00 U -9999.0 -9999.0 -9999.0 -9999.0 -9999.0 -9999.0 -99.000 -99.000 -99.000 -99.000 -99.000 -9999.0 -9999.0 -9999.0 -9999.0 -9999.0
