04127 20240101  2.622 -116.75   43.20     6.0    -5.7     0.1    -1.3     0.0     7.23 C     7.5    -7.2    -2.1    91.7    58.3    82.8   0.265   0.185   0.268   0.308 -99.000    -0.3     0.1     1.2     2.1     3.6
04127 20240102  2.622 -116.75   43.20     4.6    -8.3    -1.8    -2.1     0.0     6.80 C     6.3    -9.4    -2.5    93.0    63.9    82.9   0.264 -99.000   0.268   0.317 -99.000    -0.7    -0.1     1.1     2.0     3.6
04127 20240103  2.622 -116.75   43.20     3.1    -0.7     1.2     0.4     5.2     1.80 C     2.5    -2.0     0.0    94.3    60.3    84.9   0.263 -99.000   0.266   0.317 -99.000    -0.1    -0.1     1.0     1.9     3.4
04127 20240104  2.622 -116.75   43.20     3.4    -1.1     1.1     1.7     0.0     5.78 C     3.2    -2.8     0.5    90.4    61.2    71.8   0.263 -99.000   0.268   0.323 -99.000     0.1     0.0     1.0     1.9     3.3
04127 20240105  2.622 -116.75   43.20     3.9    -1.9     1.0     1.2     2.0     7.63 C     3.3    -3.2     0.1    88.6    43.8    61.8   0.284   0.186   0.269   0.325 -99.000     0.2     0.1     1.1     1.9     3.3
04127 20240106  2.622 -116.75   43.20     3.7    -3.6     0.1     0.6     1.1     1.46 C     2.1    -5.2    -0.6    86.8    31.6    57.0   0.296   0.188   0.267   0.309 -99.000     0.1     0.2     1.1     2.0     3.2
04127 20240107  2.622 -116.75   43.20     0.6    -7.0    -3.2    -3.2     0.0     5.59 C     2.4    -8.6    -4.1    82.0    54.9    67.1   0.293   0.191   0.266   0.329 -99.000    -0.1     0.2     1.1     1.9     3.2
04127 20240108  2.622 -116.75   43.20     1.5    -8.7    -3.6    -2.7     0.0     6.44 C     4.5   -10.6    -3.2    75.2    49.0    64.7 -99.000 -99.000   0.268   0.323 -99.000    -0.5     0.1     1.0     1.9     3.2
04127 20240109  2.622 -116.75   43.20     5.1    -1.9     1.6     1.8     1.4     3.92 C     4.0    -3.0     0.5    77.2    47.4    59.2 -99.000 -99.000   0.269   0.335 -99.000    -0.2     0.1     1.0     1.8     3.1
04127 20240110  2.622 -116.75   43.20     0.0    -5.1    -2.6    -2.0     2.4     7.43 C     0.2    -8.7    -2.7    83.7    48.4    64.6 -99.000 -99.000   0.268   0.330 -99.000    -0.3     0.1     1.0     1.8     3.1
04127 20240111  2.622 -116.75   43.20     0.4    -4.9    -2.3    -2.3     0.0     4.87 C     0.9    -8.1    -3.4    67.9    50.6    61.0 -99.000 -99.000   0.269   0.342 -99.000    -0.4     0.0     0.9     1.7     3.0
04127 20240112  2.622 -116.75   43.20     1.5   -10.0    -4.3    -4.1     6.9     2.49 C     0.6   -10.5    -4.6    86.6    56.5    69.8 -99.000 -99.000   0.267   0.332 -99.000    -0.3     0.0     0.9     1.7     3.0
04127 20240113  2.622 -116.75   43.20    -9.9   -11.8   -10.9   -11.2    22.4     2.20 C    -8.5   -12.4   -10.7    84.8    58.1    77.4 -99.000 -99.000   0.267   0.328 -99.000    -0.3     0.0     0.8     1.7     3.0
04127 20240114  2.622 -116.75   43.20    -7.8   -12.8   -10.3   -10.2     2.4     2.40 C    -2.6   -16.6    -9.4    89.6    79.7    85.0 -99.000 -99.000   0.267   0.318 -99.000    -0.3     0.0     0.8     1.7     2.9
04127 20240115  2.622 -116.75   43.20    -7.4   -19.9   -13.6   -13.5     0.0     3.44 C    -4.0   -23.5   -15.2    87.6    61.8    78.1 -99.000 -99.000   0.265   0.318 -99.000    -0.2     0.0     0.8     1.6     2.9
04127 20240116  2.622 -116.75   43.20    -9.5   -22.0   -15.8   -15.2     2.0     3.39 C    -5.7   -25.1   -15.5    84.4    66.2    76.5 -99.000 -99.000   0.266   0.330 -99.000    -0.3     0.0     0.8     1.6     2.9
04127 20240117  2.622 -116.75   43.20     5.7   -10.5    -2.4    -0.8     5.0     5.65 C     2.5   -10.3    -2.6    86.9    57.3    73.9 -99.000 -99.000   0.302   0.356 -99.000    -0.2     0.0     0.8     1.6     2.9
04127 20240118  2.622 -116.75   43.20     8.5     0.9     4.7     4.3     0.0     8.00 C     9.5     0.3     2.8    85.7    46.3    64.9 -99.000 -99.000   0.379   0.446 -99.000    -0.1     0.0     0.6     1.3     2.8
04127 20240119  2.622 -116.75   43.20     5.9    -0.4     2.7     2.7     0.0     5.36 C     5.8    -0.9     1.8    91.8    59.7    76.3 -99.000 -99.000   0.376   0.371 -99.000    -0.1     0.1     0.7     1.4     2.7
04127 20240120  2.622 -116.75   43.20     6.3     0.8     3.5     2.8     0.0     5.11 C     7.3    -0.3     1.9    86.4    65.1    75.8 -99.000 -99.000   0.380   0.371 -99.000     0.0     0.1     0.8     1.4     2.7
04127 20240121  2.622 -116.75   43.20    10.4     0.5     5.4     4.8     0.0     5.96 C     9.8    -0.8     3.0    85.1    49.4    69.9   0.409 -99.000   0.392   0.389 -99.000     0.1     0.2     0.8     1.4     2.6
04127 20240122  2.622 -116.75   43.20     8.1     1.0     4.6     3.6     0.2     4.39 C     9.6    -0.2     2.7    91.0    63.1    81.5   0.414   0.286   0.404   0.395 -99.000     0.3     0.2     0.8     1.4     2.7
04127 20240123  2.622 -116.75   43.20     8.0    -1.2     3.4     2.9     0.0     4.99 C     8.3    -2.8     2.0    92.0    59.0    80.9   0.407   0.286   0.409   0.384 -99.000     0.5     0.3     1.0     1.5     2.6
04127 20240124  2.622 -116.75   43.20     7.3    -3.4     1.9     1.5     0.0     2.75 C     5.9    -4.2     0.5    90.0    60.1    80.9   0.393   0.282   0.402   0.349 -99.000     0.4     0.3     1.1     1.5     2.6
04127 20240125  2.622 -116.75   43.20     7.0    -2.2     2.4     3.0     0.6     8.68 C     9.4    -3.7     1.8    88.3    52.5    70.6   0.371   0.282   0.403   0.338 -99.000     0.6     0.4     1.1     1.6     2.6
04127 20240126  2.622 -116.75   43.20     8.4    -4.0     2.2     1.2     0.0     8.34 C    11.1    -4.5     0.9    89.4    49.8    74.7   0.356   0.277   0.402   0.312 -99.000     0.6     0.5     1.2     1.6     2.5
04127 20240127  2.622 -116.75   43.20     7.5     1.2     4.3     3.7     0.4     4.04 C     8.0     0.4     3.2    93.1    67.9    85.9   0.314   0.302   0.404   0.282 -99.000     1.5     0.9     1.4     1.6     2.6
04127 20240128  2.622 -116.75   43.20    11.3     0.1     5.7     4.2     0.0     6.32 C    13.4    -1.3     3.4    91.6    59.2    83.3   0.305   0.332   0.406   0.278 -99.000     2.6     1.8     1.8     1.8     2.6
04127 20240129  2.622 -116.75   43.20    11.1    -1.6     4.7     3.4     0.0     5.90 C    12.2    -2.3     2.6    95.0    61.2    85.3   0.292   0.326   0.399   0.275 -99.000     2.4     2.1     2.2     2.2     2.8
04127 20240130  2.622 -116.75   43.20    11.5    -1.2     5.2     4.7     0.0     8.81 C    14.2    -2.6     3.8    91.7    53.7    77.5   0.286   0.318   0.393   0.269 -99.000     2.7     2.3     2.4     2.4     3.0
04127 20240131  2.622 -116.75   43.20    13.9     0.3     7.1     7.5     0.0     8.68 C    15.8    -1.0     6.2    88.4    38.1    64.0   0.277   0.312   0.387   0.269 -99.000     3.3     2.7     2.6     2.5     3.0
04127 20240201  2.622 -116.75   43.20     9.7     3.7     6.7     7.1     0.6     2.43 C    11.1     2.8     6.2    88.6    50.2    67.3   0.274   0.307   0.382   0.267 -99.000     4.4     3.9     3.4     2.9     3.3
04127 20240202  2.622 -116.75   43.20     8.5     0.5     4.5     4.5     0.5     6.40 C    11.2    -0.7     3.8    84.4    45.8    68.7   0.272   0.303   0.377   0.265 -99.000     3.9     3.9     3.7     3.3     3.5
04127 20240203  2.622 -116.75   43.20     4.2     1.4     2.8     2.5     0.0     5.32 C     5.7     0.3     2.1    74.9    53.7    63.0   0.267   0.298   0.372   0.264 -99.000     2.7     3.1     3.4     3.4     3.7
04127 20240204  2.622 -116.75   43.20     4.2    -4.7    -0.3     1.1     0.2     6.09 C     7.0    -6.1     0.6    78.0    46.1    62.1   0.260   0.289   0.366   0.264 -99.000     1.6     2.1     2.9     3.2     3.6
04127 20240205  2.622 -116.75   43.20    12.7    -0.9     5.9     4.2     0.0    10.55 C    15.5    -2.5     3.7    89.9    32.0    65.3   0.265   0.295   0.365   0.263 -99.000     2.9     2.6     2.7     3.0     3.5
04127 20240206  2.622 -116.75   43.20     6.1    -3.3     1.4     1.5     6.1     4.26 C     8.7    -4.2     1.1    91.5    58.2    78.1   0.261   0.294   0.364   0.264 -99.000     2.2     2.6     2.9     3.1     3.6
04127 20240207  2.622 -116.75   43.20     5.9    -0.7     2.6     2.6     0.0     8.27 C    10.9    -2.4     2.4    84.5    49.7    68.1   0.277   0.311   0.374   0.264 -99.000     2.9     2.9     2.9     3.1     3.6
04127 20240208  2.622 -116.75   43.20     4.1    -2.9     0.6     0.7     0.0     5.92 C     7.7    -3.5     0.6    81.5    50.5    67.9   0.270   0.304   0.374   0.264 -99.000     2.1     2.5     2.9     3.1     3.6
04127 20240209  2.622 -116.75   43.20     1.8    -4.1    -1.2    -0.7     1.4     5.49 C     6.5    -4.8    -0.9    88.8    60.9    72.0   0.267   0.301   0.372   0.263 -99.000     1.5     2.0     2.6     3.0     3.6
04127 20240210  2.622 -116.75   43.20     3.2    -6.4    -1.6    -1.6     0.0    12.27 C     6.6    -7.0    -1.9    79.5    35.9    59.2   0.307   0.287   0.365   0.262 -99.000     0.9     1.5     2.2     2.8     3.5
04127 20240211  2.622 -116.75   43.20     5.9    -6.0    -0.1    -0.6     0.0    11.08 C     9.6    -7.0    -0.6    78.5    34.0    60.2   0.310   0.281   0.361   0.262 -99.000     0.9     1.3     1.9     2.6     3.4
04127 20240212  2.622 -116.75   43.20     9.7    -2.7     3.5     2.8     0.0    10.72 C    12.7    -3.9     2.3    80.0    37.7    60.9   0.274   0.281   0.358   0.262 -99.000     1.8     1.6     1.9     2.4     3.3
04127 20240213  2.622 -116.75   43.20     7.4    -3.5     1.9     1.5     0.0     6.79 C    12.6    -5.2     1.1    84.2    48.3    72.5   0.255   0.287   0.360   0.264 -99.000     2.2     2.2     2.2     2.5     3.3
04127 20240214  2.622 -116.75   43.20     7.4    -3.4     2.0     2.4     2.0     5.24 C     8.7    -5.4     1.0    82.1    47.9    69.0   0.263   0.282   0.356   0.260 -99.000     1.3     1.8     2.3     2.6     3.3
04127 20240215  2.622 -116.75   43.20     9.4     2.2     5.8     4.4     4.6     7.51 C    11.1    -0.1     3.4    84.4    46.6    71.2   0.263   0.299   0.360   0.260 -99.000     2.6     2.4     2.4     2.6     3.3
04127 20240216  2.622 -116.75   43.20     4.5    -6.1    -0.8     1.0     0.5     9.22 C     6.9    -7.1     0.6    87.0    47.2    70.0   0.267   0.302   0.366   0.259 -99.000     2.8     2.9     2.8     2.8     3.5
04127 20240217  2.622 -116.75   43.20     3.5    -7.5    -2.0    -1.2     0.0     7.46 C     4.7    -7.8    -1.7    86.9    37.6    64.8   0.275   0.286   0.362   0.259 -99.000     0.9     1.8     2.5     2.8     3.5
04127 20240218  2.622 -116.75   43.20     8.6    -1.9     3.3     1.4     3.4     8.22 C    12.0    -2.3     1.1    92.1    57.5    81.9   0.286   0.293   0.360   0.259 -99.000     1.4     1.5     2.0     2.6     3.4
04127 20240219  2.622 -116.75   43.20    10.9    -1.5     4.7     3.2     0.0     6.53 C    11.9    -2.4     2.3    91.9    44.8    72.5   0.275   0.301   0.369   0.258 -99.000     2.0     2.0     2.2     2.5     3.3
04127 20240220  2.622 -116.75   43.20    13.6    -1.1     6.2     6.9     0.0    11.59 C    19.1    -2.2     6.0    90.9    28.3    51.5   0.268   0.302   0.374   0.260 -99.000     3.3     2.9     2.6     2.7     3.4
04127 20240221  2.622 -116.75   43.20     8.5    -2.2     3.2     3.1     0.0     6.65 C    11.4    -3.5     2.6    82.9    48.7    67.3   0.264   0.295   0.370   0.259 -99.000     2.9     3.2     3.0     3.0     3.5
04127 20240222  2.622 -116.75   43.20     9.8    -2.6     3.6     3.8     0.0    10.18 C    16.5    -3.5     3.7    85.3    51.9    69.9   0.262   0.292   0.367   0.261 -99.000     3.4     3.3     3.1     3.1     3.6
04127 20240223  2.622 -116.75   43.20    11.1    -4.2     3.5     2.6     0.0    14.33 C    15.4    -5.5     2.5    87.1    42.1    69.4   0.256   0.284   0.361   0.261 -99.000     3.4     3.4     3.3     3.2     3.7
04127 20240224  2.622 -116.75   43.20    13.5    -2.7     5.4     4.6     0.0    14.67 C    17.2    -4.6     4.1    85.9    31.7    59.3   0.252   0.278   0.357   0.260 -99.000     3.7     3.5     3.4     3.3     3.7
04127 20240225  2.622 -116.75   43.20    15.5     0.9     8.2     8.8     0.0    13.41 C    18.8    -1.6     7.2    70.1    23.6    43.6   0.248   0.273   0.355   0.261 -99.000     4.0     3.7     3.6     3.4     3.8
04127 20240226  2.622 -116.75   43.20     8.8    -3.9     2.4     2.5    14.3     2.21 C     6.9    -4.8     1.5    91.4    40.8    69.4   0.269   0.296   0.362   0.261 -99.000     3.2     3.7     3.9     3.7     3.9
04127 20240227  2.622 -116.75   43.20     2.8    -5.4    -1.3    -1.8     0.3    11.46 C     5.0    -6.3    -1.9    75.8    46.0    63.3   0.291   0.309   0.377   0.263 -99.000     1.2     2.1     3.0     3.5     3.9
04127 20240228  2.622 -116.75   43.20     8.3    -5.0     1.7     1.5     0.0    10.63 C    13.4    -5.5     1.5    83.3    48.5    66.4   0.295   0.307   0.376   0.263 -99.000     2.1     2.1     2.6     3.1     3.7
04127 20240229  2.622 -116.75   43.20    13.0     0.3     6.7     6.9     7.7    10.05 C    14.4    -0.6     5.9    93.3    31.6    58.3   0.275   0.307   0.378   0.263 -99.000     3.3     3.2     3.0     3.1     3.7
04127 20240301  2.622 -116.75   43.20     7.2    -1.3     3.0     2.1     1.6     7.03 C    10.6    -2.4     1.8    93.9    51.0    77.9   0.293   0.326   0.396   0.269 -99.000     3.1     3.3     3.3     3.3     3.8
04127 20240302  2.622 -116.75   43.20     4.9    -5.7    -0.4    -0.1     2.3     7.07 C     8.0    -6.6    -0.6    88.0    44.1    62.6   0.288   0.322   0.402   0.319 -99.000     1.9     2.6     3.1     3.4     3.9
04127 20240303  2.622 -116.75   43.20     2.5    -6.8    -2.1    -2.8     2.6    10.13 C     5.7    -7.2    -2.9    88.4    43.8    64.4   0.303   0.307   0.388   0.294 -99.000     0.8     1.7     2.5     3.1     3.8
04127 20240304  2.622 -116.75   43.20     2.9    -4.0    -0.5    -1.0     0.4    14.98 C     7.0    -5.5    -0.9    87.1    39.7    59.8   0.350   0.305   0.385   0.274 -99.000     0.6     1.3     2.1     2.8     3.6
04127 20240305  2.622 -116.75   43.20     4.9    -2.4     1.2     0.1    15.3     4.95 C     5.5    -2.6    -0.3    92.9    60.8    80.9   0.318   0.313   0.387   0.267 -99.000     0.7     1.1     1.9     2.5     3.4
04127 20240306  2.622 -116.75   43.20    -0.3    -8.2    -4.3    -3.6     1.1    12.64 C     3.5    -8.8    -3.0    94.3    77.5    88.5   0.330   0.324   0.402   0.300 -99.000     0.7     1.1     1.8     2.4     3.3
04127 20240307  2.622 -116.75   43.20     1.8   -12.3    -5.3    -4.6     0.0    17.98 C     5.3   -13.7    -4.6    84.0    43.9    67.0   0.354   0.325   0.407   0.364 -99.000     0.5     1.1     1.7     2.3     3.3
04127 20240308  2.622 -116.75   43.20     3.6    -9.2    -2.8    -2.9     0.0    17.94 C     8.1   -10.8    -2.4    82.4    46.2    65.7   0.359   0.320   0.404   0.343 -99.000     0.5     1.0     1.6     2.2     3.2
04127 20240309  2.622 -116.75   43.20     9.9    -7.6     1.1     0.1     0.0    14.88 C    11.0    -8.3     0.1    86.5    34.6    65.7   0.350   0.323   0.403   0.331 -99.000     0.7     1.0     1.6     2.2     3.1
04127 20240310  2.622 -116.75   43.20    13.3    -2.9     5.2     4.7     0.0    11.94 C    16.5    -3.5     3.9    87.9    27.4    59.9   0.315   0.332   0.410   0.328 -99.000     2.0     1.6     1.7     2.1     3.1
04127 20240311  2.622 -116.75   43.20    11.0     0.0     5.5     5.5     0.3    13.16 C    17.7    -1.0     5.8    83.3    33.7    61.4   0.295   0.334   0.416   0.325 -99.000     3.8     3.1     2.5     2.4     3.1
04127 20240312  2.622 -116.75   43.20    11.5     0.2     5.9     5.6     0.6    15.17 C    15.6    -1.5     5.1    83.0    35.3    60.0   0.289   0.327   0.410   0.301 -99.000     4.4     4.1     3.4     3.0     3.4
04127 20240313  2.622 -116.75   43.20     5.2    -1.5     1.8     1.3     0.0    12.37 C     9.0    -2.8     1.1    73.4    42.2    54.2   0.280   0.315   0.398   0.280 -99.000     2.9     3.4     3.5     3.3     3.6
04127 20240314  2.622 -116.75   43.20     9.1    -4.2     2.4     2.8     0.0    18.79 C    14.2    -6.0     2.8    73.4    32.3    49.4   0.271   0.303   0.385   0.272 -99.000     3.2     3.1     3.1     3.2     3.6
04127 20240315  2.622 -116.75   43.20    11.2    -5.0     3.1     3.1     0.0    19.43 C    17.1    -6.6     3.4    73.4    24.1    49.8   0.267   0.298   0.380   0.270 -99.000     4.0     3.7     3.3     3.3     3.7
04127 20240316  2.622 -116.75   43.20    15.2    -4.3     5.4     5.2     0.0    19.48 C    20.4    -6.0     4.9    75.5    22.7    49.3   0.261   0.289   0.374   0.268 -99.000     4.5     4.1     3.7     3.4     3.7
04127 20240317  2.622 -116.75   43.20    17.3    -2.1     7.6     7.7     0.0    19.32 C    23.4    -4.1     7.2    68.8    24.6    45.3   0.258   0.284   0.368   0.269 -99.000     5.5     4.8     4.1     3.7     3.9
04127 20240318  2.622 -116.75   43.20    18.7    -0.9     8.9     8.6     0.0    19.76 C    24.5    -3.6     8.2    72.2    27.2    49.7   0.254   0.281   0.368   0.269 -99.000     6.4     5.7     4.7     4.1     4.1
04127 20240319  2.622 -116.75   43.20    19.0    -0.4     9.3     9.3     0.0    19.69 C    25.9    -2.5     9.0    75.0    24.7    51.0   0.250   0.275   0.365   0.269 -99.000     7.2     6.4     5.3     4.5     4.4
04127 20240320  2.622 -116.75   43.20    20.9     1.3    11.1    12.1     0.0    19.45 C    27.5    -1.4    11.5    70.6    20.6    41.1   0.245   0.272   0.362   0.268 -99.000     7.8     7.0     5.9     4.9     4.6
04127 20240321  2.622 -116.75   43.20    16.2     1.8     9.0     9.8     0.0    13.28 C    23.3     0.0     9.7    75.3    29.3    45.3   0.240   0.266   0.359   0.272 -99.000     8.2     7.7     6.6     5.4     5.0
04127 20240322  2.622 -116.75   43.20    17.5    -0.8     8.3     8.7     0.0    14.54 C    23.9    -2.1     8.5    78.9    21.1    53.5   0.234   0.261   0.356   0.271 -99.000     7.5     7.1     6.5     5.6     5.2
04127 20240323  2.622 -116.75   43.20    10.6     1.7     6.2     6.0     5.1    10.09 C    16.3     1.0     5.7    86.3    38.7    64.4   0.232   0.259   0.354   0.270 -99.000     6.8     7.0     6.6     5.8     5.3
04127 20240324  2.622 -116.75   43.20    10.8     1.8     6.3     5.0     1.3    13.20 C    14.8    -0.2     5.0    86.1    38.8    65.0   0.235   0.260   0.348   0.270 -99.000     5.9     6.1     6.0     5.7     5.4
04127 20240325  2.622 -116.75   43.20     9.7     0.3     5.0     3.9     0.0    11.17 C    13.7    -0.7     3.7    82.5    34.6    65.5   0.233   0.260   0.346   0.271 -99.000     5.6     5.9     5.8     5.6     5.4
04127 20240326  2.622 -116.75   43.20    10.0    -2.2     3.9     3.4     0.8    15.63 C    16.1    -3.2     3.5    79.2    30.2    61.9   0.229   0.258   0.343   0.271 -99.000     5.3     5.5     5.6     5.4     5.4
04127 20240327  2.622 -116.75   43.20    12.8    -3.7     4.5     5.0     0.3     8.78 C    17.1    -4.5     4.6    86.2    34.8    59.7   0.225   0.254   0.340   0.271 -99.000     4.6     4.9     5.3     5.3     5.3
04127 20240328  2.622 -116.75   43.20     9.8     0.3     5.1     3.8     8.1    14.53 C    15.4    -1.1     4.3    91.7    40.0    70.1   0.255   0.268   0.339   0.271 -99.000     5.3     5.3     5.3     5.2     5.3
04127 20240329  2.622 -116.75   43.20     9.4    -2.2     3.6     4.0     0.0    15.50 C    14.9    -3.1     4.5    82.8    43.9    63.2   0.254   0.275   0.341   0.270 -99.000     5.4     5.3     5.3     5.2     5.3
04127 20240330  2.622 -116.75   43.20    10.4     0.8     5.6     5.4     0.5    12.18 C    17.3    -0.8     5.7    88.5    43.7    66.3   0.250   0.271   0.340   0.269 -99.000     6.4     6.1     5.6     5.3     5.3
04127 20240331  2.622 -116.75   43.20    10.4    -1.5     4.5     5.2     0.0    18.71 C    14.2    -3.0     4.7    74.3    30.2    47.6   0.245   0.268   0.340   0.269 -99.000     5.6     5.8     5.7     5.5     5.5
04127 20240401  2.622 -116.75   43.20    15.8     0.2     8.0     7.9     0.0    22.26 C    21.1    -2.9     7.9    69.5    24.7    41.8   0.240   0.263   0.339   0.269 -99.000     6.6     6.0     5.7     5.4     5.5
04127 20240402  2.622 -116.75   43.20    20.6     2.5    11.6    11.3     0.0    22.46 C    26.5     0.8    12.0    74.0    26.5    51.1   0.237   0.260   0.338   0.269 -99.000     9.1     7.8     6.6     5.7     5.6
04127 20240403  2.622 -116.75   43.20    20.5     4.8    12.6    13.4     0.7    14.37 C    28.3     4.5    13.4    80.3    32.4    50.0   0.230   0.255   0.338   0.269 -99.000    10.2     9.3     7.8     6.4     5.9
04127 20240404  2.622 -116.75   43.20     7.8     0.1     4.0     4.0    18.3     3.36 C    11.2    -0.1     4.1    91.7    70.4    83.5   0.246   0.264   0.339   0.270 -99.000     7.5     8.3     7.9     6.9     6.4
04127 20240405  2.622 -116.75   43.20     3.3    -0.5     1.4     0.7     9.1     8.08 C     5.6    -0.6     1.3    93.9    71.5    86.1   0.302   0.326   0.387   0.280 -99.000     4.6     5.5     6.4     6.5     6.3
04127 20240406  2.622 -116.75   43.20     7.0    -0.9     3.0     2.0     0.0    13.95 C    12.0    -2.2     2.2    85.5    46.3    66.8   0.302   0.333   0.422   0.361 -99.000     4.5     4.9     5.6     5.9     6.0
04127 20240407  2.622 -116.75   43.20     9.8     0.3     5.0     4.1     0.0    23.28 C    16.8    -1.0     5.5    76.3    42.6    62.1   0.291   0.323   0.411   0.324 -99.000     6.2     5.8     5.6     5.7     5.9
04127 20240408  2.622 -116.75   43.20    10.7    -2.9     3.9     4.1     0.0    22.88 C    17.9    -3.8     5.2    83.0    38.2    60.5   0.283   0.314   0.402   0.288 -99.000     6.6     6.3     6.0     5.9     5.9
04127 20240409  2.622 -116.75   43.20    16.9     2.1     9.5     9.5     0.0    18.27 C    24.1     0.4     9.4    81.1    29.6    51.9   0.277   0.305   0.396   0.278 -99.000     7.7     7.2     6.5     6.1     6.0
04127 20240410  2.622 -116.75   43.20    15.2    -0.6     7.3     7.6     0.0    24.29 C    22.5    -1.9     8.5    81.9    35.4    58.4   0.272   0.300   0.384   0.274 -99.000     8.9     8.0     7.1     6.4     6.2
04127 20240411  2.622 -116.75   43.20    21.7    -1.1    10.3    11.1     0.0    22.13 C    26.9    -2.6    11.3    79.5    28.1    51.0   0.264   0.292   0.380   0.275 -99.000     9.8     8.9     7.7     6.8     6.4
04127 20240412  2.622 -116.75   43.20    23.2     7.1    15.2    15.6     0.2    20.45 C    29.9     5.1    15.3    72.6    21.1    38.1   0.256   0.283   0.373   0.273 -99.000    11.4    10.3     8.8     7.3     6.8
04127 20240413  2.622 -116.75   43.20    21.7     3.6    12.7    13.3     0.0    23.96 C    26.1     1.7    13.7    82.5    29.6    55.7   0.249   0.276   0.368   0.274 -99.000    12.2    11.0     9.5     7.9     7.1
04127 20240414  2.622 -116.75   43.20    18.9     4.4    11.6    11.5     0.0    20.16 C    26.3     1.5    11.5    58.4    19.7    38.9   0.239   0.268   0.363   0.274 -99.000    11.0    10.8     9.8     8.3     7.4
04127 20240415  2.622 -116.75   43.20    17.8     0.6     9.2     8.8     0.0    12.73 C    23.0    -1.0     8.1    69.4    28.1    51.7   0.227   0.260   0.358   0.274 -99.000     9.0     9.2     9.2     8.3     7.6
04127 20240416  2.622 -116.75   43.20    14.5     0.8     7.7     7.7     0.0    15.39 C    22.1    -1.6     8.0    69.7    18.7    45.3   0.220   0.254   0.351   0.274 -99.000     8.9     8.8     8.7     8.1     7.5
04127 20240417  2.622 -116.75   43.20     9.4    -3.3     3.1     3.6     0.0    25.46 C    15.6    -4.0     4.8    58.6    21.8    37.5   0.212   0.250   0.349   0.274 -99.000     8.9     8.8     8.6     8.0     7.6
04127 20240418  2.622 -116.75   43.20    11.9    -7.0     2.4     3.6     0.0    25.89 C    18.7    -8.4     4.5    71.1    21.9    41.4   0.203   0.246   0.346   0.273 -99.000     8.1     7.9     8.2     7.7     7.5
04127 20240419  2.622 -116.75   43.20    14.0    -4.5     4.8     5.5     0.0    25.98 C    21.5    -7.1     6.6    65.1    19.0    39.9   0.197   0.240   0.341   0.272 -99.000     9.0     8.3     8.1     7.5     7.4
04127 20240420  2.622 -116.75   43.20    19.1    -2.2     8.4     9.3     0.0    25.56 C    25.3    -3.9    10.3    69.2    22.2    41.6   0.192   0.236   0.338   0.273 -99.000    10.5     9.5     8.6     7.6     7.4
04127 20240421  2.622 -116.75   43.20    16.5     1.1     8.8    10.3     0.0    21.31 C    23.6     0.3    10.7    63.0    27.9    43.9   0.185   0.232   0.336   0.273 -99.000    11.6    10.7     9.4     8.0     7.6
04127 20240422  2.622 -116.75   43.20    15.1    -3.1     6.0     6.7     0.0    25.28 C    22.4    -3.7     8.6    70.6    26.2    44.5   0.178   0.228   0.335   0.274 -99.000    11.3    10.5     9.6     8.4     7.8
04127 20240423  2.622 -116.75   43.20    19.7    -2.3     8.7     9.8     0.0    24.72 C    27.0    -4.5    10.9    66.0    22.7    41.3   0.174   0.226   0.331   0.273 -99.000    12.0    11.0     9.8     8.6     8.0
04127 20240424  2.622 -116.75   43.20    18.7     3.9    11.3    12.0     0.0    20.06 C    27.2     2.5    12.8    70.9    33.1    49.9   0.170   0.221   0.329   0.274 -99.000    13.4    12.3    10.6     9.0     8.2
04127 20240425  2.622 -116.75   43.20    19.1     1.6    10.3    11.0     0.0    18.35 C    28.8     0.5    12.2    76.9    24.9    50.0   0.164   0.213   0.325   0.273 -99.000    12.7    12.1    10.9     9.4     8.5
04127 20240426  2.622 -116.75   43.20    15.9     4.0     9.9     9.5     0.0    17.05 C    23.1     1.5    10.2    78.6    34.6    56.0   0.160   0.208   0.321   0.272 -99.000    12.2    11.9    10.9     9.6     8.7
04127 20240427  2.622 -116.75   43.20    17.1     4.0    10.5    10.5     0.0    25.66 C    26.1     2.1    12.3    71.7    24.6    46.2   0.158   0.204   0.318   0.274 -99.000    12.9    11.9    10.8     9.6     8.8
04127 20240428  2.622 -116.75   43.20    17.1     2.0     9.6     9.6     0.0    20.60 C    25.2     0.1    10.8    70.8    20.8    45.8   0.154   0.200   0.314   0.273 -99.000    12.7    12.2    11.2     9.9     9.0
04127 20240429  2.622 -116.75   43.20    12.7    -2.1     5.3     7.0     0.0    19.10 C    22.6    -4.0     7.9    79.0    20.1    47.0   0.149   0.197   0.310   0.273 -99.000    11.5    11.5    11.0     9.9     9.2
04127 20240430  2.622 -116.75   43.20    12.8    -5.1     3.8     3.6     0.0    20.57 C    20.3    -7.8     5.1    75.4    16.9    45.8   0.145   0.192   0.305   0.273 -99.000    10.2    10.3    10.2     9.7     9.1
04127 20240501  2.622 -116.75   43.20    11.7    -2.6     4.5     4.7     0.0    21.83 C    20.5    -3.5     6.2    73.3    17.9    43.7   0.144   0.191   0.304   0.276 -99.000    10.5    10.2    10.0     9.5     9.0
04127 20240502  2.622 -116.75   43.20     9.7    -2.1     3.8     4.4     0.7    10.82 C    15.7    -3.0     5.2    85.7    39.3    61.0   0.141   0.189   0.300   0.275 -99.000     9.2     9.6     9.7     9.3     9.0
04127 20240503  2.622 -116.75   43.20    16.0    -0.1     8.0     9.7     0.0    24.78 C    25.8    -1.2    11.6    79.4    24.9    44.5   0.142   0.185   0.296   0.271 -99.000    11.9    10.6     9.7     9.2     8.9
04127 20240504  2.622 -116.75   43.20    16.0     2.9     9.5     9.4     4.2     9.72 C    17.9     1.9     9.4    82.2    30.2    51.8   0.140   0.182   0.293   0.272 -99.000    10.7    10.9    10.3     9.5     9.0
04127 20240505  2.622 -116.75   43.20    10.7     2.1     6.4     5.6     1.1    25.17 C    18.3     0.9     7.3    83.1    45.3    66.1   0.138   0.180   0.289   0.272 -99.000    10.2    10.1     9.9     9.4     9.0
04127 20240506  2.622 -116.75   43.20    14.1     2.5     8.3     6.8     2.0    21.07 C    20.7     2.0     8.0    83.6    31.4    59.8   0.138   0.180   0.288   0.272 -99.000     9.8     9.8     9.8     9.4     9.0
04127 20240507  2.622 -116.75   43.20     9.5     1.0     5.2     4.6     0.0    18.11 C    14.6    -0.9     5.1    78.1    31.6    54.0   0.137   0.178   0.284   0.274 -99.000     9.0     9.3     9.5     9.3     9.0
04127 20240508  2.622 -116.75   43.20    12.8    -0.4     6.2     6.6     0.0    22.33 C    18.3    -2.4     7.1    66.9    31.7    47.7   0.137   0.177   0.281   0.273 -99.000     9.6     9.1     9.0     9.0     8.9
04127 20240509  2.622 -116.75   43.20    20.3    -0.8     9.7    11.5     0.0    28.50 C    28.7    -1.7    13.5    79.8    22.3    45.5   0.140   0.177   0.279   0.271 -99.000    13.2    11.3     9.7     9.1     8.8
04127 20240510  2.622 -116.75   43.20    21.6     5.8    13.7    14.4     0.0    28.30 C    30.5     2.7    15.7    68.5    21.3    40.0   0.141   0.177   0.278   0.270 -99.000    15.6    13.8    11.3     9.7     9.1
04127 20240511  2.622 -116.75   43.20    25.8     4.2    15.0    15.6     0.0    27.89 C    35.0     0.6    16.9    68.3    13.9    40.1   0.140   0.175   0.276   0.270 -99.000    16.5    14.8    12.3    10.5     9.6
04127 20240512  2.622 -116.75   43.20    26.6     6.5    16.5    17.7     0.0    25.21 C    35.5     4.9    18.7    74.0    20.7    41.0   0.138   0.174   0.274   0.270 -99.000    17.6    15.9    13.2    11.1    10.0
04127 20240513  2.622 -116.75   43.20    24.6     9.2    16.9    17.2     0.7    20.42 C    28.4     7.9    17.2    67.1    12.8    39.3   0.134   0.173   0.270   0.271 -99.000    16.7    15.8    13.7    11.7    10.5
04127 20240514  2.622 -116.75   43.20    22.6     6.6    14.6    15.1     0.0    29.03 C    31.1     4.3    16.5    69.9    18.9    40.4   0.132   0.171   0.265   0.271 -99.000    17.5    15.8    13.6    11.9    10.6
04127 20240515  2.622 -116.75   43.20    23.1     3.8    13.4    15.2     0.0    27.69 C    30.1     2.9    16.4    73.7    17.4    39.1   0.130   0.170   0.261   0.270 -99.000    17.8    16.3    14.1    12.2    10.9
04127 20240516  2.622 -116.75   43.20    28.5     6.0    17.3    18.4     0.0    28.66 C    36.7     3.4    19.6    71.3    16.0    35.6   0.128   0.169   0.258   0.270 -99.000    18.7    16.9    14.5    12.6    11.2
04127 20240517  2.622 -116.75   43.20    20.5     1.8    11.1    13.0     0.0    23.12 C    28.0     0.7    13.4    58.5     7.9    31.9   0.123   0.167   0.255   0.270 -99.000    17.2    16.5    14.8    12.9    11.5
04127 20240518  2.622 -116.75   43.20    23.1    -1.4    10.8    12.2     0.0    25.98 C    32.3    -3.2    14.0    62.9    12.6    29.2   0.120   0.165   0.252   0.270 -99.000    16.6    15.6    14.1    12.8    11.5
04127 20240519  2.622 -116.75   43.20    16.3     0.6     8.4     9.4     0.0    28.20 C    25.8    -2.1    11.7    61.8    17.8    36.7   0.117   0.165   0.250   0.270 -99.000    16.8    15.8    14.3    12.9    11.6
04127 20240520  2.622 -116.75   43.20    16.0     1.2     8.6     9.2     0.0    27.34 C    23.4    -0.5    10.7    65.8    16.6    38.9   0.114   0.164   0.248   0.272 -99.000    16.2    15.3    14.0    12.8    11.6
04127 20240521  2.622 -116.75   43.20    19.7     0.0     9.9    11.2     0.0    27.48 C    29.1    -1.8    13.7    73.6    14.4    36.6   0.112   0.163   0.246   0.271 -99.000    16.1    15.0    13.8    12.7    11.7
04127 20240522  2.622 -116.75   43.20    16.1     0.7     8.4     9.3     9.5    20.95 C    19.7     0.1     9.8    86.0    25.5    58.8   0.119   0.162   0.245   0.271 -99.000    14.4    14.8    14.0    12.8    11.8
04127 20240523  2.622 -116.75   43.20    14.5     2.8     8.7     7.9     0.0    20.51 C    20.7     0.7     9.1    78.4    35.6    55.5   0.123   0.160   0.242   0.271 -99.000    12.8    12.8    12.8    12.4    11.6
04127 20240524  2.622 -116.75   43.20    20.4    -0.8     9.8    11.1     0.0    24.67 C    29.5    -1.7    12.8    86.0    24.7    52.7   0.126   0.161   0.241   0.269 -99.000    14.6    13.7    12.7    12.1    11.5
04127 20240525  2.622 -116.75   43.20    19.5     4.0    11.8    11.8     0.2    20.52 C    26.6     3.1    12.7    89.0    21.4    52.7   0.127   0.162   0.242   0.270 -99.000    15.1    14.7    13.4    12.4    11.6
04127 20240526  2.622 -116.75   43.20    20.0     0.6    10.3    11.4     0.0    29.45 C    29.3    -0.9    13.6    73.7    24.1    46.8   0.129   0.162   0.242   0.269 -99.000    16.4    15.1    13.5    12.4    11.7
04127 20240527  2.622 -116.75   43.20    25.7     3.9    14.8    15.9     0.0    29.94 C    32.8     1.3    17.1    75.6    16.4    39.8   0.130   0.164   0.242   0.269 -99.000    18.1    16.5    14.2    12.7    11.8
04127 20240528  2.622 -116.75   43.20    30.3     8.6    19.4    19.5     0.0    23.52 C    38.6     7.3    20.6    67.6    15.4    35.4   0.131   0.165   0.244   0.272 -99.000    19.1    17.7    15.1    13.2    12.1
04127 20240529  2.622 -116.75   43.20    19.2     4.5    11.9    12.4     0.0    28.61 C    27.3     3.4    14.1    80.2    19.1    43.8   0.128   0.164   0.244   0.273 -99.000    18.7    17.8    15.6    13.7    12.3
04127 20240530  2.622 -116.75   43.20    17.3     1.4     9.4    10.6     0.0    30.26 C    26.4     0.5    12.7    75.4    21.0    40.6   0.125   0.163   0.243   0.273 -99.000    18.2    17.2    15.3    13.9    12.6
04127 20240531  2.622 -116.75   43.20    21.2     1.6    11.4    12.5     0.0    30.08 C    30.0    -0.3    14.7    66.6    21.5    38.1   0.122   0.163   0.242   0.275 -99.000    18.7    17.3    15.3    13.9    12.7
04127 20240601  2.622 -116.75   43.20    25.6     3.8    14.7    16.2     0.0    23.46 C    36.9     1.2    17.5    61.0    14.6    32.4   0.119   0.162   0.242   0.275 -99.000    18.9    17.6    15.6    14.0    12.8
04127 20240602  2.622 -116.75   43.20    24.7     8.4    16.5    16.9     0.8    17.26 C    33.9     7.5    18.3    87.0    22.8    45.1   0.115   0.162   0.242   0.276 -99.000    18.8    17.8    16.0    14.3    13.0
04127 20240603  2.622 -116.75   43.20    22.6    13.1    17.8    16.9     1.4    14.18 C    25.1    11.5    16.5    87.6    25.1    53.8   0.110   0.161   0.242   0.283 -99.000    17.2    17.0    15.9    14.5    13.1
04127 20240604  2.622 -116.75   43.20    26.9    10.3    18.6    18.3     0.0    26.65 C    34.8     9.2    20.1    69.1    26.1    40.4   0.111   0.160   0.240   0.281 -99.000    19.1    17.4    15.6    14.3    13.2
04127 20240605  2.622 -116.75   43.20    25.7     9.4    17.5    18.4     0.0    30.08 C    33.5     8.1    20.2    81.6    26.2    48.2   0.112   0.162   0.242   0.283 -99.000    21.5    19.2    16.6    14.7    13.3
04127 20240606  2.622 -116.75   43.20    26.8     9.0    17.9    18.5     0.3    13.44 C    31.4     7.2    18.6    68.6    24.9    47.4   0.108   0.161   0.243   0.285 -99.000    19.1    18.6    16.9    15.1    13.6
04127 20240607  2.622 -116.75   43.20    30.8    10.2    20.5    22.3     0.0    30.06 C    39.3     8.7    24.2    79.2    19.7    40.7   0.109   0.161   0.242   0.285 -99.000    22.2    19.4    16.9    15.2    13.8
04127 20240608  2.622 -116.75   43.20    30.8    14.1    22.5    23.7     0.0    25.49 C    39.5    12.5    25.4    61.2    20.2    33.2   0.107   0.163   0.244   0.286 -99.000    24.1    21.6    18.3    15.8    14.0
04127 20240609  2.622 -116.75   43.20    27.5    12.8    20.1    19.5     0.7    18.15 C    33.9    10.9    20.4    78.9    30.4    51.6   0.102   0.161   0.244   0.289 -99.000    22.2    21.0    18.6    16.4    14.5
04127 20240610  2.622 -116.75   43.20    27.6     9.1    18.4    19.1     0.0    27.46 C    37.8     8.0    21.0    84.3    22.5    48.6   0.101   0.160   0.243   0.292 -99.000    22.2    20.3    18.2    16.4    14.7
04127 20240611  2.622 -116.75   43.20    32.8     9.2    21.0    21.6     0.0    30.40 C    41.5     6.6    23.5    71.9    12.0    36.3   0.100   0.161   0.243   0.302 -99.000    23.4    21.0    18.6    16.5    14.7
04127 20240612  2.622 -116.75   43.20    26.6     7.7    17.2    18.9     0.0    30.89 C    35.0     6.8    21.3    71.7    16.7    33.4   0.099   0.161   0.243   0.299 -99.000    24.0    21.7    19.1    16.9    15.0
04127 20240613  2.622 -116.75   43.20    31.1     7.8    19.4    20.7     0.0    30.47 C    39.1     5.3    22.5    52.4    12.1    26.6   0.097   0.161   0.243   0.311 -99.000    24.0    21.7    19.2    17.0    15.2
04127 20240614  2.622 -116.75   43.20    28.2    13.4    20.8    22.1     0.0    28.43 C    39.0    12.3    23.6    51.3    13.3    23.5   0.096   0.161   0.243   0.311 -99.000    24.8    22.4    19.7    17.4    15.5
04127 20240615  2.622 -116.75   43.20    19.8     4.7    12.2    14.6     0.0    23.42 C    28.0     2.6    15.9    62.3    11.9    31.0   0.096   0.159   0.243   0.306 -99.000    22.3    21.4    19.5    17.6    15.7
04127 20240616  2.622 -116.75   43.20    18.8     2.4    10.6    11.4     0.0    26.32 C    30.2     0.9    14.3    64.3    23.2    37.1   0.095   0.158   0.240   0.306 -99.000    20.4    19.6    18.5    17.3    15.7
04127 20240617  2.622 -116.75   43.20    15.2     3.9     9.6     7.9     0.6    18.82 C    21.4     3.3     9.4    83.9    25.2    60.1   0.092   0.157   0.240   0.327 -99.000    17.8    18.3    18.0    17.0    15.6
04127 20240618  2.622 -116.75   43.20    19.2    -0.4     9.4    10.7     0.0    27.09 C    29.8    -2.0    12.8    85.3    21.1    47.2   0.092   0.156   0.237   0.316 -99.000    18.1    17.1    16.8    16.4    15.3
04127 20240619  2.622 -116.75   43.20    25.4     1.3    13.4    15.1     0.0    30.56 C    35.0    -0.5    16.8    68.5     9.7    30.6   0.093   0.157   0.238   0.305 -99.000    19.9    18.2    17.0    16.2    15.1
04127 20240620  2.622 -116.75   43.20    28.7     4.6    16.7    18.8     0.0    27.83 C    37.8     1.8    20.2    51.8     7.2    21.9   0.093   0.158   0.238   0.308 -99.000    21.1    19.3    17.6    16.3    15.2
04127 20240621  2.622 -116.75   43.20    30.5     8.6    19.6    21.0     0.0    30.19 C    39.5     4.5    22.4    42.2     9.1    22.5   0.094   0.159   0.239   0.313 -99.000    23.1    20.6    18.3    16.7    15.4
04127 20240622  2.622 -116.75   43.20    36.3     9.4    22.9    23.7     0.0    29.66 C    44.7     7.2    25.4    53.4     6.3    24.7   0.093   0.160   0.241   0.314 -99.000    24.5    21.8    19.2    17.2    15.6
04127 20240623  2.622 -116.75   43.20    35.9    15.5    25.7    26.8     0.0    29.50 C    44.9    13.9    28.2    55.3     6.9    23.5   0.093   0.161   0.242   0.310 -99.000    26.0    23.1    20.1    17.7    16.0
04127 20240624  2.622 -116.75   43.20    30.8    11.1    20.9    22.7     0.0    29.34 C    39.7     9.5    24.3    56.3    14.3    30.5   0.092   0.160   0.243   0.325 -99.000    25.9    23.4    20.6    18.3    16.4
04127 20240625  2.622 -116.75   43.20    34.3    11.8    23.0    23.7     0.0    28.00 C    42.0     9.6    25.5    55.3     8.4    27.3   0.091   0.160   0.243   0.332 -99.000    25.9    23.5    20.8    18.6    16.6
04127 20240626  2.622 -116.75   43.20    34.8    15.4    25.1    25.9     1.2    20.04 C    43.0    13.1    26.3    67.4    15.6    31.8   0.090   0.160   0.244   0.344 -99.000    25.6    23.8    21.2    18.9    16.8
04127 20240627  2.622 -116.75   43.20    25.6     9.7    17.7    18.2     0.0    30.44 C    34.5     7.8    19.8    59.9    10.6    32.3   0.088   0.158   0.243   0.333 -99.000    23.8    22.5    20.8    19.0    17.1
04127 20240628  2.622 -116.75   43.20    24.4     7.0    15.7    17.0     0.0    29.22 C    34.4     5.8    19.2    69.2    18.3    36.4   0.088   0.157   0.242   0.330 -99.000    23.8    22.2    20.4    18.9    17.1
04127 20240629  2.622 -116.75   43.20    31.6     7.9    19.7    21.4     0.0    29.98 C    39.3     5.1    22.9    54.3    11.3    26.3   0.088   0.157   0.242   0.325 -99.000    24.4    22.3    20.4    18.8    17.1
04127 20240630  2.622 -116.75   43.20    28.4    12.3    20.4    21.2     0.0    21.82 C    36.7    11.0    22.4    59.9    20.8    37.1   0.088   0.157   0.242   0.321 -99.000    24.7    23.0    20.7    19.0    17.3
04127 20240701  2.622 -116.75   43.20    26.8     8.2    17.5    18.6     0.4    22.77 C    37.8     7.2    19.1    73.5    21.2    41.0   0.086   0.156   0.242   0.357 -99.000    22.9    22.0    20.5    19.0    17.4
04127 20240702  2.622 -116.75   43.20 -9999.0 -9999.0 -9999.0 -9999.0 -9999.0 -9999.00 U -9999.0 -9999.0 -9999.0 -9999.0 -9999.0 -9999.0 -99.000 -99.000 -99.000 -99.000 -99.000 -9999.0 -9999.0 -9999.0 -9999.0 -9999.0
