54902 20240101  2.622  -93.29   41.56     0.2    -5.2    -2.5    -3.5     0.0     4.89 C     4.4    -6.6    -3.0    85.1    60.0    76.4   0.298   0.288   0.246   0.212   0.359     3.0     3.2     4.6     6.3     7.2
54902 20240102  2.622  -93.29   41.56     1.8    -5.8    -2.0    -2.5     0.0     3.06 C     2.6    -6.7    -2.5    93.0    77.5    88.6   0.296   0.286   0.245   0.212   0.358     2.5     2.8     4.2     6.0     7.0
54902 20240103  2.622  -93.29   41.56     3.8    -4.5    -0.4    -0.4     0.0     6.26 C     8.6    -7.2    -0.5    93.0    61.2    78.3   0.294   0.284   0.248   0.211   0.358     2.6     2.7     3.9     5.7     6.8
54902 20240104  2.622  -93.29   41.56     2.3    -6.4    -2.0    -1.3     0.0     5.74 C     7.3    -7.1    -1.5    85.0    55.1    68.7   0.293   0.283   0.245   0.211   0.358     2.8     2.8     3.9     5.5     6.6
54902 20240105  2.622  -93.29   41.56     1.8    -5.7    -1.9    -1.6     0.3     3.04 C     2.8    -6.7    -1.7    92.0    67.1    82.2   0.291   0.282   0.243   0.210   0.357     2.3     2.5     3.8     5.4     6.5
54902 20240106  2.622  -93.29   41.56     0.7    -2.8    -1.1    -1.1     0.3     1.75 C     2.8    -3.6    -0.8    97.4    86.7    93.0   0.290   0.281   0.245   0.211   0.357     2.5     2.5     3.6     5.2     6.4
54902 20240107  2.622  -93.29   41.56    -0.9    -6.5    -3.7    -3.9     0.0     3.70 C     0.8    -7.0    -3.4    92.0    67.4    81.1   0.290   0.280   0.243   0.210   0.357     2.4     2.5     3.6     5.2     6.3
54902 20240108  2.622  -93.29   41.56     1.4    -3.8    -1.2    -0.9     9.4     1.63 C     1.5    -3.9    -1.1    96.8    85.1    90.6   0.288   0.278   0.239   0.210   0.357     1.9     2.2     3.4     5.1     6.2
54902 20240109  2.622  -93.29   41.56    -0.1    -6.6    -3.4    -2.0    11.6     3.37 C    -0.3    -6.8    -2.2    97.7    88.2    93.9   0.288   0.278   0.240   0.210   0.357     2.1     2.2     3.3     4.9     6.1
54902 20240110  2.622  -93.29   41.56    -2.3    -8.0    -5.2    -5.1     1.6     7.47 C    -2.2    -8.2    -5.6    93.7    75.2    87.7   0.287   0.277   0.235   0.210   0.356     1.8     2.3     3.3     4.8     5.9
54902 20240111  2.622  -93.29   41.56    -4.0    -9.9    -6.9    -6.2     0.5     4.19 C    -3.9   -12.6    -6.9    93.4    80.1    86.5   0.286   0.276   0.234   0.210   0.356     1.8     2.3     3.4     4.8     5.8
54902 20240112  2.622  -93.29   41.56    -6.8   -15.1   -10.9    -9.9    12.9     4.43 C    -6.7   -15.6    -9.7    91.2    87.6    89.8   0.286   0.276   0.233   0.210   0.355     1.9     2.3     3.4     4.7     5.7
54902 20240113  2.622  -93.29   41.56   -14.1   -26.1   -20.1   -18.7     0.0     5.81 C   -14.1   -27.3   -18.9    87.7    75.9    80.6   0.285   0.275   0.233   0.210   0.356     1.7     2.1     3.2     4.6     5.7
54902 20240114  2.622  -93.29   41.56   -22.2   -27.8   -25.0   -25.4     0.0     9.48 C   -21.2   -30.0   -26.7    77.2    61.9    69.5 -99.000   0.274   0.233   0.210   0.355     0.4     1.6     3.0     4.5     5.7
54902 20240115  2.622  -93.29   41.56   -17.7   -27.5   -22.6   -22.1     0.0     6.68 C   -17.1   -29.1   -23.3    75.2    66.8    71.1 -99.000   0.272   0.231   0.209   0.355    -0.3     1.3     2.8     4.4     5.6
54902 20240116  2.622  -93.29   41.56   -14.4   -24.1   -19.2   -19.4     0.0     9.86 C   -15.1   -26.7   -21.6    74.1    52.2    64.6 -99.000   0.270   0.230   0.208   0.355    -1.0     1.1     2.6     4.2     5.4
54902 20240117  2.622  -93.29   41.56    -5.6   -18.2   -11.9   -10.9     0.0     8.13 C    -3.7   -21.2   -12.0    80.3    54.6    65.7 -99.000   0.269   0.230   0.208   0.354    -0.9     0.9     2.4     4.1     5.3
54902 20240118  2.622  -93.29   41.56    -7.0   -14.8   -10.9    -9.4     2.7     4.97 C    -6.0   -15.7    -9.3    88.4    60.5    81.7 -99.000   0.270   0.229   0.207   0.353    -0.6     0.8     2.3     3.9     5.2
54902 20240119  2.622  -93.29   41.56   -14.8   -20.6   -17.7   -17.9     0.0     9.79 C   -15.4   -25.0   -20.7    81.6    63.2    72.5 -99.000   0.282   0.228   0.207   0.353    -0.6     0.8     2.1     3.8     5.1
54902 20240120  2.622  -93.29   41.56   -14.8   -25.3   -20.1   -20.1     0.0    10.21 C   -15.0   -31.5   -24.5    81.4    57.6    72.1 -99.000   0.266   0.228   0.207   0.352    -0.5     0.8     2.1     3.7     4.9
54902 20240121  2.622  -93.29   41.56    -2.4   -19.5   -11.0   -10.7     0.0     7.85 C    -4.4   -23.3   -12.5    76.8    58.3    67.9 -99.000   0.288   0.228   0.206   0.352    -0.5     0.8     2.0     3.6     4.8
54902 20240122  2.622  -93.29   41.56     1.0    -2.6    -0.8    -0.5     0.0     5.21 C     0.0    -6.1    -1.7    96.0    60.7    79.1 -99.000   0.268   0.228   0.206   0.352    -0.4     0.8     2.0     3.5     4.7
54902 20240123  2.622  -93.29   41.56     1.0    -0.2     0.4     0.3     2.8     4.17 C     0.4    -0.1     0.0    99.6    94.4    97.0 -99.000   0.267   0.232   0.205   0.352    -0.2     0.9     2.0     3.4     4.7
54902 20240124  2.622  -93.29   41.56     1.6    -0.2     0.7     0.4     0.0     4.43 C     1.1    -0.1     0.1    98.7    96.3    97.7 -99.000   0.273   0.250   0.205   0.351    -0.2     0.9     2.0     3.4     4.6
54902 20240125  2.622  -93.29   41.56     1.7     0.2     1.0     0.9    11.7     2.65 C     0.6     0.0     0.2    99.5    98.2    99.0 -99.000   0.347   0.311   0.262   0.370    -0.1     0.8     1.7     2.8     3.9
54902 20240126  2.622  -93.29   41.56     2.5     0.6     1.6     1.3     0.0     3.85 C     0.9     0.1     0.3    99.4    98.0    98.9 -99.000   0.374   0.381   0.325   0.382    -0.1     0.7     1.4     2.5     3.4
54902 20240127  2.622  -93.29   41.56     1.8    -0.7     0.6     0.6     0.0     3.87 C     0.9    -0.5     0.1    98.6    93.1    96.3 -99.000   0.374   0.374   0.320   0.383     0.0     0.9     1.6     2.7     3.8
54902 20240128  2.622  -93.29   41.56     3.4    -3.3     0.0     0.2     0.0     6.02 C     4.5    -5.7    -0.6    97.0    78.4    91.5 -99.000   0.347   0.366   0.377   0.383     0.0     1.0     1.8     2.8     3.9
54902 20240129  2.622  -93.29   41.56     9.5    -4.4     2.5     2.7     0.0    10.57 C    10.3    -6.3     1.1    97.5    61.5    84.4 -99.000   0.330   0.367   0.410   0.385     0.1     1.0     1.9     2.9     4.0
54902 20240130  2.622  -93.29   41.56     5.3     1.2     3.2     2.5     0.0     3.81 C     7.4    -0.7     1.8    89.6    74.6    84.8 -99.000   0.328   0.364   0.415   0.401     0.2     1.2     1.9     3.0     4.0
54902 20240131  2.622  -93.29   41.56    13.4    -2.8     5.3     4.5     0.0    10.79 C    14.2    -3.8     3.0    96.8    53.1    80.1 -99.000   0.324   0.360   0.415   0.416     0.3     1.5     2.2     3.1     4.0
54902 20240201  2.622  -93.29   41.56    11.9    -0.9     5.5     5.4     0.0     6.97 C    15.7    -2.6     3.2    96.8    64.4    85.7   0.322   0.322   0.358   0.414   0.424     1.2     2.1     2.5     3.3     4.1
54902 20240202  2.622  -93.29   41.56     2.7     0.5     1.6     1.6     0.0     2.43 C     3.3    -1.0     1.3    98.1    90.0    93.5   0.317   0.318   0.355   0.412   0.429     1.9     2.4     2.8     3.5     4.2
54902 20240203  2.622  -93.29   41.56     7.3    -0.3     3.5     2.0     0.0     4.88 C    10.0    -1.6     2.1    94.9    76.6    89.8   0.313   0.315   0.352   0.410   0.432     2.1     2.4     2.9     3.7     4.3
54902 20240204  2.622  -93.29   41.56     8.6    -3.4     2.6     1.8     0.0     9.50 C    12.1    -4.5     0.9    96.9    53.5    81.3   0.311   0.313   0.349   0.408   0.433     2.4     2.5     3.0     3.8     4.4
54902 20240205  2.622  -93.29   41.56    13.4    -2.8     5.3     4.0     0.0    10.67 C    17.7    -5.6     1.7    86.0    28.2    64.1   0.308   0.311   0.348   0.408   0.435     2.3     2.5     3.0     3.9     4.5
54902 20240206  2.622  -93.29   41.56    15.4    -5.6     4.9     5.2     0.0    10.31 C    18.8    -6.5     3.0    88.7    26.3    58.9   0.306   0.309   0.347   0.407   0.436     2.5     2.6     3.1     3.9     4.5
54902 20240207  2.622  -93.29   41.56    15.8     3.3     9.5     8.7     0.0     5.55 C    18.6     1.3     6.9    66.9    38.4    52.8   0.306   0.309   0.346   0.405   0.436     3.3     3.2     3.5     4.0     4.6
54902 20240208  2.622  -93.29   41.56    18.0     2.6    10.3    10.4     0.0     9.07 C    20.0     0.5     8.8    85.1    40.3    57.2   0.306   0.310   0.347   0.404   0.436     4.5     4.2     4.0     4.2     4.7
54902 20240209  2.622  -93.29   41.56     8.5    -1.0     3.8     3.4     0.0    11.25 C    14.9    -3.0     3.3    86.2    49.3    71.0   0.303   0.309   0.347   0.405   0.435     4.4     4.3     4.4     4.6     4.9
54902 20240210  2.622  -93.29   41.56     6.2    -4.5     0.9     0.3     0.0    10.99 C    11.7    -7.6     0.2    90.6    48.3    73.5   0.301   0.307   0.345   0.405   0.435     3.9     4.0     4.4     4.8     5.1
54902 20240211  2.622  -93.29   41.56     4.1    -6.6    -1.2    -1.1     0.0     6.67 C     9.6    -8.4    -1.7    91.9    55.5    75.8   0.298   0.306   0.344   0.405   0.436     3.1     3.4     4.1     4.8     5.2
54902 20240212  2.622  -93.29   41.56     9.7    -7.2     1.3     0.5     0.0    12.53 C    15.2    -8.7    -0.7    91.3    35.4    67.2   0.297   0.304   0.342   0.403   0.436     2.7     2.9     3.7     4.7     5.2
54902 20240213  2.622  -93.29   41.56     9.3    -2.7     3.3     2.8     0.0    11.29 C    17.5    -6.7     3.2    83.5    41.1    63.0   0.297   0.304   0.342   0.401   0.435     3.1     3.0     3.7     4.5     5.1
54902 20240214  2.622  -93.29   41.56    14.2    -6.1     4.1     4.9     2.1    11.53 C    20.1    -7.4     4.1    88.9    36.8    65.9   0.297   0.303   0.341   0.400   0.436     3.3     3.3     3.8     4.5     5.1
54902 20240215  2.622  -93.29   41.56     5.2    -4.1     0.6     0.3     0.4    12.60 C    11.0    -4.9     1.3    90.7    33.7    66.0   0.299   0.303   0.341   0.401   0.435     3.7     3.6     4.0     4.6     5.1
54902 20240216  2.622  -93.29   41.56    -2.8   -12.6    -7.7    -5.4     6.1    10.04 C    -2.4   -15.5    -6.0    93.2    62.1    80.2   0.299   0.302   0.341   0.400   0.435     3.1     3.3     3.9     4.7     5.1
54902 20240217  2.622  -93.29   41.56    -1.1   -16.0    -8.5    -7.9     0.0    14.09 C    -3.0   -18.4   -10.0    79.9    50.3    65.4   0.296   0.300   0.340   0.399   0.435     1.9     2.5     3.6     4.6     5.1
54902 20240218  2.622  -93.29   41.56     5.0    -5.6    -0.3    -0.7     0.0    14.28 C     7.3    -8.9    -3.1    79.4    49.4    63.9   0.298   0.299   0.338   0.397   0.434     1.3     1.9     3.1     4.3     5.1
54902 20240219  2.622  -93.29   41.56    13.6    -7.1     3.2     3.0     0.0    14.10 C    17.2    -9.2     1.3    91.5    29.2    64.3   0.307   0.300   0.337   0.396   0.434     1.4     1.9     2.9     4.1     4.9
54902 20240220  2.622  -93.29   41.56    17.3    -1.4     7.9     7.4     0.0    14.02 C    21.6    -3.7     5.9    82.5    21.3    50.8   0.310   0.302   0.339   0.396   0.433     2.4     2.6     3.1     4.0     4.8
54902 20240221  2.622  -93.29   41.56    16.7     5.1    10.9     9.7     0.0     8.18 C    22.4     2.7     8.7    68.3    31.9    50.1   0.314   0.304   0.340   0.396   0.432     4.0     3.7     3.8     4.1     4.8
54902 20240222  2.622  -93.29   41.56    18.2     0.5     9.3     9.6     0.0    12.35 C    22.1    -3.1     8.9    73.7    27.8    47.5   0.314   0.306   0.342   0.396   0.433     5.0     4.6     4.4     4.5     4.9
54902 20240223  2.622  -93.29   41.56    13.2    -1.4     5.9     4.6     0.0    13.00 C    16.8    -3.1     4.2    88.5    32.6    63.9   0.310   0.306   0.343   0.397   0.434     4.9     4.8     4.8     4.9     5.1
54902 20240224  2.622  -93.29   41.56    10.2    -6.9     1.6     2.2     0.0    14.46 C    15.9    -9.4     2.2    81.3    33.7    58.5   0.307   0.305   0.343   0.398   0.434     4.4     4.4     4.7     5.1     5.3
54902 20240225  2.622  -93.29   41.56    19.2    -1.8     8.7     8.5     0.0    14.62 C    26.5    -4.8     6.9    80.6    21.5    51.9   0.307   0.305   0.342   0.397   0.434     4.7     4.5     4.7     5.1     5.4
54902 20240226  2.622  -93.29   41.56    25.2    -0.9    12.1    12.4     0.0    14.41 C    27.8    -4.3    10.0    80.5    20.2    46.2   0.306   0.305   0.343   0.397   0.434     5.4     5.1     5.1     5.2     5.5
54902 20240227  2.622  -93.29   41.56    18.1    -9.8     4.2     5.6     0.0    13.15 C    21.7    -9.4     5.5    71.9    25.0    47.4   0.305   0.306   0.343   0.397   0.434     6.0     5.8     5.6     5.5     5.6
54902 20240228  2.622  -93.29   41.56    -1.1   -13.7    -7.4    -7.4     0.0    15.86 C     5.0   -13.9    -6.4    70.2    23.5    46.9   0.300   0.301   0.341   0.397   0.435     3.3     4.1     5.0     5.7     5.8
54902 20240229  2.622  -93.29   41.56    13.8    -8.0     2.9     3.1     0.0    15.74 C    18.0    -9.7     2.2    63.1    16.9    37.0   0.298   0.299   0.339   0.397   0.435     2.7     3.2     4.2     5.4     5.7
54902 20240301  2.622  -93.29   41.56    12.4    -2.2     5.1     4.6     0.0    11.99 C    18.7    -5.5     3.9    82.1    42.7    56.1   0.298   0.300   0.338   0.397   0.436     3.5     3.6     4.2     5.1     5.6
54902 20240302  2.622  -93.29   41.56    20.0     0.0    10.0    10.3     0.0    15.61 C    25.5    -3.0     9.8    89.4    32.4    62.1   0.300   0.300   0.339   0.396   0.436     4.7     4.4     4.6     5.1     5.5
54902 20240303  2.622  -93.29   41.56    25.9     4.1    15.0    16.1     0.0    14.61 C    28.6    -0.3    14.5    72.2    17.9    50.0   0.302   0.303   0.341   0.397   0.435     6.9     6.0     5.5     5.3     5.6
54902 20240304  2.622  -93.29   41.56     7.7     1.9     4.8     5.5     0.0     1.85 C     9.6    -0.6     5.1    86.9    52.8    69.9   0.300   0.302   0.342   0.396   0.436     6.7     6.4     6.1     5.8     5.8
54902 20240305  2.622  -93.29   41.56    13.8    -1.0     6.4     5.1     0.0    14.82 C    23.5    -3.1     6.3    92.0    40.7    72.4   0.298   0.300   0.341   0.395   0.436     6.3     6.0     6.0     6.1     6.1
54902 20240306  2.622  -93.29   41.56    14.6    -2.7     6.0     6.8     0.0    14.23 C    24.9    -6.8     6.4    93.8    17.0    58.4   0.294   0.299   0.341   0.395   0.436     6.0     5.8     6.0     6.2     6.2
54902 20240307  2.622  -93.29   41.56    12.4     1.7     7.1     7.2     3.4     7.83 C    19.7    -0.7     7.5    94.8    57.9    77.3   0.294   0.298   0.341   0.395   0.436     6.3     6.1     6.1     6.2     6.3
54902 20240308  2.622  -93.29   41.56     6.1    -1.6     2.2     2.8     2.8     3.43 C     6.1    -3.1     2.7    98.3    60.3    86.5   0.293   0.297   0.341   0.396   0.437     6.1     6.1     6.2     6.3     6.3
54902 20240309  2.622  -93.29   41.56     8.5    -5.8     1.3     0.4     0.0    17.74 C    13.3    -8.2     0.1    80.2    27.5    57.0   0.290   0.295   0.339   0.396   0.436     4.8     5.1     5.7     6.3     6.4
54902 20240310  2.622  -93.29   41.56    13.7    -6.8     3.4     3.6     0.0    17.57 C    21.8    -9.4     3.4    74.0    23.2    46.6   0.288   0.293   0.337   0.396   0.436     4.4     4.6     5.3     6.1     6.4
54902 20240311  2.622  -93.29   41.56    23.8     4.4    14.1    14.1     0.0    17.66 C    27.1     1.0    12.5    59.6    20.3    41.5   0.288   0.294   0.337   0.395   0.436     5.8     5.4     5.5     6.0     6.3
54902 20240312  2.622  -93.29   41.56    19.6     8.2    13.9    13.9     0.0    12.27 C    25.0     2.6    11.8    73.2    39.9    53.3   0.289   0.295   0.339   0.395   0.436     7.4     6.7     6.3     6.2     6.3
54902 20240313  2.622  -93.29   41.56    21.4     3.7    12.6    13.4     1.4    12.53 C    29.6     0.8    12.5    87.8    40.3    65.0   0.288   0.294   0.339   0.396   0.436     7.8     7.2     6.9     6.5     6.5
54902 20240314  2.622  -93.29   41.56    12.9     6.4     9.6     9.4    27.7     2.51 C    11.9     3.7     9.2    98.1    78.8    90.6   0.352   0.344   0.387   0.413   0.448     8.7     8.1     7.5     7.0     6.8
54902 20240315  2.622  -93.29   41.56    14.3     0.8     7.6     7.5     0.0    18.63 C    19.8    -0.3     7.3    88.9    38.4    68.2   0.338   0.333   0.374   0.410   0.458     8.1     7.7     7.6     7.3     7.0
54902 20240316  2.622  -93.29   41.56    12.1     0.5     6.3     7.3     0.0    16.08 C    16.6    -2.0     6.5    81.9    34.1    55.7   0.330   0.329   0.370   0.410   0.460     7.6     7.5     7.5     7.4     7.2
54902 20240317  2.622  -93.29   41.56     2.4    -5.9    -1.7    -1.4     0.0    13.07 C     9.3    -6.9    -0.8    74.1    37.1    54.3   0.325   0.324   0.365   0.409   0.461     6.1     6.5     7.1     7.5     7.3
54902 20240318  2.622  -93.29   41.56     1.9    -7.7    -2.9    -3.2     0.0    16.16 C    11.6    -8.3    -1.5    70.6    32.6    50.9   0.319   0.319   0.361   0.409   0.461     4.5     5.0     6.1     7.2     7.3
54902 20240319  2.622  -93.29   41.56    18.3    -2.9     7.7     8.0     0.0    19.34 C    24.2    -4.5     7.5    56.2    22.8    40.6   0.318   0.318   0.358   0.408   0.460     4.9     4.9     5.7     6.7     7.1
54902 20240320  2.622  -93.29   41.56     6.3    -2.3     2.0     1.7     0.0    18.47 C    16.6    -5.1     3.6    56.1    17.2    32.7   0.316   0.316   0.357   0.407   0.459     5.6     5.5     5.9     6.5     6.9
54902 20240321  2.622  -93.29   41.56     9.6    -4.4     2.6     3.4     0.0    18.33 C    21.4    -5.7     6.0    66.1    24.1    40.4   0.313   0.314   0.356   0.406   0.459     5.4     5.3     5.8     6.5     6.8
54902 20240322  2.622  -93.29   41.56     6.1    -5.3     0.4     0.8     9.7     4.46 C     5.3    -5.4     0.9    96.7    39.3    77.9   0.334   0.322   0.364   0.407   0.458     5.2     5.3     5.9     6.5     6.8
54902 20240323  2.622  -93.29   41.56     3.7    -8.3    -2.3    -1.4     0.0    12.36 C    11.9    -8.2     0.1    87.8    46.8    71.4   0.340   0.323   0.368   0.408   0.458     4.1     4.4     5.3     6.3     6.7
54902 20240324  2.622  -93.29   41.56     9.7     0.3     5.0     4.6     8.3     2.36 C     8.8    -1.2     3.3    93.3    60.3    79.3   0.350   0.335   0.378   0.409   0.458     4.2     4.3     5.0     6.1     6.6
54902 20240325  2.622  -93.29   41.56    16.9     7.0    12.0    11.8     0.7     4.51 C    18.1     2.8     9.9    89.9    47.4    69.3   0.350   0.341   0.382   0.414   0.460     5.4     5.0     5.3     5.9     6.4
54902 20240326  2.622  -93.29   41.56     9.4    -3.1     3.1     0.4     5.4     5.72 C     8.6    -2.7     1.1    97.3    69.9    83.3   0.358   0.349   0.390   0.421   0.467     5.6     5.6     5.8     6.1     6.4
54902 20240327  2.622  -93.29   41.56     6.4    -4.0     1.2     0.2     0.0    21.17 C    12.7    -4.8     1.8    73.4    28.1    53.6   0.342   0.336   0.376   0.422   0.471     4.1     4.4     5.3     6.1     6.4
54902 20240328  2.622  -93.29   41.56    13.3    -3.5     4.9     4.6     0.0    18.09 C    23.1    -5.9     5.9    82.4    40.0    61.1   0.337   0.332   0.371   0.421   0.471     4.8     4.7     5.2     5.9     6.4
54902 20240329  2.622  -93.29   41.56    20.2     2.2    11.2    11.0     0.0    11.55 C    21.5     0.7     9.9    77.1    42.8    58.6   0.333   0.330   0.369   0.420   0.472     6.0     5.6     5.6     6.0     6.3
54902 20240330  2.622  -93.29   41.56    16.0     3.6     9.8     9.3     0.0    19.71 C    23.1     2.6     9.6    87.6    33.6    61.7   0.330   0.329   0.367   0.419   0.472     7.1     6.5     6.3     6.2     6.4
54902 20240331  2.622  -93.29   41.56    13.8     2.7     8.2     8.1     1.2     5.84 C    17.5     0.4     8.0    91.6    63.8    78.0   0.327   0.326   0.366   0.419   0.472     7.3     6.9     6.7     6.5     6.6
54902 20240401  2.622  -93.29   41.56     8.1     4.5     6.3     6.7     1.5     2.22 C     9.2     4.8     7.0    97.7    91.5    94.4   0.325   0.325   0.365   0.419   0.471     7.3     7.0     6.9     6.8     6.8
54902 20240402  2.622  -93.29   41.56     8.2     0.2     4.2     4.0     6.0     5.26 C     9.8     0.4     3.8    98.8    71.2    91.2   0.346   0.336   0.372   0.420   0.470     6.6     6.6     6.8     7.0     7.0
54902 20240403  2.622  -93.29   41.56    11.8     0.0     5.9     5.2     0.0    15.16 C    14.7    -2.6     4.7    88.1    31.3    60.6   0.351   0.342   0.376   0.420   0.468     6.0     6.0     6.4     7.0     7.0
54902 20240404  2.622  -93.29   41.56    12.1    -1.5     5.3     4.6     0.0    17.28 C    17.8    -3.8     4.3    78.0    39.2    60.0   0.342   0.336   0.372   0.419   0.469     5.9     5.8     6.3     6.8     7.0
54902 20240405  2.622  -93.29   41.56    13.2    -2.6     5.3     5.6     0.0    21.86 C    23.9    -5.7     6.3    88.8    37.2    63.5   0.336   0.333   0.370   0.418   0.471     6.2     5.9     6.2     6.7     6.9
54902 20240406  2.622  -93.29   41.56    15.0     0.2     7.6     8.2     0.0    22.06 C    21.3    -1.1     8.7    85.0    31.2    56.4   0.331   0.330   0.368   0.418   0.471     6.7     6.4     6.5     6.8     6.9
54902 20240407  2.622  -93.29   41.56    21.4     6.2    13.8    12.5     5.1    14.14 C    24.8     5.0    11.7    89.3    27.6    61.1   0.329   0.330   0.367   0.418   0.470     7.5     7.0     6.9     6.9     7.0
54902 20240408  2.622  -93.29   41.56    19.2     6.0    12.6    12.2     0.0    19.43 C    22.3     3.6    11.3    81.7    34.1    55.9   0.326   0.329   0.367   0.417   0.470     8.4     7.8     7.4     7.2     7.1
54902 20240409  2.622  -93.29   41.56    18.7     3.2    11.0    11.1     0.0    22.80 C    25.4     1.5    10.8    84.9    28.4    54.5   0.321   0.326   0.365   0.417   0.470     8.8     8.2     7.8     7.5     7.3
54902 20240410  2.622  -93.29   41.56    22.4     5.0    13.7    14.5     0.0    19.82 C    29.5     1.8    13.4    72.6    23.2    44.8   0.314   0.323   0.364   0.419   0.470     9.4     8.7     8.2     7.7     7.5
54902 20240411  2.622  -93.29   41.56    14.5     7.2    10.9    10.5     0.0    14.84 C    20.0     5.9    10.2    73.6    51.0    61.9   0.307   0.320   0.363   0.419   0.470     9.7     9.2     8.8     8.1     7.7
54902 20240412  2.622  -93.29   41.56    18.7     5.1    11.9    11.8     0.0    23.57 C    23.7     1.4    10.7    75.4    22.3    46.0   0.300   0.315   0.362   0.419   0.472     9.4     8.9     8.7     8.3     7.9
54902 20240413  2.622  -93.29   41.56    28.3     3.8    16.1    17.6     0.0    22.42 C    31.9     0.9    16.2    74.9    28.7    45.7   0.291   0.310   0.360   0.418   0.472     9.8     9.2     8.9     8.5     8.1
54902 20240414  2.622  -93.29   41.56    30.3    11.3    20.8    21.2     0.0    22.86 C    35.9     5.2    19.8    63.8    19.3    37.8   0.280   0.305   0.359   0.417   0.473    11.8    10.7     9.7     8.7     8.3
54902 20240415  2.622  -93.29   41.56    26.5     7.3    16.9    18.1     0.0    23.58 C    32.1     1.4    16.5    56.8    18.1    33.8   0.264   0.296   0.356   0.416   0.472    11.8    11.1    10.3     9.2     8.6
54902 20240416  2.622  -93.29   41.56    23.2    14.1    18.6    17.2    10.9     6.62 C    23.8    12.1    15.6    98.1    35.2    70.0   0.255   0.290   0.354   0.415   0.471    12.3    11.6    10.7     9.6     8.9
54902 20240417  2.622  -93.29   41.56    18.3     7.8    13.0    13.1     0.0    13.84 C    20.6     3.9    12.2    90.8    45.4    69.2   0.253   0.288   0.354   0.414   0.472    12.2    11.6    10.9    10.0     9.2
54902 20240418  2.622  -93.29   41.56    12.0     4.0     8.0     8.4    15.3     5.08 C    13.6     2.7     8.1    98.1    58.0    85.0   0.324   0.311   0.371   0.414   0.474    11.2    10.9    10.7    10.1     9.4
54902 20240419  2.622  -93.29   41.56    13.6    -0.2     6.7     6.7     0.0    23.49 C    17.7    -1.7     6.8    87.0    28.5    55.6   0.345   0.321   0.372   0.415   0.472    10.2    10.0    10.2    10.0     9.5
54902 20240420  2.622  -93.29   41.56     8.2    -0.5     3.8     3.3     0.0    11.18 C    11.2    -2.8     2.9    72.4    44.2    57.8   0.332   0.315   0.366   0.414   0.472     9.2     9.2     9.7     9.9     9.5
54902 20240421  2.622  -93.29   41.56    15.9    -1.4     7.3     7.9     0.0    25.20 C    21.1    -2.9     7.9    80.3    20.9    45.7   0.323   0.311   0.363   0.413   0.472     8.9     8.7     9.2     9.6     9.4
54902 20240422  2.622  -93.29   41.56    20.5     2.2    11.3    13.1     0.0    18.32 C    21.8     0.4    12.0    62.6    32.9    44.2   0.312   0.306   0.361   0.410   0.471     9.6     9.2     9.3     9.4     9.3
54902 20240423  2.622  -93.29   41.56    20.3     8.1    14.2    14.1     0.0    20.21 C    23.7     2.0    12.7    72.3    25.5    48.2   0.300   0.301   0.358   0.409   0.470    10.6    10.0     9.7     9.4     9.2
54902 20240424  2.622  -93.29   41.56    18.2     3.6    10.9    10.9     0.0    25.07 C    27.6     0.5    11.8    89.7    29.4    53.2   0.288   0.295   0.356   0.409   0.471    10.8    10.2    10.0     9.6     9.4
54902 20240425  2.622  -93.29   41.56    16.1     7.6    11.8    11.7     0.0    13.98 C    21.0     6.5    11.8    79.1    36.2    54.9   0.276   0.289   0.354   0.408   0.471    11.0    10.5    10.2     9.8     9.4
54902 20240426  2.622  -93.29   41.56    18.1     8.6    13.3    12.6    23.6     4.08 C    16.7     8.0    12.2    95.7    55.2    83.2   0.283   0.287   0.357   0.407   0.471    10.7    10.4    10.2     9.9     9.5
54902 20240427  2.622  -93.29   41.56    25.0    13.8    19.4    17.7     6.0    15.80 C    28.1    11.7    17.1    96.5    60.8    82.8   0.370   0.323   0.378   0.406   0.472    12.4    11.5    10.7    10.0     9.6
54902 20240428  2.622  -93.29   41.56    19.7    13.7    16.7    16.5     2.0     8.03 C    22.0    13.0    16.2    95.5    80.3    89.6   0.368   0.342   0.378   0.408   0.471    13.4    12.5    11.5    10.5     9.9
54902 20240429  2.622  -93.29   41.56    18.3     8.0    13.1    12.8     0.0    16.28 C    20.6     4.4    11.9    94.9    47.0    73.1   0.363   0.341   0.376   0.409   0.471    13.6    12.7    11.9    10.9    10.1
54902 20240430  2.622  -93.29   41.56    25.4     5.9    15.6    15.7     9.4    15.02 C    25.4     3.6    14.6    94.8    40.8    76.2   0.357   0.342   0.376   0.410   0.471    13.1    12.5    11.9    11.1    10.3
54902 20240501  2.622  -93.29   41.56    19.2     9.1    14.2    14.4     1.4    14.00 C    21.3     7.1    13.4    93.1    39.4    67.9   0.369   0.354   0.393   0.410   0.471    13.6    12.9    12.2    11.3    10.6
54902 20240502  2.622  -93.29   41.56    17.4     9.1    13.2    13.5    17.1     3.75 C    17.9     5.1    12.7    96.9    68.7    86.0   0.381   0.364   0.407   0.423   0.477    13.3    12.8    12.3    11.5    10.7
54902 20240503  2.622  -93.29   41.56    21.7     3.8    12.7    13.8     0.0    25.55 C    25.3     3.4    13.0    99.2    34.0    69.2   0.362   0.353   0.396   0.430   0.488    13.2    12.6    12.2    11.6    10.9
54902 20240504  2.622  -93.29   41.56    16.6     7.5    12.0    13.1     5.1     9.33 C    17.3     3.1    11.9    94.9    69.1    80.5   0.367   0.354   0.392   0.433   0.490    13.6    13.0    12.4    11.8    11.0
54902 20240505  2.622  -93.29   41.56    19.1     4.0    11.5    12.5     0.0    21.42 C    21.6     1.7    11.7    97.2    44.8    70.6   0.359   0.350   0.390   0.434   0.491    13.0    12.5    12.3    11.8    11.2
54902 20240506  2.622  -93.29   41.56    22.8     9.7    16.3    17.0     0.0    15.01 C    25.5     7.7    16.5    82.8    64.1    75.4   0.348   0.345   0.387   0.434   0.491    13.8    13.0    12.4    11.8    11.2
54902 20240507  2.622  -93.29   41.56    23.9    11.4    17.6    17.2    14.4    24.34 C    25.1     9.4    16.5    97.4    28.3    68.1   0.376   0.366   0.409   0.445   0.492    15.1    14.1    13.1    12.1    11.3
54902 20240508  2.622  -93.29   41.56    26.0    10.6    18.3    18.2     0.3    21.22 C    27.2     8.9    17.3    87.3    40.1    64.5   0.354   0.352   0.395   0.444   0.493    15.4    14.5    13.5    12.4    11.6
54902 20240509  2.622  -93.29   41.56    19.2     8.9    14.0    13.7     3.1     9.84 C    22.9     8.5    13.8    96.1    64.7    85.3   0.343   0.346   0.390   0.441   0.493    15.5    14.7    13.8    12.8    11.8
54902 20240510  2.622  -93.29   41.56    22.8     7.7    15.2    15.9     0.0    22.66 C    22.7     6.6    15.1    96.8    35.5    65.1   0.334   0.341   0.387   0.440   0.495    15.2    14.5    13.8    13.0    12.0
54902 20240511  2.622  -93.29   41.56    25.4     8.2    16.8    17.6     0.0    27.17 C    25.9     6.5    15.5    80.1    27.8    49.3   0.319   0.333   0.384   0.439   0.495    15.5    14.7    14.0    13.1    12.1
54902 20240512  2.622  -93.29   41.56    28.6    12.3    20.5    19.6     2.2    22.84 C    29.8    11.0    18.4    84.0    29.7    59.7   0.301   0.323   0.380   0.437   0.495    16.1    15.3    14.3    13.2    12.3
54902 20240513  2.622  -93.29   41.56    20.4    14.2    17.3    16.8     8.0     8.69 C    20.9    13.2    16.2    96.2    71.4    84.2   0.293   0.320   0.378   0.437   0.495    16.5    15.7    14.7    13.5    12.5
54902 20240514  2.622  -93.29   41.56    22.1    12.8    17.5    16.5     0.0    13.16 C    23.2    11.0    16.1    93.4    67.3    81.7   0.291   0.323   0.378   0.436   0.496    16.3    15.6    14.8    13.7    12.7
54902 20240515  2.622  -93.29   41.56    23.3     9.6    16.4    17.1     0.0    23.90 C    25.6     8.3    17.0    98.1    59.0    78.7   0.287   0.321   0.375   0.436   0.496    16.5    15.7    14.9    13.9    12.8
54902 20240516  2.622  -93.29   41.56    23.7    12.7    18.2    19.2     0.0    25.29 C    25.3     9.7    18.0    94.9    42.2    67.4   0.282   0.317   0.373   0.436   0.494    17.5    16.5    15.4    14.0    13.0
54902 20240517  2.622  -93.29   41.56    26.3    10.8    18.5    19.7     0.0    26.76 C    28.2     8.2    18.3    95.8    41.3    64.9   0.271   0.309   0.370   0.435   0.492    17.5    16.7    15.7    14.3    13.3
54902 20240518  2.622  -93.29   41.56    30.3    16.4    23.3    23.1     0.0    26.04 C    30.5    14.9    21.8    86.2    44.5    62.2   0.260   0.300   0.366   0.432   0.493    18.2    17.3    16.1    14.6    13.5
54902 20240519  2.622  -93.29   41.56    24.9    10.9    17.9    17.9    36.8    12.35 C    26.4     7.7    16.7    95.0    35.8    64.6   0.299   0.322   0.380   0.434   0.494    17.7    17.2    16.4    15.0    13.7
54902 20240520  2.622  -93.29   41.56    27.4    16.5    22.0    21.3    39.0    23.21 C    28.6    16.4    21.3    98.6    61.1    84.8   0.390   0.386   0.430   0.473   0.506    18.2    17.3    16.5    15.6    14.4
54902 20240521  2.622  -93.29   41.56    27.1    13.2    20.1    19.1    61.3     6.79 C    26.7    12.4    18.5    98.4    70.4    89.5   0.412   0.406   0.450   0.485   0.509    18.7    18.2    17.4    16.3    15.2
54902 20240522  2.622  -93.29   41.56    22.9    10.6    16.7    16.8     0.0    25.47 C    23.6     9.7    15.9    82.2    42.4    64.1   0.378   0.377   0.421   0.474   0.511    18.1    17.6    17.3    16.5    15.5
54902 20240523  2.622  -93.29   41.56    24.7    11.7    18.2    19.0     0.0    27.30 C    25.0    10.4    17.9    84.4    40.0    63.1   0.355   0.362   0.408   0.464   0.508    18.3    17.8    17.3    16.3    15.4
54902 20240524  2.622  -93.29   41.56    22.8    10.6    16.7    18.0    15.7    15.04 C    22.9     8.2    17.2    97.8    52.2    78.6   0.387   0.387   0.429   0.473   0.510    18.5    18.1    17.5    16.4    15.3
54902 20240525  2.622  -93.29   41.56    24.2     8.2    16.2    17.3     0.0    27.39 C    24.4     6.2    16.4    94.6    43.3    66.7   0.365   0.369   0.412   0.465   0.510    17.9    17.6    17.2    16.3    15.4
54902 20240526  2.622  -93.29   41.56    24.4    13.2    18.8    18.4     0.9    23.53 C    25.6    12.5    18.3    94.6    62.3    80.8   0.345   0.358   0.405   0.461   0.507    18.7    18.1    17.4    16.3    15.4
54902 20240527  2.622  -93.29   41.56    24.2    10.9    17.6    17.5     0.0    20.55 C    24.4     9.8    16.7    96.1    33.3    69.7   0.331   0.350   0.401   0.458   0.507    18.6    18.1    17.5    16.5    15.4
54902 20240528  2.622  -93.29   41.56    22.6    11.4    17.0    16.8     0.0    24.83 C    24.3     9.5    16.0    89.5    39.5    66.3   0.317   0.343   0.398   0.457   0.510    18.2    17.9    17.4    16.5    15.4
54902 20240529  2.622  -93.29   41.56    23.4     8.8    16.1    16.8     0.0    27.38 C    24.7     7.6    16.1    90.5    36.8    62.4   0.307   0.337   0.396   0.454   0.511    17.5    17.5    17.2    16.5    15.5
54902 20240530  2.622  -93.29   41.56    25.3    10.5    17.9    18.5     0.0    23.53 C    26.2     9.5    18.2    88.8    45.8    64.4   0.298   0.330   0.393   0.453   0.511    17.5    17.3    17.1    16.3    15.5
54902 20240531  2.622  -93.29   41.56    26.5    15.1    20.8    20.9     0.0    21.07 C    28.0    14.3    20.5    79.7    44.7    61.6   0.289   0.323   0.390   0.452   0.509    17.8    17.5    17.1    16.3    15.5
54902 20240601  2.622  -93.29   41.56    26.1    16.7    21.4    20.5     0.0    16.57 C    27.4    16.1    20.1    91.2    50.9    72.6   0.283   0.318   0.390   0.452   0.509    18.3    18.0    17.4    16.3    15.5
54902 20240602  2.622  -93.29   41.56    27.2    12.9    20.0    21.0     0.0    16.46 C    28.4    12.8    20.6    98.6    56.4    77.4   0.276   0.314   0.388   0.452   0.509    18.4    18.0    17.5    16.5    15.6
54902 20240603  2.622  -93.29   41.56    29.6    19.9    24.8    24.3     0.0    21.16 C    30.7    19.3    23.8    89.3    53.9    73.7   0.271   0.309   0.387   0.450   0.508    19.3    18.8    17.9    16.6    15.6
54902 20240604  2.622  -93.29   41.56    28.1    16.5    22.3    22.5    27.8    15.83 C    30.4    15.6    22.2    96.6    61.5    81.7   0.285   0.316   0.398   0.455   0.509    19.9    19.5    18.5    16.9    15.8
54902 20240605  2.622  -93.29   41.56    27.5    12.5    20.0    19.8     0.0    26.88 C    26.9    11.7    19.0    96.5    41.2    69.3   0.362   0.359   0.419   0.468   0.515    19.2    19.6    18.7    17.2    16.0
54902 20240606  2.622  -93.29   41.56    26.0    14.5    20.2    20.3     0.0    28.80 C    25.8    12.6    18.9    73.0    23.6    44.9   0.338   0.345   0.408   0.460   0.514    18.5    19.3    18.8    17.4    16.2
54902 20240607  2.622  -93.29   41.56    27.0    12.2    19.6    20.7     0.0    21.04 C    28.0    10.8    19.2    75.5    32.0    53.3   0.317   0.334   0.401   0.459   0.516    18.0    18.7    18.4    17.4    16.3
54902 20240608  2.622  -93.29   41.56    25.0    14.3    19.6    20.5     0.0    17.03 C    25.7    10.9    19.4    81.2    57.1    68.8   0.306   0.326   0.399   0.457   0.515    18.8    19.0    18.4    17.4    16.4
54902 20240609  2.622  -93.29   41.56    27.2    11.4    19.3    19.7     0.0    26.79 C    27.5     9.7    18.2    89.5    26.6    53.4   0.296   0.319   0.395   0.455   0.516    18.4    18.7    18.4    17.4    16.4
54902 20240610  2.622  -93.29   41.56    23.6    11.3    17.4    17.9     0.0    28.54 C    25.4     9.3    17.1    82.4    29.8    54.6   0.283   0.309   0.390   0.452   0.516    18.2    18.6    18.3    17.4    16.4
54902 20240611  2.622  -93.29   41.56    29.8    12.0    20.9    21.5     0.0    21.99 C    30.1    10.3    20.4    81.8    35.6    58.3   0.273   0.300   0.386   0.453   0.516    18.3    18.4    18.0    17.3    16.5
54902 20240612  2.622  -93.29   41.56    31.0    16.2    23.6    24.7     0.0    22.87 C    32.3    14.6    23.6    86.2    40.6    61.6   0.264   0.289   0.382   0.449   0.516    19.2    19.0    18.4    17.3    16.5
54902 20240613  2.622  -93.29   41.56    32.0    18.9    25.5    25.8     0.0    24.16 C    32.9    17.1    24.5    77.9    33.3    59.6   0.257   0.278   0.378   0.446   0.515    20.2    19.8    18.9    17.5    16.5
54902 20240614  2.622  -93.29   41.56    30.1    15.8    22.9    23.1     0.0    28.02 C    32.0    13.8    22.2    86.7    28.9    55.8   0.250   0.266   0.372   0.444   0.515    20.2    20.0    19.2    17.8    16.7
54902 20240615  2.622  -93.29   41.56    27.6    16.8    22.2    21.5     2.5    14.37 C    27.9    15.0    20.9    88.6    50.1    67.0   0.244   0.256   0.366   0.442   0.514    19.7    19.7    19.2    17.9    16.9
54902 20240616  2.622  -93.29   41.56    32.1    19.0    25.5    26.0     0.0    25.48 C    33.3    18.5    25.7    92.5    47.7    72.7   0.243   0.249   0.361   0.439   0.514    20.6    20.0    19.2    18.0    16.9
54902 20240617  2.622  -93.29   41.56    32.7    22.2    27.5    27.3     0.0    22.35 C    34.5    21.5    27.0    87.8    46.8    67.0   0.242   0.243   0.354   0.435   0.511    21.7    21.0    19.9    18.2    17.1
54902 20240618  2.622  -93.29   41.56    31.6    19.7    25.7    26.6     0.9    17.95 C    33.4    19.3    26.3    92.5    56.2    71.1   0.239   0.235   0.346   0.432   0.510    22.0    21.4    20.3    18.5    17.2
54902 20240619  2.622  -93.29   41.56    22.6    18.0    20.3    19.8     2.7     6.35 C    23.2    17.7    19.7    96.0    86.2    92.5   0.236   0.232   0.340   0.430   0.510    21.3    21.1    20.3    18.8    17.5
54902 20240620  2.622  -93.29   41.56    27.5    18.2    22.9    22.3     9.8    14.74 C    29.6    18.1    22.4    97.9    69.6    88.4   0.236   0.231   0.338   0.427   0.509    21.0    20.7    20.0    18.9    17.6
54902 20240621  2.622  -93.29   41.56    32.0    22.1    27.0    26.7     0.0    25.50 C    34.6    21.6    26.8    94.7    54.4    76.9   0.239   0.231   0.336   0.426   0.508    22.2    21.5    20.4    18.9    17.7
54902 20240622  2.622  -93.29   41.56    31.5    21.5    26.5    26.7     0.6    17.97 C    34.2    20.6    26.1    87.7    60.4    75.1   0.241   0.231   0.334   0.422   0.507    22.9    22.3    21.1    19.2    17.9
54902 20240623  2.622  -93.29   41.56    29.9    18.0    24.0    24.0     0.0    27.74 C    33.8    17.5    24.6    95.0    48.0    74.8   0.240   0.229   0.329   0.420   0.508    22.6    22.5    21.4    19.5    18.1
54902 20240624  2.622  -93.29   41.56    35.0    20.5    27.7    28.0     0.2    26.16 C    35.9    19.8    27.8    91.2    53.4    71.3   0.238   0.227   0.323   0.414   0.506    23.0    22.5    21.5    19.7    18.3
54902 20240625  2.622  -93.29   41.56    33.2    19.4    26.3    27.1    58.1    20.66 C    38.8    18.6    27.0    94.5    61.0    73.8   0.273   0.275   0.357   0.422   0.504    23.6    23.1    22.0    20.0    18.5
54902 20240626  2.622  -93.29   41.56    30.0    18.0    24.0    23.5     0.0    27.04 C    31.3    15.4    22.9    96.1    44.5    72.4   0.374   0.379   0.429   0.469   0.517    22.8    22.7    22.0    20.4    18.9
54902 20240627  2.622  -93.29   41.56    26.4    15.1    20.8    21.3     0.5    14.66 C    29.3    14.3    20.8    90.8    61.8    77.4   0.353   0.360   0.411   0.458   0.516    22.3    22.2    21.7    20.4    19.0
54902 20240628  2.622  -93.29   41.56    25.1    19.0    22.1    21.6    22.4     6.23 C    25.9    18.9    21.3    98.4    84.3    91.6   0.384   0.388   0.437   0.470   0.519    21.7    21.5    21.3    20.3    19.0
54902 20240629  2.622  -93.29   41.56    27.1    14.0    20.6    22.1     0.0    23.72 C    29.4    13.2    22.0    97.0    52.3    76.6   0.374   0.377   0.424   0.470   0.521    22.0    21.7    21.1    20.2    19.0
54902 20240630  2.622  -93.29   41.56    23.6    11.2    17.4    17.9     0.0    29.12 C    27.8    10.4    18.3    94.2    48.9    70.8   0.355   0.365   0.414   0.464   0.521    21.3    21.3    21.0    20.2    19.0
54902 20240701  2.622  -93.29   41.56    21.5    13.3    17.4    18.0     0.0    12.15 C    21.4    12.4    17.6    89.7    49.6    65.7   0.342   0.356   0.409   0.460   0.521    20.4    20.5    20.6    20.0    19.0
54902 20240702  2.622  -93.29   41.56 -9999.0 -9999.0 -9999.0 -9999.0 -9999.0 -9999.00 U -9999.0 -9999.0 -9999.0 -9999.0 -9999.0 -9999.0 -99.000 -99.000 -99.000 -99.000 -99.000 -9999.0 -9999.0 -9999.0 -9999.0 -9999.0
