53960 20240101  2.622  -91.87   30.09    15.9     5.9    10.9    11.5     0.4     7.29 C    22.1     3.5    11.3    95.8    54.6    74.9   0.327   0.341   0.349   0.330   0.335    12.5    12.9    13.4    14.5    15.2
53960 20240102  2.622  -91.87   30.09    13.7     1.6     7.7     7.4     0.0    10.90 C    19.1     0.7     6.9    78.6    38.5    60.4   0.325   0.340   0.348   0.326   0.332    10.7    12.5    13.3    14.5    15.2
53960 20240103  2.622  -91.87   30.09    15.8     5.6    10.7     9.5    18.3    10.64 C    20.3     2.9     9.7    95.3    56.5    76.4   0.344   0.358   0.395   0.410   0.376    11.3    12.2    12.9    14.1    14.9
53960 20240104  2.622  -91.87   30.09    15.9     1.6     8.8     8.3     0.0    13.72 C    20.5     0.5     7.9    97.5    41.1    70.4   0.339   0.351   0.395   0.430   0.393    10.9    12.2    12.8    14.1    14.8
53960 20240105  2.622  -91.87   30.09    17.2     2.8    10.0    10.4    22.9     0.46 C    16.0     1.9     9.7    96.5    66.7    86.3   0.349   0.368   0.385   0.400   0.394    10.9    12.0    12.7    13.9    14.7
53960 20240106  2.622  -91.87   30.09    12.1     3.7     7.9     7.7     0.0     8.97 C    19.4     3.1     8.8    99.6    65.7    87.4   0.343   0.356   0.370   0.429   0.395    11.5    12.3    12.8    13.8    14.5
53960 20240107  2.622  -91.87   30.09    14.1     0.6     7.4     7.6     0.0     9.86 C    20.0     0.8     7.6   100.0    49.0    80.3   0.338   0.350   0.362   0.403   0.396    10.6    11.9    12.6    13.8    14.4
53960 20240108  2.622  -91.87   30.09    21.3     7.5    14.4    14.8    15.8     2.45 C    20.4     5.0    13.7    95.8    75.1    83.4   0.342   0.355   0.365   0.364   0.396    12.1    12.2    12.6    13.7    14.3
53960 20240109  2.622  -91.87   30.09    12.5     1.4     7.0     8.8     2.2    14.32 C    15.9     0.4     8.4    89.6    42.8    63.2   0.349   0.366   0.381   0.418   0.406    12.2    13.2    13.3    13.9    14.4
53960 20240110  2.622  -91.87   30.09    14.6    -0.7     6.9     7.8     0.0    13.35 C    19.3    -2.1     7.4    98.3    28.1    70.8   0.338   0.351   0.362   0.391   0.405    10.0    11.7    12.6    13.8    14.4
53960 20240111  2.622  -91.87   30.09    23.1    10.6    16.8    17.0     0.0    10.08 C    26.4     8.2    16.0    94.1    61.2    81.5   0.336   0.349   0.359   0.355   0.384    13.0    12.4    12.7    13.6    14.2
53960 20240112  2.622  -91.87   30.09    21.4     4.4    12.9    16.1     0.8    11.96 C    21.0     1.4    14.9    94.7    28.1    59.8   0.335   0.347   0.358   0.350   0.374    15.3    14.6    14.2    14.2    14.4
53960 20240113  2.622  -91.87   30.09    13.3    -1.9     5.7     5.9     0.0    15.03 C    20.1    -2.7     6.4    92.9    23.6    59.0   0.331   0.345   0.355   0.347   0.365    10.9    12.9    13.6    14.5    14.8
53960 20240114  2.622  -91.87   30.09    19.7     1.7    10.7    10.4     0.0    14.18 C    23.9     0.7     9.5    93.4    40.7    71.9   0.329   0.344   0.353   0.344   0.358    11.3    12.3    13.0    14.1    14.7
53960 20240115  2.622  -91.87   30.09     6.5    -4.7     0.9     1.2     6.2     4.49 C    14.5    -2.0     4.4    94.3    63.9    78.5   0.328   0.342   0.351   0.342   0.354     9.9    12.1    12.8    13.9    14.5
53960 20240116  2.622  -91.87   30.09    -0.7    -7.9    -4.3    -4.3     0.0    16.33 C     9.5    -6.0    -0.6    93.1    61.3    76.6   0.333   0.345   0.354   0.340   0.350     7.1    10.2    11.6    13.4    14.2
53960 20240117  2.622  -91.87   30.09     6.1    -8.4    -1.2    -1.8     0.0    14.87 C    15.2    -7.6     0.6    82.5    32.2    62.6   0.330   0.344   0.354   0.340   0.350     6.1     8.9    10.4    12.6    13.6
53960 20240118  2.622  -91.87   30.09    18.7     0.5     9.6    11.7     0.6     3.21 C    19.1     1.3    11.4    98.3    71.6    86.4   0.331   0.344   0.353   0.340   0.350     8.9     9.3    10.2    12.0    13.1
53960 20240119  2.622  -91.87   30.09    15.6     2.7     9.1     9.1     0.0    14.99 C    19.9     1.0     9.2    98.5    36.7    64.4   0.331   0.344   0.353   0.340   0.350    11.3    11.3    11.5    12.3    13.0
53960 20240120  2.622  -91.87   30.09     7.3    -1.8     2.7     1.8     0.0    15.15 C    16.4    -2.5     3.6    59.9    25.4    44.6   0.328   0.343   0.352   0.339   0.349     8.4    10.4    11.2    12.5    13.2
53960 20240121  2.622  -91.87   30.09     6.9    -2.0     2.5     2.5     0.0     5.90 C    13.5    -2.4     3.8    73.0    44.9    54.8   0.326   0.341   0.350   0.338   0.347     7.1     9.4    10.5    12.2    13.0
53960 20240122  2.622  -91.87   30.09    19.5     5.7    12.6    13.0     4.9     5.30 C    20.3     4.2    12.4    95.9    63.6    74.6   0.326   0.341   0.349   0.337   0.346     9.7     9.8    10.5    11.8    12.7
53960 20240123  2.622  -91.87   30.09    20.1    14.9    17.5    17.7     2.1     2.07 C    20.2    14.2    17.1    98.2    87.2    94.7   0.336   0.345   0.354   0.336   0.346    13.8    12.2    11.9    12.3    12.8
53960 20240124  2.622  -91.87   30.09    21.3    16.6    19.0    18.4    60.4     0.81 C    20.5    16.5    18.1    98.4    89.8    95.1   0.371   0.389   0.398   0.422   0.413    16.4    14.8    14.0    13.5    13.4
53960 20240125  2.622  -91.87   30.09    19.8    15.2    17.5    17.0    21.4     1.76 C    20.5    15.0    17.1    98.5    90.5    95.4   0.363   0.378   0.390   0.426   0.413    16.3    15.4    14.8    14.4    14.2
53960 20240126  2.622  -91.87   30.09    19.2    14.7    16.9    16.7    18.7     1.18 C    20.1    14.9    16.7    98.8    92.7    96.7   0.357   0.372   0.384   0.421   0.410    16.2    15.6    15.1    14.9    14.7
53960 20240127  2.622  -91.87   30.09    17.9    11.9    14.9    15.9    33.5     8.06 C    21.8    10.6    16.1    97.8    68.4    81.6   0.361   0.374   0.385   0.442   0.412    16.6    16.0    15.6    15.3    15.1
53960 20240128  2.622  -91.87   30.09    12.3     3.5     7.9     8.9     0.0     7.66 C    19.6     2.3     9.9    99.5    62.6    79.8   0.344   0.355   0.369   0.385   0.408    13.9    15.1    15.2    15.4    15.4
53960 20240129  2.622  -91.87   30.09    17.8     1.7     9.8     9.1     0.0    16.33 C    24.2     1.1     9.5   100.0    28.2    72.2   0.341   0.352   0.364   0.355   0.384    12.5    13.7    14.2    15.0    15.2
53960 20240130  2.622  -91.87   30.09    21.7     4.9    13.3    12.8     0.0    14.81 C    24.7     3.3    11.8    99.5    37.8    70.2   0.337   0.349   0.361   0.351   0.373    12.8    13.5    13.9    14.6    15.0
53960 20240131  2.622  -91.87   30.09    22.3     8.2    15.3    14.5     0.0    16.13 C    27.2     5.6    13.1    93.1    27.8    59.8   0.334   0.347   0.359   0.348   0.366    13.8    13.8    14.0    14.5    14.8
53960 20240201  2.622  -91.87   30.09    19.6     5.5    12.5    12.2     0.0    10.74 C    22.9     4.8    11.1    94.1    35.4    66.5   0.332   0.346   0.357   0.347   0.361    13.3    13.9    14.1    14.5    14.8
53960 20240202  2.622  -91.87   30.09    22.6     4.8    13.7    13.8     0.0    15.73 C    28.2     3.8    13.6    99.7    47.8    78.9   0.330   0.345   0.355   0.345   0.357    13.8    13.8    13.9    14.4    14.8
53960 20240203  2.622  -91.87   30.09    15.4    11.8    13.6    13.4    38.9     0.42 C    15.0    10.6    13.0    96.3    80.3    91.5   0.352   0.370   0.381   0.398   0.376    13.9    14.2    14.2    14.6    14.8
53960 20240204  2.622  -91.87   30.09    19.6     8.1    13.8    13.1     0.0    11.08 C    24.6     7.0    13.5    99.7    49.7    86.8   0.344   0.359   0.374   0.442   0.396    14.2    14.1    14.1    14.6    14.9
53960 20240205  2.622  -91.87   30.09    18.6     9.8    14.2    13.2     0.0    14.67 C    23.7     6.3    13.0    85.2    38.4    64.6   0.339   0.352   0.366   0.379   0.395    14.6    14.5    14.4    14.7    14.9
53960 20240206  2.622  -91.87   30.09    20.2     6.6    13.4    12.3     0.0    17.60 C    25.9     3.9    11.8    85.3    26.0    58.9   0.335   0.349   0.361   0.355   0.379    14.1    14.3    14.4    14.8    15.0
53960 20240207  2.622  -91.87   30.09    21.1     6.2    13.6    13.6     0.0    13.15 C    24.9     3.9    12.5    85.0    29.4    62.9   0.330   0.347   0.359   0.349   0.368    13.5    14.1    14.3    14.7    15.0
53960 20240208  2.622  -91.87   30.09    22.7    14.0    18.3    17.8     0.3     6.33 C    23.9    12.0    16.8    91.0    57.7    78.5   0.328   0.346   0.357   0.347   0.362    15.0    14.5    14.4    14.7    14.9
53960 20240209  2.622  -91.87   30.09    24.7    17.2    20.9    19.9     0.0     6.54 C    27.9    15.7    19.0    94.6    59.5    84.6   0.326   0.345   0.355   0.345   0.357    17.1    15.8    15.3    15.1    15.2
53960 20240210  2.622  -91.87   30.09    23.7    18.5    21.1    20.6     0.2     7.08 C    25.2    17.3    20.2    96.9    61.2    87.6   0.324   0.345   0.354   0.344   0.355    18.0    16.7    16.1    15.7    15.6
53960 20240211  2.622  -91.87   30.09    24.1    18.9    21.5    21.4    18.8     6.44 C    28.6    18.7    21.5    95.9    79.9    91.1   0.327   0.347   0.356   0.352   0.359    19.1    17.6    16.9    16.4    16.1
53960 20240212  2.622  -91.87   30.09    20.0     7.7    13.8    12.6     0.2    16.68 C    20.1     5.6    13.6    95.4    50.6    72.4   0.349   0.360   0.373   0.384   0.394    18.0    17.9    17.3    17.0    16.6
53960 20240213  2.622  -91.87   30.09    16.3     3.6    10.0     9.7     0.0    18.17 C    24.1     2.9    10.9    91.4    36.4    64.6   0.341   0.355   0.365   0.353   0.366    15.4    16.3    16.4    16.7    16.7
53960 20240214  2.622  -91.87   30.09    18.7     2.8    10.7    11.0     0.0    16.94 C    25.3     1.6    11.4    98.4    37.6    72.4   0.337   0.353   0.360   0.348   0.362    14.6    15.5    15.7    16.2    16.4
53960 20240215  2.622  -91.87   30.09    21.5     8.7    15.1    14.9     0.0    11.40 C    27.6     8.0    15.0    96.6    49.3    78.1   0.334   0.351   0.357   0.346   0.357    15.5    15.5    15.5    15.9    16.1
53960 20240216  2.622  -91.87   30.09    17.9    13.5    15.7    15.8     3.3     2.84 C    18.2    13.1    15.6    97.7    64.8    91.2   0.333   0.350   0.356   0.344   0.355    16.1    16.0    15.8    16.0    16.1
53960 20240217  2.622  -91.87   30.09    15.9     4.0    10.0     7.8     0.8     3.94 C    15.8     3.8     9.1    97.8    59.7    76.3   0.336   0.352   0.358   0.344   0.353    14.6    15.7    15.7    16.1    16.2
53960 20240218  2.622  -91.87   30.09    13.3     0.2     6.8     6.0     0.0    18.68 C    22.0    -0.4     7.7    83.0    22.6    54.7   0.334   0.351   0.356   0.344   0.353    12.8    14.0    14.7    15.6    16.0
53960 20240219  2.622  -91.87   30.09    16.2    -1.2     7.5     7.6     0.0    18.86 C    23.9    -1.6     8.5    94.0    33.0    64.0   0.330   0.349   0.355   0.343   0.352    12.5    13.6    14.1    15.0    15.5
53960 20240220  2.622  -91.87   30.09    22.0     3.7    12.9    13.1     0.0    17.19 C    29.3     2.6    13.0    98.1    47.2    77.9   0.327   0.348   0.353   0.341   0.350    13.7    13.8    14.1    14.7    15.2
53960 20240221  2.622  -91.87   30.09    22.3     8.5    15.4    16.2     0.0    14.90 C    26.9     6.5    15.6    99.9    56.6    80.7   0.323   0.346   0.351   0.341   0.349    15.1    14.7    14.6    14.9    15.2
53960 20240222  2.622  -91.87   30.09    23.6    15.4    19.5    19.0     0.0    10.36 C    27.2    14.1    18.5    95.3    62.8    80.9   0.320   0.344   0.349   0.340   0.348    16.7    15.7    15.4    15.3    15.4
53960 20240223  2.622  -91.87   30.09    24.5    10.7    17.6    19.0     0.0    19.30 C    29.0     9.4    18.2    96.3    26.9    60.3   0.317   0.343   0.347   0.339   0.347    18.4    16.9    16.2    15.8    15.8
53960 20240224  2.622  -91.87   30.09    24.3     5.4    14.8    15.9     0.0    19.90 C    27.7     4.0    13.9    82.5    16.0    45.3   0.312   0.342   0.345   0.337   0.345    17.0    16.8    16.4    16.3    16.2
53960 20240225  2.622  -91.87   30.09    23.9     6.2    15.0    15.5     0.0    19.35 C    27.9     4.5    15.0    99.4    27.8    72.3   0.307   0.340   0.343   0.335   0.344    16.5    16.4    16.2    16.2    16.3
53960 20240226  2.622  -91.87   30.09    23.7    13.0    18.4    19.0     0.0    10.35 C    26.1    10.9    18.3    98.8    69.0    85.8   0.302   0.338   0.340   0.334   0.343    17.2    16.6    16.3    16.2    16.3
53960 20240227  2.622  -91.87   30.09    24.7    19.1    21.9    21.5     0.0    11.59 C    30.3    17.3    21.9    92.7    67.8    83.8   0.299   0.337   0.339   0.333   0.342    19.1    17.6    17.0    16.6    16.5
53960 20240228  2.622  -91.87   30.09    24.5    12.0    18.3    19.2     0.0     4.53 C    27.4    10.1    18.6    91.2    36.4    74.0   0.297   0.336   0.338   0.331   0.341    19.3    18.4    17.7    17.1    16.9
53960 20240229  2.622  -91.87   30.09    15.6     9.0    12.3    13.0     1.1     4.96 C    20.0     9.7    13.0    84.9    34.5    42.3   0.294   0.336   0.336   0.330   0.340    16.1    17.1    17.2    17.3    17.1
53960 20240301  2.622  -91.87   30.09    15.3     8.1    11.7    11.4    13.1     5.22 C    21.0     9.4    13.1    97.3    82.4    92.3   0.309   0.336   0.340   0.329   0.339    15.3    16.1    16.3    16.8    16.9
53960 20240302  2.622  -91.87   30.09    22.9    11.0    17.0    16.6     0.0    15.47 C    32.5    10.6    18.8    98.6    69.4    88.5   0.313   0.338   0.344   0.329   0.338    17.4    16.5    16.4    16.5    16.7
53960 20240303  2.622  -91.87   30.09    26.0    17.3    21.6    21.0     0.0    12.48 C    33.3    17.1    21.5    95.7    64.4    84.7   0.310   0.338   0.343   0.329   0.338    19.3    17.9    17.3    16.9    16.8
53960 20240304  2.622  -91.87   30.09    26.2    18.5    22.3    21.7     2.7     7.43 C    30.4    18.6    22.0    94.9    76.7    90.5   0.310   0.338   0.343   0.329   0.338    20.4    18.9    18.1    17.5    17.3
53960 20240305  2.622  -91.87   30.09    23.1    12.8    17.9    19.0     8.3     7.33 C    27.7    12.5    19.1    98.6    61.5    88.6   0.316   0.339   0.345   0.329   0.338    20.0    19.3    18.6    18.1    17.7
53960 20240306  2.622  -91.87   30.09    27.3    11.6    19.4    19.2     0.0    20.79 C    34.3    10.7    20.1    99.7    36.5    74.1   0.321   0.342   0.349   0.330   0.338    20.0    19.0    18.5    18.2    18.0
53960 20240307  2.622  -91.87   30.09    26.5    13.2    19.9    20.0     0.0    16.76 C    33.0    11.9    19.9    99.1    46.5    78.8   0.316   0.341   0.347   0.331   0.340    19.9    19.4    18.9    18.4    18.1
53960 20240308  2.622  -91.87   30.09    25.3    17.0    21.2    21.7     3.3     2.98 C    27.5    17.2    21.5    95.3    82.8    89.4   0.313   0.340   0.346   0.332   0.341    20.5    19.6    19.1    18.7    18.3
53960 20240309  2.622  -91.87   30.09    18.4    11.8    15.1    15.5     0.0     5.45 C    21.8    11.6    16.2    95.3    69.5    82.8   0.315   0.340   0.347   0.332   0.341    19.2    19.4    19.1    18.9    18.6
53960 20240310  2.622  -91.87   30.09    19.5     5.9    12.7    13.1     0.0    18.90 C    29.7     5.7    15.0    99.0    33.9    67.5   0.312   0.339   0.346   0.332   0.341    18.2    18.4    18.4    18.6    18.5
53960 20240311  2.622  -91.87   30.09    21.6     7.9    14.8    14.0     0.0    18.74 C    32.3     6.4    15.3    94.0    27.9    61.5   0.308   0.339   0.344   0.332   0.341    17.9    18.1    18.1    18.3    18.3
53960 20240312  2.622  -91.87   30.09    23.4     8.0    15.7    16.3     0.0    17.36 C    33.9     7.2    17.6    98.4    54.3    80.7   0.302   0.337   0.342   0.331   0.340    18.1    18.0    18.0    18.1    18.2
53960 20240313  2.622  -91.87   30.09    25.9    16.7    21.3    21.0     0.0    12.96 C    33.7    15.6    21.5    92.1    63.2    81.8   0.299   0.336   0.341   0.330   0.340    19.8    18.9    18.5    18.2    18.2
53960 20240314  2.622  -91.87   30.09    27.6    20.0    23.8    23.8     0.9    11.25 C    33.7    19.0    24.1    94.6    67.5    84.8   0.296   0.336   0.339   0.330   0.339    21.5    19.9    19.3    18.7    18.4
53960 20240315  2.622  -91.87   30.09    26.5    17.0    21.7    22.1    18.2     7.44 C    30.9    16.7    22.3    93.8    64.9    83.6   0.297   0.335   0.340   0.342   0.344    22.0    20.8    20.0    19.3    18.8
53960 20240316  2.622  -91.87   30.09    25.6    15.6    20.6    20.0     0.0    15.32 C    33.3    14.7    21.1    98.0    58.8    83.2   0.320   0.340   0.352   0.366   0.395    21.2    20.5    20.0    19.6    19.2
53960 20240317  2.622  -91.87   30.09    23.2    16.3    19.7    19.2    22.3    10.65 C    31.1    16.1    20.5    98.5    75.2    88.9   0.343   0.355   0.366   0.396   0.409    21.3    20.7    20.2    19.8    19.4
53960 20240318  2.622  -91.87   30.09    20.0     9.6    14.8    16.0     0.0    20.73 C    29.8     8.1    17.9    86.5    28.9    52.0   0.337   0.352   0.364   0.363   0.401    21.0    20.7    20.3    19.8    19.5
53960 20240319  2.622  -91.87   30.09    17.1     2.6     9.8    10.6     0.0    22.66 C    28.5     3.0    13.6    89.4    23.9    52.8   0.330   0.349   0.358   0.350   0.386    18.3    19.4    19.6    19.6    19.5
53960 20240320  2.622  -91.87   30.09    20.5     5.6    13.1    13.5     0.0    13.50 C    29.3     6.1    15.1    96.3    36.7    66.4   0.325   0.346   0.355   0.346   0.370    17.9    18.6    18.9    19.1    19.2
53960 20240321  2.622  -91.87   30.09    17.6    11.7    14.6    14.2    11.3     3.00 C    18.6    12.4    14.6    96.4    48.7    83.0   0.332   0.348   0.356   0.354   0.366    17.5    18.4    18.6    18.9    19.0
53960 20240322  2.622  -91.87   30.09    23.7    14.1    18.9    17.9    23.9    21.68 C    30.6    13.2    19.4    97.0    53.7    77.9   0.349   0.368   0.378   0.407   0.410    19.1    18.2    18.2    18.4    18.6
53960 20240323  2.622  -91.87   30.09    23.0    12.3    17.6    16.8     0.0    23.05 C    30.7    10.9    18.5    87.0    37.6    65.3   0.336   0.354   0.365   0.358   0.382    20.1    19.3    19.0    18.6    18.7
53960 20240324  2.622  -91.87   30.09    21.4     9.4    15.4    16.3     0.0    12.80 C    27.1     8.8    16.4    88.3    58.0    73.8   0.332   0.350   0.360   0.348   0.367    18.5    19.0    19.0    18.8    18.8
53960 20240325  2.622  -91.87   30.09    24.2    15.2    19.7    21.6     4.7     4.68 C    24.4    16.3    20.7    92.1    72.0    81.4   0.329   0.349   0.357   0.345   0.361    19.3    19.0    18.9    18.8    18.8
53960 20240326  2.622  -91.87   30.09    23.3    13.0    18.1    17.0    22.4    21.78 C    31.1    11.5    19.5    95.2    45.9    76.5   0.352   0.370   0.378   0.394   0.412    20.6    19.6    19.2    18.9    18.9
53960 20240327  2.622  -91.87   30.09    20.6     8.7    14.7    13.9     0.0    17.03 C    29.9     8.1    15.3    89.2    39.0    67.1   0.338   0.354   0.365   0.353   0.376    19.4    19.6    19.4    19.2    19.0
53960 20240328  2.622  -91.87   30.09    21.9     6.0    14.0    13.5     0.0    25.07 C    31.4     5.6    15.9    95.9    23.8    64.4   0.333   0.351   0.360   0.347   0.363    18.9    19.0    19.0    19.0    19.0
53960 20240329  2.622  -91.87   30.09    23.3     6.5    14.9    15.6     0.0    23.22 C    31.8     6.3    16.6    99.1    25.6    66.6   0.327   0.349   0.357   0.344   0.357    18.7    18.9    18.9    18.9    18.9
53960 20240330  2.622  -91.87   30.09    25.3    13.3    19.3    19.5     0.0    18.51 C    33.5    11.9    20.2    95.3    47.7    73.8   0.322   0.346   0.354   0.342   0.353    19.7    19.2    19.0    18.9    18.9
53960 20240331  2.622  -91.87   30.09    26.2    18.6    22.4    22.2     0.0    17.26 C    34.1    17.7    22.9    95.9    60.8    80.6   0.317   0.343   0.352   0.340   0.350    21.4    20.2    19.7    19.1    19.0
53960 20240401  2.622  -91.87   30.09    26.0    21.4    23.7    23.5     0.0    12.05 C    32.7    20.2    23.8    94.4    70.6    84.4   0.314   0.342   0.351   0.338   0.348    22.2    21.0    20.4    19.6    19.3
53960 20240402  2.622  -91.87   30.09    26.7    15.9    21.3    22.6     0.0    13.51 C    33.0    13.8    23.0    97.4    57.7    82.5   0.311   0.340   0.349   0.336   0.346    22.7    21.5    20.8    20.1    19.7
53960 20240403  2.622  -91.87   30.09    22.5    11.3    16.9    16.4     0.0    25.58 C    31.8     8.7    18.3    78.5    32.4    55.4   0.305   0.339   0.346   0.335   0.344    21.3    21.1    20.8    20.3    20.0
53960 20240404  2.622  -91.87   30.09    23.9     4.9    14.4    15.8     0.0    25.93 C    33.3     4.2    17.1    89.7    18.7    55.2   0.298   0.337   0.344   0.333   0.342    20.2    20.4    20.3    20.2    20.0
53960 20240405  2.622  -91.87   30.09    27.2    10.6    18.9    19.2     0.0    24.86 C    36.4     9.4    20.3    99.0    30.5    70.4   0.291   0.336   0.341   0.332   0.341    21.3    20.6    20.3    20.0    19.9
53960 20240406  2.622  -91.87   30.09    25.8    12.2    19.0    19.5     0.9    20.18 C    36.1    11.4    20.8    99.4    39.7    73.5   0.282   0.334   0.338   0.330   0.339    21.8    21.1    20.7    20.1    20.0
53960 20240407  2.622  -91.87   30.09    25.1    17.7    21.4    22.0     0.0     6.94 C    27.7    16.5    21.7    93.6    67.3    81.4   0.276   0.333   0.336   0.329   0.339    21.5    21.2    20.8    20.4    20.1
53960 20240408  2.622  -91.87   30.09    24.7    21.8    23.2    22.7     3.4     6.65 C    27.2    20.7    22.5    93.9    75.8    86.2   0.274   0.332   0.335   0.327   0.338    22.1    21.3    20.9    20.5    20.2
53960 20240409  2.622  -91.87   30.09    25.6    22.4    24.0    24.0     0.0     6.34 C    28.4    21.4    23.3    87.0    72.2    80.4   0.276   0.331   0.334   0.326   0.336    22.2    21.5    21.1    20.7    20.4
53960 20240410  2.622  -91.87   30.09    26.2    16.5    21.4    21.3    47.9    15.42 C    32.0    15.2    22.0    95.1    62.9    81.0   0.315   0.337   0.351   0.368   0.380    22.5    21.7    21.2    20.9    20.6
53960 20240411  2.622  -91.87   30.09    24.6    15.7    20.1    19.0     0.0    24.00 C    30.6    12.3    19.6    79.5    28.7    55.6   0.324   0.341   0.355   0.347   0.364    21.9    21.5    21.2    20.9    20.7
53960 20240412  2.622  -91.87   30.09    25.1     8.9    17.0    17.3     0.0    26.81 C    32.4     8.0    18.6    91.4    22.1    56.7   0.317   0.339   0.352   0.340   0.357    21.4    21.2    21.0    20.8    20.6
53960 20240413  2.622  -91.87   30.09    27.0     9.7    18.3    18.6     0.0    25.81 C    33.7     9.1    19.6    99.0    32.0    69.4   0.310   0.338   0.348   0.337   0.352    21.5    21.2    21.0    20.7    20.6
53960 20240414  2.622  -91.87   30.09    26.0    12.8    19.4    20.4     0.0    23.85 C    34.7    12.1    21.5    98.9    59.0    80.6   0.303   0.336   0.346   0.335   0.347    22.3    21.5    21.2    20.8    20.6
53960 20240415  2.622  -91.87   30.09    26.2    16.6    21.4    21.8     0.0    20.22 C    33.0    15.2    22.7    97.6    59.2    80.1   0.297   0.335   0.343   0.333   0.343    22.9    22.0    21.6    21.1    20.8
53960 20240416  2.622  -91.87   30.09    26.8    20.3    23.6    23.6     0.0    15.02 C    32.0    19.6    23.9    92.4    63.7    80.0   0.290   0.333   0.341   0.331   0.341    23.5    22.5    22.0    21.4    21.0
53960 20240417  2.622  -91.87   30.09    25.6    20.6    23.1    23.1     0.0     7.98 C    28.2    19.7    23.2    96.1    71.9    86.1   0.283   0.332   0.339   0.328   0.339    23.3    22.7    22.2    21.7    21.3
53960 20240418  2.622  -91.87   30.09    27.1    21.4    24.2    24.0     0.0    12.09 C    33.2    20.7    24.5    95.0    66.4    84.8   0.279   0.332   0.337   0.327   0.337    23.7    22.8    22.3    21.8    21.4
53960 20240419  2.622  -91.87   30.09    28.2    21.8    25.0    24.5     0.0    16.89 C    37.3    20.9    25.9    96.2    61.5    83.1   0.275   0.331   0.336   0.325   0.336    24.8    23.3    22.7    22.0    21.6
53960 20240420  2.622  -91.87   30.09    29.3    14.9    22.1    22.6     0.0    19.86 C    40.1    15.8    25.1    97.7    58.0    82.3   0.268   0.330   0.334   0.324   0.335    25.3    24.0    23.2    22.4    21.9
53960 20240421  2.622  -91.87   30.09    20.7    12.7    16.7    15.5     0.0    18.34 C    33.1    10.5    18.0    93.1    46.6    71.2   0.258   0.329   0.332   0.322   0.333    22.9    23.3    23.0    22.6    22.1
53960 20240422  2.622  -91.87   30.09    21.6     8.3    14.9    14.4     0.0    28.31 C    34.8     6.0    17.0    94.1    27.0    56.9   0.251   0.328   0.329   0.320   0.331    21.8    22.2    22.1    22.2    22.0
53960 20240423  2.622  -91.87   30.09    24.0     6.8    15.4    16.8     0.0    26.56 C    36.0     5.4    18.9    98.4    41.8    71.6   0.243   0.326   0.327   0.318   0.329    21.8    21.9    21.7    21.8    21.7
53960 20240424  2.622  -91.87   30.09    28.1    14.1    21.1    21.1     0.0    21.11 C    40.2    12.7    23.2    97.5    51.7    75.1   0.236   0.325   0.325   0.316   0.328    23.3    22.4    22.0    21.7    21.6
53960 20240425  2.622  -91.87   30.09    27.8    14.8    21.3    22.0     0.0    25.28 C    39.3    13.6    23.9    98.2    45.1    75.0   0.225   0.324   0.322   0.313   0.327    24.1    23.0    22.4    22.0    21.7
53960 20240426  2.622  -91.87   30.09    27.7    20.6    24.2    24.1     0.0    17.21 C    36.9    19.5    25.2    91.1    65.9    78.0   0.211   0.322   0.319   0.312   0.326    24.5    23.5    22.9    22.3    21.9
53960 20240427  2.622  -91.87   30.09    28.9    21.3    25.1    24.8     0.0    20.82 C    36.5    19.8    25.7    90.7    54.6    73.2   0.196   0.320   0.316   0.309   0.325    24.9    23.8    23.1    22.5    22.1
53960 20240428  2.622  -91.87   30.09    29.3    21.9    25.6    25.2     0.0    18.96 C    39.9    20.6    26.4    85.8    57.4    73.8   0.178   0.318   0.314   0.306   0.323    25.3    24.1    23.4    22.8    22.3
53960 20240429  2.622  -91.87   30.09    23.6    15.4    19.5    19.3    65.9     2.48 C    23.0    14.3    19.3    99.1    84.6    92.3   0.273   0.325   0.345   0.358   0.369    22.4    23.3    23.0    22.9    22.5
53960 20240430  2.622  -91.87   30.09    28.8    14.1    21.4    20.8     0.0    26.33 C    36.5    13.9    23.6    99.3    40.9    80.2   0.312   0.332   0.352   0.343   0.373    23.5    22.6    22.3    22.3    22.2
53960 20240501  2.622  -91.87   30.09    29.4    15.8    22.6    23.2     0.0    25.06 C    37.5    15.9    25.4    98.6    58.5    84.3   0.302   0.331   0.347   0.334   0.357    24.9    23.7    23.0    22.5    22.2
53960 20240502  2.622  -91.87   30.09    26.2    22.8    24.5    24.2     1.7     4.87 C    28.2    22.2    24.4    96.1    80.6    89.5   0.296   0.331   0.345   0.330   0.347    24.8    24.2    23.7    22.9    22.5
53960 20240503  2.622  -91.87   30.09    24.4    19.3    21.9    21.8    15.3     6.34 C    31.4    18.6    22.2    96.6    68.1    90.2   0.316   0.333   0.352   0.325   0.340    23.8    23.7    23.4    23.1    22.7
53960 20240504  2.622  -91.87   30.09    29.3    18.9    24.1    23.7     0.0    20.71 C    36.3    18.1    25.0    97.6    61.9    83.3   0.324   0.337   0.354   0.323   0.336    24.6    23.6    23.3    23.0    22.7
53960 20240505  2.622  -91.87   30.09    27.8    20.5    24.2    24.1     0.0    10.21 C    31.3    20.4    24.5    97.6    66.3    86.7   0.319   0.337   0.351   0.321   0.333    24.9    24.2    23.7    23.2    22.8
53960 20240506  2.622  -91.87   30.09    28.8    19.6    24.2    24.9     0.0    18.40 C    34.8    19.7    25.9    98.3    67.2    84.6   0.315   0.336   0.350   0.319   0.330    25.3    24.3    23.8    23.4    23.0
53960 20240507  2.622  -91.87   30.09    29.1    25.0    27.0    26.5     0.0    16.61 C    35.4    23.9    27.4    88.2    70.8    82.1   0.309   0.335   0.347   0.317   0.328    26.2    24.9    24.3    23.7    23.2
53960 20240508  2.622  -91.87   30.09    29.2    25.1    27.1    26.8     0.0    14.21 C    35.1    24.0    27.4    88.9    71.4    82.9   0.303   0.333   0.344   0.315   0.327    26.6    25.4    24.7    24.0    23.5
53960 20240509  2.622  -91.87   30.09    30.7    25.4    28.1    27.3     0.3    18.52 C    38.0    24.9    28.6    94.5    68.4    84.1   0.297   0.332   0.342   0.312   0.326    27.4    25.8    25.0    24.4    23.7
53960 20240510  2.622  -91.87   30.09    30.4    21.0    25.7    26.1     0.0    22.32 C    38.5    19.3    27.6    96.0    50.6    72.8   0.291   0.331   0.340   0.310   0.325    28.1    26.5    25.5    24.8    24.1
53960 20240511  2.622  -91.87   30.09    27.8    19.3    23.6    23.1     0.0    24.74 C    34.9    18.0    24.3    83.4    41.4    59.6   0.280   0.330   0.336   0.308   0.323    26.6    26.1    25.5    25.0    24.4
53960 20240512  2.622  -91.87   30.09    26.1    19.1    22.6    22.7     3.7     5.05 C    27.8    18.8    22.6    92.2    62.8    81.0   0.272   0.328   0.333   0.305   0.321    25.0    25.3    25.1    25.0    24.4
53960 20240513  2.622  -91.87   30.09    29.1    19.4    24.3    24.7    44.3     8.12 C    34.4    19.1    24.9    95.1    76.8    87.4   0.291   0.332   0.343   0.333   0.345    25.1    24.9    24.6    24.7    24.4
53960 20240514  2.622  -91.87   30.09    29.4    18.0    23.7    23.5     0.0    26.00 C    34.5    17.6    24.6    98.1    44.7    76.0   0.332   0.343   0.362   0.346   0.367    25.4    24.7    24.4    24.5    24.2
53960 20240515  2.622  -91.87   30.09    30.9    16.9    23.9    24.1     0.0    27.96 C    39.5    16.1    25.5    98.6    37.1    69.5   0.323   0.340   0.356   0.333   0.353    26.0    25.1    24.7    24.5    24.1
53960 20240516  2.622  -91.87   30.09    30.4    18.1    24.3    24.1    21.4    19.76 C    38.1    17.7    25.3    95.9    44.3    75.6   0.321   0.340   0.355   0.339   0.351    25.6    25.3    24.9    24.7    24.3
53960 20240517  2.622  -91.87   30.09    26.0    21.4    23.7    23.3     4.5     7.49 C    31.8    21.6    24.6    96.7    86.6    93.0   0.344   0.351   0.371   0.353   0.368    25.2    25.0    24.7    24.7    24.4
53960 20240518  2.622  -91.87   30.09    30.3    19.9    25.1    24.9     1.8    22.98 C    39.8    19.9    27.4    96.7    54.6    79.6   0.344   0.352   0.370   0.336   0.353    26.7    25.4    24.9    24.6    24.3
53960 20240519  2.622  -91.87   30.09    31.5    19.4    25.5    25.8     0.0    23.90 C    40.2    19.5    28.0    98.2    46.3    77.4   0.335   0.346   0.362   0.334   0.350    27.4    26.2    25.5    24.9    24.4
53960 20240520  2.622  -91.87   30.09    31.5    21.0    26.2    26.3     0.0    26.55 C    39.8    20.7    28.2    97.8    42.0    74.8   0.327   0.342   0.358   0.331   0.345    28.0    26.7    26.0    25.2    24.7
53960 20240521  2.622  -91.87   30.09    30.9    21.5    26.2    25.9     0.0    22.57 C    39.3    20.2    27.2    97.7    58.4    79.6   0.318   0.339   0.354   0.328   0.340    27.4    26.8    26.2    25.5    25.0
53960 20240522  2.622  -91.87   30.09    29.9    23.2    26.5    26.3     0.0    19.19 C    38.5    22.6    27.9    91.5    65.2    81.7   0.312   0.337   0.351   0.325   0.337    27.4    26.7    26.2    25.7    25.1
53960 20240523  2.622  -91.87   30.09    30.6    23.7    27.1    26.9     0.0    20.43 C    39.1    23.4    28.4    94.1    64.3    80.1   0.313   0.335   0.348   0.322   0.334    27.6    26.9    26.3    25.8    25.3
53960 20240524  2.622  -91.87   30.09    30.7    25.4    28.0    27.6     0.0    23.76 C    39.7    24.0    29.2    91.3    62.7    79.3   0.312   0.334   0.344   0.319   0.330    28.0    27.1    26.5    26.0    25.4
53960 20240525  2.622  -91.87   30.09    31.0    23.5    27.2    27.5     0.0    25.06 C    40.2    22.3    29.5    97.5    61.9    80.5   0.303   0.332   0.341   0.315   0.326    28.5    27.5    26.8    26.2    25.6
53960 20240526  2.622  -91.87   30.09    30.8    24.9    27.8    27.9     0.0    23.65 C    39.7    23.7    29.4    92.2    62.2    78.7   0.293   0.331   0.337   0.311   0.324    28.5    27.6    27.0    26.5    25.8
53960 20240527  2.622  -91.87   30.09    33.2    24.9    29.0    28.7     0.0    20.84 C    42.9    24.1    30.6    97.1    61.3    82.1   0.285   0.329   0.333   0.307   0.322    29.1    27.9    27.3    26.7    26.0
53960 20240528  2.622  -91.87   30.09    33.6    18.8    26.2    24.5    31.9    13.22 C    41.0    18.4    25.4    97.9    52.2    85.7   0.312   0.330   0.339   0.332   0.341    27.8    27.9    27.3    26.9    26.3
53960 20240529  2.622  -91.87   30.09    31.3    18.4    24.8    24.1     0.5    18.23 C    40.0    18.2    25.8    97.3    60.2    84.0   0.345   0.334   0.352   0.340   0.366    26.6    26.5    26.4    26.6    26.2
53960 20240530  2.622  -91.87   30.09    31.0    19.6    25.3    25.6    11.9    18.77 C    40.8    19.9    27.3    97.7    57.4    79.0   0.338   0.335   0.351   0.329   0.350    27.4    26.8    26.5    26.3    26.0
53960 20240531  2.622  -91.87   30.09    27.2    19.7    23.4    22.1    24.2     6.44 C    30.2    20.5    22.9    96.8    79.6    91.6   0.377   0.352   0.371   0.364   0.369    26.1    26.4    26.3    26.4    26.0
53960 20240601  2.622  -91.87   30.09    31.8    21.3    26.5    25.4     4.9    14.13 C    39.9    20.9    26.8    97.3    63.3    88.3   0.375   0.353   0.371   0.345   0.368    26.7    26.2    25.9    26.0    25.8
53960 20240602  2.622  -91.87   30.09    29.4    21.3    25.4    24.4    14.8     9.67 C    36.7    21.5    25.4    96.4    72.7    90.4   0.384   0.363   0.379   0.367   0.383    26.5    26.2    26.1    26.0    25.8
53960 20240603  2.622  -91.87   30.09    30.6    20.7    25.7    26.3     1.7    22.89 C    37.5    21.2    27.9    97.4    63.8    83.0   0.372   0.351   0.368   0.342   0.364    27.3    26.6    26.2    26.0    25.7
53960 20240604  2.622  -91.87   30.09    30.9    20.2    25.6    25.0     0.4    19.75 C    37.2    20.8    26.3    95.2    64.0    81.6   0.360   0.347   0.361   0.337   0.362    27.7    27.1    26.6    26.2    25.8
53960 20240605  2.622  -91.87   30.09    29.7    21.5    25.6    26.2     6.0    12.72 C    34.6    21.0    26.3    96.5    69.6    85.0   0.359   0.346   0.360   0.334   0.356    26.9    26.7    26.5    26.3    25.9
53960 20240606  2.622  -91.87   30.09    31.5    22.0    26.7    26.8     0.0    26.88 C    38.9    21.2    28.8    98.6    52.1    78.5   0.359   0.346   0.360   0.333   0.350    27.9    26.9    26.5    26.2    25.9
53960 20240607  2.622  -91.87   30.09    33.1    22.0    27.6    27.5     0.0    26.64 C    40.4    21.6    29.6    97.9    50.3    77.6   0.349   0.342   0.356   0.331   0.345    28.8    27.8    27.1    26.5    26.0
53960 20240608  2.622  -91.87   30.09    34.0    21.9    27.9    27.9     0.0    28.12 C    41.2    21.5    29.9    94.3    46.9    74.0   0.340   0.339   0.353   0.328   0.342    29.3    28.3    27.6    26.8    26.3
53960 20240609  2.622  -91.87   30.09    32.5    22.5    27.5    27.4     0.0    26.20 C    41.0    22.3    29.4    98.2    54.6    77.8   0.330   0.336   0.349   0.326   0.338    29.5    28.6    27.9    27.1    26.5
53960 20240610  2.622  -91.87   30.09    31.8    22.1    26.9    26.8     0.0    21.93 C    40.9    21.9    29.0    97.3    58.3    80.8   0.320   0.335   0.345   0.323   0.336    29.2    28.5    27.9    27.4    26.8
53960 20240611  2.622  -91.87   30.09    32.1    23.0    27.5    27.2     0.0    26.66 C    40.9    22.7    29.6    97.2    51.9    75.3   0.310   0.333   0.341   0.321   0.333    29.6    28.7    28.0    27.5    26.9
53960 20240612  2.622  -91.87   30.09    31.8    21.0    26.4    26.5     0.0    23.02 C    41.9    21.2    28.6    93.8    53.4    72.3   0.297   0.331   0.337   0.317   0.328    29.4    28.8    28.2    27.6    27.0
53960 20240613  2.622  -91.87   30.09    32.3    20.7    26.5    26.1     0.0    26.14 C    41.1    20.7    28.5    93.2    46.9    70.5   0.287   0.329   0.333   0.314   0.326    29.3    28.7    28.1    27.7    27.1
53960 20240614  2.622  -91.87   30.09    33.7    20.0    26.8    27.1     0.0    24.63 C    42.3    20.0    29.5    94.6    46.9    73.5   0.276   0.328   0.329   0.310   0.324    29.3    28.7    28.1    27.7    27.2
53960 20240615  2.622  -91.87   30.09    34.0    22.1    28.1    28.1     0.0    22.08 C    41.7    21.3    29.3    97.8    42.8    71.7   0.263   0.326   0.325   0.306   0.321    29.6    28.9    28.3    27.8    27.3
53960 20240616  2.622  -91.87   30.09    33.1    22.0    27.5    26.0     5.8    13.88 C    40.3    21.2    27.1    97.3    59.3    86.7   0.254   0.324   0.321   0.303   0.319    28.7    28.5    28.1    27.9    27.4
53960 20240617  2.622  -91.87   30.09    31.7    23.9    27.8    26.0     1.6    11.32 C    37.2    24.1    26.7    94.9    61.3    87.8   0.253   0.323   0.319   0.300   0.317    28.3    28.1    27.8    27.8    27.3
53960 20240618  2.622  -91.87   30.09    27.3    23.6    25.4    25.5     1.4     4.80 C    28.1    23.7    25.5    94.3    76.4    88.5   0.254   0.322   0.319   0.298   0.314    27.5    27.5    27.4    27.6    27.2
53960 20240619  2.622  -91.87   30.09    32.5    24.0    28.2    27.5     0.4    21.60 C    37.4    23.2    27.9    88.8    59.5    77.0   0.256   0.322   0.318   0.295   0.313    28.0    27.4    27.2    27.3    27.0
53960 20240620  2.622  -91.87   30.09    32.2    23.0    27.6    26.8     6.9    19.30 C    39.8    22.2    27.6    90.9    60.2    79.8   0.256   0.321   0.317   0.292   0.313    28.3    27.8    27.5    27.3    27.0
53960 20240621  2.622  -91.87   30.09    33.1    22.3    27.7    27.0     0.0    24.48 C    40.2    21.8    28.7    96.7    54.6    80.8   0.263   0.321   0.316   0.289   0.310    28.7    28.0    27.6    27.3    27.0
53960 20240622  2.622  -91.87   30.09    32.5    22.2    27.4    27.4     0.0    26.22 C    39.5    21.1    29.0    98.4    44.8    76.5   0.255   0.320   0.315   0.286   0.306    29.1    28.4    27.9    27.5    27.1
53960 20240623  2.622  -91.87   30.09    33.3    22.0    27.6    27.7     0.0    22.44 C    41.6    21.4    29.5    97.7    53.6    78.8   0.245   0.318   0.313   0.281   0.305    29.3    28.6    28.0    27.7    27.2
53960 20240624  2.622  -91.87   30.09    33.3    23.6    28.4    28.4     0.0    23.83 C    42.8    23.1    30.3    97.8    53.0    78.7   0.232   0.317   0.310   0.278   0.303    29.7    28.8    28.3    27.9    27.4
53960 20240625  2.622  -91.87   30.09    33.7    24.3    29.0    28.1    13.2    20.60 C    43.4    23.5    29.7    97.1    53.8    82.0   0.227   0.317   0.307   0.273   0.300    29.8    29.0    28.4    28.1    27.5
53960 20240626  2.622  -91.87   30.09    33.6    23.1    28.3    28.2     0.0    23.15 C    39.8    23.6    29.3    95.0    58.5    78.3   0.247   0.318   0.306   0.270   0.297    29.8    29.0    28.5    28.2    27.7
53960 20240627  2.622  -91.87   30.09    33.3    23.4    28.4    28.3     1.5    18.77 C    40.0    23.6    29.6    95.5    57.1    78.7   0.242   0.315   0.305   0.267   0.295    29.8    29.0    28.5    28.2    27.8
53960 20240628  2.622  -91.87   30.09    32.5    24.4    28.4    27.4    16.3    16.85 C    39.0    24.7    28.8    95.7    62.6    85.3   0.261   0.315   0.304   0.263   0.294    29.8    29.1    28.6    28.3    27.8
53960 20240629  2.622  -91.87   30.09    33.8    25.6    29.7    29.8     0.0    26.75 C    41.0    25.0    31.5    94.0    43.7    73.6   0.304   0.315   0.306   0.260   0.292    30.3    29.2    28.7    28.4    27.9
53960 20240630  2.622  -91.87   30.09    34.5    24.7    29.6    29.6     0.0    22.63 C    42.4    24.7    31.7    97.3    51.9    77.1   0.283   0.314   0.308   0.257   0.290    30.9    29.7    29.1    28.7    28.1
53960 20240701  2.622  -91.87   30.09    34.7    25.1    29.9    29.7     0.0    26.06 C    41.7    25.3    32.2    96.2    51.7    76.3   0.263   0.313   0.307   0.255   0.288    31.4    30.1    29.4    28.9    28.3
53960 20240702  2.622  -91.87   30.09 -9999.0 -9999.0 -9999.0 -9999.0 -9999.0 -9999.00 U -9999.0 -9999.0 -9999.0 -9999.0 -9999.0 -9999.0 -99.000 -99.000 -99.000 -99.000 -99.000 -9999.0 -9999.0 -9999.0 -9999.0 -9999.0
