94074 20240101  2.622 -104.76   40.81    12.4   -10.0     1.2     0.0     0.0     8.61 C    17.9   -12.3    -2.5    89.3    21.5    57.0 -99.000 -99.000   0.032   0.064   0.116    -1.0    -0.1     0.5     1.8     3.4
94074 20240102  2.622 -104.76   40.81     7.0   -10.2    -1.6    -2.8     0.0     9.75 C    13.6   -12.8    -4.5    84.4    36.9    65.7 -99.000 -99.000 -99.000   0.063   0.115    -1.1    -0.1     0.4     1.7     3.3
94074 20240103  2.622 -104.76   40.81     5.9   -10.3    -2.2    -3.0     0.0     9.62 C    12.7   -13.6    -4.6    84.8    30.0    58.7 -99.000 -99.000 -99.000   0.063   0.115    -1.4    -0.4     0.2     1.5     3.2
94074 20240104  2.622 -104.76   40.81    -2.0   -10.1    -6.0    -5.8     0.0     2.29 C     3.6   -12.6    -5.2    95.6    78.8    90.3 -99.000 -99.000 -99.000   0.063   0.115    -1.4    -0.4     0.1     1.4     3.1
94074 20240105  2.622 -104.76   40.81     5.0   -10.3    -2.7    -2.7     0.0     5.35 C    10.4   -12.3    -3.7    85.5    29.7    61.7 -99.000 -99.000 -99.000   0.063   0.115    -1.4    -0.6     0.0     1.3     3.0
94074 20240106  2.622 -104.76   40.81     4.0   -11.8    -3.9    -4.5     0.0    10.01 C     9.4   -16.4    -6.1    86.7    15.4    51.2 -99.000 -99.000 -99.000   0.063   0.115    -1.8    -0.7    -0.1     1.2     2.9
94074 20240107  2.622 -104.76   40.81     3.8   -11.3    -3.7    -4.3     0.0     4.70 C    12.2   -13.5    -4.8    81.8    20.6    51.6 -99.000 -99.000 -99.000   0.063   0.115    -2.0    -1.1    -0.4     1.0     2.8
94074 20240108  2.622 -104.76   40.81    -1.9   -10.9    -6.4    -6.6     0.0    10.16 C     4.5   -14.3    -6.4    77.0    35.9    57.1 -99.000 -99.000 -99.000   0.064   0.114    -2.2    -1.2    -0.5     0.9     2.6
94074 20240109  2.622 -104.76   40.81     5.2   -18.6    -6.7    -4.5     0.0     8.52 C    11.5   -19.8    -5.3    77.8    22.0    41.8 -99.000 -99.000 -99.000   0.067   0.115    -2.8    -1.8    -1.0     0.6     2.5
94074 20240110  2.622 -104.76   40.81     2.9   -11.4    -4.3    -2.7     0.0     8.79 C     7.2   -15.2    -4.4    55.8    12.4    32.7 -99.000 -99.000 -99.000   0.070   0.114    -2.0    -1.2    -0.7     0.5     2.3
94074 20240111  2.622 -104.76   40.81    -5.2   -19.1   -12.2   -10.7     0.0     8.45 C     0.3   -21.0   -10.0    81.9    47.8    62.1 -99.000 -99.000 -99.000 -99.000   0.114    -3.2    -1.9    -1.0     0.4     2.3
94074 20240112  2.622 -104.76   40.81     0.8   -22.1   -10.7   -11.5     2.4     7.61 C     6.7   -22.7   -11.3    82.0    19.9    55.5 -99.000 -99.000 -99.000 -99.000   0.114    -4.6    -3.3    -2.2    -0.1     2.1
94074 20240113  2.622 -104.76   40.81   -20.2   -27.9   -24.1   -23.1     2.6     9.18 C   -15.3   -30.2   -21.8    78.6    59.2    70.5 -99.000 -99.000 -99.000 -99.000   0.113    -4.9    -3.7    -2.5    -0.6     1.8
94074 20240114  2.622 -104.76   40.81   -14.7   -22.5   -18.6   -20.0     1.7     8.99 C    -8.1   -23.9   -18.8    80.1    57.6    72.7 -99.000 -99.000 -99.000 -99.000   0.114    -4.8    -3.8    -2.8    -0.9     1.5
94074 20240115  2.622 -104.76   40.81   -16.8   -33.9   -25.3   -23.4     0.4     7.68 C   -16.9   -41.1   -26.1    85.8    46.2    67.0 -99.000 -99.000 -99.000 -99.000   0.113    -5.4    -4.3    -3.0    -1.1     1.3
94074 20240116  2.622 -104.76   40.81    -6.0   -31.6   -18.8   -16.7     0.0     9.12 C    -6.9   -39.8   -22.5    75.7    31.0    56.9 -99.000 -99.000 -99.000 -99.000   0.113    -6.2    -5.1    -3.8    -1.6     1.1
94074 20240117  2.622 -104.76   40.81     2.9   -13.4    -5.2    -3.7     0.0     6.15 C    -0.1   -18.5    -9.1    69.7    34.7    50.2 -99.000 -99.000 -99.000 -99.000   0.112    -4.4    -3.9    -3.3    -1.7     0.8
94074 20240118  2.622 -104.76   40.81     5.9   -16.2    -5.1    -6.8     0.0     7.97 C     0.2   -20.5    -9.4    80.9    41.5    64.2 -99.000 -99.000 -99.000 -99.000   0.112    -3.4    -2.9    -2.5    -1.4     0.6
94074 20240119  2.622 -104.76   40.81    -2.8   -18.3   -10.5   -10.0     0.0     9.59 C    -1.7   -22.9   -11.0    87.1    57.9    74.0 -99.000 -99.000 -99.000 -99.000   0.112    -3.8    -3.1    -2.5    -1.2     0.6
94074 20240120  2.622 -104.76   40.81     1.4   -15.6    -7.1    -7.4     0.0     6.56 C     1.0   -18.3    -9.4    90.3    51.2    78.5 -99.000 -99.000 -99.000 -99.000   0.112    -3.4    -2.8    -2.3    -1.1     0.6
94074 20240121  2.622 -104.76   40.81     8.1    -3.6     2.2     2.6     0.0     5.14 C     2.2    -9.2    -2.1    83.4    44.5    64.1 -99.000 -99.000 -99.000 -99.000   0.112    -2.1    -1.9    -1.8    -0.9     0.6
94074 20240122  2.622 -104.76   40.81     9.7    -4.0     2.9     2.8     0.0     7.00 C     6.6    -4.9    -0.4    89.1    40.7    67.7 -99.000 -99.000 -99.000 -99.000   0.112    -0.7    -0.7    -0.8    -0.4     0.7
94074 20240123  2.622 -104.76   40.81     9.6    -6.1     1.8     1.4     0.0    11.11 C    11.7    -6.7     0.6    92.8    41.0    73.0 -99.000 -99.000 -99.000 -99.000   0.113    -0.6    -0.3    -0.3     0.0     1.0
94074 20240124  2.622 -104.76   40.81    10.1    -4.0     3.0     2.0     0.0     5.69 C    15.0    -5.1     0.8    91.2    31.5    71.2 -99.000 -99.000 -99.000 -99.000   0.112    -0.5    -0.2    -0.1     0.3     1.2
94074 20240125  2.622 -104.76   40.81     9.1    -6.3     1.4     1.0     0.0    10.34 C    14.7    -7.7     0.5    89.1    38.0    68.0 -99.000 -99.000 -99.000   0.067   0.113    -0.5    -0.1     0.0     0.5     1.3
94074 20240126  2.622 -104.76   40.81     8.0    -3.4     2.3     1.9     0.0     8.67 C    15.4    -4.9     1.7    81.2    34.5    58.9 -99.000 -99.000 -99.000   0.064   0.113    -0.4     0.0     0.1     0.6     1.5
94074 20240127  2.622 -104.76   40.81     9.0    -8.5     0.2    -0.4     0.0    12.30 C    14.1   -10.2    -1.5    83.1    21.1    54.8 -99.000 -99.000 -99.000   0.065   0.114    -0.4     0.0     0.2     0.8     1.6
94074 20240128  2.622 -104.76   40.81    15.2    -4.7     5.3     5.6     0.0    12.16 C    18.4    -7.1     2.6    72.4    23.4    46.8 -99.000   0.038 -99.000   0.065   0.114    -0.3     0.1     0.3     0.8     1.7
94074 20240129  2.622 -104.76   40.81    15.3    -1.4     6.9     6.1     0.0    11.74 C    21.6    -5.4     4.0    81.4    28.8    57.8 -99.000   0.050   0.046   0.064   0.113     0.8     0.8     0.8     1.0     1.8
94074 20240130  2.622 -104.76   40.81    15.5    -3.7     5.9     4.2     0.0    12.79 C    23.2    -7.1     2.8    87.4    18.4    56.3 -99.000   0.060   0.040   0.062   0.113     1.1     1.3     1.3     1.3     1.9
94074 20240131  2.622 -104.76   40.81    16.9    -4.1     6.4     5.0     0.0    12.47 C    24.3    -8.5     3.1    76.7    10.0    43.6 -99.000   0.066   0.041   0.063   0.114     1.3     1.5     1.5     1.6     2.0
94074 20240201  2.622 -104.76   40.81    16.9    -4.1     6.4     5.8     0.0    12.73 C    26.4    -6.8     4.4    79.2    14.3    43.3   0.079   0.066   0.042   0.064   0.113     2.1     2.1     2.0     1.8     2.2
94074 20240202  2.622 -104.76   40.81    11.5    -4.5     3.5     3.4     1.3     9.42 C    20.7    -7.1     3.3    97.8    30.5    66.5 -99.000   0.066   0.041   0.064   0.114     1.8     2.0     2.0     2.1     2.4
94074 20240203  2.622 -104.76   40.81     3.1    -2.9     0.1     1.1    14.1     1.02 C     4.1    -3.6     1.0    98.1    91.8    96.2   0.093   0.074   0.044   0.065   0.115     2.1     2.5     2.5     2.4     2.6
94074 20240204  2.622 -104.76   40.81     4.9    -7.2    -1.2    -0.7     0.0    13.22 C    14.0    -7.1     0.3    96.5    61.9    83.0   0.103   0.097   0.042   0.064   0.115     1.6     1.9     2.1     2.4     2.7
94074 20240205  2.622 -104.76   40.81    10.5    -8.1     1.2     0.1     0.0    13.50 C    19.3    -8.3     0.8    93.1    32.0    76.2 -99.000   0.098   0.041   0.064   0.115     0.9     1.4     1.7     2.3     2.8
94074 20240206  2.622 -104.76   40.81    13.3    -4.9     4.2     2.7     0.0     7.74 C    19.7    -6.4     1.9    92.3    22.5    66.9 -99.000   0.098   0.044   0.064   0.115     1.3     1.6     1.7     2.1     2.8
94074 20240207  2.622 -104.76   40.81    10.4    -4.5     2.9     2.3     0.4     5.47 C    10.5    -5.9     0.8    90.9    36.0    67.6 -99.000   0.099   0.046   0.065   0.115     1.3     1.7     1.9     2.2     2.8
94074 20240208  2.622 -104.76   40.81     9.1    -4.7     2.2     3.0     0.0     9.11 C    13.9    -8.2     1.5    73.1    19.8    45.4   0.097   0.099   0.048   0.066   0.115     1.6     1.9     1.9     2.3     2.8
94074 20240209  2.622 -104.76   40.81     5.6    -6.4    -0.4    -0.9     8.9     9.15 C    16.8    -9.0     0.3    95.1    44.1    74.6 -99.000   0.098   0.049   0.065   0.115     1.3     1.7     1.8     2.3     2.9
94074 20240210  2.622 -104.76   40.81    -1.5   -11.5    -6.5    -5.1     0.4     9.10 C    -1.9   -17.1    -6.3    93.5    70.5    85.5   0.094   0.098   0.050   0.065   0.115     1.3     1.7     1.9     2.3     2.9
94074 20240211  2.622 -104.76   40.81     1.9   -17.5    -7.8    -6.4     0.0    14.86 C     1.2   -22.8    -8.7    93.4    37.4    74.1 -99.000   0.097   0.052   0.065   0.115     0.5     1.1     1.5     2.2     2.9
94074 20240212  2.622 -104.76   40.81     5.5   -10.3    -2.4    -1.1     0.0    13.15 C    11.0   -10.9    -1.9    83.4    38.1    60.5 -99.000   0.103   0.053   0.066   0.115     0.2     0.7     1.1     1.9     2.9
94074 20240213  2.622 -104.76   40.81     7.2    -5.9     0.7     0.3     0.0    14.62 C    17.6    -7.2     0.8    78.4    31.3    55.4 -99.000   0.105   0.055   0.066   0.115     0.7     0.9     1.2     1.8     2.8
94074 20240214  2.622 -104.76   40.81     9.3    -6.1     1.6     0.5     0.0     9.94 C    17.0    -7.0     0.7    96.4    26.5    67.9 -99.000   0.102   0.059   0.066   0.115     0.8     1.1     1.3     1.8     2.7
94074 20240215  2.622 -104.76   40.81     9.3    -5.7     1.8    -0.8     0.0     9.65 C    21.5    -5.6     2.1    96.8    34.3    79.9 -99.000   0.103   0.062   0.066   0.115     1.6     1.6     1.6     1.9     2.7
94074 20240216  2.622 -104.76   40.81    -5.0   -11.2    -8.1    -7.5     0.7     2.61 C    -1.3   -11.3    -5.6    94.4    72.1    86.3 -99.000   0.101   0.064   0.065   0.115     0.5     1.2     1.6     2.2     2.8
94074 20240217  2.622 -104.76   40.81     1.1   -19.1    -9.0    -8.0     0.0    16.04 C    11.4   -21.8    -6.7    86.9    47.7    72.4 -99.000   0.098   0.065   0.065   0.115     0.0     0.7     1.0     1.8     2.8
94074 20240218  2.622 -104.76   40.81     8.1   -10.4    -1.2    -0.8     0.0    12.30 C    18.7   -12.9    -0.9    82.7    15.2    49.9 -99.000   0.108   0.066   0.065   0.115    -0.3     0.4     0.7     1.6     2.7
94074 20240219  2.622 -104.76   40.81    12.2    -4.4     3.9     4.7     0.0    15.60 C    21.0    -6.4     3.9    76.8    16.6    41.8 -99.000   0.105   0.065   0.065   0.115     1.1     1.0     1.0     1.5     2.6
94074 20240220  2.622 -104.76   40.81    16.8    -6.0     5.4     6.3     0.0    15.00 C    23.2    -7.4     4.9    82.6    21.8    52.9 -99.000   0.100   0.068   0.066   0.115     2.1     1.9     1.9     1.9     2.6
94074 20240221  2.622 -104.76   40.81    14.4    -3.5     5.5     5.4     0.0    12.78 C    25.3    -6.2     5.6    90.1    25.1    59.8   0.099   0.100   0.070   0.065   0.115     3.1     2.9     2.7     2.5     2.7
94074 20240222  2.622 -104.76   40.81     9.7    -4.2     2.7     2.7     0.4     9.34 C    19.0    -7.1     3.1    93.5    30.6    67.9   0.098   0.100   0.071   0.065   0.116     3.3     3.4     3.3     3.0     3.0
94074 20240223  2.622 -104.76   40.81    10.6    -3.6     3.5     3.1     0.0    17.01 C    20.1    -8.2     2.4    61.8    15.4    36.4   0.096   0.099   0.071   0.067   0.116     2.5     2.8     2.9     3.1     3.2
94074 20240224  2.622 -104.76   40.81    14.9    -9.4     2.8     5.0     0.0    16.84 C    23.4   -11.1     3.0    75.9     8.3    29.7   0.096   0.098   0.070   0.066   0.115     2.1     2.5     2.6     3.0     3.3
94074 20240225  2.622 -104.76   40.81    16.5     2.9     9.7    10.4     0.0    17.08 C    25.3    -4.4     8.3    29.4     7.3    15.7   0.095   0.098   0.071   0.066   0.115     3.4     3.3     3.1     3.1     3.4
94074 20240226  2.622 -104.76   40.81    15.7    -2.0     6.8     9.2     0.0    17.24 C    22.8    -6.8     7.6    62.7    11.3    27.6   0.095   0.098   0.073   0.067   0.115     4.3     4.2     4.0     3.6     3.5
94074 20240227  2.622 -104.76   40.81     4.1    -6.8    -1.4    -2.3     1.0    15.19 C    10.0    -8.3    -2.2    87.9    15.3    49.6   0.093   0.097   0.073   0.066   0.115     2.2     3.1     3.5     3.8     3.8
94074 20240228  2.622 -104.76   40.81     8.6   -15.2    -3.3    -2.6     0.0    17.75 C    21.8   -15.9    -0.4    75.7    14.2    39.4 -99.000   0.096   0.071   0.067   0.116     1.1     1.9     2.3     3.2     3.8
94074 20240229  2.622 -104.76   40.81    16.2    -6.9     4.7     3.8     0.0    17.95 C    32.5   -10.5     4.6    63.0    10.1    34.0 -99.000   0.096   0.071   0.067   0.115     2.3     2.4     2.5     2.9     3.6
94074 20240301  2.622 -104.76   40.81    17.1    -4.4     6.3     6.6     0.0    17.01 C    31.4    -8.1     6.2    56.4    10.8    30.7   0.091   0.096   0.072   0.068   0.114     3.2     3.2     3.1     3.2     3.6
94074 20240302  2.622 -104.76   40.81    19.2    -5.0     7.1     7.9     0.0    16.62 C    32.7    -8.0     7.5    66.6     6.3    32.6   0.091   0.096   0.072   0.067   0.115     3.8     3.7     3.6     3.6     3.7
94074 20240303  2.622 -104.76   40.81     9.2    -2.2     3.5     2.4     0.0    17.99 C    22.6    -9.2     4.8    76.4    11.5    32.5   0.090   0.096   0.073   0.068   0.116     4.0     4.2     4.1     4.0     3.8
94074 20240304  2.622 -104.76   40.81     5.8    -7.0    -0.6     0.3     0.0    11.80 C    24.4   -10.3     2.4    74.6    24.6    44.7   0.089   0.095   0.073   0.068   0.117     3.2     3.6     3.8     4.0     4.0
94074 20240305  2.622 -104.76   40.81     7.2    -9.3    -1.0    -0.7     0.0    15.73 C    22.5   -12.8     0.8    88.6    26.6    54.3   0.088   0.094   0.072   0.068   0.117     2.8     3.2     3.5     3.9     4.0
94074 20240306  2.622 -104.76   40.81    13.8    -9.8     2.0     3.1     0.0    16.91 C    33.0   -11.4     5.7    89.5    16.9    52.8   0.088   0.095   0.071   0.068   0.117     3.3     3.3     3.4     3.7     4.0
94074 20240307  2.622 -104.76   40.81     3.4    -3.2     0.1     0.2     1.4     2.44 C    10.4    -5.4     1.7    95.4    62.7    84.5   0.087   0.094   0.073   0.068   0.117     3.5     3.9     4.0     4.0     4.1
94074 20240308  2.622 -104.76   40.81     2.4    -8.4    -3.0    -3.5     2.1    12.44 C    15.1   -10.7    -1.9    93.3    48.5    79.5   0.092   0.094   0.071   0.069   0.117     2.5     3.1     3.4     3.9     4.1
94074 20240309  2.622 -104.76   40.81    12.2   -10.3     0.9     0.0     0.0    19.80 C    26.9   -12.4     1.5    85.9    12.4    49.8 -99.000   0.095   0.071   0.068   0.117     2.0     2.6     2.9     3.5     4.1
94074 20240310  2.622 -104.76   40.81    16.7    -9.1     3.8     4.0     0.0    19.95 C    33.7   -11.8     5.1    73.5     5.0    36.5 -99.000   0.095   0.071   0.067   0.117     2.8     3.0     3.1     3.5     4.0
94074 20240311  2.622 -104.76   40.81    14.1    -3.4     5.3     5.8     0.0     6.66 C    20.8    -7.6     3.7    52.4    11.0    30.8   0.091   0.095   0.072   0.068   0.117     2.9     3.3     3.4     3.7     4.0
94074 20240312  2.622 -104.76   40.81    15.2    -2.6     6.3     7.9     0.0    14.10 C    32.5    -5.7     8.7    73.1    18.0    40.1   0.091   0.095   0.072   0.068   0.117     4.4     4.1     3.8     3.8     4.0
94074 20240313  2.622 -104.76   40.81     7.9     0.4     4.2     4.0     5.2     6.97 C    17.3     0.1     5.0    95.1    60.1    84.4   0.094   0.096   0.074   0.070   0.116     5.0     5.1     4.8     4.4     4.1
94074 20240314  2.622 -104.76   40.81     2.4    -0.9     0.7     0.7     5.7     4.97 C     4.5    -1.0     1.0    95.2    70.1    86.7   0.103   0.099   0.073   0.071   0.117     3.3     4.0     4.3     4.6     4.4
94074 20240315  2.622 -104.76   40.81     4.4    -2.6     0.9    -0.4     0.2     6.29 C    10.8    -3.3     0.4    97.9    72.1    90.8   0.108   0.105   0.074   0.070   0.117     2.9     3.5     3.7     4.1     4.4
94074 20240316  2.622 -104.76   40.81     9.4    -3.4     3.0     3.6     0.0    20.90 C    23.7    -5.9     5.4    85.7    36.7    57.6   0.107   0.105   0.074   0.070   0.117     3.8     3.8     3.7     4.0     4.4
94074 20240317  2.622 -104.76   40.81     8.4    -3.0     2.7     2.7     0.0     7.52 C    20.8    -4.2     2.8    84.7    40.4    61.2   0.106   0.105   0.074   0.070   0.117     3.7     4.2     4.2     4.3     4.4
94074 20240318  2.622 -104.76   40.81    15.8    -5.9     4.9     5.1     0.0    21.36 C    31.8    -7.9     6.8    91.2    16.7    53.2   0.104   0.104   0.075   0.070   0.117     4.4     4.5     4.3     4.3     4.4
94074 20240319  2.622 -104.76   40.81    17.9     0.2     9.1     9.0     0.0    21.73 C    36.1    -3.6    11.3    68.7    18.2    42.0   0.104   0.104   0.076   0.070   0.117     6.2     5.8     5.2     4.9     4.6
94074 20240320  2.622 -104.76   40.81    13.9    -1.4     6.2     5.3     0.0    21.40 C    33.0    -3.8     8.9    84.5    29.3    55.1   0.103   0.103   0.078   0.072   0.116     6.6     6.5     6.2     5.6     4.8
94074 20240321  2.622 -104.76   40.81    19.3    -3.8     7.7     8.8     0.0    21.30 C    36.2    -6.3    10.8    87.0    11.9    44.6   0.102   0.102   0.078   0.072   0.117     6.8     6.6     6.3     5.9     5.2
94074 20240322  2.622 -104.76   40.81    14.9    -4.6     5.1     5.7     0.0    20.89 C    32.5    -6.7     9.3    88.7    23.3    53.9   0.101   0.101   0.078   0.072   0.118     7.1     7.1     6.8     6.3     5.5
94074 20240323  2.622 -104.76   40.81    14.9    -4.9     5.0     4.9     0.0    16.30 C    36.1    -5.2     8.8    91.2    25.0    61.7   0.099   0.100   0.078   0.073   0.118     7.1     7.1     6.9     6.6     5.7
94074 20240324  2.622 -104.76   40.81    14.5    -6.7     3.9     0.6     0.7     8.18 C    31.5    -5.7     3.0    95.5    25.9    75.7   0.097   0.099   0.078   0.073   0.118     5.9     6.5     6.7     6.7     5.9
94074 20240325  2.622 -104.76   40.81     0.9   -11.5    -5.3    -5.4     0.0    13.76 C    16.1   -12.1    -1.2    85.3    44.9    63.6   0.094   0.098   0.075   0.072   0.118     3.4     4.5     5.1     6.0     6.0
94074 20240326  2.622 -104.76   40.81     5.3   -13.8    -4.3    -4.1     1.1    15.73 C    32.6   -14.5     0.5    94.7    44.8    79.9   0.093   0.097   0.075   0.072   0.118     2.8     3.6     4.1     5.1     5.8
94074 20240327  2.622 -104.76   40.81    11.1    -8.3     1.4     1.5     0.0    22.54 C    29.6   -10.4     3.5    92.6    15.3    50.0   0.093   0.097   0.075   0.072   0.118     3.8     4.2     4.3     4.8     5.5
94074 20240328  2.622 -104.76   40.81    16.3    -5.4     5.4     5.7     0.0    17.05 C    32.5    -7.9     7.6    73.4    14.9    41.6   0.092   0.097   0.075   0.072   0.118     4.9     4.9     4.8     5.0     5.3
94074 20240329  2.622 -104.76   40.81     6.8    -0.2     3.3     3.3     1.1     6.79 C    17.6    -1.5     4.1    94.9    37.2    71.3   0.092   0.096   0.076   0.072   0.117     4.9     5.2     5.3     5.4     5.3
94074 20240330  2.622 -104.76   40.81    15.4     0.5     7.9     6.8     0.0    15.87 C    31.4     0.1     9.8    95.8    30.2    65.9   0.091   0.096   0.076   0.072   0.118     6.2     5.9     5.5     5.4     5.4
94074 20240331  2.622 -104.76   40.81    14.8    -3.6     5.6     4.9     0.0    14.61 C    34.1    -4.4     8.9    95.0    35.6    74.5   0.091   0.096   0.077   0.073   0.117     6.7     6.6     6.3     6.0     5.5
94074 20240401  2.622 -104.76   40.81    10.2    -3.3     3.4     3.5     1.3     8.73 C    29.3    -5.1     4.6    96.0    39.1    73.3   0.089   0.095   0.077   0.074   0.118     6.2     6.6     6.5     6.4     5.7
94074 20240402  2.622 -104.76   40.81    15.6    -3.9     5.9     6.2     0.0    24.65 C    31.1    -6.6     8.4    88.8    18.0    47.0   0.088   0.094   0.076   0.074   0.118     6.1     6.2     6.0     6.2     5.9
94074 20240403  2.622 -104.76   40.81    20.8     0.4    10.6    11.5     0.0    23.27 C    38.9    -3.0    13.0    70.6    10.5    33.5   0.086   0.094   0.077   0.074   0.118     7.7     7.4     6.9     6.5     6.0
94074 20240404  2.622 -104.76   40.81    22.4    -1.0    10.7    12.4     0.0    23.28 C    40.5    -5.2    14.6    63.1     8.8    29.0   0.081   0.093   0.078   0.075   0.118     8.6     8.2     7.6     7.1     6.2
94074 20240405  2.622 -104.76   40.81    22.9     0.6    11.7    11.4     0.0    19.82 C    38.7    -0.4    14.0    80.8     7.3    38.6   0.076   0.092   0.079   0.076   0.119     9.4     9.0     8.5     7.7     6.5
94074 20240406  2.622 -104.76   40.81     8.1     2.0     5.1     4.8     0.0     5.31 C     9.5    -0.9     4.6    55.8    22.8    36.2   0.069   0.090   0.078   0.077   0.119     7.1     7.9     8.1     8.0     6.8
94074 20240407  2.622 -104.76   40.81    10.7    -1.7     4.5     5.1     0.0    20.73 C    25.3    -5.1     6.7    54.0    17.4    29.6   0.064   0.088   0.076   0.077   0.119     6.6     7.0     7.1     7.3     7.0
94074 20240408  2.622 -104.76   40.81    12.6    -4.4     4.1     4.2     0.0    22.07 C    32.0    -7.4     7.4    83.3    12.3    37.9   0.061   0.086   0.076   0.076   0.119     6.7     7.1     7.0     7.2     6.9
94074 20240409  2.622 -104.76   40.81    15.5    -6.2     4.7     6.7     0.0    25.02 C    37.5    -9.2    12.5    89.8    17.5    44.5   0.056   0.085   0.076   0.076   0.120     7.7     7.6     7.3     7.2     6.9
94074 20240410  2.622 -104.76   40.81    12.7    -2.3     5.2     5.2     2.2    16.14 C    35.6    -4.4     7.6    90.3    31.4    64.4   0.051   0.083   0.077   0.077   0.120     7.9     8.2     8.0     7.7     6.9
94074 20240411  2.622 -104.76   40.81    15.5    -5.8     4.9     5.1     0.0    24.98 C    37.9    -7.6     9.8    90.6    20.7    53.8   0.048   0.082   0.076   0.077   0.120     7.6     7.8     7.6     7.6     7.1
94074 20240412  2.622 -104.76   40.81    24.0    -3.6    10.2    11.2     0.0    25.54 C    43.7    -5.9    14.4    82.1     8.5    35.6   0.045   0.080   0.076   0.077   0.120     9.0     8.7     8.2     7.8     7.2
94074 20240413  2.622 -104.76   40.81    25.3     1.4    13.3    13.9     0.0    15.86 C    44.3    -1.8    14.2    57.6     9.1    29.4   0.041   0.078   0.078   0.079   0.120     9.8     9.6     9.0     8.4     7.4
94074 20240414  2.622 -104.76   40.81    26.2     3.5    14.8    15.4     0.0    25.20 C    43.1    -1.9    17.7    53.2     9.1    25.7   0.036   0.076   0.077   0.079   0.120    10.9    10.3     9.6     8.8     7.6
94074 20240415  2.622 -104.76   40.81    24.3     0.5    12.4    12.3     0.0    22.88 C    48.5    -2.4    16.1    60.6     4.1    33.8   0.031   0.074   0.077   0.079   0.120    11.3    11.0    10.3     9.5     7.9
94074 20240416  2.622 -104.76   40.81    18.6     5.4    12.0    11.5     6.0    21.31 C    26.5     1.6    11.8    88.1    22.9    48.9   0.031   0.072   0.076   0.080   0.121    10.5    10.7    10.4     9.8     8.3
94074 20240417  2.622 -104.76   40.81    18.2    -0.2     9.0     9.0     0.3    11.82 C    34.7     0.1    11.0    84.9    24.5    54.6   0.034   0.072   0.076   0.080   0.121     9.9    10.1    10.0     9.7     8.5
94074 20240418  2.622 -104.76   40.81     0.8    -1.7    -0.4    -0.3     0.2     4.19 C     7.0    -0.8     2.1    89.0    62.5    73.2   0.031   0.071   0.073   0.079   0.122     7.1     8.3     8.8     9.3     8.6
94074 20240419  2.622 -104.76   40.81     2.2    -1.7     0.3     0.0     2.4     5.75 C     7.4    -1.4     1.8    96.2    57.6    84.5   0.032   0.070   0.072   0.078   0.121     6.1     7.2     7.6     8.5     8.4
94074 20240420  2.622 -104.76   40.81    -1.4    -3.5    -2.4    -2.0     4.0     9.40 C     1.1    -2.4    -1.0    95.7    86.5    92.2   0.030   0.069   0.071   0.078   0.121     5.0     6.1     6.7     7.7     8.1
94074 20240421  2.622 -104.76   40.81    13.7    -3.5     5.1     3.9     0.0    20.64 C    25.7    -2.0     7.1    97.4    44.3    78.4   0.038   0.070   0.070   0.077   0.121     6.8     6.9     6.7     7.2     7.8
94074 20240422  2.622 -104.76   40.81    24.2     0.6    12.4    12.9     0.0    18.70 C    31.0    -1.2    12.7    90.0     8.9    44.9   0.048   0.071   0.072   0.078   0.120     8.4     8.3     7.8     7.7     7.6
94074 20240423  2.622 -104.76   40.81    14.8     0.8     7.8     9.4     0.0    19.92 C    36.8    -1.2    13.1    78.5    20.0    41.5   0.050   0.072   0.072   0.078   0.121     9.4     9.3     8.7     8.3     7.7
94074 20240424  2.622 -104.76   40.81    21.6     1.4    11.5    12.5     0.0    21.74 C    42.2    -1.4    16.3    80.9    22.5    48.7   0.049   0.072   0.073   0.078   0.121    10.8    10.4     9.6     8.9     7.9
94074 20240425  2.622 -104.76   40.81    23.0     7.3    15.1    12.7     0.9    19.15 C    43.0     6.5    17.6    80.7    20.2    60.8   0.046   0.070   0.073   0.079   0.121    12.3    11.7    10.8     9.7     8.2
94074 20240426  2.622 -104.76   40.81    17.2     7.0    12.1    11.2     2.2    14.69 C    26.2     5.0    11.4    88.9    33.9    57.6   0.041   0.067   0.072   0.080   0.121    10.8    11.1    10.8    10.2     8.6
94074 20240427  2.622 -104.76   40.81     7.2     2.8     5.0     4.8     8.6     4.21 C    10.4     3.4     5.9    94.0    70.0    86.7   0.040   0.065   0.072   0.079   0.122     8.8     9.6     9.8    10.0     8.9
94074 20240428  2.622 -104.76   40.81    16.9     1.4     9.1     7.4     0.0    16.88 C    26.5    -0.8     9.2    91.8    28.3    66.4   0.056   0.066   0.071   0.078   0.122     9.0     9.3     9.2     9.4     8.9
94074 20240429  2.622 -104.76   40.81    19.0     0.3     9.6    10.4     0.0    21.72 C    36.5    -1.2    12.6    83.1    19.6    47.1   0.062   0.068   0.070   0.078   0.122     9.8     9.8     9.4     9.3     8.8
94074 20240430  2.622 -104.76   40.81    19.5     3.1    11.3    11.6     0.0    27.55 C    31.6     1.0    14.0    84.4     8.4    38.3   0.060   0.067   0.070   0.079   0.122    10.4    10.5    10.0     9.7     8.8
94074 20240501  2.622 -104.76   40.81    16.4     4.5    10.4    10.0     0.4    15.90 C    34.0     2.2    11.7    74.5    21.4    44.6   0.054   0.066   0.070   0.079   0.122    10.3    10.5    10.2     9.9     9.0
94074 20240502  2.622 -104.76   40.81    15.7    -1.7     7.0     7.8     0.0    20.58 C    34.1    -4.9    10.0    50.1     9.6    27.9   0.048   0.064   0.068   0.079   0.122     9.3     9.8     9.7     9.8     9.0
94074 20240503  2.622 -104.76   40.81    18.3    -1.3     8.5     7.7     0.0    17.69 C    40.4    -2.2    11.0    81.2    27.2    52.1   0.042   0.063   0.067   0.078   0.122     9.8     9.9     9.7     9.7     9.0
94074 20240504  2.622 -104.76   40.81    16.8    -4.6     6.1     6.9     0.0    25.53 C    34.4    -6.8    12.0    90.3    27.9    52.0   0.038   0.061   0.067   0.078   0.122     9.9     9.9     9.6     9.6     9.0
94074 20240505  2.622 -104.76   40.81    24.0    -1.0    11.5    13.0     0.0    21.38 C    42.4    -2.3    15.9    94.9    16.0    50.1   0.034   0.060   0.067   0.078   0.122    11.2    10.9    10.3     9.9     9.1
94074 20240506  2.622 -104.76   40.81    14.7     7.4    11.1     9.9     0.0    11.64 C    21.4     5.7    10.6    70.0    22.1    33.9   0.030   0.058   0.066   0.078   0.122    10.5    10.9    10.7    10.3     9.2
94074 20240507  2.622 -104.76   40.81    15.6     1.0     8.3     8.8     0.0    25.19 C    34.8    -1.3    11.8    41.3    13.8    28.3   0.027   0.057   0.065   0.078   0.122    10.4    10.5    10.2    10.1     9.3
94074 20240508  2.622 -104.76   40.81    13.8    -0.2     6.8     7.8     0.0    22.12 C    30.8    -3.7    11.0    49.0    19.2    30.5   0.024   0.055   0.064   0.078   0.123    10.1    10.3    10.1    10.1     9.3
94074 20240509  2.622 -104.76   40.81    12.5     1.3     6.9     7.0     0.0    16.27 C    37.9    -0.9    11.8    83.6    40.0    64.3   0.021   0.054   0.063   0.077   0.123    10.4    10.6    10.2    10.1     9.4
94074 20240510  2.622 -104.76   40.81    14.8     0.3     7.5     7.9     0.0    13.23 C    30.9    -1.9    10.6    89.4    32.7    60.2   0.020   0.053   0.062   0.078   0.123    10.2    10.5    10.3    10.2     9.5
94074 20240511  2.622 -104.76   40.81    19.6    -1.0     9.3    10.2     0.0    23.65 C    42.5    -3.6    15.6    87.1    27.9    55.3   0.022   0.052   0.062   0.077   0.122    11.2    10.9    10.3    10.1     9.5
94074 20240512  2.622 -104.76   40.81    22.4     5.6    14.0    12.4     0.7    18.79 C    45.7     3.5    15.6    85.1    17.3    57.3   0.021   0.051   0.061   0.078   0.122    12.4    12.1    11.4    10.7     9.5
94074 20240513  2.622 -104.76   40.81    24.6     2.7    13.7    13.6     0.8    21.53 C    50.7    -0.1    17.2    87.0    21.8    54.4   0.021   0.051   0.061   0.078   0.123    12.9    12.5    11.8    11.1     9.8
94074 20240514  2.622 -104.76   40.81    24.8     5.6    15.2    15.5     1.9    15.37 C    43.2     2.9    16.9    87.6    13.6    46.7   0.018   0.051   0.061   0.078   0.123    13.2    12.9    12.2    11.5    10.0
94074 20240515  2.622 -104.76   40.81    18.4     4.2    11.3    11.1     1.3    17.51 C    43.0     1.3    14.3    94.1    33.3    64.4   0.017   0.050   0.059   0.077   0.123    12.6    12.8    12.2    11.7    10.2
94074 20240516  2.622 -104.76   40.81    24.6     1.7    13.1    14.0     0.0    28.78 C    47.8    -0.3    19.7    93.1    15.6    47.2   0.021   0.049   0.059   0.078   0.123    13.8    13.2    12.3    11.7    10.4
94074 20240517  2.622 -104.76   40.81    28.4     5.0    16.7    18.8     0.0    27.66 C    48.3     2.0    22.4    61.9     8.9    26.9   0.023   0.049   0.058   0.078   0.124    15.0    14.3    13.2    12.3    10.6
94074 20240518  2.622 -104.76   40.81    23.7     4.9    14.3    14.7     0.4    28.33 C    46.4     3.5    20.2    82.9    22.9    45.9   0.021   0.049   0.059   0.079   0.124    15.8    15.2    14.0    12.9    10.9
94074 20240519  2.622 -104.76   40.81    26.8     8.6    17.7    16.7     0.9    18.02 C    44.6     7.4    19.0    83.6    14.8    45.5   0.019   0.048   0.058   0.079   0.125    15.7    15.3    14.4    13.4    11.2
94074 20240520  2.622 -104.76   40.81    20.6     5.2    12.9    11.1     2.2    21.19 C    43.9     4.3    16.5    91.3    29.0    57.9   0.019   0.047   0.057   0.079   0.125    15.1    15.0    14.3    13.5    11.5
94074 20240521  2.622 -104.76   40.81    14.9     2.0     8.4     9.6     2.3    13.23 C    26.4    -1.3    10.3    91.3    20.0    51.8   0.016   0.046   0.056   0.079   0.125    12.1    13.3    13.3    13.3    11.7
94074 20240522  2.622 -104.76   40.81    20.5    -2.9     8.8    10.4     0.0    26.01 C    40.0    -4.2    14.2    83.2     8.8    38.4   0.018   0.045   0.055   0.077   0.125    12.0    12.4    12.2    12.5    11.7
94074 20240523  2.622 -104.76   40.81    26.2     0.3    13.2    12.0     0.0    18.87 C    49.1    -1.6    15.0    86.3     8.8    39.2   0.018   0.045   0.055   0.077   0.125    12.7    13.0    12.6    12.5    11.5
94074 20240524  2.622 -104.76   40.81    20.8     3.9    12.3    13.1     0.0    30.09 C    46.4     1.1    20.1    44.0    13.5    26.1   0.018   0.045   0.054   0.077   0.126    14.1    13.6    12.8    12.5    11.5
94074 20240525  2.622 -104.76   40.81    21.5     3.6    12.5    12.5     3.1    18.04 C    48.0     1.7    15.8    84.1    25.7    53.2   0.018   0.045   0.055   0.077   0.125    14.4    14.4    13.7    13.1    11.6
94074 20240526  2.622 -104.76   40.81    22.7     7.7    15.2    15.1     0.0    24.42 C    36.6     4.7    16.4    73.7    13.6    35.2   0.018   0.045   0.054   0.077   0.125    13.5    13.8    13.4    13.1    11.7
94074 20240527  2.622 -104.76   40.81    25.5     5.0    15.2    16.4     0.0    24.34 C    49.2     2.6    20.7    61.7    11.4    31.1   0.017   0.045   0.054   0.076   0.125    15.0    14.4    13.6    13.1    11.8
94074 20240528  2.622 -104.76   40.81    26.8     3.4    15.1    16.5     0.0    28.35 C    50.5     1.8    23.4    79.8    17.5    45.0   0.020   0.046   0.055   0.078   0.126    17.0    16.0    14.7    13.6    11.9
94074 20240529  2.622 -104.76   40.81    29.5     5.6    17.5    18.4     0.0    23.34 C    48.1     4.1    22.8    87.5     8.6    44.7   0.018   0.046   0.056   0.078   0.126    17.8    16.9    15.7    14.4    12.2
94074 20240530  2.622 -104.76   40.81    27.2     8.5    17.9    17.6     0.0    24.96 C    53.1     6.3    22.1    67.2     4.1    33.2   0.019   0.046   0.056   0.078   0.126    18.0    17.3    16.1    14.8    12.6
94074 20240531  2.622 -104.76   40.81    23.2     7.9    15.6    14.4     0.0    21.31 C    47.9     8.4    21.3    84.6    32.9    59.6   0.020   0.045   0.055   0.078   0.127    17.5    17.2    16.2    15.2    12.9
94074 20240601  2.622 -104.76   40.81    29.0     6.7    17.8    18.5     0.0    24.84 C    55.0     5.5    24.3    95.0    10.9    47.8   0.019   0.046   0.055   0.078   0.126    18.9    18.0    16.7    15.4    13.2
94074 20240602  2.622 -104.76   40.81    29.7     7.3    18.5    18.4     0.4    22.88 C    59.0     5.9    23.2    81.8    13.4    41.2   0.018   0.046   0.055   0.079   0.127    19.3    18.5    17.3    16.0    13.5
94074 20240603  2.622 -104.76   40.81    30.6     6.9    18.7    20.2     0.5    20.50 C    49.5     5.3    23.9    71.2    12.5    35.3   0.016   0.046   0.055   0.079   0.128    19.3    18.5    17.4    16.2    13.8
94074 20240604  2.622 -104.76   40.81    27.4    13.3    20.3    20.8     0.0    29.44 C    47.5    10.2    24.5    57.3    11.6    29.3   0.016   0.045   0.055   0.079   0.128    20.0    19.1    17.9    16.6    14.0
94074 20240605  2.622 -104.76   40.81    33.2     9.9    21.5    23.3     0.0    30.04 C    52.1     5.9    27.4    56.4    10.5    25.0   0.015   0.046   0.055   0.079   0.129    21.0    19.8    18.3    16.9    14.3
94074 20240606  2.622 -104.76   40.81    31.1     7.3    19.2    20.9     0.0    30.07 C    56.8     6.8    28.8    78.7    14.0    40.0   0.016   0.046   0.056   0.080   0.129    22.4    20.9    19.3    17.5    14.6
94074 20240607  2.622 -104.76   40.81    34.5     9.4    21.9    22.5     1.1    23.65 C    55.0     8.8    25.7    75.5    10.2    37.6   0.014   0.045   0.056   0.080   0.130    22.0    21.1    19.9    18.2    15.0
94074 20240608  2.622 -104.76   40.81    27.5    13.2    20.3    18.2     1.9    21.07 C    51.8    11.4    22.5    91.4    33.4    65.0   0.014   0.045   0.055   0.080   0.130    21.1    20.6    19.6    18.4    15.4
94074 20240609  2.622 -104.76   40.81    23.5    10.6    17.0    16.0     0.0    12.64 C    43.7     8.9    19.3    97.2    47.8    79.5   0.014   0.043   0.055   0.079   0.131    19.0    19.1    18.7    18.1    15.6
94074 20240610  2.622 -104.76   40.81    29.6    13.4    21.5    20.2     0.0    20.80 C    54.4    12.5    26.2    96.6    19.3    60.8   0.013   0.043   0.054   0.079   0.131    21.1    20.0    18.9    17.8    15.7
94074 20240611  2.622 -104.76   40.81    30.0    11.1    20.5    21.0     0.0    28.33 C    56.5     9.6    28.6    91.9    19.3    52.5   0.014   0.044   0.055   0.080   0.131    22.3    21.0    19.7    18.2    15.7
94074 20240612  2.622 -104.76   40.81    37.0    11.6    24.3    24.9     0.3    25.07 C    57.6     9.2    27.9    76.8     6.5    27.0   0.014   0.044   0.056   0.079   0.131    22.6    21.6    20.3    18.7    16.0
94074 20240613  2.622 -104.76   40.81    32.8    15.2    24.0    24.8     1.6    28.53 C    57.7    12.2    29.8    78.3    13.3    31.4   0.014   0.044   0.057   0.080   0.131    23.7    22.3    20.9    19.2    16.3
94074 20240614  2.622 -104.76   40.81    27.2    14.9    21.1    20.1     0.0    19.33 C    48.4    15.2    24.8    89.3    28.1    65.0   0.013   0.044   0.056   0.081   0.132    22.3    21.9    21.1    19.6    16.6
94074 20240615  2.622 -104.76   40.81    32.3    10.9    21.6    21.9     0.0    21.86 C    55.4     9.4    26.3    95.3    11.5    45.6   0.014   0.043   0.056   0.080   0.132    22.0    21.5    20.6    19.5    16.8
94074 20240616  2.622 -104.76   40.81    29.3    10.3    19.8    19.4     0.0    24.50 C    52.4     8.5    25.5    76.7    21.8    44.8   0.014   0.043   0.055   0.080   0.132    22.2    21.6    20.6    19.5    16.9
94074 20240617  2.622 -104.76   40.81    31.1    10.8    21.0    21.1     0.0    27.19 C    54.4    10.9    28.8    88.4    13.6    49.7   0.013   0.043   0.057   0.080   0.132    24.1    22.8    21.4    19.8    17.1
94074 20240618  2.622 -104.76   40.81    23.7     8.2    15.9    16.2     0.0    26.33 C    50.8     7.0    23.5    31.0    10.4    18.8   0.014   0.043   0.056   0.080   0.133    22.7    22.5    21.5    20.2    17.3
94074 20240619  2.622 -104.76   40.81    21.3     4.1    12.7    14.3     0.0    17.45 C    41.3     2.8    18.6    82.9    25.3    55.8   0.011   0.041   0.055   0.080   0.133    20.6    20.9    20.6    20.0    17.5
94074 20240620  2.622 -104.76   40.81    33.3    14.1    23.7    20.4     0.0    23.77 C    58.3    14.1    28.0    93.8    14.6    58.0   0.011   0.041   0.055   0.079   0.133    23.4    22.0    20.8    19.7    17.5
94074 20240621  2.622 -104.76   40.81    30.1    14.0    22.0    20.0     0.2    23.36 C    57.4    12.9    27.3    92.2    28.4    61.4   0.013   0.042   0.056   0.080   0.133    24.1    23.0    21.7    20.2    17.5
94074 20240622  2.622 -104.76   40.81    32.2     9.5    20.8    21.5     0.0    21.30 C    54.5     7.8    26.0    71.4    10.6    36.3   0.011   0.041   0.056   0.080   0.133    23.3    22.7    21.8    20.5    17.8
94074 20240623  2.622 -104.76   40.81    36.3    11.3    23.8    24.1     4.2    23.65 C    61.0     9.3    27.8    57.9     7.1    31.1   0.011   0.040   0.056   0.080   0.134    23.5    22.8    21.7    20.6    18.0
94074 20240624  2.622 -104.76   40.81    35.2    12.5    23.9    23.2     0.6    16.56 C    55.1    10.2    22.4    61.6     8.6    35.5   0.012   0.040   0.055   0.080   0.133    20.5    21.3    21.1    20.5    18.1
94074 20240625  2.622 -104.76   40.81    36.7    13.7    25.2    26.4     0.0    23.91 C    54.0    10.6    27.9    61.0     6.2    24.1   0.017   0.040   0.055   0.080   0.133    21.1    20.8    20.3    20.0    18.1
94074 20240626  2.622 -104.76   40.81    32.7    14.6    23.7    23.0     0.0    23.45 C    51.3    12.5    28.0    84.0    19.3    45.8   0.015   0.040   0.055   0.080   0.133    22.9    22.0    21.0    20.1    18.0
94074 20240627  2.622 -104.76   40.81    33.7    13.0    23.3    23.9     0.0    18.18 C    50.5    12.5    27.6    81.9    14.9    41.7   0.014   0.041   0.055   0.080   0.133    22.9    22.4    21.5    20.4    18.1
94074 20240628  2.622 -104.76   40.81    33.8    13.0    23.4    23.3     0.0    23.30 C    54.1    12.3    28.4    69.5    11.5    34.3   0.015   0.042   0.056   0.080   0.133    24.0    23.0    21.9    20.6    18.2
94074 20240629  2.622 -104.76   40.81    26.4     8.4    17.4    18.2     2.2    26.85 C    49.4     7.2    25.7    81.2    28.0    42.8   0.014   0.042   0.056   0.080   0.134    23.6    22.9    22.0    20.8    18.3
94074 20240630  2.622 -104.76   40.81    31.9    13.9    22.9    22.4     5.8    25.83 C    52.0    13.3    27.6    87.7    25.7    58.6   0.015   0.042   0.055   0.081   0.134    23.3    22.8    22.0    20.9    18.5
94074 20240701  2.622 -104.76   40.81    29.0    16.9    22.9    21.5     0.3    10.03 C    31.9    15.5    20.7    94.9    27.9    57.7   0.015   0.040   0.055   0.080   0.134    20.7    21.5    21.4    20.9    18.6
94074 20240702  2.622 -104.76   40.81 -9999.0 -9999.0 -9999.0 -9999.0 -9999.0 -9999.00 U -9999.0 -9999.0 -9999.0 -9999.0 -9999.0 -9999.0 -99.000 -99.000 -99.000 -99.000 -99.000 -9999.0 -9999.0 -9999.0 -9999.0 -9999.0
