63892 20240101  7.001  -88.14   32.84     9.4    -0.5     4.5     5.3     0.0 -9999.00 U -9999.0 -9999.0 -9999.0    90.2    44.7    68.2 -99.000 -99.000 -99.000 -99.000 -99.000 -9999.0 -9999.0 -9999.0 -9999.0 -9999.0
63892 20240102  7.001  -88.14   32.84    10.3    -4.1     3.1     2.2     0.0 -9999.00 U -9999.0 -9999.0 -9999.0    97.5    40.5    75.5 -99.000 -99.000 -99.000 -99.000 -99.000 -9999.0 -9999.0 -9999.0 -9999.0 -9999.0
63892 20240103  7.001  -88.14   32.84     7.3    -2.4     2.5     2.0     0.0 -9999.00 U -9999.0 -9999.0 -9999.0    97.8    63.1    86.3 -99.000 -99.000 -99.000 -99.000 -99.000 -9999.0 -9999.0 -9999.0 -9999.0 -9999.0
63892 20240104  7.001  -88.14   32.84    11.4    -3.7     3.9     3.3     0.0 -9999.00 U -9999.0 -9999.0 -9999.0    98.4    43.9    77.0 -99.000 -99.000 -99.000 -99.000 -99.000 -9999.0 -9999.0 -9999.0 -9999.0 -9999.0
63892 20240105  7.001  -88.14   32.84    11.6    -3.3     4.1     5.3     6.2 -9999.00 U -9999.0 -9999.0 -9999.0    97.2    54.7    81.5 -99.000 -99.000 -99.000 -99.000 -99.000 -9999.0 -9999.0 -9999.0 -9999.0 -9999.0
63892 20240106  7.001  -88.14   32.84    10.7     5.2     7.9     8.1     0.0 -9999.00 U -9999.0 -9999.0 -9999.0    98.0    76.8    86.4 -99.000 -99.000 -99.000 -99.000 -99.000 -9999.0 -9999.0 -9999.0 -9999.0 -9999.0
63892 20240107  7.001  -88.14   32.84    11.8     0.0     5.9     6.5     0.0 -9999.00 U -9999.0 -9999.0 -9999.0    96.1    40.2    74.8 -99.000 -99.000 -99.000 -99.000 -99.000 -9999.0 -9999.0 -9999.0 -9999.0 -9999.0
63892 20240108  7.001  -88.14   32.84    13.3     0.0     6.6     7.4    33.0 -9999.00 U -9999.0 -9999.0 -9999.0    96.7    40.2    74.9 -99.000 -99.000 -99.000 -99.000 -99.000 -9999.0 -9999.0 -9999.0 -9999.0 -9999.0
63892 20240109  7.001  -88.14   32.84    14.0     3.5     8.8     8.9    42.4 -9999.00 U -9999.0 -9999.0 -9999.0    98.3    52.3    75.5 -99.000 -99.000 -99.000 -99.000 -99.000 -9999.0 -9999.0 -9999.0 -9999.0 -9999.0
63892 20240110  7.001  -88.14   32.84    12.2    -1.9     5.2     4.6     0.0 -9999.00 U -9999.0 -9999.0 -9999.0    96.9    30.9    68.5 -99.000 -99.000 -99.000 -99.000 -99.000 -9999.0 -9999.0 -9999.0 -9999.0 -9999.0
63892 20240111  7.001  -88.14   32.84    19.9     0.7    10.3    10.9     0.0 -9999.00 U -9999.0 -9999.0 -9999.0    97.6    45.4    69.8 -99.000 -99.000 -99.000 -99.000 -99.000 -9999.0 -9999.0 -9999.0 -9999.0 -9999.0
63892 20240112  7.001  -88.14   32.84    18.6     1.6    10.1    12.7    18.9 -9999.00 U -9999.0 -9999.0 -9999.0    97.5    40.8    66.2 -99.000 -99.000 -99.000 -99.000 -99.000 -9999.0 -9999.0 -9999.0 -9999.0 -9999.0
63892 20240113  7.001  -88.14   32.84    10.1    -2.3     3.9     3.1     0.0 -9999.00 U -9999.0 -9999.0 -9999.0    92.4    30.8    64.3 -99.000 -99.000 -99.000 -99.000 -99.000 -9999.0 -9999.0 -9999.0 -9999.0 -9999.0
63892 20240114  7.001  -88.14   32.84     9.8    -2.1     3.9     3.3     0.0 -9999.00 U -9999.0 -9999.0 -9999.0    95.5    47.5    72.0 -99.000 -99.000 -99.000 -99.000 -99.000 -9999.0 -9999.0 -9999.0 -9999.0 -9999.0
63892 20240115  7.001  -88.14   32.84     4.7    -5.2    -0.2    -0.3     1.9 -9999.00 U -9999.0 -9999.0 -9999.0    93.5    60.3    77.1 -99.000 -99.000 -99.000 -99.000 -99.000 -9999.0 -9999.0 -9999.0 -9999.0 -9999.0
63892 20240116  7.001  -88.14   32.84    -3.7    -9.3    -6.5    -6.5     1.3 -9999.00 U -9999.0 -9999.0 -9999.0    92.0    54.2    71.2 -99.000 -99.000 -99.000 -99.000 -99.000 -9999.0 -9999.0 -9999.0 -9999.0 -9999.0
63892 20240117  7.001  -88.14   32.84     3.1   -11.8    -4.3    -5.1     0.0 -9999.00 U -9999.0 -9999.0 -9999.0    89.9    23.4    62.2 -99.000 -99.000 -99.000 -99.000 -99.000 -9999.0 -9999.0 -9999.0 -9999.0 -9999.0
63892 20240118  7.001  -88.14   32.84     8.5    -5.9     1.3     2.5     0.5 -9999.00 U -9999.0 -9999.0 -9999.0    97.5    44.0    73.9 -99.000 -99.000 -99.000 -99.000 -99.000 -9999.0 -9999.0 -9999.0 -9999.0 -9999.0
63892 20240119  7.001  -88.14   32.84     7.3    -2.8     2.3     2.8     0.0 -9999.00 U -9999.0 -9999.0 -9999.0    95.6    47.2    70.6 -99.000 -99.000 -99.000 -99.000 -99.000 -9999.0 -9999.0 -9999.0 -9999.0 -9999.0
63892 20240120  7.001  -88.14   32.84    -0.1    -6.7    -3.4    -3.8     0.0 -9999.00 U -9999.0 -9999.0 -9999.0    67.1    38.0    53.8 -99.000 -99.000 -99.000 -99.000 -99.000 -9999.0 -9999.0 -9999.0 -9999.0 -9999.0
63892 20240121  7.001  -88.14   32.84     4.8    -9.5    -2.3    -3.2     0.0 -9999.00 U -9999.0 -9999.0 -9999.0    75.1    26.0    54.7 -99.000 -99.000 -99.000 -99.000 -99.000 -9999.0 -9999.0 -9999.0 -9999.0 -9999.0
63892 20240122  7.001  -88.14   32.84    10.3    -3.9     3.2     4.3     0.0 -9999.00 U -9999.0 -9999.0 -9999.0    81.8    42.1    60.8 -99.000 -99.000 -99.000 -99.000 -99.000 -9999.0 -9999.0 -9999.0 -9999.0 -9999.0
63892 20240123  7.001  -88.14   32.84    17.6     9.7    13.6    13.6     0.0 -9999.00 U -9999.0 -9999.0 -9999.0    92.7    61.4    81.4 -99.000 -99.000 -99.000 -99.000 -99.000 -9999.0 -9999.0 -9999.0 -9999.0 -9999.0
63892 20240124  7.001  -88.14   32.84    17.8    14.9    16.3    16.5    75.9 -9999.00 U -9999.0 -9999.0 -9999.0    98.7    79.8    96.0 -99.000 -99.000 -99.000 -99.000 -99.000 -9999.0 -9999.0 -9999.0 -9999.0 -9999.0
63892 20240125  7.001  -88.14   32.84    20.4    14.8    17.6    17.5    16.4 -9999.00 U -9999.0 -9999.0 -9999.0    99.1    87.8    96.3 -99.000 -99.000 -99.000 -99.000 -99.000 -9999.0 -9999.0 -9999.0 -9999.0 -9999.0
63892 20240126  7.001  -88.14   32.84    18.8    14.2    16.5    16.2     0.0 -9999.00 U -9999.0 -9999.0 -9999.0    99.3    85.0    95.6 -99.000 -99.000 -99.000 -99.000 -99.000 -9999.0 -9999.0 -9999.0 -9999.0 -9999.0
63892 20240127  7.001  -88.14   32.84    21.6     9.1    15.4    15.5     8.5 -9999.00 U -9999.0 -9999.0 -9999.0    98.6    68.2    86.2 -99.000 -99.000 -99.000 -99.000 -99.000 -9999.0 -9999.0 -9999.0 -9999.0 -9999.0
63892 20240128  7.001  -88.14   32.84     9.1     6.2     7.6     7.5     0.0 -9999.00 U -9999.0 -9999.0 -9999.0    95.8    72.8    80.2 -99.000 -99.000 -99.000 -99.000 -99.000 -9999.0 -9999.0 -9999.0 -9999.0 -9999.0
63892 20240129  7.001  -88.14   32.84    11.5     0.6     6.0     5.5     0.0 -9999.00 U -9999.0 -9999.0 -9999.0    98.5    53.5    81.2 -99.000 -99.000 -99.000 -99.000 -99.000 -9999.0 -9999.0 -9999.0 -9999.0 -9999.0
63892 20240130  7.001  -88.14   32.84    20.5    -0.7     9.9     9.4     0.0 -9999.00 U -9999.0 -9999.0 -9999.0    99.8    38.6    72.7 -99.000 -99.000 -99.000 -99.000 -99.000 -9999.0 -9999.0 -9999.0 -9999.0 -9999.0
63892 20240131  7.001  -88.14   32.84    13.6     2.1     7.8     7.9     0.0 -9999.00 U -9999.0 -9999.0 -9999.0    98.4    47.9    76.1 -99.000 -99.000 -99.000 -99.000 -99.000 -9999.0 -9999.0 -9999.0 -9999.0 -9999.0
63892 20240201  7.001  -88.14   32.84    16.2    -1.0     7.6     7.1     0.0 -9999.00 U -9999.0 -9999.0 -9999.0    99.0    37.7    75.2 -99.000 -99.000 -99.000 -99.000 -99.000 -9999.0 -9999.0 -9999.0 -9999.0 -9999.0
63892 20240202  7.001  -88.14   32.84    20.9     2.1    11.5    10.6     0.0 -9999.00 U -9999.0 -9999.0 -9999.0    98.4    33.8    72.0 -99.000 -99.000 -99.000 -99.000 -99.000 -9999.0 -9999.0 -9999.0 -9999.0 -9999.0
63892 20240203  7.001  -88.14   32.84    19.6     3.1    11.4    12.8     0.0 -9999.00 U -9999.0 -9999.0 -9999.0    98.3    40.5    66.0 -99.000 -99.000 -99.000 -99.000 -99.000 -9999.0 -9999.0 -9999.0 -9999.0 -9999.0
63892 20240204  7.001  -88.14   32.84    15.4     5.8    10.6     9.2    17.7 -9999.00 U -9999.0 -9999.0 -9999.0    96.1    61.8    91.8 -99.000 -99.000 -99.000 -99.000 -99.000 -9999.0 -9999.0 -9999.0 -9999.0 -9999.0
63892 20240205  7.001  -88.14   32.84    16.6     6.2    11.4    10.1     1.3 -9999.00 U -9999.0 -9999.0 -9999.0    96.3    50.0    79.4 -99.000 -99.000 -99.000 -99.000 -99.000 -9999.0 -9999.0 -9999.0 -9999.0 -9999.0
63892 20240206  7.001  -88.14   32.84    18.7     3.5    11.1    10.2     0.0 -9999.00 U -9999.0 -9999.0 -9999.0    96.2    34.3    65.2 -99.000 -99.000 -99.000 -99.000 -99.000 -9999.0 -9999.0 -9999.0 -9999.0 -9999.0
63892 20240207  7.001  -88.14   32.84    20.3     0.2    10.2    10.2     0.0 -9999.00 U -9999.0 -9999.0 -9999.0    99.0    22.0    62.5 -99.000 -99.000 -99.000 -99.000 -99.000 -9999.0 -9999.0 -9999.0 -9999.0 -9999.0
63892 20240208  7.001  -88.14   32.84    18.0     4.1    11.1    11.8     0.0 -9999.00 U -9999.0 -9999.0 -9999.0    87.4    46.6    64.6 -99.000 -99.000 -99.000 -99.000 -99.000 -9999.0 -9999.0 -9999.0 -9999.0 -9999.0
63892 20240209  7.001  -88.14   32.84    22.8    13.0    17.9    16.8     0.0 -9999.00 U -9999.0 -9999.0 -9999.0    90.0    59.3    78.6 -99.000 -99.000 -99.000 -99.000 -99.000 -9999.0 -9999.0 -9999.0 -9999.0 -9999.0
63892 20240210  7.001  -88.14   32.84    21.1    17.2    19.2    18.9     0.0 -9999.00 U -9999.0 -9999.0 -9999.0    91.2    72.0    84.2 -99.000 -99.000 -99.000 -99.000 -99.000 -9999.0 -9999.0 -9999.0 -9999.0 -9999.0
63892 20240211  7.001  -88.14   32.84    20.4    13.9    17.1    15.6    47.2 -9999.00 U -9999.0 -9999.0 -9999.0    98.8    84.2    95.6 -99.000 -99.000 -99.000 -99.000 -99.000 -9999.0 -9999.0 -9999.0 -9999.0 -9999.0
63892 20240212  7.001  -88.14   32.84    16.3     7.6    11.9    13.3    19.7 -9999.00 U -9999.0 -9999.0 -9999.0    98.8    66.4    86.9 -99.000 -99.000 -99.000 -99.000 -99.000 -9999.0 -9999.0 -9999.0 -9999.0 -9999.0
63892 20240213  7.001  -88.14   32.84    13.0     2.3     7.7     7.2     0.0 -9999.00 U -9999.0 -9999.0 -9999.0    97.9    36.7    71.7 -99.000 -99.000 -99.000 -99.000 -99.000 -9999.0 -9999.0 -9999.0 -9999.0 -9999.0
63892 20240214  7.001  -88.14   32.84    17.9     0.3     9.1     8.1     0.0 -9999.00 U -9999.0 -9999.0 -9999.0    99.4    29.8    71.7 -99.000 -99.000 -99.000 -99.000 -99.000 -9999.0 -9999.0 -9999.0 -9999.0 -9999.0
63892 20240215  7.001  -88.14   32.84    20.8     1.9    11.3    11.3     0.0 -9999.00 U -9999.0 -9999.0 -9999.0    99.2    35.3    71.8 -99.000 -99.000 -99.000 -99.000 -99.000 -9999.0 -9999.0 -9999.0 -9999.0 -9999.0
63892 20240216  7.001  -88.14   32.84    20.4     7.7    14.0    14.0     0.0 -9999.00 U -9999.0 -9999.0 -9999.0    97.5    47.0    74.1 -99.000 -99.000 -99.000 -99.000 -99.000 -9999.0 -9999.0 -9999.0 -9999.0 -9999.0
63892 20240217  7.001  -88.14   32.84    14.8     2.7     8.7     5.4     0.3 -9999.00 U -9999.0 -9999.0 -9999.0    93.3    46.4    66.7 -99.000 -99.000 -99.000 -99.000 -99.000 -9999.0 -9999.0 -9999.0 -9999.0 -9999.0
63892 20240218  7.001  -88.14   32.84    10.7    -1.2     4.7     3.8     0.0 -9999.00 U -9999.0 -9999.0 -9999.0    93.8    25.7    50.3 -99.000 -99.000 -99.000 -99.000 -99.000 -9999.0 -9999.0 -9999.0 -9999.0 -9999.0
63892 20240219  7.001  -88.14   32.84    15.4    -3.5     5.9     4.9     0.0 -9999.00 U -9999.0 -9999.0 -9999.0    96.4    19.0    64.0 -99.000 -99.000 -99.000 -99.000 -99.000 -9999.0 -9999.0 -9999.0 -9999.0 -9999.0
63892 20240220  7.001  -88.14   32.84    18.7    -1.0     8.8     8.2     0.0 -9999.00 U -9999.0 -9999.0 -9999.0    97.4    35.2    70.3 -99.000 -99.000 -99.000 -99.000 -99.000 -9999.0 -9999.0 -9999.0 -9999.0 -9999.0
63892 20240221  7.001  -88.14   32.84    23.2     2.6    12.9    13.5     0.0 -9999.00 U -9999.0 -9999.0 -9999.0    97.8    37.9    67.4 -99.000 -99.000 -99.000 -99.000 -99.000 -9999.0 -9999.0 -9999.0 -9999.0 -9999.0
63892 20240222  7.001  -88.14   32.84    23.3    10.2    16.7    17.4     0.0 -9999.00 U -9999.0 -9999.0 -9999.0    92.2    45.4    66.0 -99.000 -99.000 -99.000 -99.000 -99.000 -9999.0 -9999.0 -9999.0 -9999.0 -9999.0
63892 20240223  7.001  -88.14   32.84    20.8     7.1    13.9    15.7     1.4 -9999.00 U -9999.0 -9999.0 -9999.0    97.7    29.7    64.8 -99.000 -99.000 -99.000 -99.000 -99.000 -9999.0 -9999.0 -9999.0 -9999.0 -9999.0
63892 20240224  7.001  -88.14   32.84    20.9     5.5    13.2    13.2     0.0 -9999.00 U -9999.0 -9999.0 -9999.0    89.9    21.7    48.7 -99.000 -99.000 -99.000 -99.000 -99.000 -9999.0 -9999.0 -9999.0 -9999.0 -9999.0
63892 20240225  7.001  -88.14   32.84    22.8     1.2    12.0    12.4     0.0 -9999.00 U -9999.0 -9999.0 -9999.0    97.6    23.7    56.3 -99.000 -99.000 -99.000 -99.000 -99.000 -9999.0 -9999.0 -9999.0 -9999.0 -9999.0
63892 20240226  7.001  -88.14   32.84    25.3     7.8    16.5    17.6     0.0 -9999.00 U -9999.0 -9999.0 -9999.0    84.7    38.9    59.9 -99.000 -99.000 -99.000 -99.000 -99.000 -9999.0 -9999.0 -9999.0 -9999.0 -9999.0
63892 20240227  7.001  -88.14   32.84    25.7    16.9    21.3    21.1     0.0 -9999.00 U -9999.0 -9999.0 -9999.0    85.2    47.8    69.6   0.199   0.166   0.223   0.520 -99.000    16.9    16.3    15.6    14.4 -9999.0
63892 20240228  7.001  -88.14   32.84    25.4     8.2    16.8    16.7     3.0 -9999.00 U -9999.0 -9999.0 -9999.0    91.9    41.4    65.7   0.203   0.165   0.214   0.500 -99.000    16.1    16.3    16.2    15.1 -9999.0
63892 20240229  7.001  -88.14   32.84    10.0     5.5     7.8     7.8     0.0 -9999.00 U -9999.0 -9999.0 -9999.0    57.3    34.0    44.0   0.199   0.162   0.205   0.439 -99.000    10.8    11.8    13.2    14.7 -9999.0
63892 20240301  7.001  -88.14   32.84    11.7     7.5     9.6     9.9    18.4 -9999.00 U -9999.0 -9999.0 -9999.0    98.4    50.3    85.8   0.284   0.339   0.344   0.475 -99.000    11.2    11.5    12.2    13.6 -9999.0
63892 20240302  7.001  -88.14   32.84    15.8     9.0    12.4    12.0     0.0 -9999.00 U -9999.0 -9999.0 -9999.0    98.6    70.7    91.8   0.321   0.438   0.491   0.511 -99.000    13.3    13.2    13.1    13.4 -9999.0
63892 20240303  7.001  -88.14   32.84    22.9     9.2    16.0    16.1     0.0 -9999.00 U -9999.0 -9999.0 -9999.0    98.9    66.8    89.5   0.275   0.226   0.493   0.515 -99.000    15.2    14.7    14.2    13.8 -9999.0
63892 20240304  7.001  -88.14   32.84    21.2    14.2    17.7    18.0     3.8 -9999.00 U -9999.0 -9999.0 -9999.0    98.5    79.3    89.7   0.281   0.230   0.437   0.514 -99.000    16.2    15.9    15.3    14.5 -9999.0
63892 20240305  7.001  -88.14   32.84    19.0    14.3    16.7    17.1     6.1 -9999.00 U -9999.0 -9999.0 -9999.0    99.1    91.7    96.6   0.553   0.571   0.494   0.515 -99.000    16.9    16.7    16.2    15.1 -9999.0
63892 20240306  7.001  -88.14   32.84    23.8    11.6    17.7    17.5     0.0 -9999.00 U -9999.0 -9999.0 -9999.0    99.4    54.0    82.9   0.557   0.574   0.496   0.515 -99.000    18.0    17.6    16.8    15.5 -9999.0
63892 20240307  7.001  -88.14   32.84    24.4     8.7    16.6    16.3     0.0 -9999.00 U -9999.0 -9999.0 -9999.0    99.5    44.5    78.9   0.306   0.289   0.494   0.516 -99.000    17.7    17.4    17.0    16.0 -9999.0
63892 20240308  7.001  -88.14   32.84    18.4    14.5    16.5    15.8    62.7 -9999.00 U -9999.0 -9999.0 -9999.0    98.8    63.6    88.7   0.441   0.445   0.495   0.515 -99.000    16.2    16.4    16.7    16.3 -9999.0
63892 20240309  7.001  -88.14   32.84    19.8     9.7    14.8    14.9     0.0 -9999.00 U -9999.0 -9999.0 -9999.0    99.0    59.2    81.5   0.553   0.581   0.497   0.518 -99.000    16.7    16.7    16.4    16.0 -9999.0
63892 20240310  7.001  -88.14   32.84    16.5     4.6    10.5    10.1     0.0 -9999.00 U -9999.0 -9999.0 -9999.0    98.4    29.1    66.0   0.396   0.419   0.500   0.515 -99.000    14.7    15.1    15.5    15.8 -9999.0
63892 20240311  7.003  -88.14   32.84    18.1     2.5    10.3     9.8     0.0 -9999.00 U -9999.0 -9999.0 -9999.0    97.6    22.5    63.7   0.292   0.224   0.400   0.517 -99.000    14.3    14.5    14.9    15.5 -9999.0
63892 20240312  7.003  -88.14   32.84    22.8     3.4    13.1    13.3     0.0 -9999.00 U -9999.0 -9999.0 -9999.0    98.7    22.8    62.8   0.298   0.221   0.303   0.518 -99.000    15.6    15.6    15.5    15.4    15.4
63892 20240313  7.003  -88.14   32.84    24.8     9.2    17.0    17.3     0.0 -9999.00 U -9999.0 -9999.0 -9999.0    92.6    48.7    71.9   0.292   0.217   0.290   0.517 -99.000    17.1    16.8    16.3    15.7    15.7
63892 20240314  7.003  -88.14   32.84    27.3    12.4    19.8    20.4     0.0 -9999.00 U -9999.0 -9999.0 -9999.0    97.2    49.9    76.3   0.285   0.210   0.279   0.516 -99.000    18.5    18.1    17.4    16.3    16.3
63892 20240315  7.003  -88.14   32.84    22.2    14.8    18.5    18.7    15.9 -9999.00 U -9999.0 -9999.0 -9999.0    98.5    67.7    91.0   0.473   0.468   0.424   0.518 -99.000    19.6    19.3    18.6    17.0    17.0
63892 20240316  7.003  -88.14   32.84    16.5    12.0    14.3    14.3     0.0 -9999.00 U -9999.0 -9999.0 -9999.0    98.7    76.6    92.2   0.556   0.581   0.492   0.518 -99.000    17.1    17.3    17.5    17.2    17.2
63892 20240317  7.003  -88.14   32.84    15.3    12.7    14.0    13.9    13.3 -9999.00 U -9999.0 -9999.0 -9999.0    98.5    84.2    95.6   0.559   0.585   0.494   0.520 -99.000    16.3    16.4    16.6    16.8    16.8
63892 20240318  7.003  -88.14   32.84    13.6     2.6     8.1    10.1     0.0 -9999.00 U -9999.0 -9999.0 -9999.0    86.9    30.5    56.8   0.491   0.532   0.495   0.519 -99.000    14.8    15.4    16.0    16.4    16.4
63892 20240319  7.003  -88.14   32.84    15.5    -1.4     7.1     6.9     0.0 -9999.00 U -9999.0 -9999.0 -9999.0    95.1    23.7    60.9   0.321   0.248   0.484   0.518 -99.000    13.1    13.5    14.2    15.6    15.6
63892 20240320  7.003  -88.14   32.84    22.7     1.8    12.2    12.1     0.0 -9999.00 U -9999.0 -9999.0 -9999.0    98.7    26.8    66.5   0.304   0.225   0.307   0.520 -99.000    14.7    14.7    14.8    15.3    15.3
63892 20240321  7.003  -88.14   32.84    23.0     6.0    14.5    15.3     0.0 -9999.00 U -9999.0 -9999.0 -9999.0    98.9    28.1    65.4   0.294   0.217   0.286   0.518 -99.000    16.0    15.9    15.8    15.6    15.6
63892 20240322  7.003  -88.14   32.84    22.5    12.5    17.5    16.6    12.2 -9999.00 U -9999.0 -9999.0 -9999.0    97.8    40.3    72.2   0.343   0.289   0.328   0.517 -99.000    16.9    16.7    16.5    16.0    16.0
63892 20240323  7.003  -88.14   32.84    19.1     8.9    14.0    14.9     0.0 -9999.00 U -9999.0 -9999.0 -9999.0    97.4    35.8    70.6   0.459   0.460   0.513   0.518 -99.000    17.0    17.1    16.9    16.3    16.3
63892 20240324  7.003  -88.14   32.84    20.3     3.9    12.1    13.0     0.0 -9999.00 U -9999.0 -9999.0 -9999.0    97.5    39.6    64.9   0.304   0.226   0.384   0.517 -99.000    15.5    15.6    15.9    16.2    16.2
63892 20240325  7.003  -88.14   32.84    22.3    14.7    18.5    18.5     1.1 -9999.00 U -9999.0 -9999.0 -9999.0    90.3    58.2    64.4   0.293   0.215   0.282   0.516 -99.000    16.4    16.3    16.2    16.2    16.2
63892 20240326  7.003  -88.14   32.84    21.3    11.1    16.2    15.3    62.6 -9999.00 U -9999.0 -9999.0 -9999.0    97.6    43.4    82.9   0.553   0.575   0.509   0.518 -99.000    18.2    17.9    17.3    16.4    16.4
63892 20240327  7.003  -88.14   32.84    17.6     8.2    12.9    13.3     0.0 -9999.00 U -9999.0 -9999.0 -9999.0    88.3    45.8    63.7   0.443   0.461   0.512   0.517 -99.000    16.1    16.5    16.9    16.8    16.8
63892 20240328  7.003  -88.14   32.84    20.2     6.0    13.1    12.8     0.0 -9999.00 U -9999.0 -9999.0 -9999.0    92.4    22.2    51.1   0.303   0.227   0.379   0.516 -99.000    15.3    15.6    15.9    16.4    16.4
63892 20240329  7.003  -88.14   32.84    23.1     4.0    13.6    14.1     0.0 -9999.00 U -9999.0 -9999.0 -9999.0    98.8    21.9    59.4   0.290   0.212   0.277   0.514 -99.000    16.7    16.5    16.3    16.2    16.2
63892 20240330  7.003  -88.14   32.84    25.9     8.2    17.0    18.0     0.0 -9999.00 U -9999.0 -9999.0 -9999.0    94.3    37.4    63.5   0.280   0.205   0.269   0.514 -99.000    19.0    18.6    17.8    16.7    16.7
63892 20240331  7.003  -88.14   32.84    26.2    13.1    19.7    20.0     0.0 -9999.00 U -9999.0 -9999.0 -9999.0    97.4    50.3    76.4   0.271   0.199   0.260   0.512 -99.000    20.0    19.6    18.9    17.5    17.5
63892 20240401  7.003  -88.14   32.84    25.6    17.6    21.6    21.8     0.0 -9999.00 U -9999.0 -9999.0 -9999.0    97.0    66.6    80.8   0.265   0.193   0.255   0.512 -99.000    20.5    20.1    19.4    18.0    18.0
63892 20240402  7.003  -88.14   32.84    27.8    17.1    22.5    22.7     6.4 -9999.00 U -9999.0 -9999.0 -9999.0    97.6    53.3    79.8   0.265   0.192   0.253   0.512 -99.000    21.4    20.9    20.1    18.5    18.5
63892 20240403  7.003  -88.14   32.84    19.8     6.6    13.2    13.8     0.0 -9999.00 U -9999.0 -9999.0 -9999.0    83.9    24.6    53.6   0.266   0.195   0.255   0.513 -99.000    18.6    19.1    19.4    18.7    18.7
63892 20240404  7.003  -88.14   32.84    20.9     4.0    12.5    12.5     0.0 -9999.00 U -9999.0 -9999.0 -9999.0    94.0    20.5    53.5   0.252   0.187   0.245   0.472 -99.000    16.8    17.2    17.7    18.1    18.1
63892 20240405  7.003  -88.14   32.84    19.2     4.6    11.9    11.6     0.0 -9999.00 U -9999.0 -9999.0 -9999.0    96.6    33.0    66.8   0.231   0.175   0.219   0.424 -99.000    16.7    17.0    17.3    17.6    17.6
63892 20240406  7.003  -88.14   32.84    19.8     4.9    12.3    11.8     0.0 -9999.00 U -9999.0 -9999.0 -9999.0    96.9    36.3    70.1   0.213   0.165   0.199   0.407 -99.000    17.0    17.1    17.2    17.4    17.4
63892 20240407  7.003  -88.14   32.84    26.7     6.8    16.7    17.6     0.0 -9999.00 U -9999.0 -9999.0 -9999.0    97.0    34.6    62.8   0.197   0.158   0.188   0.397 -99.000    18.3    18.0    17.7    17.4    17.4
63892 20240408  7.003  -88.14   32.84    23.4    15.2    19.3    18.2     3.4 -9999.00 U -9999.0 -9999.0 -9999.0    96.1    54.3    81.0   0.191   0.153   0.179   0.389 -99.000    19.3    19.0    18.6    17.9    17.9
63892 20240409  7.003  -88.14   32.84    19.2    14.5    16.8    16.8     9.1 -9999.00 U -9999.0 -9999.0 -9999.0    97.4    90.4    94.4   0.226   0.163   0.184   0.386 -99.000    18.0    18.1    18.2    18.0    18.0
63892 20240410  7.003  -88.14   32.84    19.7    16.7    18.2    18.0    20.0 -9999.00 U -9999.0 -9999.0 -9999.0    97.6    84.0    91.9   0.304   0.355   0.326   0.443 -99.000    18.2    18.2    18.2    17.9    17.9
63892 20240411  7.003  -88.14   32.84    19.1    11.7    15.4    15.7     4.0 -9999.00 U -9999.0 -9999.0 -9999.0    97.5    50.9    84.2   0.448   0.540   0.466   0.504 -99.000    18.0    18.0    18.1    17.9    17.9
63892 20240412  7.003  -88.14   32.84    23.0     8.2    15.6    14.9     0.0 -9999.00 U -9999.0 -9999.0 -9999.0    95.2    20.1    58.5   0.321   0.313   0.405   0.505 -99.000    17.3    17.4    17.5    17.6    17.6
63892 20240413  7.003  -88.14   32.84    27.7     6.9    17.3    16.5     0.0 -9999.00 U -9999.0 -9999.0 -9999.0    99.0    28.3    70.3   0.282   0.213   0.271   0.505 -99.000    18.9    18.6    18.2    17.7    17.7
63892 20240414  7.003  -88.14   32.84    28.4    10.3    19.3    19.4     0.0 -9999.00 U -9999.0 -9999.0 -9999.0    98.3    31.1    65.7   0.272   0.204   0.263   0.506 -99.000    20.5    20.1    19.5    18.3    18.3
63892 20240415  7.003  -88.14   32.84    27.8    11.8    19.8    19.7     0.0 -9999.00 U -9999.0 -9999.0 -9999.0    95.0    36.2    71.7   0.257   0.194   0.253   0.508 -99.000    21.8    21.2    20.4    18.8    18.8
63892 20240416  7.003  -88.14   32.84    27.8    16.1    22.0    22.3     0.0 -9999.00 U -9999.0 -9999.0 -9999.0    97.0    48.8    71.8   0.237   0.181   0.238   0.491 -99.000    22.4    21.9    21.2    19.5    19.5
63892 20240417  7.003  -88.14   32.84    25.1    18.6    21.9    21.5     0.0 -9999.00 U -9999.0 -9999.0 -9999.0    97.1    69.2    85.8   0.223   0.173   0.222   0.429 -99.000    21.8    21.6    21.1    19.8    19.9
63892 20240418  7.003  -88.14   32.84    24.7    17.8    21.2    21.2     0.7 -9999.00 U -9999.0 -9999.0 -9999.0    98.5    74.0    90.9   0.218   0.170   0.210   0.419 -99.000    22.1    21.8    21.3    20.0    20.0
63892 20240419  7.003  -88.14   32.84    27.1    16.8    21.9    22.0     0.0 -9999.00 U -9999.0 -9999.0 -9999.0    99.3    65.4    87.8   0.215   0.168   0.205   0.411 -99.000    22.9    22.3    21.6    20.2    20.2
63892 20240420  7.003  -88.14   32.84    20.3    11.7    16.0    16.4    23.8 -9999.00 U -9999.0 -9999.0 -9999.0    98.5    77.3    92.0   0.260   0.245   0.257   0.411 -99.000    20.1    20.6    21.0    20.5    20.5
63892 20240421  7.003  -88.14   32.84    17.7     9.2    13.5    13.2    16.3 -9999.00 U -9999.0 -9999.0 -9999.0    96.9    44.5    71.0   0.378   0.455   0.429   0.440 -99.000    18.2    18.5    18.9    19.6    19.6
63892 20240422  7.003  -88.14   32.84    19.5     5.4    12.5    11.9     0.0 -9999.00 U -9999.0 -9999.0 -9999.0    97.1    30.7    67.0   0.290   0.232   0.382   0.458 -99.000    18.3    18.4    18.6    19.0    19.0
63892 20240423  7.003  -88.14   32.84    23.7     5.3    14.5    14.8     0.0 -9999.00 U -9999.0 -9999.0 -9999.0    99.2    31.5    70.0   0.271   0.205   0.270   0.477 -99.000    19.6    19.4    19.2    18.9    19.0
63892 20240424  7.003  -88.14   32.84    25.1    10.4    17.8    18.0     0.0 -9999.00 U -9999.0 -9999.0 -9999.0    98.3    56.3    83.6   0.259   0.194   0.257   0.503 -99.000    20.4    20.2    19.8    19.2    19.2
63892 20240425  7.003  -88.14   32.84    27.4    13.8    20.6    20.1     0.0 -9999.00 U -9999.0 -9999.0 -9999.0    99.4    38.3    76.1   0.241   0.183   0.247   0.495 -99.000    22.6    22.0    21.1    19.6    19.6
63892 20240426  7.003  -88.14   32.84    29.0    15.0    22.0    22.1     0.0 -9999.00 U -9999.0 -9999.0 -9999.0    96.1    43.6    69.4   0.221   0.173   0.229   0.431 -99.000    23.4    22.8    22.0    20.3    20.3
63892 20240427  7.003  -88.14   32.84    27.9    16.1    22.0    22.2     0.0 -9999.00 U -9999.0 -9999.0 -9999.0    96.4    52.5    73.1   0.203   0.165   0.209   0.394 -99.000    23.1    22.7    22.1    20.7    20.7
63892 20240428  7.003  -88.14   32.84    27.5    17.3    22.4    22.2     0.0 -9999.00 U -9999.0 -9999.0 -9999.0    94.1    54.7    74.9   0.191   0.159   0.197   0.378 -99.000    23.3    22.9    22.3    21.0    21.0
63892 20240429  7.003  -88.14   32.84    25.1    16.3    20.7    20.7     0.3 -9999.00 U -9999.0 -9999.0 -9999.0    97.3    62.6    85.7   0.185   0.155   0.190   0.373 -99.000    22.3    22.2    22.0    21.1    21.1
63892 20240430  7.003  -88.14   32.84    27.4    17.1    22.3    22.0     2.5 -9999.00 U -9999.0 -9999.0 -9999.0    98.9    47.0    81.7   0.186   0.154   0.188   0.371 -99.000    24.0    23.5    22.7    21.2    21.2
63892 20240501  7.003  -88.14   32.84    29.8    14.9    22.4    22.2     0.0 -9999.00 U -9999.0 -9999.0 -9999.0    99.2    39.0    76.8   0.173   0.149   0.180   0.365 -99.000    24.6    24.1    23.3    21.6    21.6
63892 20240502  7.003  -88.14   32.84    29.7    16.5    23.1    23.0     0.0 -9999.00 U -9999.0 -9999.0 -9999.0    97.9    45.2    77.7   0.157   0.143   0.173   0.365 -99.000    25.0    24.5    23.7    22.0    22.0
63892 20240503  7.003  -88.14   32.84    28.1    19.5    23.8    22.4     1.3 -9999.00 U -9999.0 -9999.0 -9999.0    98.1    60.0    87.5   0.147   0.139   0.167   0.363 -99.000    24.7    24.5    23.9    22.4    22.4
63892 20240504  7.003  -88.14   32.84    29.1    18.2    23.7    22.8     0.0 -9999.00 U -9999.0 -9999.0 -9999.0    99.4    50.2    81.9   0.141   0.135   0.163   0.357 -99.000    25.3    24.8    24.0    22.4    22.4
63892 20240505  7.003  -88.14   32.84    29.2    18.1    23.6    22.4     3.4 -9999.00 U -9999.0 -9999.0 -9999.0    98.8    59.3    89.0   0.145   0.129   0.157   0.344 -99.000    25.1    24.8    24.2    22.7    22.7
63892 20240506  7.003  -88.14   32.84    30.4    18.3    24.3    24.2     0.0 -9999.00 U -9999.0 -9999.0 -9999.0    99.4    52.8    81.0   0.145   0.127   0.153   0.332 -99.000    25.6    25.1    24.3    22.8    22.8
63892 20240507  7.003  -88.14   32.84    28.4    21.9    25.2    24.8     0.0 -9999.00 U -9999.0 -9999.0 -9999.0    94.8    70.8    84.4   0.136   0.122   0.144   0.317 -99.000    25.4    25.1    24.6    23.1    23.1
63892 20240508  7.003  -88.14   32.84    30.8    23.0    26.9    26.0     0.0 -9999.00 U -9999.0 -9999.0 -9999.0    92.8    62.0    81.4   0.135   0.117   0.139   0.302 -99.000    26.1    25.6    24.8    23.2    23.2
63892 20240509  7.003  -88.14   32.84    32.4    20.3    26.3    25.9     6.4 -9999.00 U -9999.0 -9999.0 -9999.0    97.7    61.8    83.4   0.133   0.121   0.137   0.302 -99.000    27.7    27.1    25.9    23.6    23.6
63892 20240510  7.003  -88.14   32.84    28.0    16.2    22.1    22.6    23.6 -9999.00 U -9999.0 -9999.0 -9999.0    98.2    36.2    71.4   0.253   0.184   0.248   0.390 -99.000    25.6    25.6    25.3    24.1    24.1
63892 20240511  7.003  -88.14   32.84    25.5    13.3    19.4    19.4     0.0 -9999.00 U -9999.0 -9999.0 -9999.0    96.0    40.5    70.3   0.203   0.154   0.193   0.323 -99.000    24.5    24.5    24.4    23.7    23.7
63892 20240512  7.003  -88.14   32.84    25.8    15.4    20.6    20.4     0.8 -9999.00 U -9999.0 -9999.0 -9999.0    96.9    46.9    77.6   0.187   0.145   0.175   0.313 -99.000    24.5    24.4    24.2    23.5    23.5
63892 20240513  7.003  -88.14   32.84    23.6    17.5    20.5    19.9    31.5 -9999.00 U -9999.0 -9999.0 -9999.0    97.4    71.5    87.9   0.408   0.438   0.377   0.408 -99.000    22.9    23.1    23.3    23.2    23.2
63892 20240514  7.003  -88.14   32.84    26.6    18.3    22.4    21.4     0.0 -9999.00 U -9999.0 -9999.0 -9999.0    97.2    61.2    85.7   0.347   0.378   0.445   0.442 -99.000    23.6    23.4    23.2    22.8    22.8
63892 20240515  7.003  -88.14   32.84    28.1    17.0    22.6    22.2     0.0 -9999.00 U -9999.0 -9999.0 -9999.0    98.2    50.5    77.4   0.294   0.224   0.354   0.444 -99.000    24.8    24.5    23.9    22.9    22.9
63892 20240516  7.003  -88.14   32.84    27.9    15.8    21.9    22.0     0.4 -9999.00 U -9999.0 -9999.0 -9999.0    98.6    52.8    81.9   0.275   0.202   0.264   0.442 -99.000    25.0    24.7    24.2    23.2    23.2
63892 20240517  7.003  -88.14   32.84    23.8    19.4    21.6    21.4     0.5 -9999.00 U -9999.0 -9999.0 -9999.0    96.9    78.4    91.2   0.270   0.196   0.258   0.441 -99.000    23.8    23.9    24.0    23.4    23.4
63892 20240518  7.003  -88.14   32.84    29.8    18.5    24.1    23.1     1.3 -9999.00 U -9999.0 -9999.0 -9999.0    98.9    55.8    85.0   0.258   0.190   0.251   0.437 -99.000    25.9    25.4    24.6    23.3    23.3
63892 20240519  7.003  -88.14   32.84    29.7    17.5    23.6    23.0     0.0 -9999.00 U -9999.0 -9999.0 -9999.0    99.0    49.2    81.7   0.243   0.182   0.241   0.426 -99.000    26.2    25.9    25.2    23.8    23.8
63892 20240520  7.003  -88.14   32.84    30.3    17.6    23.9    24.0     0.0 -9999.00 U -9999.0 -9999.0 -9999.0    98.7    49.4    78.3   0.222   0.170   0.219   0.343 -99.000    27.5    26.9    26.0    24.2    24.2
63892 20240521  7.003  -88.14   32.84    30.1    17.8    23.9    23.9     0.0 -9999.00 U -9999.0 -9999.0 -9999.0    98.2    43.6    73.9   0.204   0.162   0.202   0.321 -99.000    27.7    27.2    26.5    24.6    24.6
63892 20240522  7.003  -88.14   32.84    30.6    18.6    24.6    24.9     0.0 -9999.00 U -9999.0 -9999.0 -9999.0    97.7    48.7    74.6   0.193   0.155   0.190   0.311 -99.000    28.3    27.8    26.9    25.0    25.0
63892 20240523  7.003  -88.14   32.84    29.7    22.0    25.8    25.2     0.0 -9999.00 U -9999.0 -9999.0 -9999.0    96.4    53.3    76.2   0.184   0.151   0.180   0.308 -99.000    29.0    28.5    27.6    25.5    25.5
63892 20240524  7.003  -88.14   32.84    31.9    20.4    26.2    26.3     0.0 -9999.00 U -9999.0 -9999.0 -9999.0    95.9    50.7    76.1   0.177   0.147   0.175   0.302 -99.000    29.8    29.1    28.1    25.8    25.8
63892 20240525  7.003  -88.14   32.84    31.3    21.6    26.4    25.6    12.0 -9999.00 U -9999.0 -9999.0 -9999.0    97.6    60.9    83.8   0.192   0.156   0.177   0.303 -99.000    29.3    29.1    28.5    26.3    26.3
63892 20240526  7.003  -88.14   32.84    32.0    22.2    27.1    27.0     0.0 -9999.00 U -9999.0 -9999.0 -9999.0    98.4    51.1    75.4   0.213   0.162   0.182   0.305 -99.000    28.7    28.3    27.7    26.2    26.2
63892 20240527  7.003  -88.14   32.84    32.6    20.9    26.7    26.5    14.5 -9999.00 U -9999.0 -9999.0 -9999.0    97.4    49.4    79.3   0.233   0.178   0.234   0.349 -99.000    29.1    28.7    28.0    26.3    26.3
63892 20240528  7.003  -88.14   32.84    32.0    18.6    25.3    24.6     0.0 -9999.00 U -9999.0 -9999.0 -9999.0    97.8    28.9    72.4   0.208   0.164   0.203   0.314 -99.000    28.6    28.4    27.8    26.4    26.4
63892 20240529  7.003  -88.14   32.84    30.6    16.9    23.7    23.8     0.0 -9999.00 U -9999.0 -9999.0 -9999.0    98.9    30.5    73.4   0.190   0.153   0.183   0.303 -99.000    28.4    28.1    27.5    26.3    26.3
63892 20240530  7.003  -88.14   32.84    26.5    19.4    22.9    22.2     0.2 -9999.00 U -9999.0 -9999.0 -9999.0    97.1    63.1    83.0   0.181   0.149   0.175   0.299 -99.000    26.7    26.8    26.9    26.2    26.2
63892 20240531  7.003  -88.14   32.84    26.6    19.4    23.0    22.8    21.0 -9999.00 U -9999.0 -9999.0 -9999.0    97.2    61.7    83.0   0.180   0.149   0.176   0.297 -99.000    25.6    25.8    25.9    25.8    25.8
63892 20240601  7.003  -88.14   32.84    26.2    20.3    23.2    22.4    19.9 -9999.00 U -9999.0 -9999.0 -9999.0    98.1    78.8    92.2   0.441   0.457   0.392   0.427 -99.000    24.2    24.4    24.7    25.1    25.1
63892 20240602  7.003  -88.14   32.84    30.2    21.3    25.7    24.9     0.0 -9999.00 U -9999.0 -9999.0 -9999.0    97.3    55.1    82.7   0.426   0.460   0.414   0.442 -99.000    27.5    26.9    25.9    24.9    24.9
63892 20240603  7.003  -88.14   32.84    29.1    20.9    25.0    24.0     0.0 -9999.00 U -9999.0 -9999.0 -9999.0    98.1    66.4    87.8   0.309   0.237   0.382   0.440 -99.000    26.8    26.6    26.3    25.4    25.4
63892 20240604  7.003  -88.14   32.84    31.2    20.5    25.9    24.5    13.6 -9999.00 U -9999.0 -9999.0 -9999.0    97.7    58.2    82.8   0.341   0.294   0.323   0.440 -99.000    27.6    27.2    26.6    25.5    25.5
63892 20240605  7.003  -88.14   32.84    31.3    20.5    25.9    24.0     1.9 -9999.00 U -9999.0 -9999.0 -9999.0    97.9    60.4    86.0   0.471   0.511   0.402   0.445 -99.000    27.6    27.3    26.9    25.8    25.8
63892 20240606  7.003  -88.14   32.84    30.1    20.4    25.2    25.0     0.0 -9999.00 U -9999.0 -9999.0 -9999.0    98.5    58.6    82.9   0.399   0.391   0.396   0.441 -99.000    28.2    27.8    27.1    25.8    25.8
63892 20240607  7.003  -88.14   32.84    30.3    17.7    24.0    24.4     0.0 -9999.00 U -9999.0 -9999.0 -9999.0    98.3    36.6    71.8   0.300   0.223   0.300   0.437 -99.000    27.8    27.7    27.3    26.1    26.1
63892 20240608  7.003  -88.14   32.84    30.8    15.6    23.2    23.7     0.0 -9999.00 U -9999.0 -9999.0 -9999.0    98.9    36.6    72.5   0.271   0.203   0.270   0.434 -99.000    27.8    27.4    27.0    26.0    26.0
63892 20240609  7.003  -88.14   32.84    33.8    19.0    26.4    26.2     0.0 -9999.00 U -9999.0 -9999.0 -9999.0    97.1    47.2    76.4   0.245   0.187   0.252   0.420 -99.000    29.1    28.6    27.8    26.2    26.2
63892 20240610  7.003  -88.14   32.84    29.4    18.8    24.1    24.6     0.0 -9999.00 U -9999.0 -9999.0 -9999.0    94.7    37.4    74.2   0.227   0.177   0.233   0.352 -99.000    28.4    28.3    27.9    26.6    26.6
63892 20240611  7.003  -88.14   32.84 -9999.0 -9999.0 -9999.0 -9999.0 -9999.0 -9999.00 U -9999.0 -9999.0 -9999.0 -9999.0 -9999.0 -9999.0 -99.000 -99.000 -99.000 -99.000 -99.000 -9999.0 -9999.0 -9999.0 -9999.0 -9999.0
63892 20240612  7.003  -88.14   32.84    29.4    15.1    22.2    22.2     0.0 -9999.00 U -9999.0 -9999.0 -9999.0    96.7    37.9    74.5   0.198   0.162   0.201   0.308 -99.000    27.6    27.4    27.1    26.3    26.3
63892 20240613  7.003  -88.14   32.84    31.2    17.1    24.2    24.2     0.0 -9999.00 U -9999.0 -9999.0 -9999.0    97.9    43.0    74.7   0.185   0.156   0.191   0.303 -99.000    28.9    28.5    27.8    26.4    26.4
63892 20240614  7.003  -88.14   32.84    33.8    19.1    26.4    26.6     0.0 -9999.00 U -9999.0 -9999.0 -9999.0    97.4    43.1    75.2   0.166   0.149   0.182   0.296 -99.000    30.4    29.8    28.8    26.8    26.8
63892 20240615  7.003  -88.14   32.84    34.9    22.0    28.5    28.3     0.0 -9999.00 U -9999.0 -9999.0 -9999.0    97.7    43.6    75.2   0.145   0.141   0.172   0.293 -99.000    31.4    30.8    29.6    27.4    27.4
63892 20240616  7.003  -88.14   32.84    34.6    22.1    28.4    27.3     0.0 -9999.00 U -9999.0 -9999.0 -9999.0    98.2    45.6    77.8   0.122   0.131   0.163   0.290 -99.000    31.3    30.8    30.0    27.8    27.8
63892 20240617  7.003  -88.14   32.84    32.0    22.1    27.1    25.7     3.1 -9999.00 U -9999.0 -9999.0 -9999.0    97.6    56.0    84.6   0.108   0.123   0.157   0.288 -99.000    30.2    30.0    29.5    27.9    27.9
63892 20240618  7.003  -88.14   32.84    29.9    22.0    25.9    25.4     0.0 -9999.00 U -9999.0 -9999.0 -9999.0    97.7    57.3    81.6   0.107   0.118   0.152   0.284 -99.000    28.7    28.7    28.5    27.7    27.7
63892 20240619  7.003  -88.14   32.84    29.7    20.5    25.1    25.1     0.0 -9999.00 U -9999.0 -9999.0 -9999.0    95.8    61.5    78.6   0.105   0.114   0.149   0.281 -99.000    28.1    28.1    27.9    27.3    27.3
63892 20240620  7.003  -88.14   32.84    31.1    19.8    25.5    25.2     0.0 -9999.00 U -9999.0 -9999.0 -9999.0    96.8    49.4    75.7   0.099   0.107   0.143   0.273 -99.000    28.3    28.1    27.8    27.1    27.1
63892 20240621  7.003  -88.14   32.84    33.7    20.3    27.0    26.8     0.0 -9999.00 U -9999.0 -9999.0 -9999.0    98.3    38.6    72.4   0.092   0.098   0.137   0.270 -99.000    30.3    29.7    28.7    27.1    27.1
63892 20240622  7.003  -88.14   32.84    34.9    20.5    27.7    27.7     0.0 -9999.00 U -9999.0 -9999.0 -9999.0    98.6    34.0    71.4   0.083   0.089   0.131   0.268 -99.000    31.4    30.8    29.7    27.6    27.6
63892 20240623  7.003  -88.14   32.84    35.9    20.4    28.1    28.4     0.0 -9999.00 U -9999.0 -9999.0 -9999.0    97.6    36.9    69.7   0.074   0.080   0.126   0.265 -99.000    32.2    31.5    30.3    28.1    28.1
63892 20240624  7.003  -88.14   32.84    35.7    24.2    30.0    28.9     1.0 -9999.00 U -9999.0 -9999.0 -9999.0    96.6    49.1    75.9   0.069   0.074   0.119   0.264 -99.000    32.8    32.1    30.9    28.6    28.5
63892 20240625  7.003  -88.14   32.84    37.6    22.1    29.8    29.0     0.0 -9999.00 U -9999.0 -9999.0 -9999.0    98.7    25.9    71.0   0.063   0.069   0.112   0.263 -99.000    33.2    32.4    31.2    28.9    28.9
63892 20240626  7.003  -88.14   32.84    35.4    23.2    29.3    27.0     0.0 -9999.00 U -9999.0 -9999.0 -9999.0    96.0    48.6    79.4   0.059   0.066   0.105   0.260 -99.000    32.5    32.0    31.2    29.2    29.2
63892 20240627  7.003  -88.14   32.84    32.0    23.2    27.6    26.4     2.0 -9999.00 U -9999.0 -9999.0 -9999.0    97.9    55.2    82.5   0.057   0.064   0.101   0.257 -99.000    30.8    30.6    30.2    29.0    29.0
63892 20240628  7.003  -88.14   32.84    32.3    22.8    27.5    27.2     0.0 -9999.00 U -9999.0 -9999.0 -9999.0    98.2    57.2    81.0   0.057   0.062   0.098   0.254 -99.000    30.8    30.5    29.9    28.8    28.8
63892 20240629  7.003  -88.14   32.84    31.8    24.0    27.9    27.1     3.3 -9999.00 U -9999.0 -9999.0 -9999.0    96.8    64.9    86.0   0.056   0.061   0.095   0.248 -99.000    30.0    29.9    29.6    28.6    28.6
63892 20240630  7.003  -88.14   32.84    35.2    23.4    29.3    27.4     0.0 -9999.00 U -9999.0 -9999.0 -9999.0    98.3    52.6    83.8   0.057   0.059   0.095   0.243 -99.000    30.8    30.4    29.7    28.4    28.4
63892 20240701  7.003  -88.14   32.84    34.7    21.6    28.2    27.9     0.0 -9999.00 U -9999.0 -9999.0 -9999.0    98.5    39.3    76.6   0.056   0.058   0.094   0.240 -99.000    31.7    31.1    30.1    28.6    28.6
63892 20240702  7.003  -88.14   32.84 -9999.0 -9999.0 -9999.0 -9999.0 -9999.0 -9999.00 U -9999.0 -9999.0 -9999.0 -9999.0 -9999.0 -9999.0 -99.000 -99.000 -99.000 -99.000 -99.000 -9999.0 -9999.0 -9999.0 -9999.0 -9999.0
