04126 20240101  2.623 -113.56   43.46     2.1    -6.2    -2.0    -2.7     0.0     6.82 C     6.5   -12.5    -6.5    88.4    54.1    74.0 -99.000 -99.000 -99.000 -99.000 -99.000    -5.8    -5.7 -9999.0 -9999.0 -9999.0
04126 20240102  2.623 -113.56   43.46     1.2    -7.5    -3.2    -3.8     0.0     7.91 C     7.3   -14.1    -7.2    84.1    53.6    72.0 -99.000 -99.000 -99.000 -99.000 -99.000    -6.8    -6.7 -9999.0 -9999.0 -9999.0
04126 20240103  2.623 -113.56   43.46    -0.7    -9.3    -5.0    -3.8     0.0     3.28 C     1.6   -12.3    -5.2    88.5    54.8    74.4 -99.000 -99.000 -99.000 -99.000 -99.000    -6.3    -6.6 -9999.0 -9999.0 -9999.0
04126 20240104  2.623 -113.56   43.46    -1.2    -6.0    -3.6    -3.6     0.6     3.93 C     2.9    -7.2    -3.5    94.5    81.5    91.0 -99.000 -99.000 -99.000 -99.000 -99.000    -4.3    -4.8 -9999.0 -9999.0 -9999.0
04126 20240105  2.623 -113.56   43.46     1.9    -8.1    -3.1    -4.1     0.0     6.81 C     5.0   -11.4    -4.2    92.8    18.2    80.3 -99.000 -99.000 -99.000 -99.000 -99.000    -4.1    -4.2 -9999.0 -9999.0 -9999.0
04126 20240106  2.623 -113.56   43.46    -3.9   -10.9    -7.4    -6.3     3.6     3.23 C    -1.4    -9.9    -6.0    91.0    62.9    84.7 -99.000 -99.000 -99.000 -99.000 -99.000    -4.7    -4.6 -9999.0 -9999.0 -9999.0
04126 20240107  2.623 -113.56   43.46    -5.1   -12.1    -8.6    -8.1     0.0     2.38 C    -4.0   -22.2   -11.5    92.1    57.7    84.7 -99.000 -99.000 -99.000 -99.000 -99.000    -4.4    -4.3 -9999.0 -9999.0 -9999.0
04126 20240108  2.623 -113.56   43.46    -7.1   -15.2   -11.1   -11.0     0.0     4.38 C    -6.4   -23.3   -15.0    87.6    56.5    74.8 -99.000 -99.000 -99.000 -99.000 -99.000    -5.6    -5.0 -9999.0 -9999.0 -9999.0
04126 20240109  2.623 -113.56   43.46    -3.2   -12.5    -7.9    -6.9     5.4     2.57 C    -4.5   -13.7    -8.4    88.8    66.6    82.1 -99.000 -99.000 -99.000 -99.000 -99.000    -5.6    -5.1 -9999.0 -9999.0 -9999.0
04126 20240110  2.623 -113.56   43.46    -6.4   -13.3    -9.8    -8.6     3.1     5.90 C    -6.6   -23.0   -12.8    85.5    40.7    73.5 -99.000 -99.000 -99.000 -99.000 -99.000    -5.3    -4.8 -9999.0 -9999.0 -9999.0
04126 20240111  2.623 -113.56   43.46    -7.5   -15.1   -11.3    -9.7     2.1     7.84 C    -7.7   -25.1   -14.6    87.2    42.2    66.8 -99.000 -99.000 -99.000 -99.000 -99.000    -5.5    -4.9 -9999.0 -9999.0 -9999.0
04126 20240112  2.623 -113.56   43.46    -5.7   -17.3   -11.5    -8.1     1.1     4.13 C    -5.9   -26.9   -11.1    87.6    40.7    70.2 -99.000 -99.000 -99.000 -99.000 -99.000    -5.2    -4.7 -9999.0 -9999.0 -9999.0
04126 20240113  2.623 -113.56   43.46   -14.4   -21.8   -18.1   -17.7     2.4     5.80 C   -14.9   -31.2   -21.5    80.6    45.2    62.3 -99.000 -99.000 -99.000 -99.000 -99.000    -5.8    -5.0 -9999.0 -9999.0 -9999.0
04126 20240114  2.623 -113.56   43.46    -9.9   -16.9   -13.4   -13.4     0.3     7.07 C    -9.6   -22.7   -14.2    86.4    80.6    83.9 -99.000 -99.000 -99.000 -99.000 -99.000    -6.0    -5.3 -9999.0 -9999.0 -9999.0
04126 20240115  2.623 -113.56   43.46   -12.1   -20.6   -16.3   -17.4     0.0     8.86 C   -13.9   -28.6   -21.4    85.2    61.1    76.3 -99.000 -99.000 -99.000 -99.000 -99.000    -5.9    -5.3 -9999.0 -9999.0 -9999.0
04126 20240116  2.623 -113.56   43.46   -13.0   -20.5   -16.8   -16.7     0.0     9.00 C   -12.1   -27.0   -20.1    71.2    49.0    59.5 -99.000 -99.000 -99.000 -99.000 -99.000    -6.5    -5.7 -9999.0 -9999.0 -9999.0
04126 20240117  2.623 -113.56   43.46     0.2   -14.6    -7.2    -7.7     3.9     4.79 C    -1.0   -16.2    -7.7    88.8    57.6    80.7 -99.000 -99.000 -99.000 -99.000 -99.000    -6.5    -5.8 -9999.0 -9999.0 -9999.0
04126 20240118  2.623 -113.56   43.46     1.1    -4.8    -1.9    -1.5     0.0     8.50 C    -1.0   -10.6    -4.2    88.8    54.5    77.7 -99.000 -99.000 -99.000 -99.000 -99.000    -5.5    -5.2 -9999.0 -9999.0 -9999.0
04126 20240119  2.623 -113.56   43.46     0.2    -5.1    -2.5    -2.8     0.0     4.40 C     0.1    -9.4    -4.3    87.9    66.8    78.3 -99.000 -99.000 -99.000 -99.000 -99.000    -4.8    -4.5 -9999.0 -9999.0 -9999.0
04126 20240120  2.623 -113.56   43.46     1.8    -3.3    -0.8    -0.7     0.6     5.82 C     0.4   -10.4    -3.4    96.0    71.4    86.5 -99.000 -99.000 -99.000 -99.000 -99.000    -4.3    -4.0 -9999.0 -9999.0 -9999.0
04126 20240121  2.623 -113.56   43.46     1.2    -2.7    -0.8    -0.9     2.2     2.28 C     1.1    -4.9    -1.8    98.1    91.7    93.9 -99.000 -99.000 -99.000 -99.000 -99.000    -3.8    -3.6 -9999.0 -9999.0 -9999.0
04126 20240122  2.623 -113.56   43.46     0.2    -1.7    -0.8    -0.6     7.3     2.17 C     0.2    -2.6    -0.8    97.0    93.6    95.0 -99.000 -99.000 -99.000 -99.000 -99.000    -3.3    -3.1 -9999.0 -9999.0 -9999.0
04126 20240123  2.623 -113.56   43.46     1.5    -1.7    -0.1    -0.4     1.0     6.42 C     0.5    -3.9    -1.0    99.2    84.9    94.1 -99.000 -99.000 -99.000 -99.000 -99.000    -2.8    -2.7 -9999.0 -9999.0 -9999.0
04126 20240124  2.623 -113.56   43.46     0.4    -3.8    -1.7    -1.4     0.0     7.23 C     0.5    -5.5    -1.6    95.6    81.9    91.4 -99.000 -99.000 -99.000 -99.000 -99.000    -2.5    -2.4 -9999.0 -9999.0 -9999.0
04126 20240125  2.623 -113.56   43.46     0.3    -4.5    -2.1    -1.6     2.5     3.37 C     0.2    -9.5    -2.1    97.9    81.4    93.5 -99.000 -99.000 -99.000 -99.000 -99.000    -2.2    -2.1 -9999.0 -9999.0 -9999.0
04126 20240126  2.623 -113.56   43.46    -1.4    -6.8    -4.1    -3.9     0.0     9.00 C    -1.2   -12.5    -6.1    94.1    71.3    87.1 -99.000 -99.000 -99.000 -99.000 -99.000    -2.2    -2.0 -9999.0 -9999.0 -9999.0
04126 20240127  2.623 -113.56   43.46    -0.7    -6.0    -3.3    -3.0     0.0     4.63 C     0.4   -11.0    -3.5    92.7    83.7    89.4 -99.000 -99.000 -99.000 -99.000 -99.000    -2.2    -2.0 -9999.0 -9999.0 -9999.0
04126 20240128  2.623 -113.56   43.46     2.9    -2.6     0.2    -0.7     0.7     8.14 C     1.3    -7.9    -1.8    95.1    75.0    88.6 -99.000 -99.000 -99.000 -99.000 -99.000    -1.9    -1.9 -9999.0 -9999.0 -9999.0
04126 20240129  2.623 -113.56   43.46     5.0    -2.4     1.3     0.9     0.0    10.38 C     1.0    -7.3    -1.9    97.3    67.6    86.7 -99.000 -99.000 -99.000 -99.000 -99.000    -1.5    -1.8 -9999.0 -9999.0 -9999.0
04126 20240130  2.623 -113.56   43.46     6.0    -2.8     1.6     1.3     0.0    11.02 C     1.2    -9.1    -3.9    90.4    64.4    81.3 -99.000 -99.000 -99.000 -99.000 -99.000    -1.5    -1.7 -9999.0 -9999.0 -9999.0
04126 20240131  2.623 -113.56   43.46     5.8    -3.5     1.2     1.6     0.0    11.17 C     1.4    -9.4    -3.7    88.4    58.3    74.9 -99.000 -99.000 -99.000 -99.000 -99.000    -1.3    -1.7 -9999.0 -9999.0 -9999.0
04126 20240201  2.623 -113.56   43.46     3.6    -1.8     0.9     1.3     5.8     2.26 C     0.8    -6.3    -1.3    92.8    61.7    79.0 -99.000 -99.000 -99.000 -99.000 -99.000    -1.0    -1.4 -9999.0 -9999.0 -9999.0
04126 20240202  2.623 -113.56   43.46     1.5    -1.3     0.1     0.6     4.6     4.41 C     0.7    -0.9     0.0    96.2    88.9    93.7 -99.000 -99.000 -99.000 -99.000 -99.000    -0.3    -0.4 -9999.0 -9999.0 -9999.0
04126 20240203  2.623 -113.56   43.46    -0.7    -3.2    -2.0    -2.0     2.7     6.19 C     0.2    -4.1    -2.0    95.4    91.0    93.6 -99.000 -99.000 -99.000 -99.000 -99.000    -0.3    -0.3 -9999.0 -9999.0 -9999.0
04126 20240204  2.623 -113.56   43.46    -0.7    -4.0    -2.3    -2.9     0.6     7.09 C     0.4    -8.0    -3.4    94.1    64.2    85.1 -99.000 -99.000 -99.000 -99.000 -99.000    -0.2    -0.3 -9999.0 -9999.0 -9999.0
04126 20240205  2.623 -113.56   43.46    -0.3    -4.3    -2.3    -2.5    21.5     4.87 C     0.4    -4.4    -2.3    96.5    85.0    91.5 -99.000 -99.000 -99.000 -99.000 -99.000    -0.2    -0.3 -9999.0 -9999.0 -9999.0
04126 20240206  2.623 -113.56   43.46     0.0    -1.2    -0.6    -0.6    22.7     3.50 C     0.2    -1.4    -0.7    96.3    92.9    95.2 -99.000 -99.000 -99.000 -99.000 -99.000    -0.2    -0.3 -9999.0 -9999.0 -9999.0
04126 20240207  2.623 -113.56   43.46     0.0    -5.0    -2.5    -1.5     5.4     1.67 C    -0.1    -8.0    -2.3    95.9    77.9    90.4 -99.000 -99.000 -99.000 -99.000 -99.000    -0.2    -0.3 -9999.0 -9999.0 -9999.0
04126 20240208  2.623 -113.56   43.46    -2.1    -8.2    -5.1    -5.4     0.0     8.40 C    -2.2   -13.4    -7.9    91.7    66.8    81.9 -99.000 -99.000 -99.000 -99.000 -99.000    -0.2    -0.3 -9999.0 -9999.0 -9999.0
04126 20240209  2.623 -113.56   43.46    -4.8   -10.9    -7.8    -7.4     0.5     9.47 C    -2.0   -17.8    -9.2    91.7    80.0    86.8 -99.000 -99.000 -99.000 -99.000 -99.000    -0.2    -0.2 -9999.0 -9999.0 -9999.0
04126 20240210  2.623 -113.56   43.46    -4.7   -12.2    -8.5    -8.5     0.0    13.06 C    -2.3   -22.2   -14.6    86.3    63.8    78.4 -99.000 -99.000 -99.000 -99.000 -99.000    -0.2    -0.2 -9999.0 -9999.0 -9999.0
04126 20240211  2.623 -113.56   43.46    -6.0   -13.1    -9.5    -9.1     0.0    10.67 C    -2.8   -19.6   -12.8    87.2    61.8    75.2 -99.000 -99.000 -99.000 -99.000 -99.000    -0.2    -0.3 -9999.0 -9999.0 -9999.0
04126 20240212  2.623 -113.56   43.46    -1.2   -11.4    -6.3    -6.4     0.0    12.63 C    -2.6   -20.3   -12.2    81.9    63.5    75.4 -99.000 -99.000 -99.000 -99.000 -99.000    -0.2    -0.2 -9999.0 -9999.0 -9999.0
04126 20240213  2.623 -113.56   43.46    -2.5    -8.9    -5.7    -4.9     0.0     8.91 C    -0.3   -16.6    -7.9    86.2    61.6    76.8 -99.000 -99.000 -99.000 -99.000 -99.000    -0.3    -0.3 -9999.0 -9999.0 -9999.0
04126 20240214  2.623 -113.56   43.46    -2.0   -11.5    -6.8    -5.6     7.0    10.28 C    -1.8   -20.6    -9.7    91.7    72.4    83.9 -99.000 -99.000 -99.000 -99.000 -99.000    -0.3    -0.3 -9999.0 -9999.0 -9999.0
04126 20240215  2.623 -113.56   43.46     0.7    -2.3    -0.8    -1.1     5.1    11.66 C     0.3    -5.3    -2.8    92.9    67.8    83.2 -99.000 -99.000 -99.000 -99.000 -99.000    -0.3    -0.3 -9999.0 -9999.0 -9999.0
04126 20240216  2.623 -113.56   43.46    -1.0   -10.2    -5.6    -3.8     0.5    12.02 C     0.2   -21.9    -6.9    91.4    57.0    77.2 -99.000 -99.000 -99.000 -99.000 -99.000    -0.4    -0.3 -9999.0 -9999.0 -9999.0
04126 20240217  2.623 -113.56   43.46    -5.7   -15.5   -10.6    -9.5     0.0    13.87 C    -5.9   -25.5   -15.3    73.5    47.3    61.7 -99.000 -99.000 -99.000 -99.000 -99.000    -0.4    -0.3 -9999.0 -9999.0 -9999.0
04126 20240218  2.623 -113.56   43.46    -1.8    -8.3    -5.0    -5.6     3.2     7.68 C    -0.4   -15.1    -7.0    92.0    56.5    81.5 -99.000 -99.000 -99.000 -99.000 -99.000    -0.4    -0.3 -9999.0 -9999.0 -9999.0
04126 20240219  2.623 -113.56   43.46    -1.7    -7.4    -4.5    -3.7     3.2     6.29 C    -0.5   -14.1    -4.8    93.1    90.3    91.6 -99.000 -99.000 -99.000 -99.000 -99.000    -0.4    -0.3 -9999.0 -9999.0 -9999.0
04126 20240220  2.623 -113.56   43.46     2.5    -6.1    -1.8    -1.7     1.2    12.26 C     0.6   -14.2    -4.2    95.5    76.0    88.8 -99.000 -99.000 -99.000 -99.000 -99.000    -0.5    -0.3 -9999.0 -9999.0 -9999.0
04126 20240221  2.623 -113.56   43.46     2.4    -6.5    -2.1    -1.6     0.0     9.61 C    -0.3   -10.5    -5.3    87.7    60.4    74.6 -99.000 -99.000 -99.000 -99.000 -99.000    -0.4    -0.3 -9999.0 -9999.0 -9999.0
04126 20240222  2.623 -113.56   43.46     1.6    -9.0    -3.7    -2.6     0.0    15.55 C    -0.2   -15.8    -8.1    87.9    57.7    71.7 -99.000 -99.000 -99.000 -99.000 -99.000    -0.4    -0.3 -9999.0 -9999.0 -9999.0
04126 20240223  2.623 -113.56   43.46     2.2    -7.6    -2.7    -1.9     0.0    15.51 C     0.1   -16.5    -8.8    80.8    47.5    61.6 -99.000 -99.000 -99.000 -99.000 -99.000    -0.4    -0.4 -9999.0 -9999.0 -9999.0
04126 20240224  2.623 -113.56   43.46     3.9    -5.5    -0.8     0.3     0.0    15.54 C    -0.1   -14.9    -5.5    65.6    43.5    58.2 -99.000 -99.000 -99.000 -99.000 -99.000    -0.4    -0.4 -9999.0 -9999.0 -9999.0
04126 20240225  2.623 -113.56   43.46     5.1    -4.2     0.5     1.4     0.0    18.64 C     0.2    -9.4    -3.0    74.4    46.6    60.6 -99.000 -99.000 -99.000 -99.000 -99.000    -0.4    -0.4 -9999.0 -9999.0 -9999.0
04126 20240226  2.623 -113.56   43.46     4.4    -9.7    -2.6    -0.7     3.8     6.51 C    -0.1   -15.6    -3.2    89.9    44.0    70.1 -99.000 -99.000 -99.000 -99.000 -99.000    -0.3    -0.3 -9999.0 -9999.0 -9999.0
04126 20240227  2.623 -113.56   43.46    -5.3   -12.1    -8.7    -8.3     0.0    17.27 C    -5.6   -18.6   -12.8    69.3    34.3    52.2 -99.000 -99.000 -99.000 -99.000 -99.000    -0.3    -0.3 -9999.0 -9999.0 -9999.0
04126 20240228  2.623 -113.56   43.46     0.2   -11.8    -5.8    -5.2     0.0    14.42 C    -0.1   -17.9    -9.0    67.5    47.9    58.7 -99.000 -99.000 -99.000 -99.000 -99.000    -0.3    -0.3 -9999.0 -9999.0 -9999.0
04126 20240229  2.623 -113.56   43.46     3.0    -5.3    -1.1    -1.7     5.8     7.38 C     0.1   -13.8    -4.1    91.7    57.5    74.8 -99.000 -99.000 -99.000 -99.000 -99.000    -0.3    -0.3 -9999.0 -9999.0 -9999.0
04126 20240301  2.623 -113.56   43.46     2.6    -2.2     0.2    -0.9     8.1     7.64 C    -0.2    -2.8    -1.4    94.9    64.8    84.6 -99.000 -99.000 -99.000 -99.000 -99.000    -0.3    -0.3 -9999.0 -9999.0 -9999.0
04126 20240302  2.623 -113.56   43.46    -0.8   -10.5    -5.6    -3.9     9.3    10.57 C    -1.1   -15.6    -5.1    95.7    57.3    81.6 -99.000 -99.000 -99.000 -99.000 -99.000    -0.3    -0.3 -9999.0 -9999.0 -9999.0
04126 20240303  2.623 -113.56   43.46    -6.1   -13.5    -9.8    -9.5     0.3    13.80 C    -3.6   -18.9   -12.0    86.7    60.7    73.4 -99.000 -99.000 -99.000 -99.000 -99.000    -0.3    -0.3 -9999.0 -9999.0 -9999.0
04126 20240304  2.623 -113.56   43.46    -5.6   -12.4    -9.0    -9.2     3.1    12.22 C    -5.2   -19.9   -11.6    84.2    61.6    73.1 -99.000 -99.000 -99.000 -99.000 -99.000    -0.3    -0.3 -9999.0 -9999.0 -9999.0
04126 20240305  2.623 -113.56   43.46    -1.7   -10.7    -6.2    -5.9    14.5     9.45 C    -2.1   -11.9    -6.1    91.9    76.7    86.2 -99.000 -99.000 -99.000 -99.000 -99.000    -0.4    -0.3 -9999.0 -9999.0 -9999.0
04126 20240306  2.623 -113.56   43.46    -2.5   -11.5    -7.0    -5.8     0.0    16.37 C    -3.1   -20.0    -7.2    94.7    75.9    88.4 -99.000 -99.000 -99.000 -99.000 -99.000    -0.4    -0.3 -9999.0 -9999.0 -9999.0
04126 20240307  2.623 -113.56   43.46    -4.8   -12.9    -8.9    -8.6     0.0    18.09 C    -3.1   -22.3   -13.7    91.4    60.6    80.6 -99.000 -99.000 -99.000 -99.000 -99.000    -0.4    -0.3 -9999.0 -9999.0 -9999.0
04126 20240308  2.623 -113.56   43.46    -6.9   -12.9    -9.9    -9.7     0.0    18.94 C    -3.3   -25.0   -16.1    81.1    56.7    67.9 -99.000 -99.000 -99.000 -99.000 -99.000    -0.5    -0.4 -9999.0 -9999.0 -9999.0
04126 20240309  2.623 -113.56   43.46    -3.0   -13.2    -8.1    -7.5     0.0    17.88 C    -1.5   -19.7   -11.8    91.0    53.5    72.8 -99.000 -99.000 -99.000 -99.000 -99.000    -0.6    -0.4 -9999.0 -9999.0 -9999.0
04126 20240310  2.623 -113.56   43.46     1.8    -7.5    -2.9    -2.8     0.0    14.08 C     0.3   -17.8    -9.1    69.3    49.1    60.4 -99.000 -99.000 -99.000 -99.000 -99.000    -0.6    -0.5 -9999.0 -9999.0 -9999.0
04126 20240311  2.623 -113.56   43.46     2.6    -2.8    -0.1     0.1     0.0    14.71 C     0.6    -9.1    -3.0    89.7    45.2    72.7 -99.000 -99.000 -99.000 -99.000 -99.000    -0.6    -0.5 -9999.0 -9999.0 -9999.0
04126 20240312  2.623 -113.56   43.46     2.2    -3.8    -0.8    -0.1     0.0    14.11 C     0.4    -9.2    -1.8    93.6    63.3    82.2 -99.000 -99.000 -99.000 -99.000 -99.000    -0.5    -0.5 -9999.0 -9999.0 -9999.0
04126 20240313  2.623 -113.56   43.46    -0.3    -8.3    -4.3    -3.4     0.2    15.42 C     0.5   -13.0    -6.5    82.5    43.9    64.8 -99.000 -99.000 -99.000 -99.000 -99.000    -0.4    -0.4 -9999.0 -9999.0 -9999.0
04126 20240314  2.623 -113.56   43.46     3.3    -6.7    -1.7    -1.7     0.0    20.13 C     0.0   -11.9    -6.3    62.1    33.7    48.8 -99.000 -99.000 -99.000 -99.000 -99.000    -0.4    -0.4 -9999.0 -9999.0 -9999.0
04126 20240315  2.623 -113.56   43.46     4.8    -7.8    -1.5    -1.2     0.0    20.50 C     0.4   -13.9    -6.4    62.1    29.8    49.0 -99.000 -99.000 -99.000 -99.000 -99.000    -0.4    -0.4 -9999.0 -9999.0 -9999.0
04126 20240316  2.623 -113.56   43.46     7.4    -4.8     1.3     1.7     0.0    20.23 C     0.6   -10.6    -4.2    60.0    39.6    48.3 -99.000 -99.000 -99.000 -99.000 -99.000    -0.4    -0.4 -9999.0 -9999.0 -9999.0
04126 20240317  2.623 -113.56   43.46    10.0    -1.7     4.1     4.2     0.0    20.34 C     1.0    -6.6    -2.3    67.3    32.6    51.3 -99.000 -99.000 -99.000 -99.000 -99.000    -0.3    -0.3 -9999.0 -9999.0 -9999.0
04126 20240318  2.623 -113.56   43.46    11.0     0.1     5.6     5.4     0.0    20.75 C     1.4    -7.6    -2.5    56.2    31.9    44.8 -99.000 -99.000 -99.000 -99.000 -99.000    -0.3    -0.3 -9999.0 -9999.0 -9999.0
04126 20240319  2.623 -113.56   43.46    10.6    -1.3     4.6     5.2     0.0    20.88 C     1.7    -8.3    -2.5    59.9    30.7    45.1 -99.000 -99.000 -99.000 -99.000 -99.000    -0.3    -0.3 -9999.0 -9999.0 -9999.0
04126 20240320  2.623 -113.56   43.46    12.2    -0.6     5.8     6.4     0.0    20.67 C     2.7    -7.6    -1.7    57.9    33.1    43.9 -99.000 -99.000 -99.000 -99.000 -99.000    -0.3    -0.3 -9999.0 -9999.0 -9999.0
04126 20240321  2.623 -113.56   43.46     8.7     0.6     4.7     5.0     0.0    19.44 C     5.6    -3.0     0.4    69.8    39.0    53.0 -99.000 -99.000 -99.000 -99.000 -99.000    -0.2    -0.3 -9999.0 -9999.0 -9999.0
04126 20240322  2.623 -113.56   43.46    10.9    -1.8     4.6     4.7     0.0    17.31 C    12.8    -4.3     2.3    65.0    33.1    50.6 -99.000 -99.000 -99.000 -99.000 -99.000    -0.3    -0.3 -9999.0 -9999.0 -9999.0
04126 20240323  2.623 -113.56   43.46     5.3    -1.6     1.9     2.3     0.9    10.65 C     8.7    -2.8     1.4    87.5    54.9    72.9 -99.000 -99.000 -99.000 -99.000 -99.000    -0.2    -0.3 -9999.0 -9999.0 -9999.0
04126 20240324  2.623 -113.56   43.46     6.3    -3.7     1.3     0.6     0.9    17.20 C    17.5    -6.6     1.4    88.4    25.0    62.4 -99.000 -99.000 -99.000 -99.000 -99.000    -0.2    -0.2 -9999.0 -9999.0 -9999.0
04126 20240325  2.623 -113.56   43.46     4.7    -4.9    -0.1    -0.4     0.0    19.66 C    17.8    -7.5     1.4    92.3    20.9    63.3 -99.000 -99.000 -99.000 -99.000 -99.000    -0.2    -0.2 -9999.0 -9999.0 -9999.0
04126 20240326  2.623 -113.56   43.46     5.6    -3.3     1.1     0.3     0.0    16.90 C    19.9    -5.0     1.6    69.4    32.2    56.1 -99.000 -99.000 -99.000 -99.000 -99.000    -0.2    -0.3 -9999.0 -9999.0 -9999.0
04126 20240327  2.623 -113.56   43.46     5.4    -6.0    -0.3     0.6     0.9    15.25 C    12.0    -7.7     0.7    91.6    38.3    59.7 -99.000 -99.000 -99.000 -99.000 -99.000    -0.2    -0.3 -9999.0 -9999.0 -9999.0
04126 20240328  2.623 -113.56   43.46     4.3    -3.1     0.6     1.1     5.1    17.25 C    11.3    -4.0     1.4    93.9    39.6    73.4 -99.000 -99.000 -99.000 -99.000 -99.000    -0.2    -0.3 -9999.0 -9999.0 -9999.0
04126 20240329  2.623 -113.56   43.46     5.6    -4.9     0.3     0.5     0.0    18.48 C    20.9    -6.7     2.5    77.8    31.4    56.7 -99.000 -99.000 -99.000 -99.000 -99.000     0.0    -0.3 -9999.0 -9999.0 -9999.0
04126 20240330  2.623 -113.56   43.46     7.4    -1.6     2.9     2.6     0.0    17.18 C    25.7    -2.8     5.8    74.9    40.5    60.5 -99.000 -99.000 -99.000 -99.000 -99.000     0.6    -0.2 -9999.0 -9999.0 -9999.0
04126 20240331  2.623 -113.56   43.46     3.8    -0.7     1.5     0.8    12.4     7.92 C     1.8    -2.0     0.0    96.8    59.0    86.4 -99.000 -99.000 -99.000 -99.000 -99.000    -0.1    -0.2 -9999.0 -9999.0 -9999.0
04126 20240401  2.623 -113.56   43.46     7.8    -3.5     2.1     2.1     0.0    22.14 C    17.0    -7.5     1.8    92.7    46.6    70.0 -99.000 -99.000 -99.000 -99.000 -99.000     0.3    -0.2 -9999.0 -9999.0 -9999.0
04126 20240402  2.623 -113.56   43.46    13.2    -0.1     6.5     6.9     0.0    22.91 C    25.3    -4.2     6.7    65.6    33.1    50.5 -99.000 -99.000 -99.000 -99.000 -99.000     1.4    -0.2 -9999.0 -9999.0 -9999.0
04126 20240403  2.623 -113.56   43.46    14.3     1.0     7.6     8.2     1.3    17.94 C    27.8    -2.5     8.0    80.6    41.5    58.4   0.241 -99.000 -99.000 -99.000 -99.000     2.7    -0.2 -9999.0 -9999.0 -9999.0
04126 20240404  2.623 -113.56   43.46    14.5     2.3     8.4     8.2     0.0    11.49 C    25.2    -0.2     7.8    78.9    26.9    51.8   0.246 -99.000 -99.000 -99.000 -99.000     3.3     0.2 -9999.0 -9999.0 -9999.0
04126 20240405  2.623 -113.56   43.46     4.2    -3.7     0.2    -0.1     2.8     4.99 C     6.1    -4.7    -0.5    92.7    55.1    82.7   0.271 -99.000 -99.000 -99.000 -99.000     1.0    -0.1 -9999.0 -9999.0 -9999.0
04126 20240406  2.623 -113.56   43.46     4.3    -5.4    -0.5    -1.2     0.0    20.33 C    16.3    -6.0     0.4    84.8    50.8    69.3   0.255 -99.000 -99.000 -99.000 -99.000     1.1     0.0 -9999.0 -9999.0 -9999.0
04126 20240407  2.623 -113.56   43.46     6.7    -5.3     0.7    -0.5     0.0    16.68 C    22.9    -6.1     2.6    91.8    30.3    66.3   0.245 -99.000 -99.000 -99.000 -99.000     1.9     0.3 -9999.0 -9999.0 -9999.0
04126 20240408  2.623 -113.56   43.46     7.4    -5.0     1.2     1.5     0.0    20.09 C    20.8    -7.7     2.7    71.7    35.4    52.5   0.242 -99.000 -99.000 -99.000 -99.000     2.1     0.5 -9999.0 -9999.0 -9999.0
04126 20240409  2.623 -113.56   43.46    12.5    -2.7     4.9     4.7     0.0    19.11 C    24.9    -5.9     4.7    72.5    22.8    45.5   0.241 -99.000 -99.000 -99.000 -99.000     3.0     1.0 -9999.0 -9999.0 -9999.0
04126 20240410  2.623 -113.56   43.46    12.7    -2.0     5.3     6.2     0.0    24.58 C    30.4    -6.6     7.7    57.7    20.7    35.8   0.229 -99.000 -99.000 -99.000 -99.000     4.4     1.8 -9999.0 -9999.0 -9999.0
04126 20240411  2.623 -113.56   43.46    15.7     0.3     8.0     8.3     0.0    22.82 C    31.7    -5.8     9.0    54.7    17.3    36.0   0.221   0.289 -99.000 -99.000 -99.000     5.7     2.9 -9999.0 -9999.0 -9999.0
04126 20240412  2.623 -113.56   43.46    21.1     2.7    11.9    10.2     1.7    16.96 C    39.7    -3.2    10.3    68.6    18.7    43.2   0.197   0.282 -99.000 -99.000 -99.000     6.9     4.4 -9999.0 -9999.0 -9999.0
04126 20240413  2.623 -113.56   43.46    19.9     4.2    12.1    12.3     0.0    22.12 C    34.9    -1.2    11.5    65.1    16.7    37.3   0.195   0.279 -99.000 -99.000 -99.000     8.7     6.3 -9999.0 -9999.0 -9999.0
04126 20240414  2.623 -113.56   43.46    16.7     5.9    11.3    10.5     0.0    17.88 C    30.9    -1.8     9.7    43.9    15.0    31.7   0.191   0.272 -99.000 -99.000 -99.000     8.4     6.9 -9999.0 -9999.0 -9999.0
04126 20240415  2.623 -113.56   43.46    14.9     2.8     8.9     8.5     0.3    14.88 C    30.0    -0.5     8.7    60.4    31.9    45.0   0.189   0.266 -99.000 -99.000 -99.000     7.9     6.8 -9999.0 -9999.0 -9999.0
04126 20240416  2.623 -113.56   43.46    11.8     0.8     6.3     6.6     0.0    22.06 C    24.4    -4.0     7.3    78.1    27.0    48.1   0.185   0.260 -99.000 -99.000 -99.000     7.8     6.8 -9999.0 -9999.0 -9999.0
04126 20240417  2.623 -113.56   43.46     6.1    -1.9     2.1     1.7     0.0    11.09 C    20.3    -3.2     3.5    67.3    31.0    48.9   0.183   0.254 -99.000 -99.000 -99.000     6.1     6.0 -9999.0 -9999.0 -9999.0
04126 20240418  2.623 -113.56   43.46     6.6    -6.4     0.1     0.6     0.0    26.28 C    31.5   -10.2     6.0    67.6    14.1    36.9   0.180   0.249 -99.000 -99.000 -99.000     6.6     5.5 -9999.0 -9999.0 -9999.0
04126 20240419  2.623 -113.56   43.46    10.9    -4.6     3.2     3.4     0.0    26.28 C    34.4    -9.7     7.3    48.2    15.8    27.5   0.176   0.244 -99.000 -99.000 -99.000     7.4     6.2 -9999.0 -9999.0 -9999.0
04126 20240420  2.623 -113.56   43.46    14.8    -3.0     5.9     6.9     0.0    26.28 C    36.1    -8.4     9.7    44.8    13.3    27.6   0.172   0.239 -99.000 -99.000 -99.000     8.5     7.1 -9999.0 -9999.0 -9999.0
04126 20240421  2.623 -113.56   43.46    17.0     2.9     9.9     9.4     0.0    20.63 C    29.7    -2.5    10.3    43.6    18.9    30.8   0.167   0.234 -99.000 -99.000 -99.000     9.3     8.2 -9999.0 -9999.0 -9999.0
04126 20240422  2.623 -113.56   43.46    14.5    -0.3     7.1     7.3     0.0    26.07 C    30.2    -6.2     9.7    54.0    17.2    31.0   0.162   0.229 -99.000 -99.000 -99.000     9.4     8.4 -9999.0 -9999.0 -9999.0
04126 20240423  2.623 -113.56   43.46    18.2     0.7     9.4    10.2     0.0    24.56 C    34.5    -5.3    11.6    36.9     8.6    20.5   0.158   0.224 -99.000 -99.000 -99.000    10.1     9.1 -9999.0 -9999.0 -9999.0
04126 20240424  2.623 -113.56   43.46    18.4     5.1    11.7    12.4     0.0    19.47 C    33.2    -2.1    13.4    52.4    14.1    27.5   0.153   0.218 -99.000 -99.000 -99.000    11.1    10.0 -9999.0 -9999.0 -9999.0
04126 20240425  2.623 -113.56   43.46    16.1     5.0    10.5    10.4     0.0    16.58 C    36.0     0.4    13.3    78.2    25.1    52.7   0.149   0.212 -99.000 -99.000 -99.000    12.2    11.1 -9999.0 -9999.0 -9999.0
04126 20240426  2.623 -113.56   43.46    10.3     2.9     6.6     5.6    10.5    10.51 C    25.6    -1.5     6.9    86.6    57.3    75.7   0.156   0.222 -99.000 -99.000 -99.000     9.6     9.6 -9999.0 -9999.0 -9999.0
04126 20240427  2.623 -113.56   43.46    12.2     2.4     7.3     5.6     0.9    12.41 C    26.2    -0.4     7.2    89.6    51.9    77.9   0.166   0.235 -99.000 -99.000 -99.000     9.3     9.0 -9999.0 -9999.0 -9999.0
04126 20240428  2.623 -113.56   43.46    13.3     0.7     7.0     6.9     0.0    22.70 C    26.9    -1.5     8.8    91.3    21.4    56.4   0.163   0.231 -99.000 -99.000 -99.000     9.5     9.0 -9999.0 -9999.0 -9999.0
04126 20240429  2.623 -113.56   43.46    11.5    -0.9     5.3     5.8     0.0    18.44 C    23.4    -4.2     6.9    50.3    20.7    35.1   0.159   0.226 -99.000 -99.000 -99.000     9.0     9.0 -9999.0 -9999.0 -9999.0
04126 20240430  2.623 -113.56   43.46     6.9    -5.2     0.9     2.0     0.0    23.15 C    21.2    -9.2     3.6    67.7    24.7    37.9   0.155   0.221 -99.000 -99.000 -99.000     7.1     7.5 -9999.0 -9999.0 -9999.0
04126 20240501  2.623 -113.56   43.46     3.7    -5.4    -0.8    -0.3     1.5    13.99 C    22.3    -9.6    -0.1    57.6    28.0    44.7   0.154   0.219 -99.000 -99.000 -99.000     5.5     6.3 -9999.0 -9999.0 -9999.0
04126 20240502  2.623 -113.56   43.46     5.5    -5.6     0.0     0.6     0.0    15.82 C    19.8    -8.8     2.6    79.3    31.5    56.4   0.153   0.218 -99.000 -99.000 -99.000     5.0     5.3 -9999.0 -9999.0 -9999.0
04126 20240503  2.623 -113.56   43.46    10.0    -1.3     4.3     4.0     0.0    24.02 C    29.2    -4.3     7.5    89.7    32.6    60.1   0.152   0.216 -99.000 -99.000 -99.000     7.7     6.9 -9999.0 -9999.0 -9999.0
04126 20240504  2.623 -113.56   43.46    17.4    -1.6     7.9     8.4     1.5    18.20 C    36.2    -5.4    10.2    67.6    22.0    43.0   0.148   0.211 -99.000 -99.000 -99.000     8.6     7.8 -9999.0 -9999.0 -9999.0
04126 20240505  2.623 -113.56   43.46     8.9     1.2     5.0     3.7     4.8    18.70 C    19.0     1.4     5.7    92.7    47.2    68.9   0.156   0.222 -99.000 -99.000 -99.000     8.7     8.6 -9999.0 -9999.0 -9999.0
04126 20240506  2.623 -113.56   43.46    12.3     0.7     6.5     5.4     0.3    26.19 C    28.8    -0.1     8.9    83.4    19.9    52.6   0.153   0.219 -99.000 -99.000 -99.000     9.4     8.7 -9999.0 -9999.0 -9999.0
04126 20240507  2.623 -113.56   43.46     8.6    -2.4     3.1     2.8     0.0    13.86 C    33.7    -4.3     5.4    92.0    21.1    47.0   0.150   0.214 -99.000 -99.000 -99.000     7.9     8.1 -9999.0 -9999.0 -9999.0
04126 20240508  2.623 -113.56   43.46    10.6     1.0     5.8     5.4     0.0    12.99 C    33.2    -2.8     7.6    57.3    30.7    43.3   0.147   0.211 -99.000 -99.000 -99.000     8.2     7.9 -9999.0 -9999.0 -9999.0
04126 20240509  2.623 -113.56   43.46    16.4     2.4     9.4     9.3     0.0    17.02 C    34.7    -3.7     9.2    58.8    23.5    41.5   0.144   0.208 -99.000 -99.000 -99.000     8.8     8.1 -9999.0 -9999.0 -9999.0
04126 20240510  2.623 -113.56   43.46    19.0     3.4    11.2    11.7     0.0    27.93 C    41.2    -2.6    15.2    54.5    18.4    33.6   0.141   0.201 -99.000 -99.000 -99.000    12.0    10.2 -9999.0 -9999.0 -9999.0
04126 20240511  2.623 -113.56   43.46    22.3     6.7    14.5    14.7     0.0    26.92 C    44.7    -0.8    16.5    43.2    19.3    29.5   0.136   0.195 -99.000 -99.000 -99.000    14.5    12.7 -9999.0 -9999.0 -9999.0
04126 20240512  2.623 -113.56   43.46    23.3     7.2    15.2    16.5     0.0    28.62 C    40.7     1.9    18.1    49.8    15.8    27.8   0.130   0.188 -99.000 -99.000 -99.000    15.9    14.3 -9999.0 -9999.0 -9999.0
04126 20240513  2.623 -113.56   43.46    19.6     7.5    13.6    12.8     0.0    15.43 C    38.7     1.3    12.5    73.6    25.7    41.8   0.122   0.181 -99.000 -99.000 -99.000    14.5    13.9 -9999.0 -9999.0 -9999.0
04126 20240514  2.623 -113.56   43.46    15.6     5.3    10.4    10.5    14.3    16.92 C    27.1     0.7     9.5    72.1    40.3    58.8   0.140   0.204 -99.000 -99.000 -99.000    12.1    11.9 -9999.0 -9999.0 -9999.0
04126 20240515  2.623 -113.56   43.46    19.4     4.6    12.0    12.7     0.0    25.26 C    34.9     0.6    14.4    77.6    28.2    47.3   0.153   0.219 -99.000 -99.000 -99.000    13.8    12.6 -9999.0 -9999.0 -9999.0
04126 20240516  2.623 -113.56   43.46    22.8     6.7    14.7    15.5     0.0    29.13 C    35.5     1.8    16.2    52.4    15.3    32.2   0.145   0.207 -99.000 -99.000 -99.000    15.5    14.3 -9999.0 -9999.0 -9999.0
04126 20240517  2.623 -113.56   43.46    17.1     4.9    11.0    12.6     0.0    29.69 C    29.7    -2.2    13.3    49.8    13.8    28.2   0.138   0.195 -99.000 -99.000 -99.000    15.0    14.4 -9999.0 -9999.0 -9999.0
04126 20240518  2.623 -113.56   43.46    17.3     0.3     8.8    10.0     0.0    28.68 C    30.9    -5.5    11.8    48.0    12.5    24.4   0.132   0.188 -99.000 -99.000 -99.000    13.7    13.3 -9999.0 -9999.0 -9999.0
04126 20240519  2.623 -113.56   43.46    13.2     4.5     8.8     9.5     0.0    26.89 C    30.8     2.9    11.9    46.8    17.9    27.0   0.125   0.181 -99.000 -99.000 -99.000    14.2    13.7 -9999.0 -9999.0 -9999.0
04126 20240520  2.623 -113.56   43.46     9.6     0.3     4.9     4.4     1.0    19.24 C    36.2    -4.4     7.2    71.5    32.1    54.3   0.119   0.176 -99.000 -99.000 -99.000    12.4    12.4 -9999.0 -9999.0 -9999.0
04126 20240521  2.623 -113.56   43.46    13.9    -0.1     6.9     7.4     0.0    24.26 C    34.3    -3.4     9.4    59.0    14.8    35.3   0.116   0.173 -99.000 -99.000 -99.000    11.9    11.6 -9999.0 -9999.0 -9999.0
04126 20240522  2.623 -113.56   43.46     8.6    -0.1     4.2     4.7     5.2     8.44 C    15.9    -1.2     4.7    90.1    29.6    65.3   0.116   0.171 -99.000 -99.000 -99.000    10.0    10.7 -9999.0 -9999.0 -9999.0
04126 20240523  2.623 -113.56   43.46    11.4    -3.7     3.9     4.3     0.0    20.18 C    25.8    -4.2     6.3    80.6    36.3    54.8   0.120   0.176 -99.000 -99.000 -99.000     9.0     9.2 -9999.0 -9999.0 -9999.0
04126 20240524  2.623 -113.56   43.46    16.0     0.8     8.4     9.0     0.0    28.73 C    34.3    -2.5    12.2    75.5    14.7    42.4   0.117   0.173 -99.000 -99.000 -99.000    12.5    11.4 -9999.0 -9999.0 -9999.0
04126 20240525  2.623 -113.56   43.46    16.1     4.9    10.5    10.0     0.0    23.13 C    34.5     0.4    12.5    60.7    28.3    43.2   0.112   0.166 -99.000 -99.000 -99.000    13.6    12.8 -9999.0 -9999.0 -9999.0
04126 20240526  2.623 -113.56   43.46    17.9     2.9    10.4    11.3     0.0    29.76 C    31.1    -2.0    13.6    64.9    22.2    34.9   0.104   0.160 -99.000 -99.000 -99.000    14.6    13.5 -9999.0 -9999.0 -9999.0
04126 20240527  2.623 -113.56   43.46    21.4     4.9    13.1    13.9     0.0    29.77 C    42.9    -1.4    17.0    52.3    16.1    30.8   0.094   0.149 -99.000 -99.000 -99.000    16.7    15.1 -9999.0 -9999.0 -9999.0
04126 20240528  2.623 -113.56   43.46    25.5     8.0    16.7    16.3     0.0    22.18 C    45.5     0.7    17.0    41.6    13.6    29.4   0.083   0.138 -99.000 -99.000 -99.000    17.7    16.4 -9999.0 -9999.0 -9999.0
04126 20240529  2.623 -113.56   43.46    17.3     5.1    11.2    12.4     0.0    30.08 C    30.4     1.0    14.8    87.9     7.4    40.2   0.075   0.133 -99.000 -99.000 -99.000    17.5    16.5 -9999.0 -9999.0 -9999.0
04126 20240530  2.623 -113.56   43.46    15.8     2.5     9.1    10.0     0.0    30.61 C    33.9    -2.9    13.3    45.5    18.2    29.7   0.065   0.127 -99.000 -99.000 -99.000    16.7    15.8 -9999.0 -9999.0 -9999.0
04126 20240531  2.623 -113.56   43.46    19.1     2.9    11.0    12.1     0.0    30.77 C    40.1    -2.8    16.3    48.5    17.4    30.2   0.057   0.121 -99.000 -99.000 -99.000    17.9    16.5 -9999.0 -9999.0 -9999.0
04126 20240601  2.623 -113.56   43.46    23.3     5.3    14.3    15.5     0.0    28.86 C    40.0    -0.6    18.0    52.9    11.3    28.3   0.051   0.114 -99.000 -99.000 -99.000    19.0    17.6 -9999.0 -9999.0 -9999.0
04126 20240602  2.623 -113.56   43.46    20.4    10.3    15.4    15.9     0.0    22.11 C    33.5     5.9    17.5    44.9    24.6    33.1   0.047   0.106 -99.000 -99.000 -99.000    18.9    17.9 -9999.0 -9999.0 -9999.0
04126 20240603  2.623 -113.56   43.46    16.6     9.9    13.3    12.9     3.0    14.53 C    20.9     6.6    12.6    86.7    29.3    56.9   0.043   0.100 -99.000 -99.000 -99.000    16.3    16.3 -9999.0 -9999.0 -9999.0
04126 20240604  2.623 -113.56   43.46    21.7     7.3    14.5    14.7     0.0    29.97 C    33.4     4.1    17.0    62.9    27.5    40.2   0.044   0.095 -99.000 -99.000 -99.000    17.4    16.0 -9999.0 -9999.0 -9999.0
04126 20240605  2.623 -113.56   43.46    25.5    10.4    17.9    18.7     0.0    30.38 C    37.3     8.4    20.3    70.6    19.3    38.1   0.043   0.089 -99.000 -99.000 -99.000    19.9    18.1 -9999.0 -9999.0 -9999.0
04126 20240606  2.623 -113.56   43.46    29.1    11.6    20.3    20.3     0.0    28.15 C    45.8     3.9    22.2    43.8    14.1    27.3   0.041   0.080 -99.000 -99.000 -99.000    21.7    19.7 -9999.0 -9999.0 -9999.0
04126 20240607  2.623 -113.56   43.46    29.0    13.8    21.4    21.8     0.0    28.80 C    44.3     8.1    24.3    51.6    13.2    32.5   0.037   0.073 -99.000 -99.000 -99.000    23.7    21.4 -9999.0 -9999.0 -9999.0
04126 20240608  2.623 -113.56   43.46    28.8    12.3    20.6    21.2     0.0    29.04 C    44.3     7.7    23.3    56.6    16.7    32.2   0.029   0.068 -99.000 -99.000 -99.000    24.4    22.2 -9999.0 -9999.0 -9999.0
04126 20240609  2.623 -113.56   43.46    26.9    13.3    20.1    20.5     0.0    18.97 C    45.6    10.3    22.1    58.8    19.9    36.8   0.021   0.063 -99.000 -99.000 -99.000    23.8    22.1 -9999.0 -9999.0 -9999.0
04126 20240610  2.623 -113.56   43.46    25.0    10.7    17.8    18.5     0.0    30.36 C    42.1     5.7    21.9    72.9    19.8    40.0   0.017   0.060 -99.000 -99.000 -99.000    24.2    22.1 -9999.0 -9999.0 -9999.0
04126 20240611  2.623 -113.56   43.46    27.3    11.4    19.3    20.3     0.0    30.60 C    41.4     5.1    22.2    51.8    12.6    26.9   0.013   0.056 -99.000 -99.000 -99.000    24.5    22.3 -9999.0 -9999.0 -9999.0
04126 20240612  2.623 -113.56   43.46    27.0    13.4    20.2    20.4     0.0    31.34 C    39.0     7.6    21.0    36.1     5.7    18.5   0.011   0.052 -99.000 -99.000 -99.000    24.5    22.4 -9999.0 -9999.0 -9999.0
04126 20240613  2.623 -113.56   43.46    29.4    11.9    20.6    21.3     0.0    30.54 C    46.3     3.4    23.4    26.9     9.5    15.4   0.010   0.048 -99.000 -99.000 -99.000    25.2    22.6 -9999.0 -9999.0 -9999.0
04126 20240614  2.623 -113.56   43.46    27.6    15.3    21.5    21.4     0.0    23.28 C    39.6     9.0    21.8    39.6    10.9    24.7   0.011   0.046 -99.000 -99.000 -99.000    26.1    23.8 -9999.0 -9999.0 -9999.0
04126 20240615  2.623 -113.56   43.46    20.1     9.7    14.9    16.4     0.0    28.57 C    29.5     5.4    17.6    44.9     5.8    21.7   0.010   0.044 -99.000 -99.000 -99.000    23.8    22.5 -9999.0 -9999.0 -9999.0
04126 20240616  2.623 -113.56   43.46    17.7     3.3    10.5    11.8     0.0    29.57 C    32.7    -3.1    14.5    38.5     9.3    20.6   0.009   0.041 -99.000 -99.000 -99.000    21.5    20.4 -9999.0 -9999.0 -9999.0
04126 20240617  2.623 -113.56   43.46    12.3     0.3     6.3     6.9     0.5    16.57 C    25.0    -3.1     8.8    76.0    22.8    51.7   0.008   0.039 -99.000 -99.000 -99.000    18.7    18.9 -9999.0 -9999.0 -9999.0
04126 20240618  2.623 -113.56   43.46    15.6    -1.6     7.0     7.7     0.0    30.63 C    38.6    -6.8    11.6    73.3    13.3    38.0   0.007   0.039 -99.000 -99.000 -99.000    18.2    17.2 -9999.0 -9999.0 -9999.0
04126 20240619  2.623 -113.56   43.46    21.3     2.0    11.6    12.7     0.0    31.41 C    43.3    -4.6    16.4    46.2     7.0    21.6   0.008   0.039 -99.000 -99.000 -99.000    20.9    18.9 -9999.0 -9999.0 -9999.0
04126 20240620  2.623 -113.56   43.46    26.8     5.6    16.2    18.2     0.0    28.50 C    50.5    -0.3    20.7    30.9     6.8    14.8   0.008   0.038 -99.000 -99.000 -99.000    23.2    20.7 -9999.0 -9999.0 -9999.0
04126 20240621  2.623 -113.56   43.46    28.8    12.1    20.5    21.7     0.0    29.68 C    46.0     5.1    23.6    30.3     8.3    15.8   0.008   0.038 -99.000 -99.000 -99.000    25.4    22.4 -9999.0 -9999.0 -9999.0
04126 20240622  2.623 -113.56   43.46    30.7    13.3    22.0    23.1     0.0    30.74 C    47.5     5.3    24.2    25.0     6.8    13.8   0.008   0.037 -99.000 -99.000 -99.000    26.7    23.6 -9999.0 -9999.0 -9999.0
04126 20240623  2.623 -113.56   43.46    30.9    15.1    23.0    24.2     0.0    30.50 C    44.1     8.8    24.7    30.3    11.1    17.9   0.008   0.035 -99.000 -99.000 -99.000    27.2    24.3 -9999.0 -9999.0 -9999.0
04126 20240624  2.623 -113.56   43.46    29.0    15.8    22.4    23.2     0.0    30.76 C    42.5     8.8    23.7    36.3     8.9    20.3   0.008   0.034 -99.000 -99.000 -99.000    27.4    24.6 -9999.0 -9999.0 -9999.0
04126 20240625  2.623 -113.56   43.46    30.5    14.9    22.7    24.1     0.0    30.51 C    46.8     7.4    26.0    36.2     6.3    17.3   0.008   0.035 -99.000 -99.000 -99.000    27.8    24.9 -9999.0 -9999.0 -9999.0
04126 20240626  2.623 -113.56   43.46    28.0    18.8    23.4    23.1     0.0    21.19 C    45.1    16.9    26.2    51.6    13.0    29.2   0.009   0.036 -99.000 -99.000 -99.000    28.6    25.8 -9999.0 -9999.0 -9999.0
04126 20240627  2.623 -113.56   43.46    22.2    10.8    16.5    18.5     0.0    30.87 C    34.2     4.0    20.7    74.9     8.8    32.2   0.009   0.034 -99.000 -99.000 -99.000    26.9    25.0 -9999.0 -9999.0 -9999.0
04126 20240628  2.623 -113.56   43.46    23.8     7.2    15.5    16.3     0.0    29.16 C    44.6     0.9    19.2    40.6    15.3    24.3   0.009   0.033 -99.000 -99.000 -99.000    25.0    23.2 -9999.0 -9999.0 -9999.0
04126 20240629  2.623 -113.56   43.46    30.2    10.1    20.1    21.0     0.0    30.18 C    51.1     3.9    25.0    50.8    10.2    25.0   0.009   0.032 -99.000 -99.000 -99.000    27.4    24.5 -9999.0 -9999.0 -9999.0
04126 20240630  2.623 -113.56   43.46    27.9    15.3    21.6    21.7     0.0    27.43 C    42.4    10.4    24.0    39.9    17.8    28.3   0.008   0.029 -99.000 -99.000 -99.000    28.6    26.0 -9999.0 -9999.0 -9999.0
04126 20240701  2.623 -113.56   43.46    24.8     9.4    17.1    15.8     0.0    25.28 C    46.8     4.7    19.0    61.8    14.1    39.8   0.009   0.027 -99.000 -99.000 -99.000    26.5    24.9 -9999.0 -9999.0 -9999.0
04126 20240702  2.623 -113.56   43.46 -9999.0 -9999.0 -9999.0 -9999.0 -9999.0 -9999.00 U -9999.0 -9999.0 -9999.0 -9999.0 -9999.0 -9999.0 -99.000 -99.000 -99.000 -99.000 -99.000 -9999.0 -9999.0 -9999.0 -9999.0 -9999.0
