04994 20240101  2.622  -95.87   48.31    -0.8    -9.0    -4.9    -5.4     0.0     2.78 C    -2.5    -8.3    -6.1    89.9    62.5    82.8 -99.000   0.327   0.299   0.270   0.381     0.1     0.4     0.9     1.4     2.5
04994 20240102  2.622  -95.87   48.31    -0.8    -4.1    -2.5    -1.9     0.4     0.80 C    -0.7    -5.3    -2.2    91.3    74.1    85.2 -99.000   0.324   0.298   0.270   0.380     0.1     0.4     0.9     1.4     2.5
04994 20240103  2.622  -95.87   48.31    -4.0   -10.9    -7.4    -8.7     0.0     1.49 C    -4.3   -11.1    -8.5    87.5    64.6    72.9 -99.000   0.322   0.297   0.271   0.381     0.1     0.4     0.9     1.4     2.5
04994 20240104  2.622  -95.87   48.31    -5.8   -11.4    -8.6    -9.3     0.3     2.39 C    -5.5   -11.5    -8.9    88.2    69.0    73.8 -99.000   0.317   0.296   0.270   0.381     0.0     0.3     0.8     1.4     2.5
04994 20240105  2.622  -95.87   48.31    -3.1    -5.8    -4.5    -4.1     5.6     0.49 C    -2.5    -5.5    -3.8    91.3    88.3    89.9 -99.000 -99.000   0.297   0.269   0.382     0.0     0.2     0.8     1.3     2.4
04994 20240106  2.622  -95.87   48.31    -3.1   -19.2   -11.1    -8.8     2.1     3.09 C    -3.3   -25.3   -10.8    91.1    77.9    84.4 -99.000 -99.000   0.317   0.268   0.382    -0.1     0.2     0.7     1.3     2.4
04994 20240107  2.622  -95.87   48.31   -14.9   -20.3   -17.6   -17.4     0.0     2.64 C   -13.7   -25.8   -18.4    83.1    80.0    81.2 -99.000 -99.000   0.321   0.268   0.382    -0.1     0.1     0.7     1.2     2.4
04994 20240108  2.622  -95.87   48.31   -10.2   -19.5   -14.9   -14.8     0.4     2.64 C   -11.1   -24.3   -17.1    86.5    78.3    82.1 -99.000 -99.000   0.320   0.268   0.381    -0.2     0.0     0.6     1.2     2.3
04994 20240109  2.622  -95.87   48.31   -11.6   -21.5   -16.5   -16.0     0.9     2.55 C   -12.0   -25.7   -17.5    84.9    77.4    81.6 -99.000 -99.000   0.324   0.268   0.381    -0.3     0.0     0.5     1.2     2.3
04994 20240110  2.622  -95.87   48.31    -4.8   -12.6    -8.7    -8.4     3.2     1.55 C    -4.6   -12.4    -8.1    89.6    81.2    86.0 -99.000 -99.000   0.324   0.268   0.381    -0.4    -0.1     0.5     1.1     2.2
04994 20240111  2.622  -95.87   48.31   -12.0   -21.0   -16.5   -16.2     1.0     1.90 C   -11.5   -27.7   -16.6    84.9    72.2    77.1 -99.000 -99.000   0.324   0.267   0.381    -0.4    -0.1     0.4     1.0     2.1
04994 20240112  2.622  -95.87   48.31   -16.6   -25.7   -21.2   -20.7     0.0     2.97 C   -16.5   -32.2   -23.1    79.4    74.7    76.4 -99.000 -99.000   0.323   0.267   0.381    -0.5    -0.2     0.4     1.0     2.1
04994 20240113  2.622  -95.87   48.31   -18.2   -27.3   -22.7   -21.8     0.4     2.92 C   -18.5   -31.0   -22.7    77.2    69.0    73.2 -99.000 -99.000   0.322   0.267   0.381    -0.7    -0.3     0.3     0.9     2.0
04994 20240114  2.622  -95.87   48.31   -22.3   -27.6   -25.0   -25.3     0.0     3.64 C   -24.2   -32.5   -28.4    73.2    58.6    68.9 -99.000 -99.000 -99.000   0.266   0.382    -1.1    -0.4     0.1     0.8     2.0
04994 20240115  2.622  -95.87   48.31   -21.3   -27.8   -24.5   -24.3     0.0     4.35 C   -21.5   -33.2   -26.9    74.1    62.7    70.0 -99.000 -99.000 -99.000   0.266   0.381    -1.3    -0.7     0.0     0.8     1.9
04994 20240116  2.622  -95.87   48.31   -16.7   -22.5   -19.6   -19.9     0.4     3.70 C   -17.0   -31.6   -21.9    78.7    58.7    71.4 -99.000 -99.000 -99.000   0.281   0.380    -1.5    -0.9    -0.1     0.7     1.8
04994 20240117  2.622  -95.87   48.31   -16.5   -26.8   -21.7   -21.0     0.2     3.82 C   -16.2   -34.7   -26.0    79.3    66.0    76.0 -99.000 -99.000 -99.000   0.302   0.381    -1.4    -0.9    -0.3     0.6     1.8
04994 20240118  2.622  -95.87   48.31   -19.1   -25.9   -22.5   -21.2     0.7     4.86 C   -20.0   -34.4   -25.5    78.0    65.8    75.4 -99.000 -99.000 -99.000   0.326   0.379    -1.3    -1.0    -0.4     0.5     1.7
04994 20240119  2.622  -95.87   48.31   -17.6   -29.7   -23.7 -9999.0     0.0     5.44 C   -19.9   -36.6   -30.1    78.3    56.5    72.3 -99.000 -99.000 -99.000   0.325   0.370    -1.4    -1.0    -0.5     0.4     1.7
04994 20240120  2.622  -95.87   48.31   -12.2   -31.5   -21.9 -9999.0     0.0     5.58 C   -12.4   -36.9   -24.6    79.0    60.9    70.9 -99.000 -99.000 -99.000   0.324   0.360    -1.5    -1.1    -0.5     0.4     1.6
04994 20240121  2.622  -95.87   48.31    -7.4   -12.2    -9.8    -9.7     1.0     2.91 C    -7.1   -12.4    -9.6    84.8    64.7    69.3 -99.000 -99.000 -99.000   0.324   0.355    -1.4    -1.1    -0.6     0.3     1.5
04994 20240122  2.622  -95.87   48.31    -7.1   -12.2    -9.6    -8.5     1.4     2.97 C    -6.5   -18.4    -9.6    88.1    72.9    81.8 -99.000 -99.000 -99.000   0.324   0.351    -1.2    -1.0    -0.5     0.3     1.5
04994 20240123  2.622  -95.87   48.31    -0.9   -12.7    -6.8    -5.8     0.0     2.76 C    -1.9   -18.4    -7.1    88.6    77.1    82.2 -99.000 -99.000 -99.000   0.325   0.349    -1.1    -0.9    -0.5     0.3     1.5
04994 20240124  2.622  -95.87   48.31    -1.3    -2.1    -1.7    -1.7     0.5     0.99 C    -1.5    -2.3    -1.9    93.2    87.3    90.7 -99.000 -99.000 -99.000   0.325   0.347    -0.9    -0.8    -0.4     0.3     1.4
04994 20240125  2.622  -95.87   48.31    -1.7    -3.1    -2.4    -2.4     0.2     1.27 C    -1.6    -3.1    -2.4    92.7    89.9    91.3 -99.000 -99.000 -99.000   0.324   0.346    -0.8    -0.7    -0.4     0.3     1.4
04994 20240126  2.622  -95.87   48.31    -2.1    -3.4    -2.8    -2.8     0.0     1.88 C    -1.7    -3.5    -2.8    93.0    91.7    92.4 -99.000 -99.000 -99.000   0.324   0.345    -0.8    -0.7    -0.3     0.3     1.4
04994 20240127  2.622  -95.87   48.31    -1.9    -8.8    -5.4    -5.4     0.0     5.64 C    -0.8   -13.5    -6.9    91.8    86.8    89.3 -99.000 -99.000 -99.000   0.323   0.345    -0.7    -0.6    -0.3     0.3     1.3
04994 20240128  2.622  -95.87   48.31     2.7   -10.7    -4.0    -4.2     0.0     6.59 C     0.0   -15.3    -7.8    91.9    68.1    85.2 -99.000 -99.000 -99.000   0.322   0.348    -0.7    -0.6    -0.3     0.3     1.3
04994 20240129  2.622  -95.87   48.31     4.6    -4.7    -0.1     0.2     0.2     4.74 C     0.4    -9.8    -2.7    91.8    66.8    84.3 -99.000 -99.000 -99.000   0.322   0.349    -0.7    -0.6    -0.3     0.3     1.3
04994 20240130  2.622  -95.87   48.31     1.2    -0.5     0.3     0.3     0.0     2.68 C     0.1    -2.0    -0.5    93.0    82.4    88.7 -99.000 -99.000 -99.000   0.322   0.350    -0.6    -0.6    -0.2     0.3     1.3
04994 20240131  2.622  -95.87   48.31     8.7    -4.3     2.2     2.2     0.0     7.07 C     0.8    -8.4    -2.8    92.6    49.7    78.4 -99.000 -99.000 -99.000   0.322   0.351    -0.6    -0.5    -0.2     0.3     1.3
04994 20240201  2.622  -95.87   48.31     5.4    -9.3    -2.0    -1.5     0.0     7.43 C     0.8   -12.2    -5.5    92.8    63.7    83.0 -99.000 -99.000 -99.000   0.323   0.353    -0.5    -0.5    -0.2     0.3     1.3
04994 20240202  2.622  -95.87   48.31     3.6    -4.6    -0.5    -1.2     0.0     7.25 C     0.7    -8.2    -3.7    91.5    66.3    83.3 -99.000 -99.000 -99.000   0.323   0.355    -0.4    -0.5    -0.2     0.3     1.3
04994 20240203  2.622  -95.87   48.31     0.9    -4.1    -1.6    -1.2     0.2     2.04 C     0.4    -7.5    -2.1    94.9    85.8    91.9 -99.000 -99.000 -99.000   0.322   0.359    -0.4    -0.5    -0.2     0.3     1.3
04994 20240204  2.622  -95.87   48.31     0.6    -1.1    -0.3    -0.3     1.0     1.85 C     0.5    -0.7    -0.1    95.6    92.6    94.3 -99.000 -99.000 -99.000   0.322   0.361    -0.4    -0.4    -0.2     0.3     1.3
04994 20240205  2.622  -95.87   48.31     0.9    -1.9    -0.5    -0.5     0.0     1.61 C     0.3    -3.0    -0.4    95.0    93.2    94.0 -99.000 -99.000 -99.000   0.322   0.363    -0.4    -0.4    -0.2     0.3     1.3
04994 20240206  2.622  -95.87   48.31     1.3    -3.0    -0.8     0.0     0.6     1.13 C     0.4    -5.6    -0.6    94.7    84.2    91.0 -99.000 -99.000 -99.000   0.323   0.364    -0.4    -0.4    -0.1     0.3     1.2
04994 20240207  2.622  -95.87   48.31     5.2    -0.8     2.2     1.8     0.2     2.37 C     1.4    -0.7     0.3    93.6    65.0    83.7 -99.000 -99.000 -99.000   0.325   0.365    -0.4    -0.4    -0.1     0.3     1.2
04994 20240208  2.622  -95.87   48.31     5.3    -4.7     0.3     3.0    21.0     0.30 C     3.0    -4.7     1.2    94.0    70.9    89.0 -99.000 -99.000 -99.000 -99.000   0.366    -0.4    -0.4    -0.1     0.2     1.2
04994 20240209  2.622  -95.87   48.31    -4.7    -9.3    -7.0    -7.8     0.8     2.96 C    -4.7    -9.3    -7.9    85.6    70.9    78.6 -99.000 -99.000 -99.000 -99.000   0.375    -0.4    -0.4    -0.1     0.2     1.2
04994 20240210  2.622  -95.87   48.31    -2.3    -7.7    -5.0    -5.2     0.3     2.60 C    -1.8    -9.7    -5.3    90.5    71.6    82.2 -99.000 -99.000 -99.000 -99.000   0.394    -0.4    -0.4    -0.1     0.3     1.2
04994 20240211  2.622  -95.87   48.31    -3.0   -12.3    -7.7    -6.1     0.0     6.13 C    -3.3   -19.7    -8.3    89.7    69.0    81.0 -99.000 -99.000 -99.000   0.344   0.397    -0.4    -0.4    -0.1     0.3     1.2
04994 20240212  2.622  -95.87   48.31    -1.5    -8.8    -5.1    -4.9     0.5     3.08 C    -1.6   -15.0    -6.6    88.0    63.7    80.7 -99.000 -99.000 -99.000   0.344   0.397    -0.4    -0.3    -0.1     0.4     1.2
04994 20240213  2.622  -95.87   48.31    -0.7    -5.7    -3.2    -3.4     0.9     5.67 C    -0.6    -6.1    -3.7    90.6    63.5    77.5 -99.000 -99.000 -99.000   0.342   0.397    -0.4    -0.3    -0.1     0.4     1.2
04994 20240214  2.622  -95.87   48.31    -1.2    -9.1    -5.2    -5.0     0.0     8.62 C    -0.3   -13.8    -6.7    86.8    56.5    72.5 -99.000 -99.000 -99.000   0.341   0.396    -0.5    -0.4    -0.1     0.4     1.2
04994 20240215  2.622  -95.87   48.31    -7.9   -17.6   -12.7   -12.5     0.0    10.67 C    -8.2   -20.9   -13.1    79.5    59.6    70.1 -99.000 -99.000 -99.000   0.342   0.395    -0.7    -0.4    -0.1     0.4     1.2
04994 20240216  2.622  -95.87   48.31    -8.9   -20.5   -14.7   -14.9     0.0     9.79 C   -10.4   -23.5   -16.1    80.0    53.8    69.7 -99.000 -99.000 -99.000   0.341   0.394    -1.3    -0.7    -0.1     0.4     1.2
04994 20240217  2.622  -95.87   48.31     0.0   -11.8    -5.9    -5.9     0.0    10.43 C    -1.7   -16.1    -8.8    80.5    45.2    63.9 -99.000 -99.000 -99.000   0.340   0.384    -1.4    -0.9    -0.2     0.3     1.2
04994 20240218  2.622  -95.87   48.31    -2.2   -14.2    -8.2    -7.6     0.0    11.45 C    -2.3   -17.1   -10.9    84.4    34.4    67.2 -99.000 -99.000 -99.000   0.339   0.365    -1.4    -0.9    -0.3     0.3     1.2
04994 20240219  2.622  -95.87   48.31     4.1   -15.0    -5.4    -5.4     0.0    11.59 C     2.2   -18.1    -8.9    81.0    25.2    55.5 -99.000 -99.000 -99.000   0.339   0.354    -1.6    -1.0    -0.4     0.3     1.1
04994 20240220  2.622  -95.87   48.31     3.6    -7.9    -2.2    -2.8     0.0    10.79 C     4.8   -12.4    -5.3    88.8    56.8    70.6 -99.000 -99.000 -99.000   0.338   0.348    -1.3    -1.0    -0.4     0.2     1.1
04994 20240221  2.622  -95.87   48.31     4.6    -3.4     0.6    -0.2     0.0     5.81 C     9.1    -5.9    -0.5    88.3    52.1    72.8 -99.000 -99.000 -99.000   0.336   0.343    -0.9    -0.8    -0.3     0.2     1.1
04994 20240222  2.622  -95.87   48.31     6.6    -5.3     0.6     0.1     0.0    11.15 C     7.0    -8.8    -1.7    86.5    48.5    68.5 -99.000 -99.000 -99.000   0.334   0.341    -0.7    -0.6    -0.3     0.2     1.1
04994 20240223  2.622  -95.87   48.31    -3.3   -15.5    -9.4    -8.7     0.0    12.17 C     0.4   -15.8    -7.7    82.7    33.1    61.7 -99.000 -99.000 -99.000   0.333   0.341    -0.8    -0.6    -0.2     0.2     1.1
04994 20240224  2.622  -95.87   48.31     5.8   -11.1    -2.6    -1.1     0.0    10.39 C     8.4   -12.9    -2.3    81.4    55.7    68.8 -99.000 -99.000 -99.000   0.333   0.340    -1.3    -0.9    -0.3     0.2     1.0
04994 20240225  2.622  -95.87   48.31     1.8   -11.1    -4.7    -3.0     0.0    11.50 C     4.7   -12.6    -3.9    85.1    38.6    64.0 -99.000 -99.000 -99.000 -99.000   0.338    -0.9    -0.7    -0.3     0.2     1.0
04994 20240226  2.622  -95.87   48.31     9.0    -4.8     2.1     1.3     1.3     9.61 C    10.4    -5.4     0.1    86.8    54.8    70.8 -99.000 -99.000 -99.000 -99.000   0.336    -0.9    -0.7    -0.3     0.2     1.0
04994 20240227  2.622  -95.87   48.31    -2.0   -22.2   -12.1   -13.1    10.2     7.08 C    -2.0   -27.1   -14.2    89.8    62.7    74.7 -99.000 -99.000 -99.000 -99.000   0.336    -0.8    -0.7    -0.3     0.2     1.0
04994 20240228  2.622  -95.87   48.31   -15.4   -25.7   -20.5 -9999.0     0.0    13.77 C   -14.8   -34.0   -24.9    77.0    49.4    64.5 -99.000 -99.000 -99.000 -99.000   0.335    -1.0    -0.7    -0.3     0.2     1.0
04994 20240229  2.622  -95.87   48.31 -9999.0 -9999.0 -9999.0 -9999.0     0.0    10.74 C    -3.2   -31.8   -11.7    76.4    44.3    57.5 -99.000 -99.000 -99.000 -99.000   0.333    -1.0    -0.8    -0.4     0.2     1.0
04994 20240301  2.622  -95.87   48.31     7.1    -5.8     0.7 -9999.0     0.0    12.40 C     4.6   -10.4    -3.4    87.1    55.6    65.7 -99.000 -99.000 -99.000 -99.000   0.331    -0.9    -0.8    -0.3     0.1     0.9
04994 20240302  2.622  -95.87   48.31     0.6    -4.3    -1.9    -2.4     3.1     2.55 C    -0.6    -5.8    -2.8    84.7    58.4    72.8 -99.000 -99.000 -99.000 -99.000   0.330    -0.6    -0.6    -0.3     0.1     0.9
04994 20240303  2.622  -95.87   48.31     3.7    -5.5    -0.9     1.2     2.0     2.05 C     2.2    -5.2     0.1    92.1    66.9    80.6 -99.000 -99.000 -99.000 -99.000   0.330    -0.6    -0.6    -0.3     0.1     0.9
04994 20240304  2.622  -95.87   48.31    -5.5   -13.2    -9.4    -9.3     0.6    14.78 C    -3.7   -16.6   -10.5    83.0    54.3    65.5 -99.000 -99.000 -99.000 -99.000   0.329    -0.6    -0.6    -0.2     0.1     0.9
04994 20240305  2.622  -95.87   48.31    -2.4   -17.4    -9.9    -9.2     0.0    10.65 C     1.2   -18.6    -8.7    82.4    37.5    61.8 -99.000 -99.000 -99.000 -99.000   0.328    -0.9    -0.7    -0.3     0.2     0.9
04994 20240306  2.622  -95.87   48.31     5.9    -8.0    -1.0    -2.5     2.7     2.83 C     2.8   -11.0    -3.5    86.7    47.2    60.3 -99.000 -99.000 -99.000 -99.000   0.328    -1.0    -0.8    -0.3     0.2     0.9
04994 20240307  2.622  -95.87   48.31    -5.7   -12.2    -9.0    -8.6     0.0    10.73 C     0.6   -12.1    -6.9    78.2    59.9    70.6 -99.000 -99.000 -99.000 -99.000   0.327    -0.9    -0.7    -0.3     0.1     0.9
04994 20240308  2.622  -95.87   48.31    -4.7   -14.1    -9.4    -7.6     0.6     4.76 C     0.1   -13.8    -5.9    87.0    63.9    72.5 -99.000 -99.000 -99.000 -99.000   0.326    -1.1    -0.9    -0.4     0.1     0.9
04994 20240309  2.622  -95.87   48.31     1.8   -15.1    -6.7    -6.7     0.0    14.63 C     6.1   -15.1    -5.4    89.6    40.5    74.0 -99.000 -99.000 -99.000 -99.000   0.325    -1.2    -1.0    -0.5     0.1     0.9
04994 20240310  2.622  -95.87   48.31     9.2   -10.1    -0.4     0.1     0.0    13.81 C     8.9   -11.5    -2.1    88.2    40.1    62.0 -99.000 -99.000 -99.000 -99.000   0.323    -1.1    -0.9    -0.5     0.1     0.9
04994 20240311  2.622  -95.87   48.31    15.5    -5.5     5.0     5.0     0.0    14.63 C    16.0    -7.7     1.4    90.4    32.5    62.7 -99.000 -99.000 -99.000 -99.000   0.322    -0.9    -0.8    -0.4     0.1     0.9
04994 20240312  2.622  -95.87   48.31    10.3    -2.5     3.9     3.0     0.0    15.93 C    13.2    -6.8     0.9    91.4    50.0    76.3 -99.000 -99.000 -99.000 -99.000   0.321    -0.7    -0.7    -0.3     0.1     0.9
04994 20240313  2.622  -95.87   48.31     8.5    -3.4     2.5     1.8     0.0     9.13 C    12.8    -6.3     0.5    93.4    55.2    80.0 -99.000 -99.000 -99.000 -99.000   0.321    -0.6    -0.6    -0.3     0.1     0.8
04994 20240314  2.622  -95.87   48.31     8.3    -4.8     1.7     2.3     0.0    15.68 C    13.0    -7.5     1.6    92.6    51.2    74.1 -99.000 -99.000 -99.000 -99.000   0.323    -0.6    -0.6    -0.3     0.1     0.9
04994 20240315  2.622  -95.87   48.31     7.7    -1.4     3.2     3.0     0.0     7.29 C     7.4    -3.3     2.0    91.9    55.7    74.5 -99.000 -99.000 -99.000 -99.000   0.324    -0.5    -0.6    -0.3     0.1     0.9
04994 20240316  2.622  -95.87   48.31     3.2    -8.0    -2.4    -2.5     0.0     7.82 C     2.5    -9.1    -2.3    77.3    54.4    63.9 -99.000 -99.000 -99.000 -99.000   0.326    -0.5    -0.5    -0.3     0.1     0.8
04994 20240317  2.622  -95.87   48.31    -5.9   -11.3    -8.6    -8.0     0.0     7.20 C    -0.6   -12.8    -7.0    76.0    49.7    60.6 -99.000 -99.000 -99.000 -99.000   0.327    -0.9    -0.6    -0.3     0.1     0.8
04994 20240318  2.622  -95.87   48.31     2.5   -15.4    -6.4    -4.7     0.0    15.09 C     5.4   -16.2    -4.7    84.2    40.6    62.2 -99.000 -99.000 -99.000 -99.000   0.328    -1.4    -1.0    -0.4     0.1     0.8
04994 20240319  2.622  -95.87   48.31     1.6   -12.3    -5.4    -3.5     0.0    16.33 C     6.3   -13.4    -3.3    83.5    34.5    58.4 -99.000 -99.000 -99.000 -99.000   0.328    -1.0    -0.9    -0.5     0.0     0.9
04994 20240320  2.622  -95.87   48.31    -6.2   -16.3   -11.2   -11.0     0.0    16.82 C     3.1   -17.7    -9.3    72.3    29.9    50.6 -99.000 -99.000 -99.000 -99.000   0.327    -1.8    -1.3    -0.6     0.0     0.8
04994 20240321  2.622  -95.87   48.31    -2.4   -17.6   -10.0    -9.0     0.0    16.22 C     7.6   -18.6    -6.8    83.4    24.6    51.2 -99.000 -99.000 -99.000 -99.000   0.327    -2.1    -1.5    -0.7     0.0     0.8
04994 20240322  2.622  -95.87   48.31    -1.7   -15.4    -8.6    -7.6     0.0    17.90 C     9.9   -17.9    -7.1    75.7    24.9    44.8 -99.000 -99.000 -99.000 -99.000   0.325    -1.9    -1.5    -0.8     0.0     0.8
04994 20240323  2.622  -95.87   48.31    -2.4   -19.8   -11.1   -10.4     0.0    17.19 C     9.1   -20.4    -8.2    81.7    27.9    52.5 -99.000 -99.000 -99.000 -99.000   0.325    -2.4    -1.8    -0.9    -0.1     0.8
04994 20240324  2.622  -95.87   48.31     0.5    -8.4    -4.0    -4.1     0.0    10.88 C     9.0   -10.9    -2.6    53.6    35.8    43.1 -99.000 -99.000 -99.000 -99.000   0.325    -1.9    -1.6    -0.9    -0.1     0.8
04994 20240325  2.622  -95.87   48.31    -3.4    -8.1    -5.7    -5.5     1.8     7.05 C     1.2   -10.0    -4.7    80.8    37.5    61.2 -99.000 -99.000 -99.000 -99.000   0.323    -1.8    -1.4    -0.8    -0.1     0.7
04994 20240326  2.622  -95.87   48.31    -6.4   -10.3    -8.4    -8.3     2.4     8.52 C    -5.2   -10.6    -8.2    82.3    66.5    75.6 -99.000 -99.000 -99.000 -99.000   0.321    -2.0    -1.6    -0.8    -0.2     0.7
04994 20240327  2.622  -95.87   48.31    -5.2   -12.0    -8.6    -8.6     1.6    11.81 C    -5.3   -20.1   -10.7    80.9    57.0    69.2 -99.000 -99.000 -99.000 -99.000   0.321    -1.9    -1.5    -0.9    -0.2     0.7
04994 20240328  2.622  -95.87   48.31     2.3   -13.7    -5.7    -6.0     0.0    20.07 C     2.6   -22.4    -9.4    86.5    39.6    61.4 -99.000 -99.000 -99.000 -99.000   0.319    -1.6    -1.4    -0.9    -0.2     0.7
04994 20240329  2.622  -95.87   48.31     1.4    -8.9    -3.7    -2.8     0.3     4.23 C     1.8   -13.1    -4.0    91.2    46.7    75.6 -99.000 -99.000 -99.000 -99.000   0.319    -1.5    -1.3    -0.8    -0.2     0.7
04994 20240330  2.622  -95.87   48.31     2.1    -2.1     0.0    -0.4     0.0     4.90 C     4.5    -3.1    -0.7    91.9    63.3    78.7 -99.000 -99.000 -99.000 -99.000   0.317    -1.1    -1.1    -0.7    -0.2     0.6
04994 20240331  2.622  -95.87   48.31     3.5    -7.1    -1.8    -1.8     0.0    20.41 C     9.5   -11.0    -2.4    84.5    37.5    61.6 -99.000 -99.000 -99.000 -99.000   0.316    -0.9    -0.9    -0.6    -0.2     0.6
04994 20240401  2.622  -95.87   48.31     7.7   -10.4    -1.4 -9999.0     0.0    19.81 C    14.6   -12.2    -1.2    89.4    30.2    60.8 -99.000 -99.000 -99.000 -99.000   0.316    -1.1    -0.9    -0.6    -0.2     0.6
04994 20240402  2.622  -95.87   48.31     6.2    -4.6     0.8     1.4     0.0     7.63 C    12.2    -5.5     0.7    90.1    55.8    72.2 -99.000 -99.000 -99.000 -99.000   0.315    -0.8    -0.8    -0.5    -0.2     0.6
04994 20240403  2.622  -95.87   48.31    10.0    -4.7     2.7     2.3     0.0    21.19 C    13.0    -9.6     0.5    90.8    20.3    54.0 -99.000 -99.000 -99.000 -99.000   0.316    -0.7    -0.7    -0.5    -0.2     0.6
04994 20240404  2.622  -95.87   48.31    11.2    -9.6     0.8     1.6     0.0    21.32 C    17.0   -11.9     0.0    82.0    21.7    51.0 -99.000 -99.000 -99.000 -99.000   0.315    -0.7    -0.7    -0.4    -0.2     0.6
04994 20240405  2.622  -95.87   48.31    13.5    -3.8     4.8     5.5     0.0    21.26 C    17.8    -8.8     3.2    75.2    26.2    46.6 -99.000 -99.000 -99.000 -99.000   0.315    -0.7    -0.7    -0.4    -0.2     0.6
04994 20240406  2.622  -95.87   48.31    14.5     0.8     7.6     7.1     0.0    20.93 C    17.6    -4.7     5.1    56.7    23.6    41.5 -99.000 -99.000 -99.000 -99.000   0.315    -0.6    -0.7    -0.4    -0.2     0.6
04994 20240407  2.622  -95.87   48.31    15.0     1.0     8.0     7.4     0.0    16.76 C    19.2    -4.7     5.9    71.8    27.1    46.3 -99.000 -99.000 -99.000 -99.000   0.315    -0.6    -0.6    -0.4    -0.2     0.6
04994 20240408  2.622  -95.87   48.31     9.6    -0.3     4.7     5.2     0.2     6.85 C    16.2    -4.6     4.6    92.0    50.2    71.2 -99.000 -99.000 -99.000 -99.000   0.316    -0.5    -0.6    -0.3    -0.2     0.6
04994 20240409  2.622  -95.87   48.31    15.4    -4.4     5.5     5.2     0.0    19.14 C    23.2    -7.0     4.4    95.0    26.1    63.1 -99.000 -99.000 -99.000 -99.000   0.316    -0.5    -0.5    -0.3    -0.2     0.6
04994 20240410  2.622  -95.87   48.31    17.1    -2.8     7.1     7.2     0.0    14.54 C    25.5    -6.2     6.8    88.3    30.2    62.7 -99.000 -99.000 -99.000 -99.000   0.316    -0.5    -0.5    -0.3    -0.2     0.6
04994 20240411  2.622  -95.87   48.31    14.3     1.4     7.9     7.4     0.0    14.41 C    22.2    -3.9     6.6    88.5    36.2    66.0 -99.000 -99.000 -99.000 -99.000   0.317    -0.4    -0.5    -0.3    -0.2     0.6
04994 20240412  2.622  -95.87   48.31    14.1    -4.0     5.1     5.9     0.0    20.95 C    24.5    -7.7     5.1    92.0    27.4    58.2 -99.000 -99.000 -99.000 -99.000   0.319    -0.4    -0.5    -0.3    -0.2     0.6
04994 20240413  2.622  -95.87   48.31    19.2     3.8    11.5    11.0     0.0     9.31 C    25.9    -1.1     8.6    91.4    28.8    53.3 -99.000 -99.000 -99.000 -99.000   0.320    -0.4    -0.5    -0.3    -0.2     0.6
04994 20240414  2.622  -95.87   48.31    17.8    -1.3     8.3     9.7     0.0    22.68 C    24.1    -6.3     7.5    80.6    19.2    48.2 -99.000 -99.000 -99.000 -99.000   0.321    -0.3    -0.4    -0.3    -0.1     0.6
04994 20240415  2.622  -95.87   48.31    12.5    -3.5     4.5     5.9     4.0     5.51 C    17.2    -7.1     4.3    87.5    23.1    60.2 -99.000 -99.000 -99.000 -99.000   0.324    -0.3    -0.4    -0.3    -0.1     0.6
04994 20240416  2.622  -95.87   48.31    15.0     2.8     8.9     7.9     3.7     6.63 C    16.4     2.1     6.0    89.9    28.6    58.1 -99.000 -99.000 -99.000 -99.000   0.325    -0.1    -0.2    -0.3    -0.1     0.6
04994 20240417  2.622  -95.87   48.31     8.8     1.8     5.3     4.5     4.0     6.56 C    11.2    -2.0     4.2    93.2    55.4    79.8 -99.000   0.349 -99.000 -99.000   0.332     0.0    -0.1    -0.3     0.0     0.6
04994 20240418  2.622  -95.87   48.31     3.5    -1.1     1.2     1.4     0.0     4.97 C     5.9    -2.9     0.9    85.1    58.6    71.2 -99.000   0.333 -99.000 -99.000   0.351    -0.1    -0.1    -0.2     0.0     0.6
04994 20240419  2.622  -95.87   48.31     1.8    -3.1    -0.7    -1.6     0.7    12.08 C     8.6    -4.3    -0.9    86.9    53.9    72.3 -99.000 -99.000 -99.000   0.343   0.373    -0.1    -0.2    -0.2     0.1     0.6
04994 20240420  2.622  -95.87   48.31     9.3    -5.2     2.0     1.9     0.0    23.16 C    16.4    -8.2     2.2    79.0    31.3    54.5 -99.000 -99.000 -99.000   0.343   0.393     0.1    -0.1    -0.2     0.1     0.6
04994 20240421  2.622  -95.87   48.31    16.6    -3.5     6.6     6.9     0.0    23.88 C    24.8    -9.1     5.6    75.6    12.0    41.3 -99.000   0.318 -99.000   0.343   0.501     0.4     0.1    -0.2     0.1     0.6
04994 20240422  2.622  -95.87   48.31    18.2     2.0    10.1     9.6     0.0    11.16 C    25.4    -5.0     7.7    71.9    24.5    46.1   0.300   0.313 -99.000   0.342   0.509     0.7     0.5    -0.2     0.3     0.6
04994 20240423  2.622  -95.87   48.31    13.6    -5.1     4.2     6.3     1.4    19.62 C    22.4    -9.8     5.8    93.5    21.4    61.7   0.294   0.304 -99.000   0.345   0.509     1.2     0.9    -0.2     0.4     0.7
04994 20240424  2.622  -95.87   48.31    17.8 -9999.0 -9999.0 -9999.0     0.0    24.61 C    27.5   -10.7     6.6    90.2    15.3    44.3   0.290   0.300 -99.000   0.338   0.509     1.2     1.0    -0.2     0.6     0.7
04994 20240425  2.622  -95.87   48.31    23.3     2.4    12.8    13.6     0.0    20.41 C    30.0    -5.9    11.9    66.0    22.0    40.3   0.291   0.301 -99.000   0.315   0.507     2.0     1.6    -0.2     0.8     0.8
04994 20240426  2.622  -95.87   48.31    12.8     6.6     9.7     9.2    11.0     3.57 C    15.6     4.1     8.1    92.5    35.6    66.3   0.300   0.309 -99.000   0.319   0.507     2.9     2.3     0.1     1.2     1.0
04994 20240427  2.622  -95.87   48.31     9.2     3.8     6.5     6.3     0.6     5.05 C    11.5     3.0     6.2    92.8    72.9    83.3   0.320   0.330   0.382   0.363   0.511     2.9     2.4     0.8     1.5     1.2
04994 20240428  2.622  -95.87   48.31     7.7     2.5     5.1     4.5     3.7     9.29 C    12.2     2.2     5.2    85.5    55.8    71.5   0.316   0.330   0.382   0.430   0.511     2.6     2.3     1.0     1.6     1.3
04994 20240429  2.622  -95.87   48.31     5.6     0.3     3.0     3.0    11.3     6.94 C     8.8    -0.1     3.4    92.8    74.6    86.2   0.360   0.437   0.404   0.479   0.512     2.2     2.0     1.1     1.6     1.4
04994 20240430  2.622  -95.87   48.31    11.9     1.3     6.6     6.4     9.8    13.12 C    21.9    -0.8     8.1    95.1    54.2    78.8   0.393   0.503   0.406   0.480   0.512     2.6     2.2     1.3     1.6     1.5
04994 20240501  2.622  -95.87   48.31    15.7     0.9     8.3     8.7     3.2    13.90 C    23.0    -2.9     8.4    91.9    40.5    72.8   0.592   0.563   0.407   0.482   0.506     3.5     3.0     1.8     1.8     1.6
04994 20240502  2.622  -95.87   48.31    12.6     1.0     6.8     8.1     6.7     6.04 C    15.6    -2.7     7.3    91.9    55.8    78.6   0.595   0.564   0.406   0.483   0.482     3.4     3.1     2.0     2.1     1.7
04994 20240503  2.622  -95.87   48.31    13.5     3.6     8.5     8.1     2.4    12.31 C    19.6    -1.2     7.4    91.9    50.1    76.8   0.597   0.568   0.414   0.484   0.468     3.8     3.4     2.3     2.3     1.9
04994 20240504  2.622  -95.87   48.31    13.5    -1.3     6.1     6.9     0.0    13.38 C    24.1    -4.2     7.1    94.4    48.3    76.7   0.597   0.569   0.427   0.492   0.450     3.9     3.5     2.6     2.6     2.0
04994 20240505  2.622  -95.87   48.31    18.5    -3.2     7.7     9.3     0.0    19.73 C    29.2    -5.3     9.1    94.8    27.6    58.2   0.597   0.569   0.428   0.500   0.442     3.8     3.6     2.8     2.9     2.2
04994 20240506  2.622  -95.87   48.31    21.9     7.0    14.5    15.7     0.0    17.43 C    28.6     2.2    14.3    61.0    28.8    42.2   0.598   0.570   0.427   0.500   0.441     4.8     4.4     3.4     3.2     2.4
04994 20240507  2.622  -95.87   48.31    15.7    10.7    13.2    12.8     4.9     5.18 C    16.3     8.6    11.6    88.9    41.0    70.6   0.600   0.571   0.426   0.500   0.443     5.9     5.4     4.3     3.8     2.7
04994 20240508  2.622  -95.87   48.31    23.4     9.1    16.2    14.9     0.0    20.14 C    31.4     4.3    14.8    90.8    23.0    60.1   0.601   0.573   0.428   0.503   0.445     6.7     6.1     5.0     4.4     3.0
04994 20240509  2.622  -95.87   48.31    21.0     4.0    12.5    13.1     0.0    26.31 C    30.7    -1.7    12.9    77.6    20.7    46.6   0.598   0.568   0.430   0.504   0.446     7.0     6.6     5.5     5.0     3.4
04994 20240510  2.622  -95.87   48.31    20.0     1.1    10.5    12.9     0.0    21.91 C    27.4    -2.1    11.9    90.1    23.0    49.8   0.581   0.560   0.431   0.504   0.446     7.3     6.9     5.9     5.3     3.8
04994 20240511  2.622  -95.87   48.31    27.0    -0.7    13.1    15.9     0.0    24.08 C    32.6    -2.8    15.2    94.2    17.1    46.7   0.549   0.546   0.431   0.504   0.446     7.2     6.9     6.0     5.6     4.1
04994 20240512  2.622  -95.87   48.31    19.9     4.2    12.0    13.6     0.0    22.25 C    26.6    -0.7    12.4    77.3    26.2    45.6   0.511   0.528   0.432   0.501   0.446     8.2     7.7     6.6     5.9     4.4
04994 20240513  2.622  -95.87   48.31    17.5     0.1     8.8     8.9     0.0    24.27 C    26.8    -3.9    10.4    93.4    30.7    60.0   0.469   0.496   0.432   0.503   0.449     7.6     7.4     6.6     6.2     4.7
04994 20240514  2.622  -95.87   48.31    17.8     3.5    10.6    12.4     0.0    10.73 C    26.8    -0.7    12.2    77.9    34.2    54.0   0.451   0.477   0.431   0.503   0.450     7.6     7.3     6.6     6.3     4.9
04994 20240515  2.622  -95.87   48.31    18.0     9.9    13.9    12.8     5.7     6.66 C    25.6     8.9    12.6    91.3    40.4    63.4   0.454   0.479   0.429   0.503   0.449     8.0     7.6     6.9     6.4     5.0
04994 20240516  2.622  -95.87   48.31    16.6     9.3    13.0    11.8     9.3     8.29 C    22.3     7.6    11.9    93.3    64.4    84.0   0.545   0.548   0.436   0.505   0.451     8.2     7.9     7.2     6.6     5.2
04994 20240517  2.622  -95.87   48.31    27.3    11.0    19.1    17.7     6.8    20.39 C    32.6     8.3    18.0    90.2    36.4    67.8   0.554   0.553   0.437   0.505   0.451     9.0     8.5     7.5     6.9     5.4
04994 20240518  2.622  -95.87   48.31    19.0     8.0    13.5    14.0     2.9    18.27 C    26.4     2.9    13.8    93.3    41.8    68.9   0.557   0.557   0.438   0.507   0.454    10.1     9.5     8.4     7.5     5.6
04994 20240519  2.622  -95.87   48.31    19.9     6.2    13.1    12.7     0.0    11.94 C    25.9     1.7    12.0    77.7    26.1    60.1   0.557   0.557   0.438   0.507   0.453     9.3     9.1     8.4     7.8     6.0
04994 20240520  2.622  -95.87   48.31    21.4     6.3    13.9    14.1     0.7    18.26 C    29.9     3.1    14.6    93.3    41.7    68.0   0.557   0.557   0.438   0.507   0.453     9.6     9.2     8.4     7.8     6.2
04994 20240521  2.622  -95.87   48.31    16.1     4.4    10.2    10.9     7.4     6.67 C    18.6     1.5    10.1    94.9    52.1    77.8   0.557   0.556   0.438   0.508   0.454     9.2     9.1     8.5     8.0     6.4
04994 20240522  2.622  -95.87   48.31    18.2     6.0    12.1    12.0     1.1    12.92 C    25.1     2.1    11.5    86.2    44.6    71.7   0.560   0.557   0.439   0.508   0.455     9.2     8.9     8.4     8.0     6.5
04994 20240523  2.622  -95.87   48.31    12.9     2.2     7.5     8.1     7.4     7.55 C    14.1    -0.1     8.0    94.8    52.6    78.1   0.561   0.558   0.438   0.508   0.455     8.6     8.6     8.3     7.9     6.6
04994 20240524  2.622  -95.87   48.31    14.7     3.4     9.1     8.7    34.4     7.32 C    17.5     4.1     8.9    91.6    68.8    84.7   0.562   0.560   0.438   0.509   0.456     8.5     8.4     8.1     7.8     6.6
04994 20240525  2.622  -95.87   48.31    13.9     0.9     7.4     7.0     0.6    15.77 C    20.0    -0.4     8.2    94.2    55.0    77.3   0.563   0.561   0.438   0.510   0.457     8.3     8.2     8.0     7.7     6.7
04994 20240526  2.622  -95.87   48.31    20.5    -0.5    10.0    11.5     0.0    24.99 C    29.6    -1.4    12.9    94.9    30.3    65.2   0.563   0.561   0.437   0.510   0.458     8.4     8.1     7.8     7.6     6.7
04994 20240527  2.622  -95.87   48.31    18.6     8.3    13.4    12.5     3.7    14.04 C    28.9     6.2    13.4    93.4    47.2    75.7   0.564   0.562   0.438   0.510   0.458     9.4     9.1     8.3     7.8     6.7
04994 20240528  2.622  -95.87   48.31    17.2     3.8    10.5    10.9     0.4    15.94 C    27.7     1.4    11.9    93.9    48.4    74.2   0.566   0.563   0.439   0.511   0.459     9.7     9.3     8.7     8.1     6.8
04994 20240529  2.622  -95.87   48.31    22.8     3.3    13.1    14.6     0.0    28.07 C    29.6     0.9    14.9    94.7    34.2    62.6   0.565   0.563   0.439   0.511   0.459     9.7     9.4     8.7     8.2     6.9
04994 20240530  2.622  -95.87   48.31    24.2    12.8    18.5    16.4    16.0     8.43 C    27.8     9.4    15.3    93.4    41.4    70.7   0.566   0.564   0.438   0.511   0.459    10.6    10.1     9.2     8.6     7.0
04994 20240531  2.622  -95.87   48.31    22.4     8.6    15.5    16.0     0.0    27.14 C    28.8     5.7    16.4    93.2    29.9    56.2   0.569   0.567   0.439   0.512   0.461    11.2    10.6     9.7     8.9     7.3
04994 20240601  2.622  -95.87   48.31    22.0     8.1    15.1    15.1     1.1    26.48 C    30.2     5.1    15.8    85.4    26.4    56.2   0.569   0.568   0.438   0.511   0.461    11.5    11.0    10.1     9.3     7.5
04994 20240602  2.622  -95.87   48.31    23.6     7.5    15.6    16.5     0.4    13.90 C    25.7     3.4    15.0    85.6    41.4    65.3   0.569   0.567   0.439   0.511   0.461    11.2    10.9    10.2     9.5     7.7
04994 20240603  2.622  -95.87   48.31    24.1     9.8    17.0    17.3     0.0    19.46 C    33.7     7.5    18.2    93.8    50.0    76.1   0.565   0.564   0.439   0.511   0.460    12.1    11.5    10.5     9.7     7.9
04994 20240604  2.622  -95.87   48.31    23.0    11.7    17.4    16.6    25.6     8.15 C    24.7     9.3    16.0    93.8    62.9    82.5   0.560   0.568   0.440   0.511   0.460    12.7    12.1    11.1    10.1     8.2
04994 20240605  2.622  -95.87   48.31    22.8    11.2    17.0    16.8     0.3    21.18 C    29.3     9.4    16.9    86.1    30.4    58.4   0.563   0.570   0.442   0.512   0.460    12.7    12.2    11.3    10.5     8.4
04994 20240606  2.622  -95.87   48.31    16.1     4.7    10.4    12.4     0.0     9.89 C    23.5     3.0    12.5    94.2    51.6    68.4   0.563   0.570   0.440   0.512   0.463    12.4    12.1    11.4    10.6     8.6
04994 20240607  2.622  -95.87   48.31    22.5     3.7    13.1    14.1     0.0    21.16 C    31.2     1.5    14.2    94.6    23.9    61.0   0.561   0.569   0.439   0.512   0.464    11.6    11.4    10.9    10.5     8.8
04994 20240608  2.622  -95.87   48.31    23.3     4.7    14.0    16.0     0.0    25.17 C    31.2     2.8    16.1    94.0    23.1    55.1   0.547   0.553   0.439   0.511   0.465    12.1    11.7    10.9    10.4     8.8
04994 20240609  2.622  -95.87   48.31    16.9     4.0    10.5    11.1     0.0    15.10 C    21.5     2.2    11.5    93.8    51.3    73.9   0.512   0.526   0.439   0.512   0.464    11.9    11.7    11.1    10.6     8.9
04994 20240610  2.622  -95.87   48.31    22.6     1.2    11.9    14.5     0.9    23.16 C    28.8     0.2    14.9    94.9    27.6    57.8   0.482   0.503   0.437   0.512   0.464    11.6    11.3    10.8    10.5     9.0
04994 20240611  2.622  -95.87   48.31    22.1    11.0    16.6    16.5     4.0    22.70 C    28.3     9.0    17.1    90.1    42.0    67.4   0.517   0.533   0.438   0.511   0.464    12.6    12.2    11.2    10.6     9.0
04994 20240612  2.622  -95.87   48.31    28.0    11.2    19.6    20.0     1.2    24.69 C    33.3     8.7    20.1    92.6    34.9    65.8   0.480   0.499   0.436   0.511   0.464    13.4    12.7    11.6    10.9     9.1
04994 20240613  2.622  -95.87   48.31    22.5     8.4    15.5    16.2     0.0    22.91 C    30.3     6.6    16.4    93.8    40.6    67.9   0.440   0.449   0.428   0.512   0.464    13.8    13.3    12.1    11.3     9.3
04994 20240614  2.622  -95.87   48.31    25.4     5.5    15.4    17.6     0.0    24.55 C    31.5     4.6    18.1    94.4    37.5    65.7   0.417   0.416   0.418   0.499   0.463    13.7    13.2    12.2    11.5     9.5
04994 20240615  2.622  -95.87   48.31    27.9    14.8    21.3    20.2     4.3    18.48 C    29.3    13.2    19.7    90.2    37.7    68.2   0.414   0.412   0.420   0.496   0.463    14.6    13.9    12.6    11.8     9.8
04994 20240616  2.622  -95.87   48.31    24.3    12.5    18.4    18.9    10.8    20.18 C    29.2     9.7    19.0    92.0    34.5    69.6   0.461   0.471   0.435   0.510   0.465    15.1    14.5    13.1    12.2    10.0
04994 20240617  2.622  -95.87   48.31    22.4    10.6    16.5    16.9     4.2    25.38 C    27.9     7.9    17.6    84.6    42.1    59.5   0.442   0.450   0.437   0.510   0.466    14.7    14.3    13.3    12.5    10.2
04994 20240618  2.622  -95.87   48.31    16.0    11.5    13.8    14.0    61.6     5.18 C    17.0    11.7    14.3    92.5    80.0    89.1   0.568   0.544   0.449   0.513   0.470    14.4    14.1    13.4    12.6    10.4
04994 20240619  2.622  -95.87   48.31    19.3     7.0    13.2    13.7     0.4    24.21 C    24.6     5.2    14.6    93.9    46.2    72.6   0.580   0.556   0.452   0.514   0.472    14.1    13.8    13.1    12.5    10.6
04994 20240620  2.622  -95.87   48.31    22.5     6.8    14.6    15.8     0.0    23.24 C    26.0     5.2    15.6    94.4    48.7    73.0   0.578   0.555   0.452   0.515   0.473    13.9    13.6    13.0    12.5    10.6
04994 20240621  2.622  -95.87   48.31    24.0     8.1    16.1    17.2     0.0    20.90 C    28.0     6.3    16.9    94.4    48.4    72.6   0.577   0.552   0.452   0.514   0.473    14.1    13.8    13.0    12.5    10.7
04994 20240622  2.622  -95.87   48.31    23.3    12.4    17.8    18.7     1.7    13.83 C    27.1    10.2    18.5    92.1    52.1    72.5   0.565   0.541   0.452   0.513   0.472    14.8    14.3    13.4    12.6    10.7
04994 20240623  2.622  -95.87   48.31    22.7     9.2    16.0    16.2     0.0    21.30 C    27.6     8.2    16.4    94.5    50.1    78.3   0.538   0.526   0.451   0.513   0.472    14.9    14.5    13.6    12.9    10.9
04994 20240624  2.622  -95.87   48.31    30.9     9.8    20.3    19.8    11.5    18.24 C    31.8     8.1    18.7    94.0    47.7    74.5   0.518   0.516   0.449   0.512   0.472    15.0    14.5    13.6    13.0    11.0
04994 20240625  2.622  -95.87   48.31    25.4    14.4    19.9    20.0     1.0    27.80 C    29.2    11.3    19.4    90.7    32.9    60.6   0.547   0.542   0.449   0.513   0.473    15.8    15.2    14.1    13.2    11.2
04994 20240626  2.622  -95.87   48.31    19.4     6.6    13.0    14.6     0.7    15.01 C    24.2     4.9    14.6    93.9    48.4    75.7   0.532   0.527   0.449   0.515   0.474    15.6    15.2    14.3    13.5    11.3
04994 20240627  2.622  -95.87   48.31    22.7     4.3    13.5    15.2     0.7    20.17 C    25.7     3.0    15.1    94.9    48.8    70.5   0.494   0.496   0.447   0.518   0.474    14.5    14.4    13.9    13.4    11.5
04994 20240628  2.622  -95.87   48.31    23.5    14.2    18.8    18.4    20.3    12.62 C    27.3    13.6    18.4    92.1    56.9    84.4   0.550   0.542   0.448   0.519   0.476    15.3    14.8    14.0    13.3    11.5
04994 20240629  2.622  -95.87   48.31    18.5     5.5    12.0    13.4     0.4    21.24 C    22.3     3.7    13.7    92.0    42.3    69.0   0.557   0.547   0.449   0.521   0.479    15.2    14.9    14.1    13.6    11.6
04994 20240630  2.622  -95.87   48.31    21.9     2.5    12.2    14.4     0.0    29.40 C    26.1     1.1    14.7    94.7    38.4    64.2   0.547   0.540   0.449   0.522   0.480    14.3    14.1    13.8    13.4    11.7
04994 20240701  2.622  -95.87   48.31    17.3    14.0    15.7    15.8    42.6     2.90 C    16.8    12.5    15.0    91.6    60.7    78.5   0.551   0.538   0.448   0.520   0.480    14.5    14.2    13.7    13.3    11.7
04994 20240702  2.622  -95.87   48.31 -9999.0 -9999.0 -9999.0 -9999.0 -9999.0 -9999.00 U -9999.0 -9999.0 -9999.0 -9999.0 -9999.0 -9999.0 -99.000 -99.000 -99.000 -99.000 -99.000 -9999.0 -9999.0 -9999.0 -9999.0 -9999.0
