04130 20240101  2.623 -113.43   48.74     1.8    -0.5     0.6     0.5     0.0     4.65 C     3.6    -3.6    -1.1    63.1    45.1    54.0 -99.000   0.261 -99.000 -99.000 -99.000     0.1     0.4 -9999.0 -9999.0 -9999.0
04130 20240102  2.623 -113.43   48.74     2.6    -3.2    -0.3     0.2     0.0     2.54 C     5.5    -6.6    -1.9    72.9    46.6    54.5 -99.000   0.254 -99.000 -99.000 -99.000     0.0     0.3 -9999.0 -9999.0 -9999.0
04130 20240103  2.623 -113.43   48.74     5.7    -7.6    -0.9    -0.6     0.0     4.30 C     8.7   -10.3    -2.6    85.5    38.9    62.4 -99.000 -99.000 -99.000 -99.000 -99.000    -0.2     0.2 -9999.0 -9999.0 -9999.0
04130 20240104  2.623 -113.43   48.74     1.6    -0.2     0.7     0.6     0.0     3.19 C     3.0    -2.8    -0.9    70.0    56.8    61.4 -99.000 -99.000 -99.000 -99.000 -99.000    -0.2     0.1 -9999.0 -9999.0 -9999.0
04130 20240105  2.623 -113.43   48.74     0.6    -4.6    -2.0    -1.3     0.0     3.19 C     3.4    -7.7    -2.6    81.5    45.7    58.4 -99.000 -99.000 -99.000 -99.000 -99.000    -0.3     0.1 -9999.0 -9999.0 -9999.0
04130 20240106  2.623 -113.43   48.74    -0.3    -6.9    -3.6    -2.1     1.1     2.70 C     0.0    -6.9    -3.2    85.4    51.1    65.6 -99.000 -99.000 -99.000 -99.000 -99.000    -0.3     0.0 -9999.0 -9999.0 -9999.0
04130 20240107  2.623 -113.43   48.74    -6.9   -14.8   -10.9   -12.4     0.2     2.80 C    -6.9   -18.0   -12.3    80.5    65.3    72.9 -99.000 -99.000 -99.000 -99.000 -99.000    -0.4     0.0 -9999.0 -9999.0 -9999.0
04130 20240108  2.623 -113.43   48.74    -3.2   -15.0    -9.1    -6.8     0.5     2.37 C    -5.4   -17.9    -8.3    81.9    55.7    66.8 -99.000 -99.000 -99.000 -99.000 -99.000    -0.5    -0.1 -9999.0 -9999.0 -9999.0
04130 20240109  2.623 -113.43   48.74     1.8   -14.7    -6.5    -2.7     5.5     0.52 C    -1.3   -14.3    -4.2    87.7    48.6    68.4 -99.000 -99.000 -99.000 -99.000 -99.000    -0.4    -0.1 -9999.0 -9999.0 -9999.0
04130 20240110  2.623 -113.43   48.74   -14.7   -23.2   -19.0   -19.1     2.7     2.60 C   -14.3   -22.7   -18.6    77.2    63.3    70.6 -99.000 -99.000 -99.000 -99.000 -99.000    -0.4    -0.1 -9999.0 -9999.0 -9999.0
04130 20240111  2.623 -113.43   48.74   -23.2   -32.9   -28.1   -28.7     4.8     1.20 C   -22.7   -33.3   -28.1    68.6    60.9    64.9 -99.000 -99.000 -99.000 -99.000 -99.000    -0.6    -0.2 -9999.0 -9999.0 -9999.0
04130 20240112  2.623 -113.43   48.74   -32.0   -39.7   -35.8   -35.1     0.0     5.18 C   -31.4   -48.6   -38.7    64.2    49.1    59.8 -99.000 -99.000 -99.000 -99.000 -99.000    -0.9    -0.4 -9999.0 -9999.0 -9999.0
04130 20240113  2.623 -113.43   48.74   -19.9   -40.6   -30.3   -31.5     0.0     5.77 C   -24.6   -48.6   -39.6    70.4    39.6    61.3 -99.000 -99.000 -99.000 -99.000 -99.000    -1.3    -0.6 -9999.0 -9999.0 -9999.0
04130 20240114  2.623 -113.43   48.74   -25.1   -36.1   -30.6   -29.0     1.4     2.67 C   -23.9   -44.6   -30.4    71.3    60.0    66.6 -99.000 -99.000 -99.000 -99.000 -99.000    -1.4    -0.8 -9999.0 -9999.0 -9999.0
04130 20240115  2.623 -113.43   48.74   -13.3   -37.9   -25.6   -24.2     0.0     5.78 C   -16.1   -46.8   -30.6    69.8    40.5    56.3 -99.000 -99.000 -99.000 -99.000 -99.000    -1.7    -1.1 -9999.0 -9999.0 -9999.0
04130 20240116  2.623 -113.43   48.74    -3.8   -13.5    -8.7    -8.7     0.6     2.95 C    -7.0   -17.1   -10.8    81.9    37.6    53.9 -99.000 -99.000 -99.000 -99.000 -99.000    -1.3    -0.9 -9999.0 -9999.0 -9999.0
04130 20240117  2.623 -113.43   48.74    -9.5   -19.9   -14.7   -16.4    13.8     1.53 C    -9.6   -20.5   -16.1    82.9    69.4    75.3 -99.000 -99.000 -99.000 -99.000 -99.000    -1.2    -0.9 -9999.0 -9999.0 -9999.0
04130 20240118  2.623 -113.43   48.74   -17.1   -29.7   -23.4   -23.5     0.0     5.38 C   -20.3   -37.5   -29.8    74.7    54.6    68.6 -99.000 -99.000 -99.000 -99.000 -99.000    -1.2    -0.8 -9999.0 -9999.0 -9999.0
04130 20240119  2.623 -113.43   48.74     4.1   -29.5   -12.7   -13.1     0.0     4.01 C     0.0   -35.9   -15.6    80.3    65.2    70.9 -99.000 -99.000 -99.000 -99.000 -99.000    -1.2    -0.9 -9999.0 -9999.0 -9999.0
04130 20240120  2.623 -113.43   48.74     7.1     2.2     4.6     5.3     0.0     3.80 C     0.4    -0.4     0.0    80.5    57.8    66.1 -99.000 -99.000 -99.000 -99.000 -99.000    -0.6    -0.5 -9999.0 -9999.0 -9999.0
04130 20240121  2.623 -113.43   48.74     4.8   -10.2    -2.7     2.0     0.0     2.14 C     1.5    -7.2    -0.3    83.4    60.8    69.5 -99.000 -99.000 -99.000 -99.000 -99.000    -0.3    -0.3 -9999.0 -9999.0 -9999.0
04130 20240122  2.623 -113.43   48.74     5.5   -11.8    -3.1    -3.2     0.8     3.05 C     4.5    -9.2    -2.7    86.4    62.9    77.0 -99.000 -99.000 -99.000 -99.000 -99.000    -0.3    -0.2 -9999.0 -9999.0 -9999.0
04130 20240123  2.623 -113.43   48.74     5.3     2.2     3.7     3.6     0.4     3.71 C     5.2    -0.5     1.3    79.7    55.5    67.4 -99.000 -99.000 -99.000 -99.000 -99.000    -0.3    -0.2 -9999.0 -9999.0 -9999.0
04130 20240124  2.623 -113.43   48.74     4.3     1.9     3.1     2.9     0.0     5.85 C     5.1    -1.2     0.6    74.7    44.7    59.8 -99.000 -99.000 -99.000 -99.000 -99.000    -0.3    -0.2 -9999.0 -9999.0 -9999.0
04130 20240125  2.623 -113.43   48.74     3.6     0.8     2.2     2.0     0.0     6.02 C     7.4    -1.6     0.3    78.0    49.1    61.5 -99.000 -99.000 -99.000 -99.000 -99.000    -0.3    -0.2 -9999.0 -9999.0 -9999.0
04130 20240126  2.623 -113.43   48.74     3.1     0.6     1.9     1.8     0.0     4.76 C     6.5    -1.9     0.0    70.8    50.1    62.9 -99.000 -99.000 -99.000 -99.000 -99.000    -0.3    -0.2 -9999.0 -9999.0 -9999.0
04130 20240127  2.623 -113.43   48.74     7.6     2.4     5.0     4.9     0.0     4.16 C     8.3    -0.7     2.6    68.4    44.0    58.5 -99.000 -99.000 -99.000 -99.000 -99.000    -0.3    -0.2 -9999.0 -9999.0 -9999.0
04130 20240128  2.623 -113.43   48.74     9.0     5.7     7.3     7.5     0.3     2.26 C     8.6     0.7     4.4    75.4    58.5    66.3 -99.000 -99.000 -99.000 -99.000 -99.000    -0.3    -0.2 -9999.0 -9999.0 -9999.0
04130 20240129  2.623 -113.43   48.74    12.8     0.6     6.7     7.7     0.0     6.07 C    14.6    -3.7     4.0    82.8    42.6    60.7 -99.000 -99.000 -99.000 -99.000 -99.000    -0.3    -0.2 -9999.0 -9999.0 -9999.0
04130 20240130  2.623 -113.43   48.74    11.4     0.1     5.7     8.7     0.0     3.89 C    11.6    -3.8     3.4    83.6    40.7    51.2 -99.000 -99.000 -99.000 -99.000 -99.000    -0.2    -0.2 -9999.0 -9999.0 -9999.0
04130 20240131  2.623 -113.43   48.74    14.5    -1.5     6.5     4.4     0.0     6.12 C    15.1    -5.2     0.5    85.1    23.7    60.2 -99.000 -99.000 -99.000 -99.000 -99.000    -0.3    -0.2 -9999.0 -9999.0 -9999.0
04130 20240201  2.623 -113.43   48.74    13.8    -2.8     5.5     4.2     0.0     7.06 C    15.6    -6.6     0.6    78.2    22.8    53.6 -99.000 -99.000 -99.000 -99.000 -99.000    -0.3    -0.1 -9999.0 -9999.0 -9999.0
04130 20240202  2.623 -113.43   48.74    10.2    -2.8     3.7     3.9     0.0     5.30 C    12.8    -6.0     2.3    85.5    39.9    63.5 -99.000 -99.000 -99.000 -99.000 -99.000    -0.2    -0.1 -9999.0 -9999.0 -9999.0
04130 20240203  2.623 -113.43   48.74     4.5    -5.2    -0.3     0.6     8.4     1.32 C     3.2    -5.6     0.2    91.2    61.7    82.8 -99.000   0.319 -99.000 -99.000 -99.000     0.0     0.1 -9999.0 -9999.0 -9999.0
04130 20240204  2.623 -113.43   48.74    -4.6   -10.7    -7.7    -6.8     5.7     2.85 C    -5.5   -18.7    -8.0    86.8    73.2    82.4 -99.000 -99.000 -99.000 -99.000 -99.000    -0.1     0.0 -9999.0 -9999.0 -9999.0
04130 20240205  2.623 -113.43   48.74    -0.4   -10.8    -5.6    -5.7     3.6     4.11 C    -1.2   -18.7    -7.6    87.7    65.6    82.0 -99.000 -99.000 -99.000 -99.000 -99.000    -0.1     0.0 -9999.0 -9999.0 -9999.0
04130 20240206  2.623 -113.43   48.74     4.8   -12.3    -3.7    -5.3     0.8     7.28 C     0.3   -20.4   -10.8    92.4    60.8    84.7 -99.000 -99.000 -99.000 -99.000 -99.000    -0.1     0.0 -9999.0 -9999.0 -9999.0
04130 20240207  2.623 -113.43   48.74    -5.9   -13.8    -9.9    -9.4     0.0     5.41 C    -4.8   -19.0   -11.1    89.1    78.0    85.0 -99.000 -99.000 -99.000 -99.000 -99.000    -0.1     0.0 -9999.0 -9999.0 -9999.0
04130 20240208  2.623 -113.43   48.74     1.5    -7.5    -3.0    -3.8     0.3     5.10 C    -0.6    -8.7    -4.9    88.4    55.2    78.1 -99.000 -99.000 -99.000 -99.000 -99.000    -0.1     0.0 -9999.0 -9999.0 -9999.0
04130 20240209  2.623 -113.43   48.74    -5.6   -16.7   -11.1    -8.4     1.7     4.63 C    -4.7   -25.1   -11.1    85.4    62.8    77.6 -99.000 -99.000 -99.000 -99.000 -99.000    -0.1     0.1 -9999.0 -9999.0 -9999.0
04130 20240210  2.623 -113.43   48.74    -2.4   -17.2    -9.8    -5.1     0.0     7.67 C    -4.4   -26.0   -10.0    83.7    47.0    59.8 -99.000 -99.000 -99.000 -99.000 -99.000    -0.1     0.0 -9999.0 -9999.0 -9999.0
04130 20240211  2.623 -113.43   48.74     1.9    -2.8    -0.5    -0.4     0.0     4.54 C    -0.3    -6.4    -3.1    73.5    51.7    60.3 -99.000 -99.000 -99.000 -99.000 -99.000    -0.1     0.0 -9999.0 -9999.0 -9999.0
04130 20240212  2.623 -113.43   48.74     2.6    -3.8    -0.6    -0.4     4.9     6.23 C     1.5    -4.0    -2.1    90.1    57.4    72.7 -99.000 -99.000 -99.000 -99.000 -99.000    -0.2     0.0 -9999.0 -9999.0 -9999.0
04130 20240213  2.623 -113.43   48.74    -3.7   -11.0    -7.3    -7.4     8.2     1.08 C    -3.9   -18.1    -8.8    89.8    75.1    83.4 -99.000 -99.000 -99.000 -99.000 -99.000    -0.1     0.0 -9999.0 -9999.0 -9999.0
04130 20240214  2.623 -113.43   48.74    -7.2   -17.8   -12.5   -13.2     0.0     7.64 C    -7.9   -27.9   -18.2    84.2    36.7    73.5 -99.000 -99.000 -99.000 -99.000 -99.000    -0.1     0.1 -9999.0 -9999.0 -9999.0
04130 20240215  2.623 -113.43   48.74   -11.0   -21.3   -16.1   -13.3     0.0     6.43 C    -9.7   -30.9   -15.4    81.1    49.8    70.9 -99.000 -99.000 -99.000 -99.000 -99.000    -0.1     0.1 -9999.0 -9999.0 -9999.0
04130 20240216  2.623 -113.43   48.74    -3.7   -26.8   -15.2   -16.4     0.0    10.95 C    -8.3   -35.3   -23.9    80.1    22.6    63.8 -99.000 -99.000 -99.000 -99.000 -99.000    -0.1     0.0 -9999.0 -9999.0 -9999.0
04130 20240217  2.623 -113.43   48.74     4.8   -16.7    -5.9    -4.6     0.0    10.97 C    -2.2   -25.2   -14.3    82.1    16.0    46.4 -99.000 -99.000 -99.000 -99.000 -99.000    -0.2     0.0 -9999.0 -9999.0 -9999.0
04130 20240218  2.623 -113.43   48.74     3.1     0.0     1.5     1.6     0.0     5.28 C    -1.5    -8.4    -3.9    65.3    16.9    35.3 -99.000 -99.000 -99.000 -99.000 -99.000    -0.2     0.0 -9999.0 -9999.0 -9999.0
04130 20240219  2.623 -113.43   48.74     6.6    -0.1     3.3     2.5     0.0    10.01 C     1.4    -5.9    -1.6    71.7    42.5    57.6 -99.000 -99.000 -99.000 -99.000 -99.000    -0.2     0.0 -9999.0 -9999.0 -9999.0
04130 20240220  2.623 -113.43   48.74     5.2     2.3     3.7     3.7     0.0     6.35 C     4.5    -0.6     1.1    78.0    50.7    63.1 -99.000 -99.000 -99.000 -99.000 -99.000    -0.2     0.0 -9999.0 -9999.0 -9999.0
04130 20240221  2.623 -113.43   48.74     5.8     1.9     3.8     3.5     0.0    10.42 C    11.0    -1.6     1.9    75.9    42.0    54.7 -99.000 -99.000 -99.000 -99.000 -99.000    -0.1     0.0 -9999.0 -9999.0 -9999.0
04130 20240222  2.623 -113.43   48.74     3.6     1.6     2.6     2.6     0.0     9.24 C     7.8    -1.0     1.4    69.4    50.6    58.3 -99.000 -99.000 -99.000 -99.000 -99.000     0.0     0.1 -9999.0 -9999.0 -9999.0
04130 20240223  2.623 -113.43   48.74     3.9     0.7     2.3     2.1     0.0    10.54 C     7.1    -1.5     1.0    61.8    41.6    51.6 -99.000 -99.000 -99.000 -99.000 -99.000     0.0     0.2 -9999.0 -9999.0 -9999.0
04130 20240224  2.623 -113.43   48.74     3.5     0.1     1.8     1.7     2.0     4.27 C     3.1    -0.6     0.7    79.8    41.1    63.8 -99.000 -99.000 -99.000 -99.000 -99.000     0.1     0.2 -9999.0 -9999.0 -9999.0
04130 20240225  2.623 -113.43   48.74     3.8     0.5     2.1     1.5    11.1     3.23 C     0.2    -0.7    -0.2    88.7    53.3    75.9 -99.000   0.310 -99.000 -99.000 -99.000     0.1     0.3 -9999.0 -9999.0 -9999.0
04130 20240226  2.623 -113.43   48.74     1.5   -19.3    -8.9   -11.7     6.3     4.16 C    -0.1   -23.1   -11.8    84.2    34.2    72.1 -99.000 -99.000 -99.000 -99.000 -99.000     0.0     0.3 -9999.0 -9999.0 -9999.0
04130 20240227  2.623 -113.43   48.74    -6.9   -23.9   -15.4   -17.5     1.6     3.89 C    -8.8   -29.5   -18.3    80.3    55.9    70.3 -99.000 -99.000 -99.000 -99.000 -99.000    -0.1     0.1 -9999.0 -9999.0 -9999.0
04130 20240228  2.623 -113.43   48.74     3.2    -7.1    -1.9    -0.8     0.0     9.00 C    -0.1    -8.8    -3.3    84.2    49.0    62.0 -99.000 -99.000 -99.000 -99.000 -99.000    -0.1     0.1 -9999.0 -9999.0 -9999.0
04130 20240229  2.623 -113.43   48.74     4.3    -2.0     1.2     0.8    31.7     1.34 C     0.1    -4.6    -0.6    90.7    64.6    84.9 -99.000 -99.000 -99.000 -99.000 -99.000    -0.1     0.0 -9999.0 -9999.0 -9999.0
04130 20240301  2.623 -113.43   48.74    -0.7    -8.5    -4.6    -3.4     2.7     6.32 C    -2.8   -17.2    -5.8    88.7    50.4    70.2 -99.000 -99.000 -99.000 -99.000 -99.000    -0.1     0.0 -9999.0 -9999.0 -9999.0
04130 20240302  2.623 -113.43   48.74    -7.5   -21.6   -14.5   -14.1     4.3     4.76 C    -7.1   -28.6   -14.5    86.9    69.5    78.1 -99.000 -99.000 -99.000 -99.000 -99.000    -0.1     0.1 -9999.0 -9999.0 -9999.0
04130 20240303  2.623 -113.43   48.74   -14.7   -24.1   -19.4   -19.3     0.5    12.18 C   -12.8   -30.7   -21.4    77.2    54.8    70.2 -99.000 -99.000 -99.000 -99.000 -99.000    -0.1     0.1 -9999.0 -9999.0 -9999.0
04130 20240304  2.623 -113.43   48.74    -7.0   -23.8   -15.4   -18.1     5.4     3.61 C    -9.0   -29.4   -18.3    86.8    61.8    74.5 -99.000 -99.000 -99.000 -99.000 -99.000    -0.1     0.0 -9999.0 -9999.0 -9999.0
04130 20240305  2.623 -113.43   48.74    -3.8   -20.4   -12.1   -13.0     1.8     9.54 C    -4.0   -21.0   -13.7    88.3    47.8    69.7 -99.000 -99.000 -99.000 -99.000 -99.000    -0.2     0.0 -9999.0 -9999.0 -9999.0
04130 20240306  2.623 -113.43   48.74    -3.1   -21.7   -12.4   -10.0     0.3    13.85 C    -5.9   -29.3   -14.1    79.2    41.6    59.1 -99.000 -99.000 -99.000 -99.000 -99.000    -0.2     0.0 -9999.0 -9999.0 -9999.0
04130 20240307  2.623 -113.43   48.74    -1.9    -9.4    -5.7    -5.0     0.0    14.85 C    -4.5   -19.2   -10.4    58.7    37.5    46.8 -99.000 -99.000 -99.000 -99.000 -99.000    -0.2     0.0 -9999.0 -9999.0 -9999.0
04130 20240308  2.623 -113.43   48.74     3.8    -4.1    -0.1     0.2     0.0    13.40 C    -0.5   -10.2    -5.1    49.8    24.2    35.4 -99.000 -99.000 -99.000 -99.000 -99.000    -0.2     0.0 -9999.0 -9999.0 -9999.0
04130 20240309  2.623 -113.43   48.74     8.7     1.8     5.2     5.4     0.0    13.40 C     1.0    -4.7    -1.6    54.7    10.3    22.1 -99.000 -99.000 -99.000 -99.000 -99.000    -0.2     0.0 -9999.0 -9999.0 -9999.0
04130 20240310  2.623 -113.43   48.74     4.7     0.3     2.5     2.0     3.7    11.50 C     3.8    -3.9    -0.3    87.9    45.6    62.5 -99.000 -99.000 -99.000 -99.000 -99.000    -0.2     0.0 -9999.0 -9999.0 -9999.0
04130 20240311  2.623 -113.43   48.74     2.5    -0.1     1.2     1.2     1.4     7.08 C     1.6    -2.1    -0.7    83.3    53.9    67.8 -99.000 -99.000 -99.000 -99.000 -99.000    -0.2     0.0 -9999.0 -9999.0 -9999.0
04130 20240312  2.623 -113.43   48.74     4.8    -1.1     1.9     1.3     1.8    11.71 C     8.4    -6.2    -0.2    90.3    44.6    70.7 -99.000 -99.000 -99.000 -99.000 -99.000    -0.1     0.0 -9999.0 -9999.0 -9999.0
04130 20240313  2.623 -113.43   48.74     2.4    -4.3    -0.9     0.0     0.0     7.96 C     7.6    -8.4    -0.9    81.7    48.2    59.4 -99.000 -99.000 -99.000 -99.000 -99.000     0.0     0.1 -9999.0 -9999.0 -9999.0
04130 20240314  2.623 -113.43   48.74     4.2    -5.4    -0.6     0.7     0.0    15.54 C    13.0    -8.8     0.5    76.1    38.5    53.0 -99.000 -99.000 -99.000 -99.000 -99.000     0.0     0.1 -9999.0 -9999.0 -9999.0
04130 20240315  2.623 -113.43   48.74    12.5    -2.1     5.2     4.6     0.0    15.19 C    23.3    -5.5     4.8    82.3    30.4    51.5 -99.000 -99.000 -99.000 -99.000 -99.000     0.4     0.4 -9999.0 -9999.0 -9999.0
04130 20240316  2.623 -113.43   48.74    12.9    -4.4     4.2     2.8     0.0    15.32 C    23.5    -6.9     3.2    88.7    26.7    63.6   0.245   0.295 -99.000 -99.000 -99.000     0.8     0.9 -9999.0 -9999.0 -9999.0
04130 20240317  2.623 -113.43   48.74    14.7    -5.5     4.6     5.8     0.0    15.77 C    25.1    -8.4     5.3    86.0    20.3    50.7   0.242   0.271 -99.000 -99.000 -99.000     1.5     1.4 -9999.0 -9999.0 -9999.0
04130 20240318  2.623 -113.43   48.74    13.9     2.7     8.3    10.8     0.0    16.23 C    23.3    -4.0     9.1    57.5    27.6    35.1   0.235   0.248 -99.000 -99.000 -99.000     3.4     2.9 -9999.0 -9999.0 -9999.0
04130 20240319  2.623 -113.43   48.74    11.2    -1.6     4.8     5.0     0.0    12.66 C    24.2    -6.1     5.9    73.1    31.5    50.1   0.231   0.241 -99.000 -99.000 -99.000     3.6     3.3 -9999.0 -9999.0 -9999.0
04130 20240320  2.623 -113.43   48.74     0.7    -6.2    -2.8    -3.0     0.0     2.61 C     2.9    -6.0    -1.1    89.2    68.2    82.0   0.227   0.236 -99.000 -99.000 -99.000     2.1     2.4 -9999.0 -9999.0 -9999.0
04130 20240321  2.623 -113.43   48.74    -4.7    -8.2    -6.5    -6.4    10.0     6.89 C    -3.5    -8.8    -5.8    87.1    70.9    82.4   0.225   0.232 -99.000 -99.000 -99.000     0.9     1.3 -9999.0 -9999.0 -9999.0
04130 20240322  2.623 -113.43   48.74    -4.0    -9.1    -6.5    -6.7     2.2     7.87 C    -2.6   -10.7    -7.0    86.5    62.1    76.4   0.226   0.233 -99.000 -99.000 -99.000     0.9     1.1 -9999.0 -9999.0 -9999.0
04130 20240323  2.623 -113.43   48.74    -5.9   -10.6    -8.3    -7.9     7.9     6.46 C    -5.0   -11.9    -8.1    82.9    62.7    77.2   0.226   0.234 -99.000 -99.000 -99.000     1.0     1.1 -9999.0 -9999.0 -9999.0
04130 20240324  2.623 -113.43   48.74    -7.0   -15.2   -11.1    -9.8     2.3    11.67 C    -4.4   -25.7   -10.7    83.2    55.6    70.8   0.226   0.234 -99.000 -99.000 -99.000     0.9     1.1 -9999.0 -9999.0 -9999.0
04130 20240325  2.623 -113.43   48.74     0.1   -21.6   -10.8    -9.0     0.0    17.61 C    -1.2   -30.3   -13.9    87.2    48.0    67.0   0.226   0.234 -99.000 -99.000 -99.000     0.8     0.9 -9999.0 -9999.0 -9999.0
04130 20240326  2.623 -113.43   48.74     3.8   -14.0    -5.1    -2.9     0.0    17.96 C     0.2   -18.2    -5.7    88.0    40.6    68.0   0.234   0.235 -99.000 -99.000 -99.000     0.6     0.8 -9999.0 -9999.0 -9999.0
04130 20240327  2.623 -113.43   48.74     4.9    -0.8     2.0     2.0     0.2    14.15 C     1.4    -4.9    -1.4    85.5    37.0    57.2   0.236   0.244 -99.000 -99.000 -99.000     0.6     0.8 -9999.0 -9999.0 -9999.0
04130 20240328  2.623 -113.43   48.74     4.3    -4.6    -0.1     0.8     2.5    10.93 C     8.4    -4.7    -0.5    90.7    42.6    68.3   0.250   0.261 -99.000 -99.000 -99.000     0.8     0.9 -9999.0 -9999.0 -9999.0
04130 20240329  2.623 -113.43   48.74    -3.0    -7.6    -5.3    -4.9     3.1     8.44 C    -0.7    -9.8    -4.8    88.5    69.3    83.3   0.252   0.267 -99.000 -99.000 -99.000     0.8     0.9 -9999.0 -9999.0 -9999.0
04130 20240330  2.623 -113.43   48.74     4.6   -13.8    -4.6    -3.9     0.3    18.92 C    12.2   -20.7    -5.1    88.2    39.7    69.5   0.257   0.266 -99.000 -99.000 -99.000     0.7     0.8 -9999.0 -9999.0 -9999.0
04130 20240331  2.623 -113.43   48.74     3.9    -5.2    -0.6    -0.3     2.3    18.45 C    18.7    -7.6     0.8    88.0    32.5    57.1 -99.000   0.296 -99.000 -99.000 -99.000     0.7     0.8 -9999.0 -9999.0 -9999.0
04130 20240401  2.623 -113.43   48.74    10.1     1.9     6.0     6.1     0.0    18.59 C    18.8    -1.5     6.4    46.3    30.9    38.1   0.259   0.292 -99.000 -99.000 -99.000     1.9     1.6 -9999.0 -9999.0 -9999.0
04130 20240402  2.623 -113.43   48.74    14.7     6.2    10.4     9.5     0.0    14.49 C    22.3     1.2     8.2    58.5    32.2    42.4   0.245   0.261 -99.000 -99.000 -99.000     3.6     3.1 -9999.0 -9999.0 -9999.0
04130 20240403  2.623 -113.43   48.74    11.0     2.2     6.6     7.9     0.2    13.86 C    20.6    -0.3     7.7    84.1    38.2    52.9   0.237   0.250 -99.000 -99.000 -99.000     4.6     4.1 -9999.0 -9999.0 -9999.0
04130 20240404  2.623 -113.43   48.74     2.7    -2.0     0.3    -0.6    13.5     6.07 C     2.7    -2.6    -0.5    92.2    75.7    85.9   0.240   0.252 -99.000 -99.000 -99.000     2.9     3.2 -9999.0 -9999.0 -9999.0
04130 20240405  2.623 -113.43   48.74    -1.0    -2.9    -2.0    -2.1     6.7     5.18 C    -0.8    -4.1    -2.4    91.1    74.0    84.7   0.244   0.256 -99.000 -99.000 -99.000     2.0     2.3 -9999.0 -9999.0 -9999.0
04130 20240406  2.623 -113.43   48.74     3.3    -2.8     0.2     0.1     1.6    13.79 C     0.7    -3.5    -1.3    91.3    59.1    75.5   0.252   0.266 -99.000 -99.000 -99.000     1.7     1.9 -9999.0 -9999.0 -9999.0
04130 20240407  2.623 -113.43   48.74     4.3     1.3     2.8     2.4     0.0    13.01 C    12.1    -2.0     1.7    66.4    49.6    58.2   0.265   0.283 -99.000 -99.000 -99.000     1.8     1.9 -9999.0 -9999.0 -9999.0
04130 20240408  2.623 -113.43   48.74     5.2     1.0     3.1     2.6     0.3    17.83 C    14.7    -2.5     3.4    69.3    42.6    52.8   0.253   0.270 -99.000 -99.000 -99.000     2.2     2.2 -9999.0 -9999.0 -9999.0
04130 20240409  2.623 -113.43   48.74     7.5    -0.6     3.4     3.3     1.5    14.67 C    18.3    -1.9     4.1    86.6    37.9    65.9   0.244   0.257 -99.000 -99.000 -99.000     3.3     3.0 -9999.0 -9999.0 -9999.0
04130 20240410  2.623 -113.43   48.74     7.7    -5.4     1.2     1.4     0.0    19.87 C    20.5   -11.3     2.1    90.5    30.4    60.2   0.239   0.251 -99.000 -99.000 -99.000     3.8     3.5 -9999.0 -9999.0 -9999.0
04130 20240411  2.623 -113.43   48.74    12.3    -0.8     5.8     6.1     0.0    16.85 C    27.9    -4.4     6.7    66.8    16.9    40.4   0.234   0.244 -99.000 -99.000 -99.000     4.3     4.0 -9999.0 -9999.0 -9999.0
04130 20240412  2.623 -113.43   48.74    13.5     0.2     6.8     8.7     0.0    18.68 C    27.0    -4.1     9.5    71.7    31.2    46.4   0.229   0.238 -99.000 -99.000 -99.000     5.5     4.9 -9999.0 -9999.0 -9999.0
04130 20240413  2.623 -113.43   48.74    16.7     1.9     9.3    10.9     0.0    20.17 C    29.6    -2.1    11.8    78.1    29.0    46.3   0.223   0.232 -99.000 -99.000 -99.000     7.2     6.4 -9999.0 -9999.0 -9999.0
04130 20240414  2.623 -113.43   48.74    19.2    -1.6     8.8     9.3     0.0    21.46 C    34.1    -4.9    11.1    87.8    15.6    48.9   0.217   0.226 -99.000 -99.000 -99.000     7.6     6.9 -9999.0 -9999.0 -9999.0
04130 20240415  2.623 -113.43   48.74    13.7     1.3     7.5     9.6     0.0    12.72 C    24.6    -1.5     9.2    72.7    24.3    41.9   0.210   0.220 -99.000 -99.000 -99.000     7.2     6.9 -9999.0 -9999.0 -9999.0
04130 20240416  2.623 -113.43   48.74     7.0    -3.0     2.0     1.4     7.2    12.26 C    23.5    -5.9     3.1    89.8    36.4    63.7   0.207   0.216 -99.000 -99.000 -99.000     6.0     6.1 -9999.0 -9999.0 -9999.0
04130 20240417  2.623 -113.43   48.74    -0.4    -5.4    -2.9    -3.4     1.1    11.98 C    -0.9    -8.8    -5.1    87.2    38.7    65.1   0.214   0.219 -99.000 -99.000 -99.000     4.1     4.6 -9999.0 -9999.0 -9999.0
04130 20240418  2.623 -113.43   48.74    -0.9    -7.0    -4.0    -3.5     0.0    10.88 C     0.7   -12.1    -5.1    72.1    40.0    56.5   0.219   0.225 -99.000 -99.000 -99.000     3.2     3.6 -9999.0 -9999.0 -9999.0
04130 20240419  2.623 -113.43   48.74    -1.3   -10.7    -6.0    -5.6     0.0    14.15 C     9.9   -15.4    -4.9    76.2    34.8    56.3   0.220   0.228 -99.000 -99.000 -99.000     2.5     2.8 -9999.0 -9999.0 -9999.0
04130 20240420  2.623 -113.43   48.74     9.3   -12.3    -1.5    -1.5     0.0    22.84 C    25.6   -13.7     2.2    81.9    19.8    52.2   0.222   0.232 -99.000 -99.000 -99.000     3.0     3.0 -9999.0 -9999.0 -9999.0
04130 20240421  2.623 -113.43   48.74    10.0    -1.2     4.4     4.9     0.8    21.03 C    19.7    -5.9     5.3    85.3    26.2    43.1   0.222   0.232 -99.000 -99.000 -99.000     4.1     3.9 -9999.0 -9999.0 -9999.0
04130 20240422  2.623 -113.43   48.74     9.6    -2.4     3.6     4.1     0.0    23.09 C    24.3    -7.4     5.5    60.8    21.9    40.4   0.215   0.226 -99.000 -99.000 -99.000     4.8     4.6 -9999.0 -9999.0 -9999.0
04130 20240423  2.623 -113.43   48.74    14.5    -6.0     4.2     5.1     0.0    22.42 C    31.5    -9.7     7.5    78.4    17.9    42.7   0.208   0.220 -99.000 -99.000 -99.000     5.6     5.2 -9999.0 -9999.0 -9999.0
04130 20240424  2.623 -113.43   48.74    15.5     1.8     8.7    10.3     0.0    16.28 C    29.5    -0.5     9.6    55.8    14.6    27.1   0.202   0.215 -99.000 -99.000 -99.000     6.1     5.8 -9999.0 -9999.0 -9999.0
04130 20240425  2.623 -113.43   48.74    10.9     1.8     6.4     7.8     0.0    11.08 C    19.9    -3.1     7.7    68.0    38.0    45.4   0.195   0.210 -99.000 -99.000 -99.000     6.1     5.9 -9999.0 -9999.0 -9999.0
04130 20240426  2.623 -113.43   48.74     6.6     0.5     3.6     4.0     0.0     9.75 C    21.3    -3.2     6.3    73.2    47.7    61.5   0.192   0.206 -99.000 -99.000 -99.000     5.8     5.6 -9999.0 -9999.0 -9999.0
04130 20240427  2.623 -113.43   48.74    11.2    -1.9     4.7     5.1     0.7    12.26 C    29.2    -4.7     7.5    85.3    40.2    64.2   0.189   0.203 -99.000 -99.000 -99.000     6.3     6.0 -9999.0 -9999.0 -9999.0
04130 20240428  2.623 -113.43   48.74     8.7     2.7     5.7     4.9     1.4    14.58 C    18.3     1.2     5.7    81.0    43.5    61.7   0.193   0.204 -99.000 -99.000 -99.000     6.1     6.0 -9999.0 -9999.0 -9999.0
04130 20240429  2.623 -113.43   48.74     8.6     0.6     4.6     3.9     0.6    15.89 C    27.5    -1.1     5.9    86.0    33.3    52.5   0.192   0.203 -99.000 -99.000 -99.000     6.0     5.9 -9999.0 -9999.0 -9999.0
04130 20240430  2.623 -113.43   48.74     5.0    -1.5     1.8     0.9     0.2    17.08 C    20.3    -3.4     3.8    83.3    37.3    59.2   0.188   0.200 -99.000 -99.000 -99.000     5.3     5.3 -9999.0 -9999.0 -9999.0
04130 20240501  2.623 -113.43   48.74     4.4    -1.7     1.4     0.9     2.3    12.82 C    17.1    -3.0     3.4    91.8    44.8    69.1   0.184   0.197 -99.000 -99.000 -99.000     5.1     5.1 -9999.0 -9999.0 -9999.0
04130 20240502  2.623 -113.43   48.74     3.4    -1.9     0.7     0.1     9.1    12.16 C     2.1    -2.3    -0.6    93.0    48.8    80.7   0.200   0.206 -99.000 -99.000 -99.000     4.0     4.4 -9999.0 -9999.0 -9999.0
04130 20240503  2.623 -113.43   48.74     9.5    -3.0     3.3     2.5     0.0    16.93 C    28.8    -7.9     3.3    90.4    24.8    61.1   0.230   0.239 -99.000 -99.000 -99.000     5.0     4.8 -9999.0 -9999.0 -9999.0
04130 20240504  2.623 -113.43   48.74    13.8    -6.1     3.8     5.7     0.0    21.79 C    30.7    -9.5     8.5    80.9    23.4    47.2   0.226   0.237 -99.000 -99.000 -99.000     6.1     5.7 -9999.0 -9999.0 -9999.0
04130 20240505  2.623 -113.43   48.74    10.3     1.8     6.0     5.6     0.4     9.95 C    23.9    -1.9     7.3    90.1    42.7    66.4   0.221   0.231 -99.000 -99.000 -99.000     6.7     6.4 -9999.0 -9999.0 -9999.0
04130 20240506  2.623 -113.43   48.74     7.7     3.9     5.8     6.2     0.0    22.41 C    20.5     3.4     8.6    90.1    44.2    55.7   0.217   0.227 -99.000 -99.000 -99.000     7.2     6.8 -9999.0 -9999.0 -9999.0
04130 20240507  2.623 -113.43   48.74     5.5     0.9     3.2     3.5     8.1     6.41 C    10.2     0.3     4.6    90.0    53.1    69.8   0.217   0.226 -99.000 -99.000 -99.000     5.7     5.9 -9999.0 -9999.0 -9999.0
04130 20240508  2.623 -113.43   48.74     5.0     0.2     2.6     1.9    13.1     5.93 C    10.0    -0.1     2.3   100.0    65.8    91.0   0.266   0.288 -99.000 -99.000 -99.000     4.4     4.7 -9999.0 -9999.0 -9999.0
04130 20240509  2.623 -113.43   48.74    16.5    -0.4     8.1     7.7     0.0    25.00 C    32.5    -2.5    11.5    93.2    23.3    59.4   0.251   0.270 -99.000 -99.000 -99.000     7.6     6.7 -9999.0 -9999.0 -9999.0
04130 20240510  2.623 -113.43   48.74    20.3    -1.9     9.2    11.5     0.0    26.01 C    32.1    -4.6    13.1    85.1    18.1    44.7   0.237   0.252 -99.000 -99.000 -99.000     8.9     8.2 -9999.0 -9999.0 -9999.0
04130 20240511  2.623 -113.43   48.74    21.8    11.6    16.7    17.0     0.0    25.05 C    35.4     4.2    17.1    38.4    21.2    29.0   0.226   0.239 -99.000 -99.000 -99.000    10.8     9.8 -9999.0 -9999.0 -9999.0
04130 20240512  2.623 -113.43   48.74    21.8     2.4    12.1    14.3     0.0    21.24 C    35.2    -0.6    14.9    78.5    25.0    42.4   0.215   0.228 -99.000 -99.000 -99.000    11.1    10.4 -9999.0 -9999.0 -9999.0
04130 20240513  2.623 -113.43   48.74    18.8     6.7    12.7    13.5     0.6    15.70 C    33.5     1.8    13.3    67.2    27.6    44.7   0.207   0.220 -99.000 -99.000 -99.000    10.8    10.3 -9999.0 -9999.0 -9999.0
04130 20240514  2.623 -113.43   48.74    15.4     4.3     9.8     8.9     3.4    13.75 C    27.8     0.8    10.8    88.9    39.5    68.9   0.214   0.222 -99.000 -99.000 -99.000    10.8    10.4 -9999.0 -9999.0 -9999.0
04130 20240515  2.623 -113.43   48.74    16.3     7.1    11.7    12.7     0.0    16.08 C    24.9     0.9    12.6    58.5    30.3    41.9   0.211   0.221 -99.000 -99.000 -99.000    10.3    10.0 -9999.0 -9999.0 -9999.0
04130 20240516  2.623 -113.43   48.74    17.2     7.8    12.5    13.2     4.4    10.31 C    31.4     6.7    12.6    83.0    32.0    47.2   0.205   0.215 -99.000 -99.000 -99.000    10.4    10.1 -9999.0 -9999.0 -9999.0
04130 20240517  2.623 -113.43   48.74    10.5     0.4     5.5     3.7    10.4    15.55 C    17.2     0.5     5.8    91.8    56.5    79.4   0.239   0.249 -99.000 -99.000 -99.000     9.4     9.4 -9999.0 -9999.0 -9999.0
04130 20240518  2.623 -113.43   48.74     9.9     0.0     5.0     5.1     0.3    23.07 C    27.9    -2.8     8.4    83.6    36.1    54.7   0.243   0.261 -99.000 -99.000 -99.000     9.2     9.0 -9999.0 -9999.0 -9999.0
04130 20240519  2.623 -113.43   48.74     8.2    -1.5     3.4     2.8     8.5    15.62 C    22.6    -4.4     4.5    91.3    45.6    72.2   0.248   0.265 -99.000 -99.000 -99.000     8.0     8.2 -9999.0 -9999.0 -9999.0
04130 20240520  2.623 -113.43   48.74     9.3    -2.1     3.6     3.8     0.4    15.01 C    23.0    -4.5     6.4    91.7    41.7    70.7   0.248   0.266 -99.000 -99.000 -99.000     8.1     8.0 -9999.0 -9999.0 -9999.0
04130 20240521  2.623 -113.43   48.74    11.8     2.6     7.2     7.7     0.7    19.74 C    28.4     0.4     9.3    79.1    39.1    53.6   0.239   0.254 -99.000 -99.000 -99.000     8.6     8.4 -9999.0 -9999.0 -9999.0
04130 20240522  2.623 -113.43   48.74     8.0     3.9     5.9     5.5    11.0     6.82 C    15.1     2.1     7.0    88.4    51.7    75.1   0.247   0.263 -99.000 -99.000 -99.000     8.3     8.3 -9999.0 -9999.0 -9999.0
04130 20240523  2.623 -113.43   48.74    12.2    -1.0     5.6     5.8     2.0    17.68 C    28.4    -3.0     8.7    92.9    34.6    68.2   0.254   0.272 -99.000 -99.000 -99.000     8.8     8.5 -9999.0 -9999.0 -9999.0
04130 20240524  2.623 -113.43   48.74    11.8     3.4     7.6     7.4     0.0    24.96 C    29.6     0.4    10.7    81.2    43.6    63.1   0.244   0.260 -99.000 -99.000 -99.000     9.9     9.4 -9999.0 -9999.0 -9999.0
04130 20240525  2.623 -113.43   48.74    11.3     2.0     6.6     7.7     0.0    19.15 C    31.0    -1.0    10.3    85.0    44.6    57.8   0.235   0.248 -99.000 -99.000 -99.000     9.9     9.5 -9999.0 -9999.0 -9999.0
04130 20240526  2.623 -113.43   48.74    10.3     4.5     7.4     7.5     0.0    26.13 C    26.6     2.9    11.1    70.3    40.0    49.7   0.227   0.239 -99.000 -99.000 -99.000     9.9     9.6 -9999.0 -9999.0 -9999.0
04130 20240527  2.623 -113.43   48.74    15.0     7.0    11.0    11.4     0.0    23.22 C    29.6     4.0    13.9    55.8    34.2    44.2   0.218   0.230 -99.000 -99.000 -99.000    10.7    10.2 -9999.0 -9999.0 -9999.0
04130 20240528  2.623 -113.43   48.74    23.0     4.7    13.9    14.6     2.5    20.75 C    39.1     1.6    17.3    85.3    22.0    48.4   0.208   0.222 -99.000 -99.000 -99.000    12.5    11.6 -9999.0 -9999.0 -9999.0
04130 20240529  2.623 -113.43   48.74    11.7     3.3     7.5     8.7     0.3    17.80 C    27.3     0.5    10.8    81.0    28.2    47.3   0.208   0.219 -99.000 -99.000 -99.000    11.7    11.5 -9999.0 -9999.0 -9999.0
04130 20240530  2.623 -113.43   48.74    10.7     3.8     7.3     6.9     0.0    27.73 C    27.9     1.8    11.1    59.2    33.7    45.5   0.199   0.212 -99.000 -99.000 -99.000    10.7    10.5 -9999.0 -9999.0 -9999.0
04130 20240531  2.623 -113.43   48.74    13.6     4.8     9.2     9.1     0.0    24.68 C    34.0     2.3    12.5    56.5    25.2    38.2   0.187   0.204 -99.000 -99.000 -99.000    11.1    10.7 -9999.0 -9999.0 -9999.0
04130 20240601  2.623 -113.43   48.74    17.6     2.4    10.0    10.9     0.0    22.17 C    34.9    -2.0    14.1    67.7    26.6    44.4   0.173   0.195 -99.000 -99.000 -99.000    11.7    11.2 -9999.0 -9999.0 -9999.0
04130 20240602  2.623 -113.43   48.74    14.4     8.3    11.4    10.5     0.4    14.47 C    34.4     5.9    12.8    75.4    44.1    56.6   0.162   0.188 -99.000 -99.000 -99.000    11.8    11.4 -9999.0 -9999.0 -9999.0
04130 20240603  2.623 -113.43   48.74    12.1     5.7     8.9     9.2     3.1    18.99 C    26.6     3.8    10.5    79.4    42.5    59.6   0.159   0.184 -99.000 -99.000 -99.000    11.8    11.5 -9999.0 -9999.0 -9999.0
04130 20240604  2.623 -113.43   48.74    11.3     4.8     8.0     7.8     2.6    15.71 C    22.9     3.5     8.5    75.6    44.3    59.0   0.163   0.184 -99.000 -99.000 -99.000    10.1    10.2 -9999.0 -9999.0 -9999.0
04130 20240605  2.623 -113.43   48.74    15.6     6.6    11.1    11.6     0.0    28.12 C    30.8     2.1    14.6    48.7    27.1    35.2   0.169   0.184 -99.000 -99.000 -99.000    11.7    11.1 -9999.0 -9999.0 -9999.0
04130 20240606  2.623 -113.43   48.74    20.0     4.9    12.4    14.1     0.0    27.48 C    35.9     0.3    17.0    64.9    24.6    37.0   0.156   0.177 -99.000 -99.000 -99.000    12.9    12.2 -9999.0 -9999.0 -9999.0
04130 20240607  2.623 -113.43   48.74    20.0     4.6    12.3    13.1     0.0    24.87 C    40.9     1.2    17.4    75.1    29.3    45.9   0.140   0.167 -99.000 -99.000 -99.000    13.8    13.1 -9999.0 -9999.0 -9999.0
04130 20240608  2.623 -113.43   48.74    18.2     2.5    10.3    10.6     0.0    22.66 C    40.9    -0.4    16.0    80.5    26.4    52.3   0.125   0.157 -99.000 -99.000 -99.000    13.9    13.4 -9999.0 -9999.0 -9999.0
04130 20240609  2.623 -113.43   48.74    19.7     4.2    11.9    11.8     0.0    19.49 C    36.4     4.0    17.0    70.8    35.7    52.4   0.114   0.148 -99.000 -99.000 -99.000    14.1    13.5 -9999.0 -9999.0 -9999.0
04130 20240610  2.623 -113.43   48.74    20.6    11.3    16.0    15.8     0.0    23.88 C    38.9     8.3    19.0    66.8    28.4    42.8   0.105   0.139 -99.000 -99.000 -99.000    15.1    14.3 -9999.0 -9999.0 -9999.0
04130 20240611  2.623 -113.43   48.74    21.4    12.9    17.2    17.1     0.0    22.17 C    39.2     8.4    19.7    49.0    21.9    34.9   0.094   0.130 -99.000 -99.000 -99.000    15.5    14.8 -9999.0 -9999.0 -9999.0
04130 20240612  2.623 -113.43   48.74    17.4     7.8    12.6    13.9     0.0    28.23 C    35.9     1.9    17.7    48.9    17.6    25.4   0.083   0.121 -99.000 -99.000 -99.000    15.4    14.8 -9999.0 -9999.0 -9999.0
04130 20240613  2.623 -113.43   48.74    20.6     0.3    10.5    12.1     0.0    27.06 C    41.5    -2.6    17.3    77.6    17.2    40.8   0.074   0.113 -99.000 -99.000 -99.000    15.5    14.8 -9999.0 -9999.0 -9999.0
04130 20240614  2.623 -113.43   48.74    21.5     2.6    12.1    13.7     0.0    27.04 C    40.9     0.2    18.0    75.3    14.3    36.8   0.067   0.105 -99.000 -99.000 -99.000    16.0    15.3 -9999.0 -9999.0 -9999.0
04130 20240615  2.623 -113.43   48.74    12.0     3.0     7.5     7.5     1.4    13.73 C    33.6    -0.3     8.9    80.9    28.6    49.8   0.061   0.099 -99.000 -99.000 -99.000    13.5    13.7 -9999.0 -9999.0 -9999.0
04130 20240616  2.623 -113.43   48.74    10.8    -0.1     5.3     5.5     0.0    16.06 C    29.3    -2.4     8.5    81.8    33.3    54.7   0.058   0.096 -99.000 -99.000 -99.000    11.9    12.1 -9999.0 -9999.0 -9999.0
04130 20240617  2.623 -113.43   48.74     5.9    -0.6     2.6     2.9     4.6     7.44 C    13.2    -2.2     5.2    92.1    70.9    82.4   0.056   0.094 -99.000 -99.000 -99.000    10.6    11.1 -9999.0 -9999.0 -9999.0
04130 20240618  2.623 -113.43   48.74     7.3    -0.3     3.5     3.3     5.8    11.47 C    21.5    -0.7     7.2    93.1    61.9    83.3   0.113   0.094 -99.000 -99.000 -99.000    10.2    10.4 -9999.0 -9999.0 -9999.0
04130 20240619  2.623 -113.43   48.74    14.3    -1.0     6.6     7.5     0.0    28.96 C    34.2    -2.2    13.2    92.5    33.3    62.0   0.146   0.096 -99.000 -99.000 -99.000    12.7    12.1 -9999.0 -9999.0 -9999.0
04130 20240620  2.623 -113.43   48.74    21.0    -1.6     9.7    11.1     0.0    28.64 C    42.5    -2.5    16.7    89.8    17.1    52.0   0.123   0.099 -99.000 -99.000 -99.000    14.0    13.3 -9999.0 -9999.0 -9999.0
04130 20240621  2.623 -113.43   48.74    21.1     3.8    12.4    12.2     0.0    22.52 C    42.8     1.2    17.3    86.8    32.7    62.2   0.101   0.098 -99.000 -99.000 -99.000    14.9    14.2 -9999.0 -9999.0 -9999.0
04130 20240622  2.623 -113.43   48.74 -9999.0 -9999.0 -9999.0 -9999.0     0.0 -9999.00 U -9999.0 -9999.0 -9999.0 -9999.0 -9999.0 -9999.0 -99.000 -99.000 -99.000 -99.000 -99.000 -9999.0 -9999.0 -9999.0 -9999.0 -9999.0
04130 20240623  2.623 -113.43   48.74    23.7     6.3    15.0    17.1     0.0    26.98 C    39.7     3.4    19.6    82.3    14.7    36.3   0.069   0.093 -99.000 -99.000 -99.000    16.2    15.5 -9999.0 -9999.0 -9999.0
04130 20240624  2.623 -113.43   48.74    20.5     7.0    13.7    16.1     0.0    29.74 C    39.0     2.7    20.3    55.6    20.5    30.4   0.060   0.089 -99.000 -99.000 -99.000    16.8    15.9 -9999.0 -9999.0 -9999.0
04130 20240625  2.623 -113.43   48.74    22.8     1.5    12.2    13.7     0.0    29.00 C    48.2    -0.6    19.7    76.8    19.2    46.3   0.053   0.085 -99.000 -99.000 -99.000    16.9    16.1 -9999.0 -9999.0 -9999.0
04130 20240626  2.623 -113.43   48.74    24.7     3.6    14.1    15.6     0.0    19.46 C    47.9     1.3    19.0    79.2    27.4    51.4   0.048   0.082 -99.000 -99.000 -99.000    17.0    16.2 -9999.0 -9999.0 -9999.0
04130 20240627  2.623 -113.43   48.74    16.0     8.3    12.1    11.1     3.0    15.75 C    29.8     7.1    12.1    82.5    45.8    62.1   0.044   0.080 -99.000 -99.000 -99.000    15.0    15.0 -9999.0 -9999.0 -9999.0
04130 20240628  2.623 -113.43   48.74    14.3     3.8     9.0     9.3     8.9    11.30 C    29.7     2.7    11.7    88.8    49.6    75.0   0.114   0.078 -99.000 -99.000 -99.000    13.8    13.7 -9999.0 -9999.0 -9999.0
04130 20240629  2.623 -113.43   48.74    21.1     0.8    11.0    12.8     0.0    25.91 C    40.9     1.0    17.3    90.1    36.4    59.5   0.138   0.080 -99.000 -99.000 -99.000    15.3    14.6 -9999.0 -9999.0 -9999.0
04130 20240630  2.623 -113.43   48.74    17.8     7.1    12.4    12.5     8.9    12.06 C    30.5     5.6    13.6    85.3    52.8    70.4   0.160   0.096 -99.000 -99.000 -99.000    14.9    14.6 -9999.0 -9999.0 -9999.0
04130 20240701  2.623 -113.43   48.74    17.4    12.2    14.8    13.9     1.3    15.69 C    37.7    10.1    15.2    81.7    46.4    58.0   0.168   0.115 -99.000 -99.000 -99.000    14.7    14.4 -9999.0 -9999.0 -9999.0
04130 20240702  2.623 -113.43   48.74 -9999.0 -9999.0 -9999.0 -9999.0 -9999.0 -9999.00 U -9999.0 -9999.0 -9999.0 -9999.0 -9999.0 -9999.0 -99.000 -99.000 -99.000 -99.000 -99.000 -9999.0 -9999.0 -9999.0 -9999.0 -9999.0
