54797 20240101  2.622  -71.54   41.48     7.2    -3.7     1.7     1.2     0.0     5.68 C    13.2    -5.3     1.7    94.3    48.4    77.0   0.257   0.240   0.228   0.181   0.104     3.7     3.8     4.2     5.2     6.0
54797 20240102  2.622  -71.54   41.48     4.4    -7.6    -1.6    -2.5     0.0     8.04 C    10.9    -9.7    -2.0    95.3    36.9    74.6   0.254   0.238   0.227   0.180   0.100     1.8     2.2     3.2     4.9     5.9
54797 20240103  2.622  -71.54   41.48     6.0    -7.0    -0.5     0.0     0.0     7.77 C    10.7    -7.9     0.5    93.9    49.7    74.6   0.252   0.235   0.225   0.178   0.096     1.0     1.4     2.3     4.3     5.7
54797 20240104  2.622  -71.54   41.48     6.7    -2.7     2.0     1.7     0.0     5.07 C    11.7    -3.3     2.1    87.8    43.2    66.5   0.252   0.235   0.225   0.178   0.093     1.5     1.6     2.1     3.9     5.4
54797 20240105  2.622  -71.54   41.48     2.2    -7.7    -2.7    -3.3     0.0     8.22 C     5.9    -9.1    -2.9    87.9    35.8    54.3   0.251   0.234   0.224   0.178   0.090     0.9     1.2     2.0     3.7     5.1
54797 20240106  2.622  -71.54   41.48     1.9    -9.4    -3.8    -2.5     5.0     3.81 C     3.9   -10.7    -2.8    92.4    55.2    78.4   0.241   0.218   0.223   0.177   0.088     0.5     0.8     1.6     3.4     4.9
54797 20240107  2.622  -71.54   41.48     1.7    -3.8    -1.0    -0.4    19.4     1.65 C     2.0    -4.2    -0.7    93.8    83.1    90.4   0.301   0.239   0.234   0.181   0.088     0.4     0.7     1.3     3.1     4.7
54797 20240108  2.622  -71.54   41.48     2.4    -8.6    -3.1    -2.4     0.0     8.74 C     8.3    -9.5    -1.6    98.2    58.7    81.3   0.264   0.240   0.236   0.186   0.103     0.5     0.7     1.2     2.8     4.4
54797 20240109  2.622  -71.54   41.48     9.7    -9.1     0.3    -0.2    36.6     3.21 C     9.3   -10.5    -0.5    94.3    72.4    89.4 -99.000   0.250   0.244   0.188   0.107     0.4     0.6     1.1     2.6     4.2
54797 20240110  2.622  -71.54   41.48    13.1     5.0     9.1     9.5    47.8     5.14 C    12.9     4.6     9.5    93.5    42.5    71.3   0.314   0.300   0.275   0.216   0.119     4.1     3.7     2.8     2.3     3.7
54797 20240111  2.622  -71.54   41.48     7.0     0.1     3.6     4.3     0.0     3.73 C    11.0     0.1     4.3    79.9    47.0    61.5   0.268   0.251   0.237   0.192   0.109     3.2     3.2     3.2     3.1     3.8
54797 20240112  2.622  -71.54   41.48     9.2    -4.5     2.3     3.3     0.0     8.31 C    17.0    -5.5     4.2    96.7    38.9    73.3   0.262   0.244   0.232   0.188   0.104     1.9     2.1     2.5     3.2     4.0
54797 20240113  2.622  -71.54   41.48    13.5     2.3     7.9     8.5    37.7     3.23 C    14.3     1.9     8.4    96.0    40.5    76.2   0.305   0.287   0.262   0.201   0.116     4.4     4.3     3.6     3.2     4.0
54797 20240114  2.622  -71.54   41.48     6.2    -4.3     0.9     1.2     0.7     5.07 C     7.9    -5.1     1.1    82.1    30.5    50.6   0.270   0.253   0.238   0.192   0.113     2.6     2.9     3.4     3.8     4.2
54797 20240115  2.622  -71.54   41.48     0.2    -8.1    -4.0    -3.3     0.7     7.78 C     3.5    -8.8    -2.8    85.1    40.0    56.8   0.261   0.244   0.232   0.188   0.106     1.0     1.3     2.2     3.5     4.3
54797 20240116  2.622  -71.54   41.48     0.9    -5.4    -2.3    -1.8    15.1     0.64 C     0.4    -5.8    -2.0    94.7    73.0    89.4   0.272   0.249   0.234   0.187   0.102     0.7     1.0     1.6     3.0     4.2
54797 20240117  2.622  -71.54   41.48    -3.5    -8.6    -6.0    -6.3     0.0     8.45 C     0.7    -9.2    -5.6    75.8    43.0    63.8   0.264   0.242   0.235   0.189   0.106     0.6     0.7     1.3     2.7     4.0
54797 20240118  2.622  -71.54   41.48    -1.2   -11.5    -6.4    -4.6     0.0     6.98 C     2.4   -11.5    -4.2    76.6    44.5    58.3 -99.000   0.229   0.231   0.187   0.104     0.4     0.6     1.1     2.5     3.9
54797 20240119  2.622  -71.54   41.48    -2.1    -6.6    -4.4    -3.9     0.4     3.01 C    -0.6    -7.0    -3.9    82.5    45.9    72.3 -99.000   0.219   0.228   0.184   0.099     0.3     0.5     1.0     2.3     3.7
54797 20240120  2.622  -71.54   41.48    -6.0   -10.2    -8.1    -8.2     0.0     9.94 C    -0.3   -10.6    -7.3    70.6    43.8    56.9 -99.000   0.215   0.227   0.183   0.096     0.2     0.3     0.9     2.2     3.6
54797 20240121  2.622  -71.54   41.48    -2.6   -11.5    -7.1    -7.5     0.0     9.88 C     1.2   -12.2    -6.7    63.4    36.5    50.6 -99.000 -99.000   0.225   0.180   0.092     0.1     0.2     0.8     2.1     3.5
54797 20240122  2.622  -71.54   41.48     2.3   -12.4    -5.1    -3.0     0.0     9.22 C     6.2   -13.3    -2.2    80.9    36.1    56.5 -99.000 -99.000   0.226   0.178   0.088    -0.1     0.1     0.6     1.9     3.4
54797 20240123  2.622  -71.54   41.48     4.5     0.2     2.3     2.0     2.3     3.99 C     7.2    -0.2     2.2    95.5    44.3    64.3 -99.000 -99.000   0.225   0.177   0.083    -0.1     0.1     0.5     1.9     3.2
54797 20240124  2.622  -71.54   41.48     8.1     0.1     4.1     3.0     8.3     1.28 C     7.8    -0.1     2.9    97.0    91.2    95.0 -99.000 -99.000   0.226   0.177   0.081    -0.1     0.0     0.5     1.7     3.1
54797 20240125  2.622  -71.54   41.48    12.7     4.0     8.4     9.1     5.4     2.86 C    14.4     3.8     9.0    96.4    77.2    88.0 -99.000 -99.000   0.243   0.187   0.091     0.3     0.1     0.5     1.6     3.0
54797 20240126  2.622  -71.54   41.48     5.9     3.5     4.7     4.5     6.3     2.01 C     6.1     3.2     4.4    95.4    84.6    92.4   0.284 -99.000   0.245   0.193   0.111     1.2     0.9     0.9     1.6     2.9
54797 20240127  2.622  -71.54   41.48     4.1     2.2     3.2     3.3     0.0     2.55 C     4.7     2.1     3.4    95.0    78.2    87.2   0.272   0.254   0.238   0.192   0.118     2.1     2.0     1.7     1.9     2.9
54797 20240128  2.622  -71.54   41.48     3.6     1.6     2.6     2.6    26.8     1.34 C     3.2     1.2     2.3    93.5    89.4    92.3   0.303   0.280   0.253   0.196   0.119     2.1     2.2     2.1     2.2     3.0
54797 20240129  2.622  -71.54   41.48     3.2     0.9     2.0     1.7     0.0     4.65 C     4.9     0.6     1.8    92.8    65.3    75.9   0.283   0.266   0.246   0.196   0.122     2.1     2.1     2.2     2.4     3.1
54797 20240130  2.622  -71.54   41.48     0.9    -3.0    -1.1    -1.1     0.2     2.65 C     1.2    -3.1    -1.0    85.9    64.3    73.7   0.267   0.250   0.235   0.190   0.113     1.4     1.5     1.9     2.5     3.2
54797 20240131  2.622  -71.54   41.48     2.0    -2.9    -0.4    -0.5     0.0     4.09 C     5.3    -3.0     0.0    86.2    63.3    72.0   0.262   0.244   0.232   0.187   0.107     1.1     1.2     1.5     2.4     3.3
54797 20240201  2.622  -71.54   41.48     7.1    -0.5     3.3     3.2     0.0     5.38 C    10.8    -0.6     3.5    88.6    58.5    78.7   0.258   0.241   0.230   0.186   0.103     1.9     2.0     1.9     2.4     3.3
54797 20240202  2.622  -71.54   41.48     6.7     1.4     4.1     3.8     0.0     4.00 C     9.2     1.4     4.0    96.6    65.6    82.1   0.256   0.239   0.228   0.184   0.099     2.8     2.8     2.6     2.6     3.3
54797 20240203  2.622  -71.54   41.48     3.9    -3.7     0.1     0.9     0.0    10.68 C     8.0    -4.7     1.6    80.8    35.7    54.5   0.254   0.237   0.227   0.183   0.097     2.3     2.3     2.6     2.9     3.5
54797 20240204  2.622  -71.54   41.48     5.7    -6.1    -0.2    -1.1     0.0    11.79 C    11.0    -6.5    -0.2    83.7    26.1    53.2   0.252   0.234   0.225   0.181   0.094     0.9     1.1     1.7     2.8     3.6
54797 20240205  2.622  -71.54   41.48     5.8    -6.2    -0.2    -0.5     0.0    12.15 C    10.1    -7.0     0.1    82.4    16.8    45.8 -99.000   0.218   0.225   0.180   0.092     0.4     0.7     1.2     2.5     3.5
54797 20240206  2.622  -71.54   41.48     2.4    -5.5    -1.5    -1.2     0.0     6.17 C     5.9    -6.2    -1.1    90.6    48.5    63.7 -99.000   0.213   0.223   0.179   0.089     0.3     0.5     1.0     2.2     3.4
54797 20240207  2.622  -71.54   41.48     5.8    -6.7    -0.5    -0.4     0.0    10.33 C    10.1    -7.5    -0.1    94.0    51.2    75.6 -99.000   0.209   0.222   0.178   0.085     0.2     0.4     0.9     2.0     3.2
54797 20240208  2.622  -71.54   41.48     8.1    -6.6     0.7    -0.3     0.0    11.92 C    15.7    -8.2     1.0    96.3    40.7    79.0 -99.000   0.208   0.221   0.177   0.083     0.1     0.3     0.8     1.9     3.1
54797 20240209  2.622  -71.54   41.48     8.4    -4.9     1.7     1.3     0.0     7.73 C    12.1    -6.3     1.4   100.0    66.0    88.5 -99.000   0.210   0.220   0.176   0.081     0.2     0.3     0.7     1.8     3.0
54797 20240210  2.622  -71.54   41.48    13.1    -2.2     5.5     5.1     0.0     6.77 C    15.8    -2.5     5.4   100.0    56.4    83.7 -99.000   0.213   0.221   0.176   0.079     0.7     0.6     0.8     1.8     2.9
54797 20240211  2.622  -71.54   41.48     8.3    -2.9     2.7     4.4     0.0     5.87 C     9.8    -3.8     4.3    98.4    45.5    68.5   0.250   0.225   0.222   0.177   0.079     1.5     1.2     1.3     1.9     2.9
54797 20240212  2.622  -71.54   41.48     7.7    -5.5     1.1     0.8     0.0    10.64 C    14.3    -6.6     1.6    95.0    48.7    78.7   0.248   0.228   0.222   0.177   0.079     1.2     1.2     1.4     2.0     3.0
54797 20240213  2.622  -71.54   41.48     3.1    -2.6     0.2     0.6    24.4     1.06 C     2.8    -3.5     0.2    95.0    59.1    84.2   0.248   0.231   0.221   0.177   0.079     1.1     1.3     1.5     2.1     3.0
54797 20240214  2.622  -71.54   41.48    -0.2    -5.4    -2.8    -2.3     0.0    13.74 C     4.2    -5.8    -1.5    96.2    38.9    59.1   0.247   0.232   0.222   0.177   0.079     0.7     1.0     1.3     2.1     3.0
54797 20240215  2.622  -71.54   41.48     2.4    -7.0    -2.3    -1.8     0.6    13.34 C     8.4    -7.7    -0.3    90.4    27.6    52.7 -99.000   0.218   0.221   0.177   0.079     0.4     0.6     1.0     2.0     3.0
54797 20240216  2.622  -71.54   41.48     3.0    -5.7    -1.4     0.3     0.0    13.23 C     6.9    -6.1     0.7    90.1    36.5    60.7 -99.000   0.218   0.221   0.176   0.079     0.3     0.5     0.9     1.9     3.0
54797 20240217  2.622  -71.54   41.48     0.4    -6.3    -2.9    -2.6     2.5     5.34 C     8.5    -7.0    -1.8    91.4    43.7    74.9 -99.000   0.214   0.221   0.176   0.079     0.2     0.5     0.8     1.8     2.9
54797 20240218  2.622  -71.54   41.48     1.7   -12.1    -5.2    -3.2     0.0    13.53 C     4.5   -13.5    -3.1    85.5    41.9    55.8 -99.000   0.209   0.221   0.176   0.078     0.2     0.4     0.8     1.7     2.8
54797 20240219  2.622  -71.54   41.48     1.8    -9.2    -3.7    -2.7     0.0    14.82 C     7.6   -10.3    -2.0    89.2    25.8    51.7 -99.000   0.208   0.222   0.175   0.077     0.1     0.3     0.7     1.6     2.8
54797 20240220  2.622  -71.54   41.48     1.3    -8.5    -3.6    -4.3     0.0    14.86 C    10.9   -10.3    -2.7    87.8    32.9    51.5 -99.000   0.205   0.222   0.174   0.075     0.0     0.3     0.5     1.6     2.7
54797 20240221  2.622  -71.54   41.48     2.5   -10.6    -4.0    -3.3     0.0    13.37 C    12.6   -12.5    -2.0    95.1    54.5    76.3 -99.000 -99.000   0.222   0.173   0.074    -0.1     0.2     0.5     1.5     2.6
54797 20240222  2.622  -71.54   41.48     3.1    -9.6    -3.2    -1.0     0.4    14.15 C     8.9   -10.8     0.3    95.5    64.8    81.5 -99.000 -99.000   0.223   0.174   0.072    -0.1     0.1     0.5     1.4     2.6
54797 20240223  2.622  -71.54   41.48     9.0     3.0     6.0     5.4     5.4     5.16 C    13.4     2.5     5.7    95.7    77.7    90.3 -99.000 -99.000   0.236   0.179   0.077    -0.1     0.1     0.4     1.4     2.5
54797 20240224  2.622  -71.54   41.48     6.0    -4.5     0.7     2.1     0.0     8.98 C     9.1    -5.1     2.7    95.3    28.2    65.3 -99.000 -99.000   0.242   0.188   0.090    -0.1     0.2     0.4     1.3     2.4
54797 20240225  2.622  -71.54   41.48     1.2   -11.1    -5.0    -4.0     0.0    15.42 C     8.5   -11.6    -2.3    83.3    24.7    52.6 -99.000 -99.000   0.237   0.188   0.101     0.0     0.2     0.4     1.3     2.4
54797 20240226  2.622  -71.54   41.48    10.0    -5.6     2.2     3.7     0.0    10.72 C    13.6    -6.6     4.1    99.0    56.0    77.2 -99.000 -99.000   0.233   0.186   0.103     0.0     0.2     0.4     1.3     2.3
54797 20240227  2.622  -71.54   41.48    14.0    -1.2     6.4     6.8     9.0    12.07 C    18.4    -2.3     7.9   100.0    60.7    87.4 -99.000 -99.000   0.233   0.186   0.102     0.7     0.9     0.7     1.3     2.3
54797 20240228  2.622  -71.54   41.48    11.6     4.1     7.8    10.2    32.2     1.28 C    11.3     3.4    10.0    95.0    87.2    93.0   0.319   0.291   0.261   0.199   0.117     4.9     4.6     3.2     1.8     2.4
54797 20240229  2.622  -71.54   41.48     4.1    -3.5     0.3    -0.4     1.6    13.20 C     6.6    -4.0     0.3    87.9    29.8    47.9   0.289   0.270   0.248   0.197   0.122     3.4     3.5     3.6     2.9     2.8
54797 20240301  2.622  -71.54   41.48     4.4    -7.2    -1.4    -0.3     0.0    16.36 C     8.4    -7.8     0.8    83.9    37.6    54.9   0.267   0.249   0.235   0.190   0.113     1.6     1.7     2.2     2.8     3.2
54797 20240302  2.622  -71.54   41.48     9.1    -2.0     3.5     5.7    53.3     3.25 C     8.9    -2.4     5.5    94.1    78.6    88.8   0.289   0.267   0.248   0.193   0.107     2.6     2.6     2.3     2.5     3.2
54797 20240303  2.622  -71.54   41.48    17.4     3.2    10.3     9.8     3.1    12.63 C    23.0     2.9    11.0    96.9    50.9    83.4   0.295   0.279   0.258   0.204   0.121     6.1     5.8     4.7     3.1     3.2
54797 20240304  2.622  -71.54   41.48    13.3     0.0     6.7     6.3     0.3    13.09 C    18.4    -0.8     7.1    98.3    62.1    85.2   0.267   0.249   0.235   0.190   0.110     5.7     5.5     5.0     3.9     3.6
54797 20240305  2.622  -71.54   41.48     8.3     4.4     6.3     6.3     8.9     2.92 C     8.2     4.2     6.2    96.6    93.7    94.8   0.270   0.250   0.233   0.187   0.106     5.8     5.7     5.3     4.3     4.0
54797 20240306  2.622  -71.54   41.48     9.4     6.5     7.9     7.4    24.9     3.66 C    11.3     6.4     7.7    96.6    92.1    95.1   0.279   0.257   0.238   0.189   0.109     6.3     6.2     5.6     4.7     4.3
54797 20240307  2.622  -71.54   41.48    12.0     5.2     8.6     7.2    18.5     4.21 C    11.6     4.5     7.0    95.1    66.5    85.7   0.307   0.290   0.265   0.204   0.123     6.7     6.7     6.2     5.2     4.7
54797 20240308  2.622  -71.54   41.48    10.2    -2.1     4.0     5.0     0.0    18.00 C    15.4    -3.7     5.8    87.6    36.0    57.2   0.269   0.251   0.236   0.191   0.113     5.6     5.5     5.6     5.3     5.0
54797 20240309  2.622  -71.54   41.48     5.8    -3.1     1.3     2.4    19.4     2.82 C     5.9    -3.9     2.3    93.3    77.4    86.5   0.266   0.246   0.232   0.186   0.107     4.1     4.3     4.7     5.1     5.2
54797 20240310  2.622  -71.54   41.48    11.9     2.7     7.3     7.8    28.8    12.11 C    15.7     2.0     8.2    95.4    48.0    70.4   0.307   0.291   0.266   0.204   0.121     5.9     5.8     5.3     4.9     5.1
54797 20240311  2.622  -71.54   41.48     7.5    -0.4     3.6     3.5     0.0    13.55 C    10.4    -0.7     3.8    70.1    31.9    48.0   0.268   0.249   0.235   0.190   0.112     4.3     4.5     4.9     5.1     5.1
54797 20240312  2.622  -71.54   41.48    14.5    -3.1     5.7     6.3     0.0    18.55 C    18.1    -4.2     6.5    84.8    24.5    47.1   0.260   0.242   0.231   0.186   0.106     4.2     4.2     4.3     4.8     5.1
54797 20240313  2.622  -71.54   41.48    12.8    -3.1     4.9     4.5     0.0    18.30 C    21.5    -4.6     6.0    91.7    31.8    66.0   0.255   0.238   0.228   0.184   0.102     4.5     4.4     4.4     4.7     5.1
54797 20240314  2.622  -71.54   41.48    16.5     0.6     8.6     8.4     0.0    18.12 C    26.6    -0.6    10.6    95.7    44.9    74.1   0.253   0.236   0.226   0.182   0.098     5.9     5.6     5.1     4.8     5.0
54797 20240315  2.622  -71.54   41.48    16.9     1.9     9.4     8.5     0.0    10.18 C    23.8     1.2     9.4    91.8    52.6    77.0   0.251   0.233   0.225   0.180   0.095     7.0     6.8     6.2     5.2     5.1
54797 20240316  2.622  -71.54   41.48    13.0    -0.6     6.2     6.8     0.0    18.80 C    20.9    -2.2     8.4    96.2    48.2    76.8   0.249   0.232   0.223   0.179   0.092     6.8     6.7     6.3     5.6     5.4
54797 20240317  2.622  -71.54   41.48    16.1     1.0     8.5     8.9     0.3    14.69 C    20.5     0.3     9.3    90.2    26.0    67.7   0.248   0.231   0.222   0.178   0.089     7.5     7.4     6.8     5.9     5.6
54797 20240318  2.622  -71.54   41.48    10.5    -0.1     5.2     5.4     0.0    14.75 C    16.7    -2.0     6.1    85.1    26.0    51.7   0.247   0.229   0.221   0.176   0.087     6.6     6.6     6.5     6.1     5.8
54797 20240319  2.622  -71.54   41.48     8.1    -0.7     3.7     3.7     0.0    19.03 C    13.5    -2.5     4.5    66.4    25.0    46.6   0.245   0.228   0.220   0.176   0.083     5.3     5.3     5.7     6.0     6.0
54797 20240320  2.622  -71.54   41.48    12.4    -0.3     6.0     6.0     2.6    11.10 C    15.5    -1.3     6.2    88.3    30.8    62.5   0.244   0.227   0.219   0.174   0.081     5.6     5.7     5.6     5.7     5.9
54797 20240321  2.622  -71.54   41.48     4.8    -2.6     1.1     0.4     0.0    20.90 C     9.2    -3.6     1.0    60.2    24.2    38.5   0.247   0.229   0.219   0.174   0.079     4.0     4.3     4.9     5.6     5.9
54797 20240322  2.622  -71.54   41.48     4.7    -5.2    -0.2     0.5     0.0    19.51 C    13.4    -6.5     2.1    69.1    23.6    43.6   0.245   0.227   0.219   0.174   0.078     3.3     3.5     3.9     5.1     5.7
54797 20240323  2.622  -71.54   41.48    11.4     1.3     6.3     6.1    54.3     1.61 C    11.0     0.5     5.7    94.4    68.1    88.0   0.292   0.270   0.248   0.185   0.083     4.9     4.9     4.5     4.8     5.5
54797 20240324  2.622  -71.54   41.48     7.0    -2.3     2.4     1.8     0.0    17.23 C    11.5    -2.8     2.5    79.5    20.9    46.0   0.283   0.266   0.247   0.196   0.121     4.5     4.5     4.8     5.0     5.4
54797 20240325  2.622  -71.54   41.48     7.1     0.2     3.6     3.3     0.0    15.86 C     9.7    -0.9     3.7    66.2    35.2    53.4   0.264   0.246   0.234   0.189   0.110     3.7     3.7     4.1     4.8     5.4
54797 20240326  2.622  -71.54   41.48     5.1     2.2     3.6     3.5     0.0     5.82 C     6.5     2.0     3.7    93.2    59.4    79.2   0.258   0.241   0.229   0.185   0.105     3.8     3.8     4.0     4.6     5.2
54797 20240327  2.622  -71.54   41.48    16.1     3.9    10.0     8.4     1.2    12.23 C    24.5     3.7    10.0    94.7    57.7    83.6   0.255   0.237   0.227   0.183   0.101     5.9     5.7     4.9     4.6     5.2
54797 20240328  2.622  -71.54   41.48    11.0     7.5     9.3     9.4    47.4     1.87 C    11.6     7.4     9.3    95.8    90.7    94.0   0.308   0.281   0.251   0.192   0.105     7.4     7.3     6.5     5.3     5.3
54797 20240329  2.622  -71.54   41.48    11.8     3.5     7.7     6.5    11.5    12.52 C    14.7     2.6     6.7    90.7    27.7    64.3   0.304   0.285   0.258   0.201   0.126     7.0     7.1     6.9     6.0     5.6
54797 20240330  2.622  -71.54   41.48    13.5     3.1     8.3     7.4     0.0    21.99 C    17.9     2.3     8.2    75.0    27.7    48.3   0.269   0.250   0.236   0.190   0.114     6.3     6.3     6.1     6.0     5.9
54797 20240331  2.622  -71.54   41.48    15.3     0.9     8.1     8.4     0.0    19.73 C    20.7    -0.3     9.4    86.0    32.4    56.1   0.259   0.241   0.230   0.186   0.107     7.3     7.1     6.7     6.0     6.0
54797 20240401  2.622  -71.54   41.48    10.8    -0.6     5.1     5.2     0.0     7.52 C    14.8    -1.7     5.6    96.4    50.5    79.0   0.254   0.237   0.227   0.183   0.102     6.3     6.4     6.4     6.2     6.1
54797 20240402  2.622  -71.54   41.48    10.2    -0.7     4.7     5.3     7.3     5.88 C    13.4    -1.6     5.3    97.7    65.5    87.4   0.257   0.238   0.226   0.181   0.099     5.9     6.0     6.0     6.1     6.2
54797 20240403  2.622  -71.54   41.48     5.2     3.5     4.3     4.3    38.1     2.64 C     5.4     2.9     3.8    90.7    70.7    83.4   0.300   0.269   0.244   0.187   0.101     5.6     5.7     5.9     6.1     6.2
54797 20240404  2.622  -71.54   41.48     5.8     0.7     3.2     3.7    15.0     8.07 C     8.3    -0.2     3.8    92.4    69.2    84.3   0.309   0.291   0.265   0.204   0.124     5.1     5.2     5.3     5.8     6.1
54797 20240405  2.622  -71.54   41.48     8.7    -1.2     3.8     3.6     0.0    11.64 C    12.6    -2.5     3.9    89.7    44.8    70.0   0.273   0.251   0.236   0.190   0.113     4.9     5.0     5.1     5.6     6.0
54797 20240406  2.622  -71.54   41.48     8.2     1.5     4.9     4.5     3.5    11.55 C    12.2     0.5     5.1    88.9    48.4    72.2   0.267   0.244   0.231   0.186   0.107     5.2     5.2     5.2     5.5     5.9
54797 20240407  2.622  -71.54   41.48     9.7    -1.4     4.2     4.9     0.0    12.22 C    13.6    -2.5     5.4    91.4    42.8    65.4   0.269   0.244   0.230   0.185   0.104     5.4     5.3     5.3     5.5     5.9
54797 20240408  2.622  -71.54   41.48    17.6    -3.2     7.2     7.7     0.0    19.87 C    26.8    -4.8     9.0    96.2    20.4    58.9   0.263   0.239   0.228   0.183   0.102     5.9     5.8     5.4     5.5     5.9
54797 20240409  2.622  -71.54   41.48    20.5     1.9    11.2    11.3     0.0    23.06 C    28.4     0.5    13.4    90.2    18.7    53.2   0.258   0.235   0.225   0.181   0.099     8.0     7.7     6.7     5.8     5.9
54797 20240410  2.622  -71.54   41.48    14.5     4.0     9.2     9.5     0.0    15.94 C    20.9     2.6    10.8    92.9    59.0    77.4   0.254   0.231   0.223   0.179   0.095     8.5     8.4     7.6     6.4     6.1
54797 20240411  2.622  -71.54   41.48    14.4     8.8    11.6    10.9     1.4     4.91 C    14.4     8.8    11.4    96.7    89.1    93.6   0.253   0.230   0.221   0.178   0.092     9.3     9.1     8.3     7.0     6.4
54797 20240412  2.622  -71.54   41.48    14.4     7.2    10.8    11.6    21.7     5.13 C    14.6     6.1    11.7    94.9    81.5    90.7   0.296   0.265   0.241   0.187   0.101    10.3    10.1     9.2     7.5     6.8
54797 20240413  2.622  -71.54   41.48    12.8     7.4    10.1     9.3     0.0    10.26 C    16.6     6.5     9.4    88.7    46.3    67.8   0.273   0.249   0.235   0.188   0.118     9.1     9.2     8.9     8.0     7.2
54797 20240414  2.622  -71.54   41.48    15.2     4.1     9.6     9.5     2.5    13.39 C    20.5     3.0     9.8    89.1    37.8    63.5   0.266   0.242   0.230   0.185   0.114     8.6     8.7     8.4     7.9     7.5
54797 20240415  2.622  -71.54   41.48    22.5     4.5    13.5    13.7     0.0    20.43 C    27.9     4.1    15.0    95.5    37.0    67.9   0.264   0.240   0.228   0.183   0.109    10.4    10.1     9.1     8.0     7.5
54797 20240416  2.622  -71.54   41.48    19.9     3.8    11.8    13.0     0.0    24.88 C    25.8     2.7    14.6    88.4    23.7    48.5   0.258   0.234   0.225   0.181   0.105    11.3    11.0    10.2     8.5     7.7
54797 20240417  2.622  -71.54   41.48    12.0     3.3     7.6     8.2     3.0    15.07 C    19.7     2.0     9.4    89.7    49.3    65.6   0.253   0.231   0.223   0.178   0.100    10.2    10.1     9.8     8.9     8.0
54797 20240418  2.622  -71.54   41.48     9.5     5.9     7.7     7.0     9.5     3.83 C    10.0     5.3     6.8    89.8    55.2    77.7   0.276   0.242   0.227   0.179   0.097     9.0     9.1     9.2     8.8     8.2
54797 20240419  2.622  -71.54   41.48    11.7     5.2     8.4     8.2     0.0    17.71 C    18.3     4.4     9.9    91.4    43.5    73.3   0.270   0.242   0.229   0.182   0.102     9.6     9.4     9.0     8.6     8.3
54797 20240420  2.622  -71.54   41.48    14.1     5.2     9.7     9.2     6.8     7.22 C    17.9     3.9     9.5    96.6    56.6    86.4   0.271   0.243   0.229   0.182   0.102     9.8     9.8     9.3     8.7     8.3
54797 20240421  2.622  -71.54   41.48    10.6    -2.1     4.3     5.7     0.0    14.72 C    14.4    -2.8     6.4    92.7    38.3    60.8   0.266   0.239   0.229   0.183   0.105     8.8     8.9     9.0     8.7     8.4
54797 20240422  2.622  -71.54   41.48    13.5    -2.9     5.3     5.9     0.0    26.19 C    21.4    -4.2     7.8    95.6    28.8    66.3   0.261   0.236   0.226   0.181   0.103     8.6     8.5     8.4     8.4     8.4
54797 20240423  2.622  -71.54   41.48    13.0    -1.7     5.7     5.8     0.0    25.65 C    19.9    -2.8     7.6   100.0    29.9    69.7   0.256   0.240   0.224   0.179   0.099     9.0     9.0     8.7     8.4     8.3
54797 20240424  2.622  -71.54   41.48    19.2     1.0    10.1    10.7     0.0    15.62 C    24.1    -0.1    11.4    91.6    37.8    64.0   0.252   0.237   0.222   0.177   0.094     9.5     9.4     9.0     8.4     8.3
54797 20240425  2.622  -71.54   41.48    11.8    -2.0     4.9     4.8     0.0    26.75 C    19.7    -3.0     7.2    92.3    23.7    50.2   0.249   0.234   0.219   0.175   0.090     9.6     9.3     9.1     8.6     8.4
54797 20240426  2.622  -71.54   41.48    13.2    -3.0     5.1     5.1     0.0    26.49 C    22.0    -5.2     7.2    97.4    29.3    67.1   0.246   0.232   0.218   0.173   0.085     8.9     8.8     8.7     8.5     8.4
54797 20240427  2.622  -71.54   41.48    14.1    -2.1     6.0     7.4     0.2    21.62 C    20.1    -3.8     8.6    97.3    30.0    60.9   0.243   0.229   0.216   0.170   0.081     8.9     9.1     8.8     8.5     8.4
54797 20240428  2.622  -71.54   41.48    15.9     6.2    11.0    10.5     3.9    13.98 C    21.5     5.3    11.4    92.2    66.6    83.5   0.244   0.229   0.214   0.169   0.077    10.2    10.2     9.4     8.6     8.4
54797 20240429  2.622  -71.54   41.48    23.5     9.2    16.3    14.6     0.0    14.43 C    30.1     8.9    15.9    96.8    57.3    76.3   0.245   0.228   0.214   0.168   0.074    12.1    11.9    10.7     9.1     8.5
54797 20240430  2.622  -71.54   41.48    13.9     8.7    11.3    10.8     0.6    12.32 C    19.2     8.7    11.9    91.1    56.7    72.9   0.243   0.227   0.212   0.167   0.072    12.0    11.9    11.2     9.7     8.8
54797 20240501  2.622  -71.54   41.48    16.1     4.8    10.4    10.2     1.5    16.25 C    24.5     4.3    12.0    95.6    63.6    82.6   0.243   0.226   0.211   0.165   0.069    12.1    11.8    11.2     9.9     9.1
54797 20240502  2.622  -71.54   41.48    16.1     4.3    10.2    10.1     0.0    13.34 C    22.1     3.4    11.1    96.9    71.4    87.5   0.242   0.225   0.211   0.164   0.067    11.4    11.4    11.0    10.1     9.4
54797 20240503  2.622  -71.54   41.48    16.1     4.0    10.1    10.2     0.0    18.08 C    21.2     2.8    11.7    95.9    54.3    76.4   0.240   0.223   0.209   0.163   0.064    12.0    11.7    11.2    10.2     9.5
54797 20240504  2.622  -71.54   41.48    15.4     2.8     9.1     9.7     0.0    22.35 C    22.5     1.7    11.6    97.5    56.6    77.3   0.236   0.220   0.207   0.161   0.078    11.7    11.5    11.1    10.3     9.6
54797 20240505  2.622  -71.54   41.48    10.2     7.3     8.7     8.6     7.1     7.17 C    13.8     7.6     9.4    94.8    78.6    87.4   0.234   0.218   0.206   0.159   0.096    11.5    11.5    11.2    10.4     9.8
54797 20240506  2.622  -71.54   41.48    21.6     9.8    15.7    14.8     6.3    17.28 C    27.4     9.6    16.2    96.4    68.0    88.0   0.269   0.237   0.213   0.162   0.109    12.9    12.7    11.6    10.4     9.9
54797 20240507  2.622  -71.54   41.48    23.3     9.5    16.4    16.2     0.0    26.77 C    31.1     8.2    18.1    97.9    38.2    71.9   0.251   0.228   0.212   0.165   0.068    14.8    14.4    13.1    11.0    10.0
54797 20240508  2.622  -71.54   41.48    14.4     7.1    10.7    12.5    22.3     4.31 C    14.8     6.7    12.4    97.5    95.1    96.1   0.279   0.257   0.227   0.171   0.068    13.3    13.3    13.0    11.6    10.4
54797 20240509  2.622  -71.54   41.48    19.1     7.4    13.2    13.5     0.0    19.70 C    25.3     7.2    15.2    96.8    45.0    74.3   0.268   0.250   0.229   0.180   0.089    13.9    13.7    13.0    11.7    10.7
54797 20240510  2.622  -71.54   41.48    14.1     7.4    10.8    10.1     5.1    14.45 C    19.2     7.1    11.0    90.5    43.6    66.4   0.269   0.248   0.227   0.179   0.094    13.2    13.0    12.8    11.8    10.9
54797 20240511  2.622  -71.54   41.48    14.0     4.3     9.1     9.5     0.0    20.92 C    20.2     3.4    11.0    88.7    48.6    68.7   0.260   0.243   0.225   0.178   0.095    12.7    12.3    12.2    11.7    11.0
54797 20240512  2.622  -71.54   41.48    13.3     3.3     8.3     9.0     0.0    15.44 C    20.2     2.6    10.2    95.4    64.1    80.7   0.255   0.239   0.222   0.176   0.093    12.4    12.3    12.0    11.5    11.0
54797 20240513  2.622  -71.54   41.48    18.0     7.3    12.6    12.5     0.0    26.98 C    25.5     7.0    14.5    91.8    46.3    74.9   0.249   0.235   0.219   0.174   0.089    13.8    13.6    12.6    11.5    11.0
54797 20240514  2.622  -71.54   41.48    17.9     8.7    13.3    13.8     0.0    25.06 C    22.9     8.2    15.3    90.9    65.4    78.4   0.244   0.230   0.216   0.171   0.084    14.7    14.5    13.5    11.9    11.1
54797 20240515  2.622  -71.54   41.48    18.4    11.7    15.0    14.8    37.5     6.44 C    22.1    11.4    15.4    93.7    74.9    89.8   0.267   0.244   0.221   0.170   0.080    14.7    14.6    13.9    12.4    11.3
54797 20240516  2.622  -71.54   41.48    15.2    12.8    14.0    14.2    98.3     3.44 C    15.6    12.6    13.9    93.5    83.3    91.3   0.330   0.316   0.277   0.211   0.119    14.2    14.2    14.0    13.1    12.0
54797 20240517  2.622  -71.54   41.48    21.0    12.6    16.8    16.1     0.0    23.90 C    25.4    12.3    17.2    86.1    53.3    66.8   0.273   0.256   0.234   0.188   0.115    15.5    15.1    14.3    13.2    12.3
54797 20240518  2.622  -71.54   41.48    14.9    11.9    13.4    13.4     0.0     9.12 C    18.2    11.9    13.9    89.7    69.5    81.7   0.260   0.244   0.226   0.183   0.107    15.2    14.9    14.5    13.4    12.4
54797 20240519  2.622  -71.54   41.48    16.0    11.1    13.5    13.5     0.0    12.14 C    18.4    11.2    14.2    90.3    74.4    82.0   0.256   0.240   0.223   0.180   0.102    14.9    14.6    14.2    13.4    12.5
54797 20240520  2.622  -71.54   41.48    20.5    10.7    15.6    14.6     0.0    27.43 C    26.6    10.9    17.4    94.7    63.1    79.6   0.249   0.235   0.220   0.177   0.097    16.0    15.6    14.6    13.4    12.5
54797 20240521  2.622  -71.54   41.48    19.9     9.9    14.9    14.4     0.0    26.44 C    25.4    10.1    16.5    96.7    70.1    85.2   0.233   0.229   0.216   0.173   0.091    17.1    16.7    15.6    13.8    12.6
54797 20240522  2.622  -71.54   41.48    25.6    10.3    17.9    17.7     0.0    28.52 C    30.4     9.7    19.6    96.0    57.0    78.3   0.223   0.224   0.213   0.170   0.085    17.6    17.2    16.1    14.2    12.9
54797 20240523  2.622  -71.54   41.48    23.4    13.4    18.4    17.8    29.2    11.54 C    27.5    12.9    18.5    96.5    76.9    88.9   0.267   0.255   0.229   0.175   0.085    17.4    17.2    16.5    14.6    13.2
54797 20240524  2.622  -71.54   41.48    26.1    12.2    19.1    19.3     0.0    28.20 C    31.2    11.4    21.3    97.5    36.5    71.9   0.251   0.249   0.230   0.183   0.108    18.3    17.9    16.9    14.9    13.5
54797 20240525  2.622  -71.54   41.48    21.5     9.3    15.4    16.0     0.0    28.30 C    28.2     8.8    17.9    97.4    45.4    70.2   0.237   0.238   0.223   0.179   0.106    18.0    17.7    17.0    15.2    13.7
54797 20240526  2.622  -71.54   41.48    24.1    10.7    17.4    17.7     0.0    20.90 C    29.6    10.2    19.4    96.4    66.7    89.1   0.231   0.232   0.219   0.176   0.099    18.3    18.0    17.1    15.4    14.0
54797 20240527  2.622  -71.54   41.48    20.9    15.3    18.1    17.4     5.7    10.13 C    25.2    15.4    18.4    96.6    85.6    94.0   0.236   0.230   0.216   0.173   0.092    18.5    18.3    17.5    15.7    14.2
54797 20240528  2.622  -71.54   41.48    24.8    12.7    18.8    20.1     0.0    24.17 C    29.0    12.1    21.3    95.8    50.1    80.2   0.246   0.232   0.216   0.173   0.088    19.5    19.1    18.0    15.9    14.4
54797 20240529  2.622  -71.54   41.48    24.3    10.9    17.6    17.6     0.0    22.68 C    29.9    10.2    19.6    97.1    51.5    75.5   0.230   0.226   0.213   0.170   0.083    18.7    18.5    17.9    16.2    14.6
54797 20240530  2.622  -71.54   41.48    16.7     8.7    12.7    14.1     6.8     9.98 C    18.5     8.0    14.6    96.5    68.1    86.3   0.260   0.229   0.212   0.168   0.079    17.7    17.6    17.4    16.2    14.8
54797 20240531  2.622  -71.54   41.48    23.4     6.1    14.8    15.9     0.0    27.30 C    29.3     5.7    17.6    97.1    29.1    61.2   0.236   0.226   0.212   0.168   0.077    17.2    17.0    16.6    15.9    14.8
54797 20240601  2.622  -71.54   41.48    24.9     6.1    15.5    16.4     0.0    29.32 C    31.2     5.0    18.4    94.2    28.4    61.2   0.223   0.219   0.208   0.165   0.072    17.3    17.0    16.6    15.7    14.8
54797 20240602  2.622  -71.54   41.48    26.0     7.6    16.8    18.4     0.0    26.94 C    32.9     7.1    20.3    96.7    35.3    68.6   0.211   0.212   0.204   0.161   0.067    17.7    17.4    16.8    15.7    14.8
54797 20240603  2.622  -71.54   41.48    27.9    10.6    19.2    19.5     0.0    26.07 C    34.7     9.8    21.6    96.7    33.6    70.7   0.201   0.206   0.199   0.156   0.087    18.8    18.4    17.5    15.9    14.8
54797 20240604  2.622  -71.54   41.48    22.5    10.3    16.4    16.6     0.0    27.61 C    29.9     9.5    19.0    96.8    53.4    78.7   0.194   0.201   0.195   0.151   0.114    18.4    18.2    17.6    16.1    14.9
54797 20240605  2.622  -71.54   41.48    25.0    11.6    18.3    19.0     0.0    28.26 C    30.6    10.6    21.0    96.4    61.1    83.8   0.186   0.195   0.191   0.145   0.111    18.9    18.6    17.8    16.3    15.1
54797 20240606  2.622  -71.54   41.48    20.5    18.4    19.4    19.1    31.5     6.55 C    23.3    18.5    19.7    96.2    89.3    94.0   0.249   0.230   0.210   0.151   0.111    19.3    19.1    18.4    16.6    15.2
54797 20240607  2.622  -71.54   41.48    25.8    13.8    19.8    20.7     0.0    26.41 C    31.8    13.4    23.1    96.6    57.9    79.5   0.241   0.233   0.216   0.165   0.096    20.0    19.7    18.7    16.8    15.5
54797 20240608  2.622  -71.54   41.48    24.5    11.1    17.8    18.0     0.0    24.85 C    27.6    10.2    19.1    95.4    44.8    69.6   0.226   0.224   0.210   0.163   0.064    19.6    19.3    18.8    17.1    15.7
54797 20240609  2.622  -71.54   41.48    20.9    10.0    15.5    15.9     2.9    10.95 C    24.7     9.0    16.3    96.4    58.0    85.8   0.231   0.220   0.207   0.160   0.062    18.2    18.1    18.0    17.1    15.8
54797 20240610  2.622  -71.54   41.48    22.5     8.9    15.7    16.6     0.0    25.66 C    27.8     8.2    18.0    97.3    52.7    73.4   0.225   0.218   0.205   0.158   0.099    18.1    17.8    17.5    16.8    15.8
54797 20240611  2.622  -71.54   41.48    21.9     8.1    15.0    16.0     0.0    21.52 C    29.8     7.3    18.1    96.6    57.8    77.7   0.216   0.212   0.201   0.155   0.116    17.9    17.7    17.4    16.7    15.8
54797 20240612  2.622  -71.54   41.48    24.5     9.1    16.8    17.7     0.0    25.52 C    31.6     8.4    19.5    97.0    53.5    75.1   0.209   0.207   0.198   0.151   0.114    18.0    17.8    17.4    16.5    15.8
54797 20240613  2.622  -71.54   41.48    24.2     9.7    17.0    18.7     0.0    28.80 C    29.9     8.9    20.6    97.0    59.6    79.5   0.201   0.200   0.193   0.147   0.111    18.6    18.3    17.7    16.6    15.7
54797 20240614  2.622  -71.54   41.48    25.3    16.8    21.0    20.3     2.2    23.11 C    30.7    15.8    21.8    95.0    69.3    82.6   0.193   0.195   0.189   0.141   0.109    19.6    19.4    18.4    16.8    15.8
54797 20240615  2.622  -71.54   41.48    25.0    10.0    17.5    19.5     0.0    27.21 C    30.6     8.8    21.1    96.1    32.4    68.4   0.189   0.189   0.185   0.153   0.106    20.1    19.8    19.0    17.2    15.9
54797 20240616  2.622  -71.54   41.48    21.8     8.8    15.3    15.8     0.0    26.35 C    29.5     8.1    17.8    95.9    41.9    66.9   0.180   0.184   0.181   0.198   0.104    18.6    18.5    18.3    17.2    16.0
54797 20240617  2.622  -71.54   41.48    23.9     9.3    16.6    18.2     0.0    24.98 C    29.0     8.1    19.7    97.1    57.1    81.1   0.172   0.179   0.177   0.193   0.102    18.6    18.4    18.0    17.1    16.1
54797 20240618  2.622  -71.54   41.48    27.5    18.3    22.9    22.3     0.0    26.78 C    32.6    17.8    24.2    91.8    66.8    78.3   0.164   0.173   0.173   0.189   0.099    20.3    20.0    18.9    17.2    16.0
54797 20240619  2.622  -71.54   41.48    27.9    18.5    23.2    22.4     0.0    25.55 C    33.5    17.8    24.1    91.6    59.4    77.0   0.155   0.165   0.169   0.184   0.096    21.0    20.8    19.7    17.6    16.2
54797 20240620  2.622  -71.54   41.48    30.1    18.3    24.2    23.7     0.0    26.64 C    34.8    17.6    25.4    94.0    61.4    77.2   0.145   0.158   0.165   0.179   0.095    21.6    21.3    20.2    18.0    16.5
54797 20240621  2.622  -71.54   41.48    30.2    18.2    24.2    23.4    10.6    21.34 C    37.9    17.7    25.5    95.6    65.8    83.4   0.162   0.153   0.161   0.172   0.092    21.9    21.7    20.7    18.4    16.7
54797 20240622  2.622  -71.54   41.48    27.6    18.8    23.2    21.8     2.6    12.66 C    36.3    18.7    23.2    96.0    75.6    90.7   0.214   0.161   0.162   0.171   0.091    22.0    21.8    20.9    18.8    17.0
54797 20240623  2.622  -71.54   41.48    26.3    18.3    22.3    22.0    13.0    13.12 C    30.7    18.1    22.7    95.5    79.6    90.9   0.238   0.195   0.174   0.172   0.089    21.7    21.5    20.8    19.0    17.2
54797 20240624  2.622  -71.54   41.48    27.4    19.3    23.3    23.2     0.0    23.73 C    31.5    18.8    24.3    92.8    49.5    69.5   0.218   0.190   0.174   0.175   0.091    22.4    22.1    21.2    19.1    17.4
54797 20240625  2.622  -71.54   41.48    30.3    16.6    23.4    23.5     0.0    28.37 C    34.5    15.7    25.0    78.0    36.4    56.9   0.197   0.176   0.168   0.173   0.090    22.2    22.0    21.2    19.3    17.6
54797 20240626  2.622  -71.54   41.48    26.7    19.5    23.1    22.5     1.1    25.55 C    31.8    18.4    24.2    95.7    61.9    79.2   0.181   0.166   0.163   0.170   0.089    22.5    22.3    21.4    19.5    17.8
54797 20240627  2.622  -71.54   41.48    26.8    17.3    22.0    21.8    18.5    23.35 C    32.4    16.0    23.1    94.3    54.5    74.7   0.246   0.200   0.177   0.171   0.088    22.7    22.4    21.7    19.7    18.0
54797 20240628  2.622  -71.54   41.48    22.7     8.3    15.5    16.2     0.0    30.19 C    29.4     7.2    18.3    95.3    35.5    64.6   0.211   0.185   0.173   0.174   0.089    21.0    20.9    20.9    19.7    18.1
54797 20240629  2.622  -71.54   41.48    24.6    10.2    17.4    18.8     0.0    14.61 C    29.0     9.7    19.7    96.1    60.3    81.4   0.196   0.176   0.169   0.172   0.089    19.7    19.7    19.7    19.3    18.1
54797 20240630  2.622  -71.54   41.48    25.2    19.9    22.6    21.7    21.6     8.05 C    28.9    19.5    22.1    95.9    85.3    93.5   0.249   0.195   0.177   0.173   0.088    21.1    20.9    20.3    19.0    18.0
54797 20240701  2.622  -71.54   41.48    25.6    13.6    19.6    19.8    12.0    19.29 C    30.0    12.7    20.7    96.7    59.1    80.0   0.256   0.219   0.195   0.183   0.090    21.1    20.9    20.5    19.1    18.0
54797 20240702  2.622  -71.54   41.48 -9999.0 -9999.0 -9999.0 -9999.0 -9999.0 -9999.00 U -9999.0 -9999.0 -9999.0 -9999.0 -9999.0 -9999.0 -99.000 -99.000 -99.000 -99.000 -99.000 -9999.0 -9999.0 -9999.0 -9999.0 -9999.0
