94077 20240101  2.622 -103.74   42.42     8.4   -12.3    -2.0    -4.5     0.5     5.24 C    10.8   -13.0    -4.3    93.2    38.6    77.7 -99.000 -99.000 -99.000   0.216 -99.000    -4.5    -3.2    -1.8     1.2     4.0
94077 20240102  2.622 -103.74   42.42     7.4   -13.3    -2.9    -5.2     0.8     8.35 C    11.5   -14.0    -4.5    90.8    35.8    74.7 -99.000 -99.000 -99.000   0.217 -99.000    -4.8    -3.3    -2.0     1.0     4.0
94077 20240103  2.622 -103.74   42.42     6.5   -14.8    -4.2    -4.7     0.6     8.51 C    10.2   -15.5    -4.0    88.9    36.5    68.8 -99.000 -99.000 -99.000   0.217 -99.000    -5.3    -3.8    -2.4     0.9     3.9
94077 20240104  2.622 -103.74   42.42    -1.6    -8.7    -5.1    -4.5     0.5     1.56 C    -0.9    -8.8    -4.6    94.0    70.6    86.7 -99.000 -99.000 -99.000   0.217 -99.000    -4.1    -3.2    -2.2     0.8     3.8
94077 20240105  2.622 -103.74   42.42     2.4   -12.0    -4.8    -3.7     0.3     4.01 C     4.7   -12.1    -3.7    91.4    62.5    83.9 -99.000 -99.000 -99.000 -99.000 -99.000    -4.1    -3.4    -2.3     0.7     3.7
94077 20240106  2.622 -103.74   42.42     2.5   -15.2    -6.4    -6.2     0.4     8.77 C     5.9   -15.4    -5.4    87.2    32.5    69.0 -99.000 -99.000 -99.000 -99.000 -99.000    -4.4    -3.0    -2.0     0.6     3.6
94077 20240107  2.622 -103.74   42.42     2.9   -16.1    -6.6    -7.0     0.0     4.51 C     5.1   -16.5    -6.6    85.9    29.1    68.9 -99.000 -99.000 -99.000 -99.000 -99.000    -5.9    -4.7    -3.1     0.5     3.5
94077 20240108  2.622 -103.74   42.42    -5.3   -15.6   -10.5    -9.4     0.7     7.35 C    -2.8   -15.8    -8.9    89.4    61.0    76.1 -99.000 -99.000 -99.000 -99.000 -99.000    -5.6    -4.2    -2.8     0.3     3.4
94077 20240109  2.622 -103.74   42.42     3.9   -20.0    -8.1    -7.4     0.0     7.42 C     5.5   -20.1    -7.0    83.6    33.2    62.7 -99.000 -99.000 -99.000 -99.000 -99.000    -7.2    -5.9    -4.1     0.2     3.3
94077 20240110  2.622 -103.74   42.42     3.6   -12.5    -4.4    -4.0     0.5     8.07 C     5.8   -12.5    -3.7    85.5    24.3    60.1 -99.000 -99.000 -99.000 -99.000 -99.000    -4.8    -3.8    -3.0     0.0     3.2
94077 20240111  2.622 -103.74   42.42    -7.1   -28.3   -17.7   -15.9     6.3     3.59 C    -7.4   -28.7   -15.5    92.4    76.0    83.8 -99.000 -99.000 -99.000 -99.000 -99.000    -6.4    -5.3    -3.5     0.0     3.1
94077 20240112  2.622 -103.74   42.42   -17.5   -26.3   -21.9   -22.6     0.6     5.59 C   -12.6   -27.3   -21.9    85.1    74.0    80.3 -99.000 -99.000 -99.000 -99.000 -99.000    -6.7    -5.9    -4.2    -0.2     3.0
94077 20240113  2.622 -103.74   42.42   -24.3   -34.7   -29.5   -29.2     0.0     9.50 C   -19.2   -34.8   -28.3    74.3    45.2    60.4 -99.000 -99.000 -99.000 -99.000 -99.000    -7.8    -6.8    -4.7    -0.4     2.9
94077 20240114  2.622 -103.74   42.42   -17.5   -34.1   -25.8   -22.1     0.9     8.58 C    -8.9   -34.0   -20.5    75.0    39.3    56.1 -99.000 -99.000 -99.000 -99.000 -99.000    -8.0    -7.7    -5.6    -0.6     2.8
94077 20240115  2.622 -103.74   42.42   -22.1   -35.9   -29.0   -25.4     1.5     8.38 C   -20.1   -36.3   -25.0    75.1    51.7    65.6 -99.000 -99.000 -99.000 -99.000 -99.000    -7.8    -7.5    -5.6    -0.8     2.7
94077 20240116  2.622 -103.74   42.42    -6.4   -36.4   -21.4   -21.4     0.0     9.53 C    -3.6   -36.9   -20.8    81.7    38.5    64.5 -99.000 -99.000 -99.000 -99.000 -99.000    -8.6    -8.8    -6.5    -1.1     2.6
94077 20240117  2.622 -103.74   42.42    -1.1   -21.4   -11.2   -11.4     0.7     3.74 C     1.3   -21.6   -10.9    96.1    63.4    83.1 -99.000 -99.000 -99.000 -99.000 -99.000    -7.1    -7.4    -6.0    -1.4     2.4
94077 20240118  2.622 -103.74   42.42    -1.9   -19.5   -10.7   -13.4     0.4     6.22 C    -2.5   -20.1   -13.2    93.5    64.6    78.6 -99.000 -99.000 -99.000 -99.000 -99.000    -6.0    -6.0    -4.9    -1.5     2.3
94077 20240119  2.622 -103.74   42.42    -9.1   -22.9   -16.0   -17.0     0.0    10.17 C    -1.1   -23.2   -15.3    79.4    46.5    65.4 -99.000 -99.000 -99.000 -99.000 -99.000    -7.0    -7.0    -5.4    -1.5     2.2
94077 20240120  2.622 -103.74   42.42    -2.8   -20.6   -11.7   -11.7     0.0     9.45 C     4.5   -20.8    -9.8    86.7    60.8    74.7 -99.000 -99.000 -99.000 -99.000 -99.000    -6.7    -6.8    -5.5    -1.6     2.1
94077 20240121  2.622 -103.74   42.42     7.4   -12.7    -2.7    -2.5     0.5     8.53 C    11.1   -12.8    -1.8    93.4    52.3    76.5 -99.000 -99.000 -99.000 -99.000 -99.000    -4.4    -4.6    -4.3    -1.7     2.0
94077 20240122  2.622 -103.74   42.42     9.9   -11.5    -0.8    -3.0     0.4     9.98 C    17.4   -11.6    -1.2    93.6    44.1    79.1 -99.000 -99.000 -99.000 -99.000 -99.000    -3.4    -3.3    -3.2    -1.5     1.9
94077 20240123  2.622 -103.74   42.42    10.3   -11.4    -0.6    -1.3     0.4     8.46 C    13.8   -11.7    -0.6    92.8    46.2    76.4 -99.000 -99.000 -99.000 -99.000 -99.000    -3.0    -2.5    -2.5    -1.4     1.8
94077 20240124  2.622 -103.74   42.42     7.8    -6.8     0.5    -1.0     0.3     6.30 C    10.7    -6.6    -0.4    94.1    50.1    80.7 -99.000 -99.000 -99.000 -99.000 -99.000    -2.1    -1.8    -1.9    -1.2     1.7
94077 20240125  2.622 -103.74   42.42     8.7    -9.8    -0.5    -2.2     0.5    10.63 C    12.6    -9.9    -1.2    93.6    33.2    76.2 -99.000 -99.000 -99.000 -99.000 -99.000    -2.3    -1.7    -1.7    -1.0     1.7
94077 20240126  2.622 -103.74   42.42     7.3    -6.9     0.2    -1.0     0.3     9.06 C    11.9    -6.8     0.0    90.4    43.5    75.8 -99.000 -99.000 -99.000 -99.000 -99.000    -2.1    -1.6    -1.6    -0.9     1.7
94077 20240127  2.622 -103.74   42.42     8.8    -9.6    -0.4    -2.7     1.0    11.05 C    15.3   -10.1    -1.1    92.0    25.1    72.3 -99.000 -99.000 -99.000 -99.000 -99.000    -2.7    -1.7    -1.5    -0.8     1.7
94077 20240128  2.622 -103.74   42.42    13.1    -6.1     3.5     1.7     0.3    10.83 C    16.0    -6.0     2.5    88.6    38.5    70.7 -99.000 -99.000 -99.000 -99.000 -99.000    -2.2    -1.6    -1.5    -0.7     1.7
94077 20240129  2.622 -103.74   42.42    13.2    -4.0     4.6     3.0     0.4    10.98 C    16.3    -3.9     3.9    91.8    44.7    75.2 -99.000 -99.000 -99.000 -99.000 -99.000    -1.0    -0.7    -1.0    -0.6     1.7
94077 20240130  2.622 -103.74   42.42    15.2    -5.9     4.6     1.8     0.6    11.15 C    19.3    -6.3     2.9    93.3    27.7    73.8 -99.000 -99.000 -99.000 -99.000 -99.000    -0.7    -0.3    -0.8    -0.5     1.7
94077 20240131  2.622 -103.74   42.42    16.8    -7.3     4.7     2.0     0.7    11.84 C    20.2    -7.5     3.0    91.6    20.7    68.1 -99.000 -99.000 -99.000 -99.000 -99.000    -0.8    -0.2    -0.6    -0.4     1.7
94077 20240201  2.622 -103.74   42.42    15.6    -6.2     4.7     3.0     0.5     8.45 C    20.4    -6.4     3.8    90.6    22.9    65.4 -99.000 -99.000 -99.000 -99.000 -99.000    -0.8    -0.1    -0.5    -0.4     1.7
94077 20240202  2.622 -103.74   42.42    13.7    -0.7     6.5     4.5     0.0     9.45 C    17.5    -1.0     5.3    95.1    27.9    70.5 -99.000 -99.000 -99.000 -99.000 -99.000     0.0     0.8    -0.1    -0.3     1.7
94077 20240203  2.622 -103.74   42.42     4.6     1.2     2.9     2.9     8.7     0.93 C     4.7     1.1     2.8    98.2    91.7    95.6 -99.000   0.129   0.114 -99.000 -99.000     0.9     1.1     0.4    -0.1     1.8
94077 20240204  2.622 -103.74   42.42     9.0    -6.0     1.5     2.1     0.3    10.44 C    11.8    -5.8     3.1    96.8    42.2    80.1 -99.000   0.148   0.138 -99.000 -99.000     1.7     2.1     1.0     0.1     1.8
94077 20240205  2.622 -103.74   42.42    12.8    -7.7     2.5     3.2     0.0    11.52 C    15.0    -7.6     2.9    91.8    28.1    63.2 -99.000 -99.000   0.121 -99.000 -99.000     0.0     0.8     0.5     0.4     1.8
94077 20240206  2.622 -103.74   42.42    13.6    -4.8     4.4     3.6     0.0     5.97 C    14.8    -4.7     3.4    90.7    29.4    70.1 -99.000 -99.000   0.120 -99.000 -99.000     0.5     0.8     0.5     0.5     1.9
94077 20240207  2.622 -103.74   42.42    13.5    -0.7     6.4     4.5     0.2     7.55 C    16.9    -0.9     4.8    98.0    34.0    73.6 -99.000   0.137   0.131 -99.000 -99.000     1.8     2.0     1.2     0.6     1.9
94077 20240208  2.622 -103.74   42.42     7.4    -6.5     0.4     1.0     0.0     7.52 C    10.2    -6.6     1.3    92.1    47.9    71.4 -99.000   0.145   0.142 -99.000 -99.000     0.9     1.6     1.4     0.8     1.9
94077 20240209  2.622 -103.74   42.42     6.3    -8.5    -1.1    -1.7     1.1    11.88 C    14.9    -8.9    -0.2    91.2    39.3    73.7 -99.000 -99.000   0.117 -99.000 -99.000    -0.5     0.4     0.6     0.9     2.0
94077 20240210  2.622 -103.74   42.42    -2.8    -4.7    -3.8    -3.8     1.3     4.78 C    -0.4    -4.4    -3.3    92.5    75.2    85.2 -99.000 -99.000   0.108 -99.000 -99.000    -0.5     0.0     0.3     0.8     2.1
94077 20240211  2.622 -103.74   42.42     5.5   -11.7    -3.1    -3.2     1.3    11.80 C     8.9   -11.7    -2.5    94.3    28.2    70.2 -99.000 -99.000 -99.000 -99.000 -99.000    -0.6    -0.2     0.1     0.8     2.2
94077 20240212  2.622 -103.74   42.42     8.3    -8.4     0.0    -0.1     0.2     8.64 C    12.7    -7.9     0.5    85.9    34.3    66.1 -99.000 -99.000 -99.000 -99.000 -99.000    -0.8    -0.2     0.0     0.8     2.2
94077 20240213  2.622 -103.74   42.42     9.5    -8.8     0.4     0.9     0.9    12.95 C    14.0    -8.7     1.8    88.4    23.9    57.5 -99.000 -99.000 -99.000 -99.000 -99.000    -0.6     0.2     0.2     0.8     2.2
94077 20240214  2.622 -103.74   42.42     0.4    -7.2    -3.4    -3.3     0.6     6.56 C     3.8    -7.1    -2.5    94.0    68.8    86.8 -99.000 -99.000   0.109 -99.000 -99.000    -0.5     0.0     0.3     0.9     2.2
94077 20240215  2.622 -103.74   42.42     0.0    -8.9    -4.5    -3.9     3.9     3.11 C     2.9    -8.7    -3.4    94.9    79.4    88.9 -99.000 -99.000 -99.000 -99.000 -99.000    -0.5    -0.2     0.2     1.0     2.3
94077 20240216  2.622 -103.74   42.42    -8.9   -21.1   -15.0   -12.8     3.8     6.44 C    -6.8   -22.3   -12.5    92.3    72.8    83.9 -99.000 -99.000 -99.000   0.222 -99.000    -0.5    -0.2     0.1     1.0     2.3
94077 20240217  2.622 -103.74   42.42    -1.5   -23.6   -12.6   -12.6     0.0    15.10 C     1.4   -24.3   -12.2    84.3    48.6    72.7 -99.000 -99.000 -99.000   0.222 -99.000    -0.7    -0.3     0.1     0.9     2.4
94077 20240218  2.622 -103.74   42.42     7.1   -20.4    -6.7    -5.1     0.0    13.86 C    10.2   -20.6    -4.4    83.7    34.1    65.1 -99.000 -99.000 -99.000   0.222 -99.000    -0.9    -0.5    -0.1     0.9     2.4
94077 20240219  2.622 -103.74   42.42    10.7    -5.8     2.4     2.6     0.5    14.52 C    13.5    -5.5     3.1    89.5    32.5    61.3 -99.000 -99.000 -99.000   0.222 -99.000    -0.5    -0.4    -0.1     0.9     2.4
94077 20240220  2.622 -103.74   42.42    14.8    -5.9     4.5     5.9     0.5    15.05 C    17.9    -5.3     6.1    89.0    26.3    54.4 -99.000 -99.000 -99.000   0.222 -99.000     0.1     0.9     0.4     0.9     2.4
94077 20240221  2.622 -103.74   42.42    11.5    -2.6     4.5     4.0     0.2     6.24 C    15.6    -2.2     4.2    90.2    44.8    74.2 -99.000   0.149   0.135   0.223 -99.000     2.2     2.5     1.8     1.2     2.4
94077 20240222  2.622 -103.74   42.42    11.1    -3.9     3.6     3.0     0.5    12.76 C    15.2    -4.3     3.7    88.2    28.6    64.5   0.177   0.148   0.146   0.223 -99.000     2.2     2.8     2.5     1.7     2.5
94077 20240223  2.622 -103.74   42.42    10.4    -4.7     2.9     2.2     0.3    15.10 C    14.0    -5.2     2.8    88.5    24.3    58.8 -99.000   0.145   0.145   0.225 -99.000     1.5     2.3     2.2     2.0     2.6
94077 20240224  2.622 -103.74   42.42    13.4    -7.0     3.2     3.9     1.0    15.79 C    16.1    -6.7     4.1    82.1    19.7    48.7 -99.000   0.138   0.143   0.225 -99.000     1.1     2.0     2.0     2.1     2.7
94077 20240225  2.622 -103.74   42.42    16.4    -4.4     6.0     7.1     0.3    15.57 C    20.0    -3.8     7.1    70.5    15.9    37.4 -99.000   0.141   0.142   0.225 -99.000     2.0     2.8     2.4     2.2     2.8
94077 20240226  2.622 -103.74   42.42    16.7    -1.4     7.7     9.9     0.0    15.86 C    19.5    -1.2     9.7    71.7    14.7    31.1   0.155   0.143   0.143   0.226 -99.000     4.0     4.7     3.8     2.5     2.9
94077 20240227  2.622 -103.74   42.42     0.7   -16.6    -7.9    -8.4     3.0    10.59 C    -0.1   -16.4    -7.2    87.7    64.5    76.8 -99.000   0.137   0.140   0.228 -99.000     0.6     1.9     2.8     2.9     3.0
94077 20240228  2.622 -103.74   42.42     8.2   -16.4    -4.1    -3.0     1.3    16.68 C    11.8   -16.3    -2.1    86.1    26.8    57.7 -99.000 -99.000   0.137   0.228 -99.000     0.0     0.6     1.2     2.6     3.1
94077 20240229  2.622 -103.74   42.42    16.6    -5.3     5.7     6.1     0.0    16.97 C    19.6    -5.4     6.3    65.5    16.4    36.4 -99.000 -99.000   0.136   0.227 -99.000     1.4     2.0     1.7     2.2     3.2
94077 20240301  2.622 -103.74   42.42    17.8    -2.6     7.6     8.1     0.0    16.84 C    21.1    -2.3     8.4    78.7    16.3    37.3 -99.000   0.138   0.138   0.229 -99.000     3.4     4.0     3.2     2.4     3.2
94077 20240302  2.622 -103.74   42.42    19.2    -2.7     8.3     8.8     0.0    13.18 C    23.3    -2.7     9.1    80.4    12.2    40.2   0.147   0.137   0.138   0.229 -99.000     4.5     5.0     4.2     2.9     3.2
94077 20240303  2.622 -103.74   42.42     8.2    -0.9     3.6     3.7     0.0    12.36 C    11.5    -1.1     4.2    61.9    11.8    27.1   0.143   0.135   0.138   0.230 -99.000     3.7     4.7     4.6     3.4     3.3
94077 20240304  2.622 -103.74   42.42     5.4    -4.8     0.3     0.7     0.0     9.35 C    10.0    -4.7     1.4    84.6    11.1    40.2   0.140   0.132   0.136   0.231 -99.000     2.4     3.2     3.6     3.5     3.5
94077 20240305  2.622 -103.74   42.42     8.0    -6.5     0.7     1.4     0.0    13.92 C    12.4    -7.0     1.9    57.4    16.0    37.9 -99.000   0.129   0.134   0.231 -99.000     1.5     2.3     2.7     3.4     3.6
94077 20240306  2.622 -103.74   42.42    14.4    -5.3     4.6     3.5     0.0    12.26 C    18.3    -5.5     4.2    86.0    22.4    53.8   0.137   0.130   0.133   0.231 -99.000     3.1     3.6     3.3     3.2     3.7
94077 20240307  2.622 -103.74   42.42    -2.0    -6.7    -4.3    -3.8     6.9     2.44 C    -0.9    -6.8    -3.6    95.8    82.0    90.3   0.136   0.126   0.132   0.230 -99.000     0.7     1.5     2.5     3.3     3.7
94077 20240308  2.622 -103.74   42.42     2.9    -9.2    -3.2    -4.2     1.9    13.81 C     9.7    -9.8    -2.2    91.1    49.2    80.2   0.142   0.126   0.130   0.231 -99.000     0.5     1.0     1.7     3.0     3.8
94077 20240309  2.622 -103.74   42.42    12.1   -11.3     0.4    -0.4     0.8    18.38 C    15.0   -11.8     0.3    91.0    17.2    62.0 -99.000 -99.000   0.130   0.230 -99.000     1.0     1.3     1.5     2.7     3.8
94077 20240310  2.622 -103.74   42.42    16.8    -7.4     4.7     5.6     0.9    18.55 C    20.5    -7.0     6.0    89.8    14.2    42.9 -99.000   0.136   0.131   0.230 -99.000     2.4     2.8     2.4     2.6     3.7
94077 20240311  2.622 -103.74   42.42    16.1    -4.1     6.0     6.8     0.4     8.86 C    18.8    -4.2     6.7    80.0    19.4    44.4   0.160   0.139   0.134   0.231 -99.000     3.0     3.3     3.0     2.9     3.7
94077 20240312  2.622 -103.74   42.42    15.9    -0.9     7.5     7.8     0.5    16.00 C    21.2    -1.3     8.7    78.6    19.7    48.2   0.159   0.141   0.137   0.231 -99.000     5.0     5.4     4.4     3.2     3.7
94077 20240313  2.622 -103.74   42.42     9.0     1.0     5.0     6.1     0.0     5.30 C    11.0     1.7     6.3    83.7    43.3    61.5   0.155   0.139   0.138   0.232 -99.000     5.0     5.5     5.1     3.8     3.8
94077 20240314  2.622 -103.74   42.42     6.6    -4.4     1.1     2.0     0.3    11.78 C    10.8    -4.5     2.4    89.9    47.2    68.5   0.150   0.137   0.137   0.233 -99.000     3.8     4.5     4.6     4.0     3.9
94077 20240315  2.622 -103.74   42.42     9.4    -8.2     0.6     0.4     0.9    18.78 C    13.7    -8.6     1.8    94.1    45.8    74.6   0.147   0.135   0.135   0.233 -99.000     3.5     4.1     4.0     3.9     4.0
94077 20240316  2.622 -103.74   42.42    11.4    -5.6     2.9     2.6     0.8    19.45 C    17.2    -5.9     4.0    91.4    19.6    56.8   0.145   0.134   0.135   0.233 -99.000     4.0     4.6     4.3     4.0     4.1
94077 20240317  2.622 -103.74   42.42     9.1    -9.3    -0.1     0.2     0.7    18.59 C    14.2    -9.6     1.4    87.4    28.2    57.1   0.143   0.133   0.134   0.232 -99.000     3.8     4.6     4.4     4.1     4.1
94077 20240318  2.622 -103.74   42.42    18.8   -10.0     4.4     4.0     0.9    20.07 C    24.9   -10.4     5.8    87.0    15.8    51.0 -99.000   0.131   0.133   0.232 -99.000     4.6     5.0     4.5     4.2     4.2
94077 20240319  2.622 -103.74   42.42    19.5    -1.9     8.8     8.8     0.5    19.42 C    27.3    -2.6    10.7    72.6    16.8    41.0   0.141   0.132   0.135   0.233 -99.000     7.2     7.5     6.3     4.4     4.3
94077 20240320  2.622 -103.74   42.42    14.5    -6.8     3.9     5.1     0.9    20.22 C    18.9    -6.8     6.8    93.1    31.4    59.0   0.138   0.130   0.135   0.235 -99.000     7.4     7.9     7.2     5.1     4.4
94077 20240321  2.622 -103.74   42.42    21.3    -6.5     7.4     5.4     0.8    19.22 C    27.0    -6.4     7.3    91.7    14.2    54.0   0.135   0.128   0.135   0.236 -99.000     7.9     8.3     7.5     5.5     4.5
94077 20240322  2.622 -103.74   42.42     7.3    -5.2     1.0     0.2     0.2    17.18 C    13.7    -4.9     2.3    85.6    46.1    66.5   0.131   0.125   0.134   0.238 -99.000     7.0     7.5     7.3     5.8     4.8
94077 20240323  2.622 -103.74   42.42    11.2    -4.6     3.3     1.6     0.6    16.25 C    17.4    -4.5     3.4    88.1    40.4    69.4   0.126   0.122   0.132   0.237 -99.000     6.7     6.8     6.6     5.9     5.0
94077 20240324  2.622 -103.74   42.42     2.3    -8.4    -3.1    -2.8     0.8     3.09 C     2.3    -8.3    -2.3    93.4    79.9    87.7   0.118   0.119   0.130   0.237 -99.000     3.7     4.8     5.8     5.9     5.1
94077 20240325  2.622 -103.74   42.42    -4.6   -11.7    -8.2    -8.1     1.2    10.45 C    -0.6   -11.7    -7.0    88.2    65.8    78.5   0.104   0.114   0.126   0.237 -99.000     0.8     1.8     3.2     5.3     5.2
94077 20240326  2.622 -103.74   42.42     6.5   -14.9    -4.2    -4.3     0.4    18.87 C    15.7   -14.9    -1.7    83.5    29.4    61.1 -99.000 -99.000   0.125   0.235 -99.000     1.3     2.0     2.5     4.5     5.2
94077 20240327  2.622 -103.74   42.42    11.8   -12.0    -0.1     0.3     1.2    16.54 C    18.2   -12.2     1.5    87.8    21.4    54.4 -99.000   0.114   0.125   0.234 -99.000     2.6     3.0     3.1     4.1     5.1
94077 20240328  2.622 -103.74   42.42    17.6    -6.0     5.8     7.3     0.0    14.93 C    22.3    -6.6     8.0    74.5    17.2    38.6   0.110   0.116   0.127   0.234 -99.000     5.0     5.0     4.4     4.2     5.0
94077 20240329  2.622 -103.74   42.42    12.4    -3.6     4.4     4.1     0.4    14.46 C    21.3    -4.0     5.4    84.2    24.0    56.8   0.112   0.116   0.128   0.235 -99.000     6.4     6.6     6.0     4.6     4.9
94077 20240330  2.622 -103.74   42.42     9.6    -4.1     2.7     3.2     9.1     6.49 C     9.6    -4.1     3.1    93.0    55.0    84.3   0.114   0.113   0.126   0.237 -99.000     4.7     5.1     5.4     5.1     5.0
94077 20240331  2.622 -103.74   42.42     6.9    -1.5     2.7     2.7    18.4     5.25 C     8.1    -1.6     3.2    97.9    76.2    89.8   0.209   0.177   0.162   0.236 -99.000     4.9     5.2     5.3     5.0     5.0
94077 20240401  2.622 -103.74   42.42     3.0    -3.8    -0.4    -0.3     0.0     9.11 C     7.2    -3.5     0.7    95.9    69.7    85.5   0.206   0.186   0.180   0.238 -99.000     3.6     3.9     4.3     4.9     5.1
94077 20240402  2.622 -103.74   42.42    14.6    -4.5     5.0     5.0     0.0    19.02 C    16.6    -4.4     5.1    94.1    31.1    63.3   0.188   0.175   0.179   0.244 -99.000     4.4     4.6     4.3     4.7     5.1
94077 20240403  2.622 -103.74   42.42    20.6    -5.2     7.7     7.9     0.2    22.67 C    25.7    -5.3     9.2    95.0    18.7    61.3   0.180   0.170   0.175   0.248 -99.000     6.8     6.7     5.7     4.8     5.1
94077 20240404  2.622 -103.74   42.42    23.0    -1.7    10.6    12.6     0.0    22.45 C    29.4    -1.7    14.4    90.8    13.9    45.9   0.174   0.167   0.172   0.249 -99.000     9.8     9.6     8.1     5.4     5.1
94077 20240405  2.622 -103.74   42.42    19.1     5.2    12.1    10.9     0.0    16.42 C    21.7     4.7    11.7    60.8    26.6    47.0   0.166   0.162   0.168   0.252 -99.000     9.8    10.0     9.2     6.3     5.2
94077 20240406  2.622 -103.74   42.42    11.9     0.0     5.9     5.0    24.5     6.29 C    16.3    -0.1     5.1    92.6    43.5    73.5   0.189   0.178   0.178   0.253 -99.000     6.3     7.5     8.1     6.8     5.5
94077 20240407  2.622 -103.74   42.42     2.2    -0.3     1.0     0.9    10.2    13.63 C     4.4    -0.3     1.0    94.8    79.9    88.5   0.221   0.207   0.215   0.261 -99.000     2.9     3.9     4.9     6.4     5.7
94077 20240408  2.622 -103.74   42.42     5.3    -2.6     1.3     2.1     0.0    16.16 C     9.0    -2.6     2.6    92.1    65.8    79.5   0.207   0.195   0.210   0.273   0.731     3.8     4.1     4.4     5.6     5.8
94077 20240409  2.622 -103.74   42.42    12.8    -6.1     3.3     4.1     0.0    24.04 C    18.4    -5.8     5.5    94.5    29.4    65.0   0.192   0.183   0.197   0.273   0.731     5.6     5.7     5.2     5.3     5.7
94077 20240410  2.622 -103.74   42.42    11.3    -4.5     3.4     4.3     0.0    23.25 C    16.4    -5.0     5.4    89.3    33.1    59.9   0.184   0.177   0.189   0.274   0.731     6.3     6.7     6.3     5.5     5.7
94077 20240411  2.622 -103.74   42.42    13.8    -7.3     3.2     3.2     0.4    24.04 C    22.4    -7.4     5.9    86.6    27.1    59.5   0.176   0.171   0.182   0.274   0.731     6.6     6.9     6.4     5.8     5.7
94077 20240412  2.622 -103.74   42.42    23.6    -4.6     9.5    11.3     0.0    25.23 C    31.5    -4.6    13.5    88.7    14.5    43.2   0.173   0.168   0.178   0.274   0.731     9.4     9.2     7.9     6.0     5.7
94077 20240413  2.622 -103.74   42.42    27.3     0.0    13.7    14.5     0.4    24.39 C    33.7     0.1    15.9    80.2    11.9    39.5   0.167   0.165   0.176   0.275 -99.000    11.8    12.0    10.3     6.9     5.8
94077 20240414  2.622 -103.74   42.42    25.9     0.8    13.3    14.7     0.3    24.46 C    33.7     0.5    16.9    89.6    13.9    46.9   0.160   0.159   0.173   0.276 -99.000    13.3    13.1    11.5     7.8     6.0
94077 20240415  2.622 -103.74   42.42    25.4     6.9    16.2    15.3     0.0    21.11 C    32.5     6.9    17.1    81.5    17.3    48.7   0.154   0.155   0.171   0.277 -99.000    14.7    14.8    13.1     8.7     6.3
94077 20240416  2.622 -103.74   42.42    17.9     1.4     9.7    10.6     4.1    19.12 C    19.8     1.7    10.9    87.3    23.1    58.8   0.157   0.148   0.167   0.278 -99.000    11.7    12.5    12.2     9.4     6.7
94077 20240417  2.622 -103.74   42.42    10.4    -1.8     4.3     2.5     2.9     6.46 C    15.3    -1.7     2.9    94.2    52.3    81.5   0.153   0.144   0.162   0.278 -99.000     7.1     8.4     9.5     9.3     7.1
94077 20240418  2.622 -103.74   42.42     7.5    -5.9     0.8     0.9     0.0    24.23 C    13.7    -5.7     2.6    81.1    27.8    56.3   0.157   0.144   0.159   0.276 -99.000     6.1     7.0     7.5     8.5     7.3
94077 20240419  2.622 -103.74   42.42     7.3    -6.4     0.5     0.2     0.0    16.23 C    15.5    -6.8     2.1    82.6    30.9    51.8   0.152   0.143   0.158   0.275 -99.000     5.9     6.5     7.0     7.9     7.4
94077 20240420  2.622 -103.74   42.42     5.7   -10.0    -2.2    -1.5     0.0    16.05 C    16.6   -10.3     1.3    91.9    40.7    64.7   0.148   0.141   0.156   0.275 -99.000     5.4     5.9     6.5     7.5     7.3
94077 20240421  2.622 -103.74   42.42    17.9    -9.2     4.3     6.5     0.6    25.78 C    23.6    -9.4     8.4    93.9    18.1    54.4   0.147   0.141   0.156   0.275 -99.000     8.1     7.8     7.2     7.2     7.3
94077 20240422  2.622 -103.74   42.42    18.0     2.7    10.3    11.2     0.0    26.19 C    26.5     2.4    14.1    71.5    24.3    44.4   0.145   0.141   0.157   0.275 -99.000    12.1    12.0    10.3     7.6     7.2
94077 20240423  2.622 -103.74   42.42    15.9     0.2     8.1     9.3     0.0    26.65 C    26.6     0.9    12.7    67.6    21.2    37.6   0.138   0.137   0.157   0.276 -99.000    12.7    12.8    11.5     8.5     7.2
94077 20240424  2.622 -103.74   42.42    23.4     3.1    13.2    13.6     0.0    22.44 C    30.7     2.5    15.2    67.1    22.0    44.3   0.130   0.131   0.155   0.277 -99.000    13.7    13.5    12.2     9.1     7.4
94077 20240425  2.622 -103.74   42.42    22.6     6.2    14.4    13.3     1.2    19.01 C    30.7     6.0    14.8    89.4    34.5    66.0   0.120   0.126   0.154   0.277 -99.000    14.6    14.5    13.2     9.7     7.6
94077 20240426  2.622 -103.74   42.42    19.3     5.0    12.1    11.5     0.0    15.00 C    25.1     4.2    12.5    91.8    29.1    69.0   0.104   0.120   0.151   0.277 -99.000    12.7    13.0    12.6    10.2     7.8
94077 20240427  2.622 -103.74   42.42     8.8    -0.5     4.1     4.9     5.3     6.13 C    11.4    -0.8     5.3    97.5    56.9    83.4   0.084   0.114   0.147   0.277 -99.000     9.1    10.1    10.8    10.1     8.1
94077 20240428  2.622 -103.74   42.42    11.4     1.6     6.5     5.4     0.0    18.84 C    18.8     1.8     7.6    93.3    54.0    80.0   0.098   0.113   0.145   0.276 -99.000    10.1    10.1     9.9     9.6     8.3
94077 20240429  2.622 -103.74   42.42    20.5     0.6    10.6    11.6     0.0    23.84 C    27.3    -0.2    13.4    95.4    20.3    52.8   0.113   0.113   0.145   0.276 -99.000    12.0    11.8    10.9     9.5     8.4
94077 20240430  2.622 -103.74   42.42    16.0     3.1     9.5    10.0     6.4    26.01 C    20.2     3.4    10.9    87.8    17.3    53.3   0.157   0.113   0.144   0.276 -99.000    12.1    12.5    11.9     9.8     8.4
94077 20240501  2.622 -103.74   42.42    13.1     2.7     7.9     8.0     0.8     8.61 C    16.4     2.0     8.1    89.3    44.4    67.7   0.154   0.117   0.141   0.276 -99.000     9.7    10.2    10.7    10.0     8.5
94077 20240502  2.622 -103.74   42.42    14.2    -3.3     5.5     5.5     0.0    26.60 C    21.2    -3.5     7.4    90.6    12.5    49.7   0.148   0.119   0.139   0.275 -99.000     9.4     9.8     9.8     9.6     8.6
94077 20240503  2.622 -103.74   42.42    11.6    -4.7     3.5     3.7     0.0    15.14 C    18.7    -5.3     4.9    94.6    42.0    68.8   0.141   0.117   0.139   0.275 -99.000     8.7     9.5     9.8     9.5     8.7
94077 20240504  2.622 -103.74   42.42    17.1    -7.1     5.0     6.5     0.6    28.67 C    23.1    -7.8     9.0    93.2    23.9    56.5   0.135   0.116   0.137   0.275 -99.000    10.4    10.0     9.5     9.2     8.7
94077 20240505  2.622 -103.74   42.42    19.9     3.6    11.8    11.7     0.0    22.08 C    25.0     2.7    12.9    84.5    46.5    69.6   0.130   0.116   0.138   0.274 -99.000    12.6    12.3    11.3     9.5     8.6
94077 20240506  2.622 -103.74   42.42    14.4     5.1     9.7     9.4     3.0    11.53 C    15.9     5.5     9.6    87.3    50.8    74.5   0.120   0.113   0.138   0.275 -99.000    11.4    12.0    11.9     9.9     8.7
94077 20240507  2.622 -103.74   42.42    16.2     2.8     9.5    10.0     0.0    25.39 C    20.8     2.8    10.8    73.4    20.0    40.5   0.111   0.110   0.135   0.275 -99.000    10.7    10.7    10.4     9.9     8.8
94077 20240508  2.622 -103.74   42.42    12.0    -1.4     5.3     6.0     5.0    12.85 C    16.6    -1.7     6.6    93.0    41.0    69.4   0.101   0.107   0.133   0.274 -99.000     9.1     9.8    10.2     9.8     8.9
94077 20240509  2.622 -103.74   42.42    10.7     3.7     7.2     6.6     4.3     5.99 C    12.5     3.0     6.7    93.1    62.8    85.6   0.161   0.110   0.131   0.274 -99.000     8.3     8.8     9.3     9.6     8.9
94077 20240510  2.622 -103.74   42.42    17.7     1.4     9.5     9.7     0.4    16.93 C    24.1     1.2    11.3    95.9    37.4    71.3   0.172   0.132   0.132   0.273 -99.000    10.7    10.5     9.9     9.3     8.9
94077 20240511  2.622 -103.74   42.42    20.9    -0.8    10.1    11.0     0.2    28.23 C    29.6    -1.2    14.1    96.2    26.9    62.8   0.166   0.134   0.133   0.273 -99.000    13.6    13.0    11.6     9.5     8.9
94077 20240512  2.622 -103.74   42.42    23.1     1.2    12.2    12.7     0.2    24.82 C    31.2     1.1    14.9    96.2    23.1    60.1   0.155   0.131   0.135   0.274 -99.000    14.5    14.6    13.3    10.2     8.9
94077 20240513  2.622 -103.74   42.42    24.6     1.4    13.0    14.5     4.5    27.47 C    34.5     1.3    17.5    96.4    22.5    58.5   0.149   0.127   0.134   0.275 -99.000    16.3    16.0    14.4    10.9     9.0
94077 20240514  2.622 -103.74   42.42    21.9     7.1    14.5    14.4     0.0    26.88 C    27.9     6.7    15.9    87.6    28.8    61.1   0.159   0.121   0.133   0.275 -99.000    16.1    16.3    15.2    11.6     9.2
94077 20240515  2.622 -103.74   42.42    17.0     2.1     9.6     9.6     3.2    13.87 C    22.6     1.9    10.5    96.2    45.6    80.2   0.151   0.116   0.131   0.275 -99.000    13.3    14.0    14.0    12.0     9.5
94077 20240516  2.622 -103.74   42.42    24.5     0.7    12.6    13.3     0.0    26.98 C    30.9     0.2    15.7    96.4    20.8    61.3   0.150   0.115   0.129   0.275 -99.000    15.1    14.7    13.6    11.7     9.7
94077 20240517  2.622 -103.74   42.42    28.8     3.1    15.9    17.1     0.3    26.86 C    34.8     2.9    18.9    94.3    15.0    46.4   0.137   0.113   0.129   0.274 -99.000    17.1    16.9    15.4    12.0     9.9
94077 20240518  2.622 -103.74   42.42    22.7     3.0    12.8    13.8     0.0    29.45 C    31.6     3.1    17.5    79.8    19.6    43.3   0.113   0.109   0.126   0.275 -99.000    17.5    17.5    16.1    12.6    10.1
94077 20240519  2.622 -103.74   42.42    26.8     7.0    16.9    18.0     0.6    19.55 C    34.7     6.8    19.3    68.8    17.1    46.3   0.081   0.106   0.123   0.274 -99.000    17.9    18.0    16.7    13.1    10.3
94077 20240520  2.622 -103.74   42.42    12.4     3.9     8.2     7.3    21.2    11.05 C    18.0     4.1     8.1    93.8    59.9    78.3   0.101   0.107   0.118   0.273 -99.000    12.8    14.1    14.9    13.3    10.5
94077 20240521  2.622 -103.74   42.42    11.9     4.0     7.9     7.0     3.1    13.62 C    17.9     3.8     8.1    95.9    63.9    84.0   0.205   0.175   0.153   0.272 -99.000    10.9    11.4    12.0    12.7    10.7
94077 20240522  2.622 -103.74   42.42    20.3    -0.5     9.9    11.7     0.0    27.37 C    24.2    -0.4    13.1    94.6    16.2    51.6   0.192   0.176   0.161   0.271 -99.000    12.8    12.5    12.2    12.0    10.8
94077 20240523  2.622 -103.74   42.42    20.4     5.5    13.0    12.3     0.0    17.67 C    26.3     5.0    13.2    76.6    20.6    45.5   0.175   0.166   0.154   0.270 -99.000    12.5    13.1    13.0    12.0    10.8
94077 20240524  2.622 -103.74   42.42    19.1     3.5    11.3    11.7     0.3    30.16 C    24.8     3.0    14.0    70.5    24.1    44.9   0.165   0.159   0.149   0.270 -99.000    13.8    13.9    13.2    12.0    10.8
94077 20240525  2.622 -103.74   42.42    20.4     4.5    12.4    13.5     0.3    21.45 C    30.2     4.8    15.4    94.3    26.3    60.0   0.157   0.152   0.146   0.270 -99.000    15.8    15.8    14.8    12.3    10.8
94077 20240526  2.622 -103.74   42.42    20.2     4.4    12.3    12.2     0.5    24.12 C    25.5     4.8    13.9    95.5    27.2    64.3   0.148   0.144   0.143   0.271 -99.000    15.4    15.7    15.1    12.7    10.8
94077 20240527  2.622 -103.74   42.42    21.4     1.5    11.5    12.2     0.2    30.13 C    29.5     1.5    15.3    95.7    29.0    59.3   0.139   0.137   0.139   0.271 -99.000    16.6    16.6    15.5    13.0    11.0
94077 20240528  2.622 -103.74   42.42    24.7     2.0    13.4    15.4     0.3    30.05 C    32.7     2.1    18.7    90.5    27.0    52.9   0.126   0.129   0.136   0.270 -99.000    18.4    18.1    16.7    13.4    11.1
94077 20240529  2.622 -103.74   42.42    29.1     8.2    18.6    18.6     0.0    24.35 C    34.0     8.3    19.9    92.2    21.8    53.8   0.100   0.121   0.132   0.270 -99.000    19.3    19.2    17.8    14.0    11.3
94077 20240530  2.622 -103.74   42.42    21.7     7.9    14.8    15.2     0.3    29.72 C    30.9     7.5    18.3    90.4    28.6    55.5   0.073   0.114   0.126   0.269 -99.000    19.7    19.7    18.2    14.4    11.5
94077 20240531  2.622 -103.74   42.42    18.8     6.6    12.7    11.6     0.0    16.85 C    27.0     6.5    13.6    87.1    47.3    67.7   0.081   0.107   0.121   0.267 -99.000    17.2    17.5    17.3    14.8    11.7
94077 20240601  2.622 -103.74   42.42    26.1     9.7    17.9    17.8     0.0    24.22 C    34.2    10.1    20.6    91.9    30.4    61.9   0.077   0.106   0.118   0.265 -99.000    20.0    19.3    17.7    14.6    12.0
94077 20240602  2.622 -103.74   42.42    28.0    10.4    19.2    19.9     0.0    26.07 C    36.5    10.8    22.3    80.5    22.2    48.9   0.082   0.105   0.117   0.263 -99.000    20.9    20.6    19.0    15.0    12.1
94077 20240603  2.622 -103.74   42.42    29.4     4.5    16.9    19.1     0.2    19.65 C    35.3     4.5    20.4    97.3    19.3    51.1   0.077   0.102   0.114   0.259 -99.000    19.9    20.1    19.0    15.4    12.3
94077 20240604  2.622 -103.74   42.42    24.8     4.5    14.7    16.5     0.0    24.92 C    31.4     4.9    19.4    79.5    18.6    46.7   0.074   0.101   0.112   0.257 -99.000    20.1    20.1    18.9    15.6    12.6
94077 20240605  2.622 -103.74   42.42    28.0     1.9    15.0    17.4     0.0    30.17 C    35.5     2.1    20.2    89.1    25.7    50.0   0.070   0.099   0.110   0.251 -99.000    20.6    20.3    18.9    15.7    12.8
94077 20240606  2.622 -103.74   42.42    29.2     3.3    16.2    17.3     0.0    30.38 C    37.9     3.4    21.1    94.5    20.4    54.2   0.068   0.099   0.110   0.245 -99.000    21.8    21.6    19.9    15.9    12.9
94077 20240607  2.622 -103.74   42.42    31.1     7.9    19.5    20.4     0.0    25.34 C    38.0     8.2    23.0    88.9    21.8    51.4   0.064   0.099   0.110   0.240 -99.000    22.2    22.1    20.5    16.3    13.1
94077 20240608  2.622 -103.74   42.42    22.1     9.9    16.0    15.3     0.6    15.04 C    27.1    10.0    16.5    94.1    46.2    68.6   0.059   0.096   0.108   0.235 -99.000    19.8    20.4    19.9    16.6    13.3
94077 20240609  2.622 -103.74   42.42    24.1    11.8    17.9    17.4     0.0    21.64 C    29.9    11.5    19.4    95.7    48.7    72.4   0.052   0.096   0.107   0.232 -99.000    21.1    20.4    19.2    16.5    13.4
94077 20240610  2.622 -103.74   42.42    29.1    10.0    19.6    18.0     3.9    15.57 C    36.5     9.9    19.1    93.1    37.0    73.3   0.049   0.097   0.107   0.227 -99.000    21.0    21.1    20.0    16.6    13.6
94077 20240611  2.622 -103.74   42.42    28.8     6.6    17.7    19.1     0.0    28.19 C    36.1     6.2    21.8    96.7    25.2    59.7   0.081   0.096   0.106   0.222 -99.000    21.4    20.8    19.5    16.6    13.7
94077 20240612  2.622 -103.74   42.42    35.0     8.6    21.8    24.4     0.0    30.41 C    41.1     9.2    26.7    90.9     9.9    38.8   0.076   0.097   0.108   0.214 -99.000    23.3    22.9    21.0    16.8    13.8
94077 20240613  2.622 -103.74   42.42    28.2     9.7    19.0    20.6     0.0    27.25 C    33.9    10.5    22.8    81.2    29.1    47.7   0.076   0.097   0.108   0.204 -99.000    23.2    23.2    21.6    17.3    14.0
94077 20240614  2.622 -103.74   42.42    27.3    12.9    20.1    19.4     4.2    12.91 C    32.0    13.2    20.0    91.8    44.9    70.1   0.076   0.095   0.107   0.199 -99.000    21.3    21.9    21.4    17.6    14.1
94077 20240615  2.622 -103.74   42.42    33.8    11.0    22.4    22.3     0.0    25.00 C    40.5    11.3    24.4    96.7    12.3    52.0   0.077   0.095   0.106   0.195 -99.000    22.1    21.6    20.4    17.5    14.3
94077 20240616  2.622 -103.74   42.42    25.7    11.6    18.6    17.9     0.0    29.19 C    32.1    11.5    20.9    71.1    22.0    44.6   0.082   0.096   0.106   0.190 -99.000    22.7    22.4    21.1    17.6    14.4
94077 20240617  2.622 -103.74   42.42    26.6    11.0    18.8    17.1     0.0    15.93 C    29.4    11.4    18.6    94.2    44.9    70.5   0.080   0.094   0.105   0.186 -99.000    21.4    21.4    20.8    17.8    14.5
94077 20240618  2.622 -103.74   42.42    22.1     4.0    13.0    14.2     0.0    24.85 C    27.6     5.0    16.3    75.5    13.4    43.0   0.075   0.093   0.105   0.183 -99.000    20.6    20.8    20.2    17.7    14.7
94077 20240619  2.622 -103.74   42.42    21.7     1.2    11.5    12.4     0.3    23.27 C    26.6     1.8    14.1    92.3    32.3    63.9   0.060   0.091   0.103   0.180 -99.000    19.0    19.2    19.1    17.4    14.7
94077 20240620  2.622 -103.74   42.42    25.9    13.5    19.7    17.7     1.4    15.96 C    34.8    13.6    19.0    93.8    47.3    81.1   0.065   0.093   0.103   0.178 -99.000    20.9    20.5    19.6    17.2    14.8
94077 20240621  2.622 -103.74   42.42    26.7    12.1    19.4    18.0     3.6    13.47 C    33.3    12.5    19.3    94.8    51.6    83.5   0.059   0.092   0.103   0.176 -99.000    20.7    20.5    19.7    17.3    14.8
94077 20240622  2.622 -103.74   42.42    31.3     8.3    19.8    20.5     0.0    30.15 C    37.8     8.7    23.3    95.9    19.6    57.8   0.068   0.094   0.104   0.175 -99.000    22.5    21.7    20.2    17.3    14.8
94077 20240623  2.622 -103.74   42.42    36.7     9.1    22.9    25.1     0.0    30.08 C    42.9     8.8    28.0    94.2    10.4    41.2   0.075   0.096   0.105   0.172 -99.000    24.7    23.9    21.8    17.7    14.8
94077 20240624  2.622 -103.74   42.42    38.0    12.8    25.4    25.6     0.0    22.92 C    44.7    13.1    27.6    68.3     8.3    33.0   0.076   0.096   0.107   0.170 -99.000    25.1    25.0    23.3    18.3    14.9
94077 20240625  2.622 -103.74   42.42    34.8     9.3    22.1    24.0     0.0    29.75 C    42.5     9.8    26.9    91.0     8.9    44.8   0.063   0.096   0.106   0.167 -99.000    25.7    25.2    23.3    18.8    15.1
94077 20240626  2.622 -103.74   42.42    30.3     9.3    19.8    20.4     3.1    22.85 C    37.1     9.3    22.4    97.3    27.6    64.9   0.052   0.095   0.106   0.166 -99.000    25.4    25.2    23.8    19.1    15.3
94077 20240627  2.622 -103.74   42.42    34.6    15.9    25.2    24.1     4.0    24.25 C    38.9    15.7    25.5    87.0    15.5    53.0   0.058   0.094   0.105   0.164 -99.000    24.5    24.3    23.3    19.3    15.5
94077 20240628  2.622 -103.74   42.42    32.3    10.6    21.5    21.2     0.0    28.75 C    36.5    11.1    23.2    88.2     6.1    46.2   0.106   0.093   0.104   0.165 -99.000    23.4    23.6    22.7    19.3    15.7
94077 20240629  2.622 -103.74   42.42    26.0     6.7    16.3    17.9     0.0    29.73 C    34.3     7.9    21.4    80.7    25.0    46.7   0.079   0.092   0.104   0.163 -99.000    23.5    23.5    22.5    19.3    15.8
94077 20240630  2.622 -103.74   42.42    29.3    14.6    21.9    21.4     1.4    27.47 C    33.5    14.8    22.8    84.1    40.0    60.6   0.071   0.093   0.104   0.163 -99.000    24.8    24.4    23.1    19.4    15.9
94077 20240701  2.622 -103.74   42.42    32.6    13.0    22.8    21.3     0.6    20.10 C    37.8    13.3    22.6    92.9    23.4    68.5   0.062   0.093   0.104   0.161 -99.000    23.8    23.9    23.1    19.5    16.1
94077 20240702  2.622 -103.74   42.42 -9999.0 -9999.0 -9999.0 -9999.0 -9999.0 -9999.00 U -9999.0 -9999.0 -9999.0 -9999.0 -9999.0 -9999.0 -99.000 -99.000 -99.000 -99.000 -99.000 -9999.0 -9999.0 -9999.0 -9999.0 -9999.0
