23803 20240101  2.622  -89.43   34.82     4.4    -4.1     0.1     1.0     0.0     3.41 C    13.0    -8.5     0.6    87.6    55.6    67.7   0.357   0.381   0.358   0.139   0.327     7.5     8.2     7.8     9.9    11.1
23803 20240102  2.622  -89.43   34.82     6.8    -7.4    -0.3    -1.3     0.0     6.84 C    18.3   -10.6    -1.6    93.0    49.0    78.5   0.354   0.378   0.357   0.139   0.325     6.4     7.2     6.8     9.4    10.9
23803 20240103  2.622  -89.43   34.82     7.3    -4.2     1.6     0.4     0.0     3.40 C    16.0    -7.3     0.3    93.3    48.1    79.3   0.353   0.375   0.355   0.139   0.323     6.4     7.0     6.6     9.1    10.6
23803 20240104  2.622  -89.43   34.82     6.7    -5.8     0.5    -1.1     0.0     5.17 C    16.0    -8.9    -2.0    93.3    55.7    82.6   0.351   0.372   0.354   0.138   0.321     5.8     6.4     6.1     8.8    10.3
23803 20240105  2.622  -89.43   34.82     7.7    -5.1     1.3     2.0     8.7     1.99 C    11.4    -8.7     1.5    95.4    59.6    81.3   0.356   0.374   0.355   0.138   0.320     5.6     6.1     5.8     8.4    10.1
23803 20240106  2.622  -89.43   34.82     5.5     4.3     4.9     4.8     1.1     0.59 C     7.7     4.2     5.2    96.8    90.4    94.1   0.396   0.416   0.380   0.140   0.324     6.9     7.2     6.9     8.5     9.9
23803 20240107  2.622  -89.43   34.82    10.8    -2.8     4.0     3.5     0.0     8.15 C    18.7    -6.1     3.0    95.4    45.8    79.8   0.383   0.407   0.372   0.141   0.344     7.1     7.4     7.2     8.7     9.9
23803 20240108  2.622  -89.43   34.82    10.4    -3.0     3.7     4.3    34.8     3.43 C    16.2    -6.7     3.5    95.8    44.3    79.6   0.394   0.415   0.383   0.148   0.376     6.4     6.8     6.6     8.5     9.8
23803 20240109  2.622  -89.43   34.82     9.1     2.3     5.7     5.0    11.8     1.16 C     8.3     0.8     4.4    96.8    65.9    79.7   0.456   0.455   0.439   0.177   0.454     6.7     7.2     6.9     7.9     9.1
23803 20240110  2.622  -89.43   34.82     9.1    -2.5     3.3     3.8     0.0     8.63 C    13.7    -5.4     2.4    92.8    38.3    63.6   0.437   0.454   0.416   0.159   0.427     5.5     6.1     5.9     7.8     9.1
23803 20240111  2.622  -89.43   34.82    17.1    -2.1     7.5     9.4     0.0     7.91 C    22.1    -4.3     7.6    92.2    44.9    68.5   0.411   0.442   0.388   0.146   0.351     6.7     6.8     6.7     7.9     9.1
23803 20240112  2.622  -89.43   34.82    15.1    -2.0     6.6     7.9    13.5     3.33 C    16.6    -3.9     7.2    93.8    58.6    73.9   0.430   0.450   0.406   0.164   0.419     8.6     8.7     8.7     8.7     9.3
23803 20240113  2.622  -89.43   34.82     6.8    -4.9     0.9     0.2     0.0     8.92 C    13.3    -7.8    -0.1    85.2    39.5    62.6   0.429   0.453   0.397   0.148   0.385     5.8     6.4     6.5     8.7     9.5
23803 20240114  2.622  -89.43   34.82    -0.4   -10.4    -5.4    -5.8     6.7     1.78 C     2.3    -9.3    -4.4    84.8    45.8    68.9   0.409   0.439   0.381   0.145   0.343     4.5     5.4     5.2     8.0     9.4
23803 20240115  2.622  -89.43   34.82   -10.4   -12.5   -11.4   -11.5    14.9     1.02 C    -8.7   -14.1   -10.5    84.1    65.3    78.6   0.402   0.428   0.377   0.144   0.342     4.0     4.7     4.4     7.3     9.0
23803 20240116  2.622  -89.43   34.82    -8.4   -21.1   -14.8   -12.9     0.0     8.92 C    -7.2   -28.7   -16.8    83.8    48.1    66.2   0.398   0.422   0.376   0.144   0.340     4.3     4.9     4.6     7.0     8.7
23803 20240117  2.622  -89.43   34.82     0.3   -23.3   -11.5   -10.5     0.0     9.44 C    -2.3   -29.1   -16.2    81.9    25.3    55.3   0.393   0.417   0.374   0.144   0.342     4.2     4.8     4.5     6.9     8.4
23803 20240118  2.622  -89.43   34.82     1.1    -5.5    -2.2    -1.1     3.8     1.02 C     0.2   -14.0    -3.0    97.7    43.7    78.5   0.397   0.421   0.383   0.144   0.349     4.3     4.9     4.5     6.7     8.3
23803 20240119  2.622  -89.43   34.82    -0.2   -12.2    -6.2    -3.8     0.0     8.32 C    -0.1   -16.5    -5.7    97.3    51.7    73.8   0.409   0.431   0.393   0.146   0.349     4.2     4.9     4.5     6.6     8.1
23803 20240120  2.622  -89.43   34.82    -6.6   -15.3   -10.9   -11.0     0.0     9.25 C    -3.9   -18.4   -13.1    89.0    47.6    69.8   0.396   0.424   0.381   0.145   0.341     3.1     4.2     3.5     6.4     8.0
23803 20240121  2.622  -89.43   34.82     1.4   -16.6    -7.6    -7.2     0.0     8.69 C     0.4   -18.5    -9.7    85.7    29.0    59.7   0.384   0.417   0.374   0.144   0.339     2.4     3.3     2.7     5.8     7.7
23803 20240122  2.622  -89.43   34.82     8.4    -4.6     1.9     3.8     0.0     5.13 C     3.5    -5.4    -0.3    70.9    30.6    44.8   0.401   0.425   0.384   0.145   0.346     2.6     3.5     2.7     5.4     7.3
23803 20240123  2.622  -89.43   34.82    13.2     7.2    10.2    10.7     5.9     1.78 C    14.1     3.5     9.5    93.9    64.8    87.7   0.438   0.457   0.415   0.179   0.457     5.4     5.3     4.7     5.4     6.9
23803 20240124  2.622  -89.43   34.82    15.9    12.9    14.4    14.5    27.7     0.56 C    15.4    11.2    13.2    98.0    92.9    95.4   0.465   0.462   0.432   0.179   0.458     9.7     8.9     8.8     7.0     7.2
23803 20240125  2.622  -89.43   34.82    17.4    13.1    15.2    14.6    18.8     1.47 C    18.2    11.7    13.8    98.0    89.2    95.5   0.474   0.471   0.434   0.179   0.457    11.3    10.7    10.6     8.8     8.3
23803 20240126  2.622  -89.43   34.82    15.6     9.0    12.3    12.0     0.7     3.97 C    20.3     7.1    12.1    98.0    74.1    91.9   0.470   0.477   0.430   0.179   0.457    11.7    11.4    11.3    10.0     9.3
23803 20240127  2.622  -89.43   34.82    12.8     5.9     9.4     8.5    32.9     1.69 C    12.7     6.1     9.0    96.1    83.0    92.2   0.477   0.480   0.431   0.179   0.457    10.4    10.6    10.5    10.4     9.9
23803 20240128  2.622  -89.43   34.82     6.1    -1.5     2.3     4.2     0.0     1.54 C     8.4    -2.7     4.5    96.5    73.9    84.7   0.469   0.481   0.424   0.166   0.454     8.3     8.8     8.8     9.8    10.0
23803 20240129  2.622  -89.43   34.82     9.9    -2.3     3.8     1.9     0.0     6.81 C    16.9    -4.3     2.9    96.8    54.4    87.0   0.447   0.470   0.402   0.148   0.382     7.2     7.6     7.5     9.1     9.8
23803 20240130  2.622  -89.43   34.82    18.9    -1.6     8.6     6.7     0.0     8.87 C    25.7    -2.7     5.5    96.7    34.6    75.8   0.424   0.453   0.388   0.147   0.424     7.6     7.7     7.7     8.8     9.5
23803 20240131  2.622  -89.43   34.82    12.1    -1.8     5.2     4.3     0.0    10.36 C    22.5    -4.1     4.3    95.7    46.8    76.9   0.411   0.436   0.380   0.145   0.367     7.5     7.7     7.7     8.8     9.4
23803 20240201  2.622  -89.43   34.82    16.6    -3.7     6.4     6.0     0.0     8.92 C    26.9    -5.9     5.8    95.0    37.5    71.6   0.402   0.426   0.375   0.144   0.346     7.4     7.4     7.5     8.6     9.4
23803 20240202  2.622  -89.43   34.82    21.3     0.6    10.9     9.9     0.0     9.11 C    28.7    -1.0     9.0    94.5    38.3    72.2   0.395   0.421   0.372   0.144   0.345     8.7     8.5     8.7     8.8     9.4
23803 20240203  2.622  -89.43   34.82    21.3     3.1    12.2    12.3     2.9     8.25 C    26.7     0.8    11.3    94.8    37.6    67.7   0.389   0.418   0.368   0.143   0.342     9.4     9.2     9.4     9.3     9.6
23803 20240204  2.622  -89.43   34.82    11.1     5.7     8.4     8.0    34.3     0.86 C    10.2     6.1     8.2    96.2    88.2    92.4   0.460   0.467   0.421   0.169   0.426     9.4     9.7     9.7     9.8     9.8
23803 20240205  2.622  -89.43   34.82    15.1     2.0     8.6     8.0     0.0    10.93 C    19.5    -1.2     7.1    96.0    46.7    74.3   0.465   0.476   0.420   0.165   0.425     8.9     9.1     8.9     9.4     9.8
23803 20240206  2.622  -89.43   34.82    16.5    -2.2     7.1     5.8     0.0    11.31 C    22.6    -4.5     4.9    94.1    28.3    67.9   0.428   0.457   0.389   0.145   0.346     8.2     8.4     8.5     9.4     9.9
23803 20240207  2.622  -89.43   34.82    19.6    -1.6     9.0     9.4     0.0     9.02 C    26.2    -3.8     7.5    95.3    28.1    60.8   0.410   0.437   0.378   0.144   0.344     8.3     8.3     8.4     9.3     9.8
23803 20240208  2.622  -89.43   34.82    17.0     8.5    12.7    13.0     0.0     4.75 C    23.1     4.1    11.2    79.3    46.3    64.2   0.399   0.429   0.372   0.143   0.340     9.4     9.3     9.4     9.5     9.8
23803 20240209  2.622  -89.43   34.82    18.6    13.8    16.2    16.1    10.1     1.20 C    19.5    11.8    14.8    94.4    73.4    87.8   0.423   0.449   0.391   0.147   0.393    11.3    10.8    11.1    10.1    10.0
23803 20240210  2.622  -89.43   34.82    17.0    10.3    13.7    14.6    50.2     0.52 C    15.5    10.9    13.8    96.2    86.1    93.1   0.454   0.466   0.415   0.166   0.456    12.5    12.2    12.6    11.3    10.6
23803 20240211  2.622  -89.43   34.82    11.6     7.1     9.3     9.6     0.8     1.74 C    14.4     8.0    10.4    97.0    87.8    93.2   0.475   0.481   0.430   0.171   0.452    11.5    11.6    11.7    11.7    11.3
23803 20240212  2.622  -89.43   34.82    10.2     1.4     5.8     6.7    12.3     1.27 C    13.3     0.7     7.7    95.7    89.7    93.3   0.473   0.481   0.421   0.162   0.403    10.3    10.8    10.7    11.2    11.2
23803 20240213  2.622  -89.43   34.82    12.6    -1.1     5.8     4.3     0.0    11.84 C    18.9    -2.6     5.4    97.4    43.6    80.4   0.465   0.481   0.418   0.159   0.399     8.5     9.0     8.8    10.2    10.9
23803 20240214  2.622  -89.43   34.82    17.4    -1.7     7.8     7.0     0.0    11.87 C    23.9    -2.9     6.8    96.1    34.8    70.8   0.426   0.455   0.389   0.145   0.342     8.9     9.0     9.2    10.1    10.7
23803 20240215  2.622  -89.43   34.82    19.2     1.1    10.1     9.9     0.0     9.76 C    26.4    -0.6     9.2    94.1    47.2    73.6   0.409   0.438   0.379   0.144   0.341     9.6     9.5     9.7    10.1    10.6
23803 20240216  2.622  -89.43   34.82    20.0     1.5    10.7    10.3     3.5     5.00 C    21.5     1.9    10.1    94.8    56.6    81.3   0.406   0.437   0.375   0.143   0.343    10.3    10.4    10.6    10.5    10.7
23803 20240217  2.622  -89.43   34.82     3.2    -4.2    -0.5     0.0     0.0    10.29 C    14.4    -6.8     2.2    78.6    37.5    59.0   0.407   0.438   0.377   0.143   0.342     8.4     9.1     8.9    10.4    10.8
23803 20240218  2.622  -89.43   34.82     9.5    -8.0     0.7    -0.1     0.0    12.76 C    20.9    -9.5     1.3    91.3    23.2    59.9   0.396   0.424   0.372   0.143   0.339     7.1     7.5     7.4     9.6    10.5
23803 20240219  2.622  -89.43   34.82    14.8    -6.1     4.3     4.0     0.0    12.79 C    24.3    -8.1     4.6    91.4    20.5    56.4   0.389   0.417   0.369   0.142   0.337     7.2     7.2     7.4     9.0    10.1
23803 20240220  2.622  -89.43   34.82    19.1     1.3    10.2     9.3     0.0    12.13 C    27.2    -1.3     9.3    84.6    29.0    57.5   0.383   0.413   0.366   0.142   0.336     9.0     8.6     8.9     9.2     9.9
23803 20240221  2.622  -89.43   34.82    22.8     2.1    12.4    13.9     0.0    10.58 C    28.3    -0.5    11.9    91.5    33.3    61.9   0.377   0.406   0.363   0.141   0.335     9.8     9.5     9.8     9.7    10.0
23803 20240222  2.622  -89.43   34.82    18.5    11.2    14.9    15.8     7.6     1.87 C    20.2     8.3    13.7    96.2    61.8    74.9   0.378   0.405   0.361   0.141   0.333    11.2    11.0    11.2    10.4    10.3
23803 20240223  2.622  -89.43   34.82    18.3     5.3    11.8    11.7     0.0    12.45 C    25.5     1.0    10.7    97.8    27.1    69.5   0.405   0.435   0.375   0.141   0.333    11.4    11.3    11.5    10.9    10.7
23803 20240224  2.622  -89.43   34.82    14.3     0.0     7.1     8.8     0.0    12.96 C    24.2    -2.1     7.7    88.5    37.9    56.5   0.387   0.420   0.368   0.141   0.335    10.4    10.5    10.7    11.0    10.9
23803 20240225  2.622  -89.43   34.82    23.7     0.6    12.2    13.0     0.0    11.11 C    28.3    -2.3    10.4    86.3    24.4    47.8   0.376   0.408   0.363   0.141   0.334    10.1    10.1    10.2    10.7    11.0
23803 20240226  2.622  -89.43   34.82    23.9    10.0    17.0    17.4     0.0     6.67 C    25.6     5.2    14.7    80.0    37.5    63.0   0.370   0.402   0.359   0.140   0.331    11.5    11.3    11.4    10.9    11.0
23803 20240227  2.622  -89.43   34.82    24.7    17.8    21.3    21.4     0.0     4.89 C    28.1    13.8    19.1    81.4    53.2    65.7   0.367   0.400   0.356   0.140   0.329    13.6    13.2    13.4    11.7    11.3
23803 20240228  2.622  -89.43   34.82    22.8    -0.7    11.1    11.0     7.9     7.56 C    19.7    -1.4    10.9    88.1    28.3    56.5   0.387   0.417   0.365   0.139   0.328    13.4    13.6    13.7    12.5    11.8
23803 20240229  2.622  -89.43   34.82    11.7    -2.5     4.6     4.8     0.0     8.61 C    21.8    -3.5     5.8    91.6    22.1    50.4   0.383   0.413   0.364   0.140   0.328    10.4    10.9    10.8    12.0    12.0
23803 20240301  2.622  -89.43   34.82     8.4     4.8     6.6     6.8     0.6     1.28 C    10.5     5.5     7.8    96.5    41.1    87.6   0.380   0.408   0.361   0.140   0.328    10.2    10.5    10.4    11.4    11.8
23803 20240302  2.622  -89.43   34.82    17.4     7.4    12.4    10.3     0.0     7.91 C    24.1     3.3    10.7    96.4    56.9    85.4   0.377   0.405   0.360   0.140   0.328    11.3    11.2    11.2    11.3    11.6
23803 20240303  2.622  -89.43   34.82    23.1     8.3    15.7    15.4     0.0     8.43 C    29.3     5.6    15.1    97.3    60.1    84.0   0.372   0.401   0.358   0.139   0.327    12.3    12.0    12.2    11.6    11.6
23803 20240304  2.622  -89.43   34.82    26.0    15.4    20.7    19.6     0.0    12.00 C    30.3    12.4    19.4    95.1    50.1    77.4   0.365   0.399   0.355   0.139   0.325    14.6    14.0    14.3    12.4    11.9
23803 20240305  2.622  -89.43   34.82    20.5    13.3    16.9    17.0     5.2     3.77 C    25.5    12.2    16.2    97.4    69.2    88.9   0.376   0.402   0.354   0.138   0.324    14.9    14.8    15.0    13.3    12.4
23803 20240306  2.622  -89.43   34.82    15.4    12.8    14.1    13.8     0.0     2.78 C    17.1    10.7    14.2    97.5    80.4    89.0   0.382   0.407   0.357   0.138   0.323    14.3    14.4    14.5    13.6    12.9
23803 20240307  2.622  -89.43   34.82    21.9     8.9    15.4    15.6     0.0     9.05 C    27.4     7.0    15.2    96.6    57.8    79.4   0.373   0.403   0.355   0.138   0.323    14.7    14.5    14.6    13.6    13.1
23803 20240308  2.622  -89.43   34.82    18.5    13.8    16.1    15.2     6.3     2.38 C    22.4    11.4    14.5    95.6    65.9    85.7   0.388   0.414   0.359   0.138   0.323    14.4    14.5    14.5    13.9    13.2
23803 20240309  2.622  -89.43   34.82    13.8     0.6     7.2     8.7     0.0     2.13 C    14.1    -0.6     8.3    97.7    71.1    86.0   0.388   0.418   0.362   0.138   0.324    13.3    13.7    13.6    13.8    13.4
23803 20240310  2.622  -89.43   34.82    15.1    -1.9     6.6     5.7     0.0    15.37 C    22.7    -3.4     6.2    96.5    23.4    63.2   0.378   0.408   0.360   0.139   0.324    11.8    11.9    11.9    13.0    13.2
23803 20240311  2.622  -89.43   34.82    18.9    -2.5     8.2     7.6     0.0    14.37 C    27.6    -3.5     7.5    93.1    21.5    56.3   0.367   0.400   0.356   0.138   0.323    11.5    11.5    11.6    12.5    12.9
23803 20240312  2.622  -89.43   34.82    21.7    -0.2    10.7    10.9     0.0    14.00 C    28.0    -0.8    10.1    90.3    26.1    58.5   0.356   0.394   0.352   0.138   0.322    12.0    11.9    12.0    12.4    12.7
23803 20240313  2.622  -89.43   34.82    25.2     6.1    15.6    16.2     0.0    12.20 C    30.4     4.0    15.1    87.4    46.0    69.9   0.348   0.390   0.348   0.137   0.320    13.3    12.9    13.1    12.6    12.6
23803 20240314  2.622  -89.43   34.82    26.4    15.8    21.1    20.2     0.4     7.14 C    29.7    12.9    19.0    93.7    60.8    79.9   0.342   0.385   0.345   0.139   0.318    14.9    14.6    14.8    13.3    12.9
23803 20240315  2.622  -89.43   34.82    18.2    10.1    14.1    14.1    55.8     1.62 C    18.7    10.6    14.3    95.9    81.7    93.0   0.463   0.480   0.430   0.171   0.444    15.2    15.3    15.3    14.6    13.7
23803 20240316  2.622  -89.43   34.82    19.7     3.9    11.8    12.0     0.6    14.91 C    24.3     2.4    12.7    97.7    39.9    74.2   0.425   0.458   0.395   0.145   0.343    14.7    14.5    14.7    14.3    13.8
23803 20240317  2.622  -89.43   34.82    16.6     4.4    10.5    12.1     0.0     6.71 C    20.2     2.0    11.7    94.4    33.5    67.9   0.407   0.438   0.379   0.142   0.340    14.5    14.6    14.8    14.3    13.8
23803 20240318  2.622  -89.43   34.82     9.0    -2.9     3.1     4.8     0.0    15.67 C    19.4    -4.1     6.3    82.4    32.1    50.8   0.391   0.423   0.371   0.141   0.337    13.0    13.1    13.3    13.9    13.8
23803 20240319  2.622  -89.43   34.82    13.9    -5.4     4.3     5.7     0.0    16.30 C    23.0    -6.1     6.7    92.2    26.8    55.1   0.378   0.412   0.365   0.141   0.334    11.5    11.6    11.7    13.1    13.5
23803 20240320  2.622  -89.43   34.82    23.3     6.9    15.1    14.4     0.0    15.63 C    29.2     2.3    13.1    82.2    30.9    50.0   0.366   0.403   0.360   0.140   0.329    13.1    12.7    12.9    12.9    13.2
23803 20240321  2.622  -89.43   34.82    21.6     4.2    12.9    13.0     0.0    10.07 C    29.5     2.0    12.3    91.7    26.3    63.4   0.356   0.397   0.356   0.139   0.326    13.3    13.3    13.4    13.2    13.2
23803 20240322  2.622  -89.43   34.82 -9999.0 -9999.0 -9999.0 -9999.0 -9999.0 -9999.00 U -9999.0 -9999.0 -9999.0 -9999.0 -9999.0 -9999.0 -99.000 -99.000 -99.000 -99.000 -99.000 -9999.0 -9999.0 -9999.0 -9999.0 -9999.0
23803 20240323  2.622  -89.43   34.82    13.0     2.5     7.7     8.2     0.0    19.41 C    22.5     0.1     9.5    97.0    47.0    72.4   0.393   0.429   0.370   0.140   0.324    13.2    13.3    13.4    13.4    13.4
23803 20240324  2.622  -89.43   34.82    18.8     1.4    10.1    10.8     0.0    14.83 C    26.3    -0.2    10.4    91.4    29.3    55.7   0.383   0.415   0.363   0.139   0.325    12.2    12.5    12.5    13.1    13.3
23803 20240325  2.622  -89.43   34.82    18.7    13.7    16.2    15.7    54.0     5.24 C    22.2     9.9    14.7    96.0    55.4    73.3   0.405   0.423   0.378   0.146   0.351    13.3    13.4    13.4    13.2    13.2
23803 20240326  2.622  -89.43   34.82    17.8     4.4    11.1    13.2     0.0    18.99 C    23.8     2.1    13.4    96.7    41.6    74.7   0.449   0.469   0.413   0.162   0.421    14.6    14.6    14.7    13.7    13.4
23803 20240327  2.622  -89.43   34.82    15.1     0.9     8.0     7.9     0.0    22.93 C    24.9     0.0     9.3    92.6    35.0    62.3   0.422   0.442   0.381   0.143   0.340    13.4    13.5    13.7    13.8    13.6
23803 20240328  2.622  -89.43   34.82    18.8     0.1     9.5     9.2     0.0    23.17 C    28.2    -1.4    10.2    95.1    24.8    60.6   0.404   0.424   0.370   0.141   0.335    12.9    13.0    13.2    13.5    13.5
23803 20240329  2.622  -89.43   34.82    22.8     0.6    11.7    12.3     0.0    22.80 C    30.3    -0.1    12.5    94.1    25.3    58.6   0.383   0.411   0.363   0.148   0.331    13.3    13.3    13.5    13.5    13.5
23803 20240330  2.622  -89.43   34.82    24.9     7.7    16.3    17.9     0.0    20.61 C    32.1     4.9    16.5    83.2    46.4    60.1   0.354   0.403   0.356   0.139   0.326    14.7    14.5    14.7    13.8    13.6
23803 20240331  2.622  -89.43   34.82    24.8    12.5    18.6    19.3     0.0    11.55 C    31.8    10.1    18.0    90.6    52.9    71.8   0.349   0.398   0.352   0.138   0.323    15.5    15.5    15.5    14.4    13.8
23803 20240401  2.622  -89.43   34.82    23.7    19.3    21.5    20.8     0.2     3.72 C    22.7    15.9    19.4    94.7    71.7    83.3   0.348   0.395   0.350   0.137   0.321    16.4    16.3    16.4    14.9    14.2
23803 20240402  2.622  -89.43   34.82    25.1    10.3    17.7    20.3     2.9     7.11 C    28.3     9.8    19.1    92.0    45.2    74.1   0.359   0.396   0.350   0.137   0.320    17.2    17.1    17.1    15.4    14.5
23803 20240403  2.622  -89.43   34.82    14.4     3.5     9.0     9.6     0.0    15.68 C    26.8     0.3     9.5    80.5    31.8    53.8   0.357   0.393   0.348   0.136   0.317    15.0    15.5    15.5    15.5    14.8
23803 20240404  2.622  -89.43   34.82    17.1     3.9    10.5    10.5     0.0    24.34 C    27.2     0.2    10.8    73.9    23.4    46.5   0.346   0.386   0.343   0.136   0.313    13.9    14.2    14.2    14.8    14.7
23803 20240405  2.622  -89.43   34.82    16.9    -0.1     8.4     8.6     0.0    24.42 C    28.7    -1.2    10.5    93.0    36.7    63.3   0.339   0.379   0.338   0.135   0.310    13.7    13.9    13.9    14.4    14.4
23803 20240406  2.622  -89.43   34.82    19.8     3.6    11.7    11.0     0.0    19.96 C    29.9     0.4    11.8    81.1    32.2    56.9   0.332   0.374   0.333   0.134   0.308    13.7    14.0    13.9    14.2    14.3
23803 20240407  2.622  -89.43   34.82    26.2     9.4    17.8    18.5     4.8    18.79 C    33.0     5.1    18.1    92.5    45.1    59.3   0.326   0.368   0.328   0.134   0.304    15.0    14.9    14.9    14.4    14.3
23803 20240408  2.622  -89.43   34.82    25.0    16.7    20.9    19.2    15.4    10.10 C    31.1    16.1    19.4    96.5    65.3    87.8   0.391   0.417   0.346   0.133   0.303    17.1    16.9    16.9    15.1    14.5
23803 20240409  2.622  -89.43   34.82    17.5    13.9    15.7    15.7    26.2     2.14 C    17.7    14.6    15.7    96.5    86.6    93.0   0.440   0.459   0.406   0.153   0.398    16.4    16.6    16.6    15.8    15.0
23803 20240410  2.622  -89.43   34.82    19.5    15.2    17.4    17.4     8.7     4.74 C    21.1    14.5    17.2    96.5    69.0    90.4   0.464   0.471   0.422   0.163   0.441    16.7    16.8    16.5    15.9    15.3
23803 20240411  2.622  -89.43   34.82    20.0    11.4    15.7    15.5    31.5     9.20 C    21.8     8.2    14.8    96.5    31.3    73.7   0.475   0.475   0.433   0.173   0.449    16.5    16.6    16.5    16.2    15.5
23803 20240412  2.622  -89.43   34.82    20.5     6.4    13.4    13.5     0.0    25.67 C    26.8     4.2    13.1    88.2    23.4    50.1   0.443   0.461   0.408   0.148   0.375    15.4    15.6    15.8    15.8    15.5
23803 20240413  2.622  -89.43   34.82    27.3     4.3    15.8    17.1     0.0    24.51 C    33.8     3.6    17.1    95.1    30.7    59.6   0.407   0.433   0.384   0.142   0.337    16.1    16.1    16.0    15.6    15.4
23803 20240414  2.622  -89.43   34.82    27.3    14.2    20.7    20.9     0.0    22.33 C    32.8    10.2    19.5    76.7    33.7    54.4   0.383   0.419   0.371   0.141   0.337    17.4    17.4    17.2    16.1    15.4
23803 20240415  2.622  -89.43   34.82    26.1    12.7    19.4    19.6     0.0    19.73 C    34.2    10.8    20.0    92.9    59.2    78.2   0.373   0.409   0.362   0.139   0.332    18.4    18.3    18.1    16.5    15.7
23803 20240416  2.622  -89.43   34.82    27.9    16.7    22.3    22.3     0.0    15.88 C    32.5    15.0    21.7    94.3    48.2    69.7   0.369   0.401   0.355   0.138   0.326    19.0    19.1    18.7    17.1    16.1
23803 20240417  2.622  -89.43   34.82    27.2    18.8    23.0    22.4     0.2    13.70 C    31.8    15.7    22.0    95.9    57.7    80.0   0.359   0.394   0.350   0.137   0.322    19.8    19.9    19.4    17.5    16.4
23803 20240418  2.622  -89.43   34.82    26.1    19.4    22.8    21.7     0.0    10.68 C    32.0    17.7    22.1    96.6    67.1    83.8   0.353   0.390   0.347   0.136   0.318    20.1    20.2    19.7    18.0    16.8
23803 20240419  2.622  -89.43   34.82    20.5    13.9    17.2    16.0     3.5     5.05 C    21.6    14.2    17.0    96.1    82.8    89.2   0.362   0.390   0.346   0.135   0.315    19.2    19.6    19.1    18.2    17.1
23803 20240420  2.622  -89.43   34.82    15.9     8.4    12.1    12.1     3.7     7.98 C    19.0     8.8    13.0    95.4    45.9    73.1   0.370   0.391   0.347   0.135   0.314    17.4    17.9    17.5    17.7    17.1
23803 20240421  2.622  -89.43   34.82    15.3     2.1     8.7    10.0     0.0    22.88 C    24.8     1.2    12.1    94.7    37.1    63.6   0.371   0.390   0.346   0.134   0.312    16.7    17.3    16.7    17.1    16.8
23803 20240422  2.622  -89.43   34.82    19.9    -0.8     9.6     9.7     0.0    26.79 C    28.0    -0.5    11.5    96.0    27.8    63.0   0.356   0.383   0.341   0.134   0.311    15.7    16.4    15.6    16.6    16.6
23803 20240423  2.622  -89.43   34.82    23.5     2.7    13.1    14.7     0.0    26.09 C    29.6     0.8    15.2    94.7    30.6    58.2   0.340   0.374   0.334   0.134   0.308    16.1    16.6    15.8    16.3    16.3
23803 20240424  2.622  -89.43   34.82    25.5     9.7    17.6    18.9     0.0    23.52 C    31.4     7.1    19.1    87.4    28.3    56.5   0.323   0.365   0.324   0.133   0.306    18.0    18.3    17.4    16.6    16.2
23803 20240425  2.622  -89.43   34.82    19.5     9.0    14.2    14.8     0.9     7.88 C    23.9     6.8    14.1    92.5    50.9    72.4   0.311   0.358   0.320   0.132   0.305    16.9    17.5    16.7    16.9    16.4
23803 20240426  2.622  -89.43   34.82    28.9    13.0    21.0    21.9     0.0    23.51 C    32.8    11.3    21.3    84.2    36.6    60.2   0.304   0.354   0.314   0.131   0.303    18.1    18.3    17.5    16.8    16.4
23803 20240427  2.622  -89.43   34.82    28.4    19.5    24.0    23.7     0.0    22.32 C    32.3    18.4    23.1    82.6    46.3    63.8   0.287   0.343   0.300   0.131   0.300    19.7    19.8    18.9    17.4    16.6
23803 20240428  2.622  -89.43   34.82    26.4    17.6    22.0    21.9     1.9    16.09 C    31.8    15.2    21.2    88.0    59.0    71.2   0.275   0.335   0.290   0.130   0.299    19.8    20.0    19.2    17.9    16.9
23803 20240429  2.622  -89.43   34.82    21.8    15.6    18.7    19.7    15.4     5.55 C    22.8    14.1    19.4    98.1    73.9    87.7   0.326   0.360   0.290   0.129   0.297    19.6    19.9    19.2    18.1    17.2
23803 20240430  2.622  -89.43   34.82    27.4    13.1    20.2    19.7     0.0    22.91 C    32.5    12.7    20.4    98.3    49.2    82.2   0.362   0.373   0.300   0.129   0.297    19.8    20.1    19.2    18.2    17.4
23803 20240501  2.622  -89.43   34.82    29.1    12.8    20.9    20.8     0.0    25.15 C    33.6    11.0    20.8    96.4    42.2    75.0   0.336   0.357   0.296   0.129   0.295    20.2    20.7    19.5    18.4    17.5
23803 20240502  2.622  -89.43   34.82    28.9    14.7    21.8    20.7    13.7    15.55 C    43.6    12.7    22.7    96.9    48.2    81.3   0.333   0.355   0.293   0.128   0.295    20.6    20.8    20.0    18.7    17.7
23803 20240503  2.622  -89.43   34.82    23.2    17.2    20.2    20.4     0.2     6.80 C    29.3    16.6    21.6    97.5    83.3    92.6   0.396   0.401   0.317   0.128   0.294    21.0    21.1    20.7    19.1    18.0
23803 20240504  2.622  -89.43   34.82    26.7    16.2    21.4    21.0     0.0    16.73 C    44.1    15.5    24.0    97.9    61.4    84.3   0.379   0.389   0.320   0.129   0.294    21.6    21.4    21.4    19.4    18.2
23803 20240505  2.622  -89.43   34.82    27.4    14.4    20.9    19.7    24.8    11.84 C    42.5    14.1    21.9    96.6    61.0    88.9   0.391   0.404   0.344   0.129   0.294    21.2    21.2    21.2    19.8    18.5
23803 20240506  2.622  -89.43   34.82    29.0    16.8    22.9    22.2    33.4    18.85 C    36.2    16.9    24.1    96.1    59.0    83.8   0.446   0.458   0.410   0.153   0.404    21.9    21.7    21.6    20.0    19.1
23803 20240507  2.622  -89.43   34.82    28.8    20.3    24.6    24.1     1.2    14.37 C    36.7    19.5    25.0    94.0    66.4    83.9   0.425   0.441   0.385   0.140   0.343    22.8    22.6    22.7    20.6    19.2
23803 20240508  2.622  -89.43   34.82    28.3    22.1    25.2    25.2     0.0    12.39 C    37.0    20.8    25.9    94.6    68.5    83.3   0.412   0.428   0.375   0.139   0.344    23.2    23.1    23.1    21.0    19.5
23803 20240509  2.622  -89.43   34.82    29.5    17.8    23.7    22.9    16.2    25.80 C    38.5    18.2    26.1    95.6    44.4    76.9   0.437   0.454   0.393   0.144   0.353    24.2    23.8    24.0    21.5    19.9
23803 20240510  2.622  -89.43   34.82    23.0    10.8    16.9    18.1     0.0    25.94 C    37.7    11.8    22.4    94.7    49.8    72.8   0.414   0.419   0.374   0.139   0.334    23.6    23.6    23.6    21.8    20.3
23803 20240511  2.622  -89.43   34.82    26.9     8.6    17.7    17.8     0.0    26.78 C    38.4     9.6    21.7    95.4    39.8    71.1   0.393   0.368   0.364   0.137   0.328    22.4    22.5    22.4    21.5    20.4
23803 20240512  2.622  -89.43   34.82    25.6    12.1    18.9    19.6     0.0    18.88 C    38.2    12.3    22.4    94.9    48.7    72.8   0.377   0.356   0.356   0.136   0.323    22.2    22.3    22.1    21.2    20.3
23803 20240513  2.622  -89.43   34.82    20.8    16.6    18.7    19.0     1.1     5.85 C    25.1    17.7    20.2    95.0    71.5    85.6   0.372   0.352   0.353   0.135   0.318    21.7    21.9    21.6    21.1    20.2
23803 20240514  2.622  -89.43   34.82    23.9    15.6    19.8    20.0    64.8    14.19 C    30.5    16.3    21.6    96.1    72.8    89.4   0.442   0.448   0.408   0.158   0.405    22.1    22.6    21.6    21.0    20.3
23803 20240515  2.622  -89.43   34.82    24.7    15.0    19.9    19.5     0.0    20.27 C    34.9    14.5    22.0    96.9    62.5    84.4   0.438   0.430   0.395   0.142   0.338    22.4    22.5    22.1    21.1    20.3
23803 20240516  2.622  -89.43   34.82    27.6    14.1    20.8    21.5     0.0    22.10 C    38.8    13.9    24.4    96.6    57.6    79.7   0.415   0.389   0.376   0.140   0.333    22.8    22.8    22.5    21.2    20.3
23803 20240517  2.622  -89.43   34.82    24.8    18.5    21.7    20.5     7.7    11.31 C    33.0    18.3    22.6    96.2    66.6    89.1   0.430   0.408   0.382   0.139   0.333    23.0    23.0    22.8    21.5    20.4
23803 20240518  2.622  -89.43   34.82    25.3    16.4    20.9    21.1     7.5    21.23 C    36.3    16.3    24.0    96.2    63.8    84.7   0.433   0.408   0.390   0.141   0.361    23.3    23.2    23.1    21.6    20.5
23803 20240519  2.622  -89.43   34.82    29.3    14.0    21.6    21.8     0.0    26.57 C    39.9    14.0    24.8    96.5    44.8    77.3   0.414   0.381   0.376   0.140   0.369    23.5    23.4    23.2    21.7    20.7
23803 20240520  2.622  -89.43   34.82    30.5    15.0    22.7    22.8     0.0    24.31 C    44.3    15.3    25.9    95.8    43.9    73.9   0.394   0.366   0.366   0.138   0.330    23.9    23.7    23.8    22.0    20.8
23803 20240521  2.622  -89.43   34.82    30.5    18.4    24.4    24.9     0.0    22.22 C    42.8    17.8    26.9    93.7    51.3    70.6   0.380   0.357   0.360   0.137   0.325    24.3    24.1    24.4    22.4    21.1
23803 20240522  2.622  -89.43   34.82    28.6    21.0    24.8    23.6     0.0     9.47 C    40.6    20.5    24.5    92.6    64.9    80.1   0.371   0.350   0.355   0.136   0.320    24.0    23.9    24.1    22.6    21.3
23803 20240523  2.622  -89.43   34.82    26.7    18.1    22.4    21.8     8.1    12.77 C    35.8    17.7    23.4    96.4    66.3    85.8   0.389   0.355   0.359   0.135   0.317    23.5    23.4    23.5    22.4    21.4
23803 20240524  2.622  -89.43   34.82    25.6    19.9    22.7    21.7    15.4     8.69 C    34.0    19.8    22.8    95.9    73.7    89.3   0.420   0.404   0.391   0.141   0.342    23.2    23.2    23.3    22.4    21.4
23803 20240525  2.622  -89.43   34.82    29.9    18.7    24.3    24.6     1.0    23.54 C    43.0    18.7    28.1    97.0    60.1    80.4   0.417   0.391   0.380   0.140   0.334    24.7    24.1    24.6    22.4    21.4
23803 20240526  2.622  -89.43   34.82    30.8    22.4    26.6    26.6     0.0    22.30 C    41.2    21.8    28.6    92.2    58.5    75.8   0.395   0.369   0.368   0.138   0.330    25.5    25.2    25.6    23.2    21.7
23803 20240527  2.622  -89.43   34.82    29.8    17.7    23.7    23.8    14.6    26.67 C    41.7    18.1    27.3    97.0    47.2    77.1   0.423   0.403   0.389   0.141   0.357    25.7    25.3    25.9    23.6    22.0
23803 20240528  2.622  -89.43   34.82    28.5    15.6    22.0    22.0     0.0    23.79 C    40.5    16.0    25.7    96.2    39.7    74.9   0.399   0.370   0.371   0.138   0.329    25.2    24.9    25.5    23.8    22.3
23803 20240529  2.622  -89.43   34.82    29.2    14.2    21.7    22.1     0.0    24.71 C    42.1    14.8    26.1    96.0    32.3    69.2   0.381   0.357   0.362   0.137   0.326    25.0    24.6    25.3    23.7    22.4
23803 20240530  2.622  -89.43   34.82    27.0    15.7    21.4    21.7     0.0    25.14 C    40.7    16.0    25.7    85.1    45.9    62.8   0.364   0.346   0.354   0.136   0.321    24.8    24.5    25.1    23.7    22.5
23803 20240531  2.622  -89.43   34.82    25.0    17.2    21.1    20.9     6.5    10.20 C    36.5    17.6    22.5    94.8    64.1    80.5   0.361   0.342   0.350   0.135   0.316    23.9    24.0    24.1    23.6    22.5
23803 20240601  2.622  -89.43   34.82    26.7    19.1    22.9    21.9    15.4    15.55 C    37.9    19.6    24.5    97.2    71.6    89.5   0.413   0.387   0.374   0.135   0.314    24.1    24.1    24.1    23.1    22.3
23803 20240602  2.622  -89.43   34.82    29.7    18.6    24.1    23.9     0.0    24.61 C    40.5    19.2    27.5    97.4    52.7    81.8   0.417   0.397   0.383   0.138   0.319    25.3    24.8    25.4    23.4    22.3
23803 20240603  2.622  -89.43   34.82    27.0    19.6    23.3    22.9    17.9    10.84 C    33.9    19.7    24.3    96.9    78.0    91.0   0.421   0.411   0.388   0.143   0.344    24.6    24.6    24.9    23.9    22.6
23803 20240604  2.622  -89.43   34.82    28.2    19.4    23.8    23.4     0.9    17.95 C    36.5    19.6    25.5    97.0    65.1    84.7   0.425   0.409   0.383   0.140   0.335    24.9    24.8    24.9    23.7    22.7
23803 20240605  2.622  -89.43   34.82    28.7    18.9    23.8    23.5     0.0    15.69 C    37.6    18.7    24.9    95.1    62.6    82.1   0.407   0.383   0.372   0.139   0.330    24.7    24.8    24.7    23.7    22.7
23803 20240606  2.622  -89.43   34.82    30.7    20.0    25.4    24.4     0.0    24.08 C    39.7    18.5    27.3    97.9    50.9    78.5   0.388   0.368   0.364   0.138   0.326    25.4    25.2    25.5    23.8    22.7
23803 20240607  2.622  -89.43   34.82    29.1    14.8    21.9    22.4     0.0    28.68 C    38.5    14.5    25.0    94.0    30.9    65.8   0.366   0.355   0.356   0.137   0.321    25.1    24.9    25.5    24.1    22.9
23803 20240608  2.622  -89.43   34.82    29.6    13.3    21.4    21.8     0.0    17.90 C    36.8    13.4    23.0    95.1    47.3    74.7   0.349   0.344   0.350   0.135   0.316    23.8    23.9    24.2    23.8    22.9
23803 20240609  2.622  -89.43   34.82    30.5    19.8    25.2    24.9     0.0    21.60 C    39.9    20.0    27.4    93.1    64.7    79.4   0.334   0.337   0.344   0.134   0.312    25.0    24.7    25.1    23.7    22.8
23803 20240610  2.622  -89.43   34.82    28.1    15.2    21.6    21.4     0.0    27.87 C    38.0    14.5    24.8    92.0    39.5    69.2   0.318   0.327   0.336   0.133   0.308    25.0    24.8    25.4    24.0    22.9
23803 20240611  2.622  -89.43   34.82    26.0    12.7    19.4    19.4     0.0    28.48 C    36.5    11.5    22.2    95.7    43.5    72.2   0.301   0.317   0.328   0.132   0.305    23.9    23.9    24.4    23.8    22.9
23803 20240612  2.622  -89.43   34.82    27.7    11.4    19.6    19.4     0.0    27.49 C    37.6    10.6    22.1    96.0    41.1    71.6   0.285   0.304   0.318   0.131   0.302    23.2    23.2    23.7    23.4    22.8
23803 20240613  2.622  -89.43   34.82    30.4    11.5    20.9    21.3     0.0    27.94 C    43.8    10.2    24.9    95.7    38.3    70.9   0.273   0.292   0.310   0.130   0.299    23.4    23.3    23.6    23.2    22.6
23803 20240614  2.622  -89.43   34.82    32.6    15.0    23.8    24.4     0.0    27.00 C    45.7    13.8    28.1    95.7    39.4    71.4   0.265   0.285   0.300   0.129   0.297    24.3    24.1    24.3    23.2    22.5
23803 20240615  2.622  -89.43   34.82    33.3    18.9    26.1    26.3     0.0    23.75 C    46.9    17.8    29.3    95.7    47.1    74.8   0.257   0.277   0.288   0.129   0.294    25.2    24.9    25.1    23.5    22.5
23803 20240616  2.622  -89.43   34.82    34.4    20.7    27.6    28.0     0.0    25.76 C    46.4    19.5    30.5    95.7    43.9    70.0   0.249   0.266   0.273   0.127   0.292    25.8    25.5    25.7    23.9    22.8
23803 20240617  2.622  -89.43   34.82    31.2    21.9    26.6    25.5     1.5    17.43 C    44.1    21.5    27.7    96.6    55.1    81.5   0.242   0.255   0.259   0.127   0.290    25.7    25.6    25.8    24.2    23.0
23803 20240618  2.622  -89.43   34.82    28.2    21.2    24.7    24.3     0.2    10.58 C    37.1    20.0    25.6    96.1    68.2    86.9   0.241   0.251   0.256   0.126   0.289    25.2    25.2    25.3    24.2    23.1
23803 20240619  2.622  -89.43   34.82    29.8    19.3    24.5    24.4     0.0    16.95 C    42.2    17.2    26.3    96.1    51.1    76.3   0.239   0.249   0.250   0.126   0.287    25.0    25.1    25.1    24.0    23.1
23803 20240620  2.622  -89.43   34.82    31.2    17.9    24.5    24.6     0.0    25.59 C    43.0    15.9    27.4    95.8    48.7    75.7   0.233   0.239   0.234   0.125   0.285    24.9    25.0    24.9    23.9    23.1
23803 20240621  2.622  -89.43   34.82    33.0    18.8    25.9    25.7     0.0    24.89 C    45.4    17.5    28.3    96.1    42.4    74.5   0.224   0.226   0.213   0.124   0.284    25.3    25.3    25.2    24.0    23.1
23803 20240622  2.622  -89.43   34.82    33.1    19.0    26.1    26.2     0.0    25.38 C    45.0    17.8    28.6    95.7    43.6    73.0   0.215   0.215   0.192   0.123   0.282    25.5    25.5    25.5    24.1    23.2
23803 20240623  2.622  -89.43   34.82    33.4    20.6    27.0    27.2     0.0    21.68 C    43.9    18.6    28.7    94.4    55.5    74.5   0.207   0.207   0.175   0.122   0.280    25.7    25.6    25.8    24.3    23.3
23803 20240624  2.622  -89.43   34.82    34.9    21.2    28.0    27.6     0.0    26.96 C    44.0    18.7    29.8    96.1    37.0    70.8   0.197   0.202   0.161   0.121   0.278    26.3    26.0    26.3    24.5    23.4
23803 20240625  2.622  -89.43   34.82    35.7    19.6    27.7    28.0     0.0    24.60 C    44.9    18.0    29.9    95.2    43.0    73.6   0.186   0.196   0.148   0.119   0.276    26.4    26.0    26.3    24.6    23.5
23803 20240626  2.622  -89.43   34.82    32.6    23.5    28.1    25.4    22.0    14.92 C    43.7    22.5    27.1    96.4    64.2    87.0   0.210   0.249   0.191   0.121   0.274    26.3    26.1    26.4    24.9    23.7
23803 20240627  2.622  -89.43   34.82    29.5    22.1    25.8    24.7     0.0    13.64 C    38.5    21.4    26.3    96.5    64.8    84.3   0.240   0.295   0.238   0.123   0.275    26.1    26.0    26.2    24.9    23.8
23803 20240628  2.622  -89.43   34.82    32.2    20.5    26.3    26.8     0.0    21.24 C    41.4    19.8    28.2    97.3    57.8    80.9   0.233   0.282   0.224   0.121   0.274    26.3    26.2    26.2    24.8    23.8
23803 20240629  2.622  -89.43   34.82    34.0    23.1    28.6    28.7     0.0    24.82 C    41.3    21.7    30.0    96.4    50.0    78.2   0.223   0.267   0.205   0.120   0.274    27.2    26.8    27.1    25.1    23.9
23803 20240630  2.622  -89.43   34.82    32.5    23.4    28.0    27.0     8.1    13.78 C    41.2    23.0    28.0    97.8    71.3    89.2   0.223   0.265   0.198   0.119   0.274    27.2    27.0    27.3    25.4    24.1
23803 20240701  2.622  -89.43   34.82    29.6    17.6    23.6    24.0     0.0    26.63 C    36.1    16.1    25.5    97.5    41.0    73.0   0.226   0.270   0.197   0.119   0.273    26.6    26.7    26.8    25.4    24.2
23803 20240702  2.622  -89.43   34.82 -9999.0 -9999.0 -9999.0 -9999.0 -9999.0 -9999.00 U -9999.0 -9999.0 -9999.0 -9999.0 -9999.0 -9999.0 -99.000 -99.000 -99.000 -99.000 -99.000 -9999.0 -9999.0 -9999.0 -9999.0 -9999.0
