22016 20240101  2.623 -103.21   29.35    17.9     3.4    10.6    10.6     0.0    14.02 C    26.2     1.9    10.6    50.9    14.9    25.4   0.078   0.099 -99.000 -99.000 -99.000    11.4    11.7 -9999.0 -9999.0 -9999.0
22016 20240102  2.623 -103.21   29.35    18.7    -0.3     9.2     9.1     0.0    13.47 C    26.9    -0.1    10.1    84.4    23.0    50.6   0.077   0.098 -99.000 -99.000 -99.000    11.0    11.4 -9999.0 -9999.0 -9999.0
22016 20240103  2.623 -103.21   29.35    17.0     2.0     9.5    10.1     0.0    15.01 C    26.5     0.4    10.8    69.4    25.2    44.4   0.077   0.098 -99.000 -99.000 -99.000    11.6    11.9 -9999.0 -9999.0 -9999.0
22016 20240104  2.623 -103.21   29.35    14.6     2.1     8.4     6.7     0.0    11.96 C    25.3     1.6     9.1    98.0    36.6    66.2   0.075   0.097 -99.000 -99.000 -99.000    10.8    11.5 -9999.0 -9999.0 -9999.0
22016 20240105  2.623 -103.21   29.35    14.1    -0.3     6.9     7.3     0.0    15.21 C    22.5    -1.3     7.3    55.2    18.5    33.8   0.073   0.096 -99.000 -99.000 -99.000     9.4    10.5 -9999.0 -9999.0 -9999.0
22016 20240106  2.623 -103.21   29.35    15.1     0.8     7.9     8.0     0.0    14.85 C    22.1    -1.8     7.5    46.5    14.4    29.0   0.072   0.094 -99.000 -99.000 -99.000     9.2    10.7 -9999.0 -9999.0 -9999.0
22016 20240107  2.623 -103.21   29.35    18.3    -2.1     8.1    10.5     0.0    15.30 C    23.6    -4.2     9.3    43.4    12.9    24.6   0.072   0.093 -99.000 -99.000 -99.000     9.3    10.4 -9999.0 -9999.0 -9999.0
22016 20240108  2.623 -103.21   29.35    17.8     3.9    10.8     9.5     0.0    13.02 C    19.9     1.8     9.7    48.3     6.1    23.0   0.074   0.093 -99.000 -99.000 -99.000    11.4    12.5 -9999.0 -9999.0 -9999.0
22016 20240109  2.623 -103.21   29.35    12.6     0.0     6.3     6.0     0.0    15.77 C    22.4    -0.6     6.9    28.8     6.4    19.5   0.070   0.088 -99.000 -99.000 -99.000     9.0    10.7 -9999.0 -9999.0 -9999.0
22016 20240110  2.623 -103.21   29.35    20.7    -1.3     9.7     8.6     0.0    15.37 C    28.1    -3.7     8.5    26.1     6.0    14.9   0.070   0.078 -99.000 -99.000 -99.000     9.2    10.7 -9999.0 -9999.0 -9999.0
22016 20240111  2.623 -103.21   29.35    24.3     1.5    12.9    14.8     0.0    15.63 C    30.9    -0.7    13.3    30.4     1.5    11.8   0.072   0.088 -99.000 -99.000 -99.000    11.7    12.4 -9999.0 -9999.0 -9999.0
22016 20240112  2.623 -103.21   29.35    15.9     1.2     8.5     8.9     0.0    15.75 C    25.1     0.1    10.1    46.2    10.8    25.2   0.071   0.090 -99.000 -99.000 -99.000    11.9    13.1 -9999.0 -9999.0 -9999.0
22016 20240113  2.623 -103.21   29.35    19.4     1.4    10.4    10.1     0.0    11.62 C    26.5    -0.5     9.1    34.8     6.8    18.8   0.068   0.087 -99.000 -99.000 -99.000    10.1    11.5 -9999.0 -9999.0 -9999.0
22016 20240114  2.623 -103.21   29.35    24.9    -0.7    12.1    10.6     0.0    15.79 C    31.4     0.2    11.3    55.1     5.3    21.1   0.070   0.088 -99.000 -99.000 -99.000    11.4    12.3 -9999.0 -9999.0 -9999.0
22016 20240115  2.623 -103.21   29.35    18.7    -3.5     7.6     5.0     0.0    15.12 C    26.7    -1.8     8.3    80.9    15.3    50.0   0.067   0.088 -99.000 -99.000 -99.000    10.2    11.8 -9999.0 -9999.0 -9999.0
22016 20240116  2.623 -103.21   29.35     4.4   -10.0    -2.8    -3.3     0.0    16.32 C    18.1    -7.8     1.9    57.9    20.8    35.5   0.062   0.084 -99.000 -99.000 -99.000     6.5     9.4 -9999.0 -9999.0 -9999.0
22016 20240117  2.623 -103.21   29.35    17.5    -6.5     5.5     4.3     0.0    15.90 C    26.2    -6.1     6.6    43.0    12.3    27.2   0.063   0.083 -99.000 -99.000 -99.000     7.4     9.1 -9999.0 -9999.0 -9999.0
22016 20240118  2.623 -103.21   29.35    24.9     3.1    14.0    14.8     0.0    15.80 C    31.5     1.0    13.6    37.4     9.0    21.4   0.068   0.085 -99.000 -99.000 -99.000    11.8    12.1 -9999.0 -9999.0 -9999.0
22016 20240119  2.623 -103.21   29.35    13.8     0.0     6.9     7.4     0.0    15.83 C    21.8     0.4     9.4    47.5    24.3    34.0   0.067   0.088 -99.000 -99.000 -99.000    11.1    12.8 -9999.0 -9999.0 -9999.0
22016 20240120  2.623 -103.21   29.35     7.0    -4.5     1.2     1.0     0.0    13.90 C    18.2    -3.9     4.9    47.6    24.5    35.4   0.062   0.077 -99.000 -99.000 -99.000     7.5     9.7 -9999.0 -9999.0 -9999.0
22016 20240121  2.623 -103.21   29.35     9.3    -0.8     4.3     3.3     0.0     5.39 C    16.5     0.3     6.1    65.7    35.4    44.1   0.061   0.082 -99.000 -99.000 -99.000     7.0     9.0 -9999.0 -9999.0 -9999.0
22016 20240122  2.623 -103.21   29.35    22.9     2.4    12.6    12.7     0.0    12.29 C    31.2     2.5    14.0    78.9    23.9    49.1   0.067   0.085 -99.000 -99.000 -99.000    11.8    11.6 -9999.0 -9999.0 -9999.0
22016 20240123  2.623 -103.21   29.35    18.8     7.3    13.0    14.0     1.7     8.82 C    24.9     7.1    14.1    81.0    25.0    55.8   0.069   0.090 -99.000 -99.000 -99.000    13.4    14.1 -9999.0 -9999.0 -9999.0
22016 20240124  2.623 -103.21   29.35    16.3     5.4    10.9    10.6     0.8     7.10 C    21.1     4.5    10.1    87.5    34.3    64.8   0.068   0.087 -99.000 -99.000 -99.000    11.0    12.5 -9999.0 -9999.0 -9999.0
22016 20240125  2.623 -103.21   29.35    20.2     2.6    11.4    11.6     0.0    16.38 C    29.7     0.6    12.2    79.9    25.0    49.6   0.070   0.088 -99.000 -99.000 -99.000    11.8    12.7 -9999.0 -9999.0 -9999.0
22016 20240126  2.623 -103.21   29.35    20.4     4.4    12.4    12.6     0.0    16.75 C    30.1     1.8    12.8    69.4    17.9    38.6   0.072   0.090 -99.000 -99.000 -99.000    12.8    14.0 -9999.0 -9999.0 -9999.0
22016 20240127  2.623 -103.21   29.35    15.7     2.8     9.2     8.8     0.0    16.88 C    29.1     1.5    11.6    78.5    30.3    53.1   0.072   0.090 -99.000 -99.000 -99.000    12.4    13.7 -9999.0 -9999.0 -9999.0
22016 20240128  2.623 -103.21   29.35    18.5     0.7     9.6     9.3     0.0    17.12 C    29.7    -0.6    11.3    71.2    22.8    44.7   0.071   0.089 -99.000 -99.000 -99.000    11.9    13.2 -9999.0 -9999.0 -9999.0
22016 20240129  2.623 -103.21   29.35    20.3     1.8    11.1    10.9     0.0    14.91 C    31.3     1.2    13.2    65.3    21.7    41.1   0.072   0.089 -99.000 -99.000 -99.000    12.9    13.8 -9999.0 -9999.0 -9999.0
22016 20240130  2.623 -103.21   29.35    23.0     4.2    13.6    12.9     0.0    16.42 C    34.0     3.2    14.9    61.3    19.2    39.2   0.072   0.090 -99.000 -99.000 -99.000    14.4    14.9 -9999.0 -9999.0 -9999.0
22016 20240131  2.623 -103.21   29.35    18.0     5.6    11.8    11.4     0.0     6.79 C    28.8     5.2    12.3    72.5    31.4    50.4   0.070   0.094 -99.000 -99.000 -99.000    13.0    13.5 -9999.0 -9999.0 -9999.0
22016 20240201  2.623 -103.21   29.35    24.6     4.4    14.5    14.4     0.0    17.02 C    36.0     3.5    15.8    83.2    22.8    49.4   0.071   0.095 -99.000 -99.000 -99.000    14.6    13.9 -9999.0 -9999.0 -9999.0
22016 20240202  2.623 -103.21   29.35 -9999.0 -9999.0 -9999.0 -9999.0     0.0 -9999.00 U -9999.0 -9999.0 -9999.0 -9999.0 -9999.0 -9999.0 -99.000 -99.000 -99.000 -99.000 -99.000 -9999.0 -9999.0 -9999.0 -9999.0 -9999.0
22016 20240203  2.623 -103.21   29.35    18.2     7.7    12.9    13.1     0.0    16.58 C    28.1     5.5    14.1    56.0     8.7    30.4   0.070   0.095 -99.000 -99.000 -99.000    15.1    15.1 -9999.0 -9999.0 -9999.0
22016 20240204  2.623 -103.21   29.35    20.7     9.1    14.9    13.7     0.0    16.78 C    31.0     5.7    14.4    31.0     7.4    20.0   0.069   0.095 -99.000 -99.000 -99.000    14.7    14.6 -9999.0 -9999.0 -9999.0
22016 20240205  2.623 -103.21   29.35    18.8     3.7    11.2    10.9     0.0    16.86 C    34.5     1.5    13.9    54.2    17.8    32.3   0.068   0.094 -99.000 -99.000 -99.000    14.4    14.4 -9999.0 -9999.0 -9999.0
22016 20240206  2.623 -103.21   29.35    21.2     2.5    11.8    11.6     0.0    13.24 C    34.1     1.4    13.9    66.0    16.6    40.2   0.067   0.093 -99.000 -99.000 -99.000    13.9    13.9 -9999.0 -9999.0 -9999.0
22016 20240207  2.623 -103.21   29.35    27.7     8.0    17.8    16.2     0.0    11.93 C    40.8     5.9    17.2    59.0     5.9    33.2   0.069   0.095 -99.000 -99.000 -99.000    16.2    15.3 -9999.0 -9999.0 -9999.0
22016 20240208  2.623 -103.21   29.35    16.7     5.0    10.8    11.5     0.0     6.97 C    28.6     4.6    12.5    59.5    25.4    38.5   0.066   0.093 -99.000 -99.000 -99.000    13.9    14.4 -9999.0 -9999.0 -9999.0
22016 20240209  2.623 -103.21   29.35    18.7     8.1    13.4    13.9     0.0     6.28 C    25.2     6.8    14.6    48.8    20.2    32.3   0.065   0.092 -99.000 -99.000 -99.000    14.1    14.0 -9999.0 -9999.0 -9999.0
22016 20240210  2.623 -103.21   29.35    23.2    13.0    18.1    18.4     0.0    15.37 C    37.4    10.4    19.4    37.3     8.7    21.9   0.069   0.093 -99.000 -99.000 -99.000    17.4    16.6 -9999.0 -9999.0 -9999.0
22016 20240211  2.623 -103.21   29.35    15.6     4.3     9.9     9.5     0.0    16.15 C    31.0     3.3    12.2    52.1    13.0    34.0   0.065   0.089 -99.000 -99.000 -99.000    14.7    15.9 -9999.0 -9999.0 -9999.0
22016 20240212  2.623 -103.21   29.35    16.4    -1.4     7.5     7.2     0.0    18.11 C    31.7    -2.7    10.9    62.3    13.4    36.3   0.062   0.087 -99.000 -99.000 -99.000    12.5    13.8 -9999.0 -9999.0 -9999.0
22016 20240213  2.623 -103.21   29.35    20.4    -0.6     9.9    10.2     0.0    18.34 C    34.1    -1.6    12.6    44.5     8.0    23.1   0.062   0.090 -99.000 -99.000 -99.000    13.1    13.3 -9999.0 -9999.0 -9999.0
22016 20240214  2.623 -103.21   29.35    24.0     2.6    13.3    13.3     0.0    16.18 C    38.7     1.6    15.2    44.8     5.4    21.8   0.063   0.091 -99.000 -99.000 -99.000    14.6    14.2 -9999.0 -9999.0 -9999.0
22016 20240215  2.623 -103.21   29.35    20.0     7.1    13.6    14.3     0.0     7.01 C    27.7     5.5    14.4    39.1    10.4    21.9   0.062   0.091 -99.000 -99.000 -99.000    14.3    14.3 -9999.0 -9999.0 -9999.0
22016 20240216  2.623 -103.21   29.35    21.8    10.4    16.1    15.9     0.0     9.71 C    33.7     7.0    17.4    52.6    18.0    36.8   0.065   0.092 -99.000 -99.000 -99.000    16.5    15.6 -9999.0 -9999.0 -9999.0
22016 20240217  2.623 -103.21   29.35    10.5     2.6     6.5     6.1     0.0    15.33 C    28.3     2.2    10.6    81.7    36.7    55.8   0.060   0.090 -99.000 -99.000 -99.000    12.9    14.0 -9999.0 -9999.0 -9999.0
22016 20240218  2.623 -103.21   29.35    15.3    -0.8     7.3     6.8     0.0    18.39 C    33.4    -0.6    12.7    55.8    30.7    42.7   0.060   0.089 -99.000 -99.000 -99.000    13.0    13.5 -9999.0 -9999.0 -9999.0
22016 20240219  2.623 -103.21   29.35    26.1     3.3    14.7    14.4     0.0    18.88 C    41.7     1.2    17.2    64.6     9.3    33.4   0.063   0.091 -99.000 -99.000 -99.000    15.7    15.0 -9999.0 -9999.0 -9999.0
22016 20240220  2.623 -103.21   29.35    29.2     7.6    18.4    19.5     0.0    19.15 C    45.0     5.2    21.1    38.2    11.2    19.6   0.066   0.093 -99.000 -99.000 -99.000    18.6    17.0 -9999.0 -9999.0 -9999.0
22016 20240221  2.623 -103.21   29.35    32.8    11.1    22.0    23.0     0.0    19.22 C    47.7     7.9    23.5    36.1     1.2    14.8   0.067   0.095 -99.000 -99.000 -99.000    21.0    19.1 -9999.0 -9999.0 -9999.0
22016 20240222  2.623 -103.21   29.35    27.1    13.9    20.5    20.4     0.0    18.40 C    43.1    11.6    22.8    17.1     4.7     9.6   0.067   0.097 -99.000 -99.000 -99.000    21.7    20.4 -9999.0 -9999.0 -9999.0
22016 20240223  2.623 -103.21   29.35    23.5     9.6    16.6    16.7     0.0    14.52 C    42.8     8.1    20.2    34.4    12.3    20.5   0.064   0.096 -99.000 -99.000 -99.000    20.0    19.6 -9999.0 -9999.0 -9999.0
22016 20240224  2.623 -103.21   29.35    26.7     5.6    16.2    16.7     0.0    19.38 C    43.1     5.2    20.5    50.0    14.4    28.1   0.064   0.092 -99.000 -99.000 -99.000    20.0    20.5 -9999.0 -9999.0 -9999.0
22016 20240225  2.623 -103.21   29.35    31.7    10.7    21.2    21.1     0.0    18.46 C    46.3     8.6    23.6    36.2     9.1    21.0   0.065   0.089 -99.000 -99.000 -99.000    21.9    21.7 -9999.0 -9999.0 -9999.0
22016 20240226  2.623 -103.21   29.35    33.6    13.4    23.5    23.3     0.0    16.52 C    48.6    11.5    24.9    30.0     7.9    16.3   0.066   0.089 -99.000 -99.000 -99.000    23.2    22.4 -9999.0 -9999.0 -9999.0
22016 20240227  2.623 -103.21   29.35    28.3    15.6    22.0    22.8     0.0     5.93 C    32.3    12.1    21.0    22.1     2.9    13.4   0.062   0.094 -99.000 -99.000 -99.000    21.0    20.7 -9999.0 -9999.0 -9999.0
22016 20240228  2.623 -103.21   29.35    22.9     3.1    13.0    12.4     4.6     3.54 C    20.9     4.9    14.2    94.3    21.1    58.6   0.058   0.092 -99.000 -99.000 -99.000    16.9    18.8 -9999.0 -9999.0 -9999.0
22016 20240229  2.623 -103.21   29.35    17.0     1.3     9.1     7.3     0.0    18.06 C    31.4     4.9    13.3    98.7    39.3    75.9   0.059   0.087 -99.000 -99.000 -99.000    14.0    15.4 -9999.0 -9999.0 -9999.0
22016 20240301  2.623 -103.21   29.35    25.0     5.1    15.0    14.9     0.0    20.88 C    39.3     2.8    17.5    84.4    10.9    43.1   0.070   0.088 -99.000 -99.000 -99.000    16.8    16.8 -9999.0 -9999.0 -9999.0
22016 20240302  2.623 -103.21   29.35    27.6     7.8    17.7    18.1     0.0    15.59 C    39.4     6.1    19.4    49.6     9.0    23.8   0.077   0.090 -99.000 -99.000 -99.000    18.4    18.1 -9999.0 -9999.0 -9999.0
22016 20240303  2.623 -103.21   29.35    27.9    10.3    19.1    18.7     0.0    20.18 C    44.9     7.4    21.1    26.3     2.9    12.5   0.081   0.092 -99.000 -99.000 -99.000    20.1    19.4 -9999.0 -9999.0 -9999.0
22016 20240304  2.623 -103.21   29.35    26.2     8.3    17.3    18.1     0.0    18.03 C    40.2     5.8    19.5    23.0     3.2    10.2   0.080   0.093 -99.000 -99.000 -99.000    19.3    19.2 -9999.0 -9999.0 -9999.0
22016 20240305  2.623 -103.21   29.35    26.6     9.8    18.2    18.5     0.0    20.91 C    46.8     6.6    21.9    22.1     6.6    13.2   0.081   0.094 -99.000 -99.000 -99.000    20.5    19.9 -9999.0 -9999.0 -9999.0
22016 20240306  2.623 -103.21   29.35    27.4    10.2    18.8    18.9     0.0    16.70 C    46.8     8.8    22.1    27.1     4.8    13.8   0.079   0.095 -99.000 -99.000 -99.000    21.1    20.6 -9999.0 -9999.0 -9999.0
22016 20240307  2.623 -103.21   29.35    27.0    12.7    19.8    19.7     0.0    10.50 C    39.7    11.0    20.2    35.5     3.2    13.9   0.075   0.095 -99.000 -99.000 -99.000    19.9    20.1 -9999.0 -9999.0 -9999.0
22016 20240308  2.623 -103.21   29.35    22.3     8.3    15.3    16.2     0.0    21.44 C    43.0     6.4    20.2    51.8     6.4    17.3   0.073   0.095 -99.000 -99.000 -99.000    20.4    20.3 -9999.0 -9999.0 -9999.0
22016 20240309  2.623 -103.21   29.35    15.8     4.8    10.3    10.0     0.0    20.84 C    37.7     5.7    16.9    69.1    25.1    46.7   0.069   0.093 -99.000 -99.000 -99.000    18.2    19.1 -9999.0 -9999.0 -9999.0
22016 20240310  2.623 -103.21   29.35    16.8     6.4    11.6    10.8     0.0    11.46 C    28.4     6.3    14.7    57.3    28.9    42.4   0.066   0.091 -99.000 -99.000 -99.000    16.4    17.6 -9999.0 -9999.0 -9999.0
22016 20240311  2.623 -103.21   29.35    24.6     3.2    13.9    13.7     0.0    21.46 C    42.6     2.8    18.9    71.6    20.5    43.0   0.067   0.091 -99.000 -99.000 -99.000    18.2    18.0 -9999.0 -9999.0 -9999.0
22016 20240312  2.623 -103.21   29.35    28.4     8.5    18.5    18.4     0.0    20.28 C    47.3     8.0    22.6    58.6     5.7    28.3   0.069   0.094 -99.000 -99.000 -99.000    21.1    20.2 -9999.0 -9999.0 -9999.0
22016 20240313  2.623 -103.21   29.35    30.2     9.6    19.9    22.4     0.0    22.98 C    50.1     6.3    24.8    22.1     3.5     9.5   0.069   0.096 -99.000 -99.000 -99.000    22.6    21.5 -9999.0 -9999.0 -9999.0
22016 20240314  2.623 -103.21   29.35    29.3    14.4    21.8    22.3     0.0    16.93 C    44.9     9.4    23.4    20.6     3.0     8.3   0.068   0.097 -99.000 -99.000 -99.000    23.0    22.4 -9999.0 -9999.0 -9999.0
22016 20240315  2.623 -103.21   29.35    24.5    10.3    17.4    17.4     0.0    22.29 C    44.5     8.6    22.5    76.5    21.4    44.3   0.066   0.096 -99.000 -99.000 -99.000    22.6    22.3 -9999.0 -9999.0 -9999.0
22016 20240316  2.623 -103.21   29.35    19.5     8.6    14.0    13.5     0.0    13.93 C    39.4     9.5    19.6    90.4    52.6    73.6   0.063   0.093 -99.000 -99.000 -99.000    20.1    20.8 -9999.0 -9999.0 -9999.0
22016 20240317  2.623 -103.21   29.35    20.4    11.1    15.8    14.1     0.0    13.02 C    39.8    11.8    19.7    91.0    45.5    71.4   0.063   0.091 -99.000 -99.000 -99.000    19.6    20.2 -9999.0 -9999.0 -9999.0
22016 20240318  2.623 -103.21   29.35    12.3     9.6    10.9    11.2     0.0     4.05 C    19.7    11.7    14.5    90.0    62.4    73.1   0.059   0.089 -99.000 -99.000 -99.000    16.2    18.0 -9999.0 -9999.0 -9999.0
22016 20240319  2.623 -103.21   29.35    22.1     7.3    14.7    14.2     0.0    22.09 C    40.6     7.4    20.4    80.2    30.9    52.7   0.063   0.089 -99.000 -99.000 -99.000    19.3    18.9 -9999.0 -9999.0 -9999.0
22016 20240320  2.623 -103.21   29.35    23.2     5.3    14.2    14.7     0.0    12.35 C    45.7     5.9    18.3    77.7    27.4    49.4   0.062   0.090 -99.000 -99.000 -99.000    18.6    19.0 -9999.0 -9999.0 -9999.0
22016 20240321  2.623 -103.21   29.35    23.7    11.1    17.4    17.2     0.0    18.53 C    41.4     9.7    20.0    58.2    15.7    33.7   0.063   0.090 -99.000 -99.000 -99.000    19.9    19.7 -9999.0 -9999.0 -9999.0
22016 20240322  2.623 -103.21   29.35    28.5    15.3    21.9    21.3     0.0    23.89 C    49.7    10.6    25.0    24.0     6.5    14.3   0.065   0.093 -99.000 -99.000 -99.000    22.9    21.5 -9999.0 -9999.0 -9999.0
22016 20240323  2.623 -103.21   29.35    28.2    11.8    20.0    21.2     0.0    20.31 C    47.7    10.6    24.6    42.0    10.2    21.6   0.065   0.094 -99.000 -99.000 -99.000    23.5    22.5 -9999.0 -9999.0 -9999.0
22016 20240324  2.623 -103.21   29.35    29.3    13.9    21.6    23.1     0.0    18.63 C    43.7    13.7    25.5    43.0     2.7    14.6   0.065   0.095 -99.000 -99.000 -99.000    24.4    23.3 -9999.0 -9999.0 -9999.0
22016 20240325  2.623 -103.21   29.35    20.4     7.2    13.8    14.3     0.0    24.08 C    38.4     6.8    19.4    35.2     8.7    22.2   0.061   0.092 -99.000 -99.000 -99.000    21.5    22.0 -9999.0 -9999.0 -9999.0
22016 20240326  2.623 -103.21   29.35    20.8     8.6    14.7    14.4     0.0    24.30 C    43.8     5.3    20.3    34.0     9.4    20.7   0.060   0.091 -99.000 -99.000 -99.000    21.0    21.1 -9999.0 -9999.0 -9999.0
22016 20240327  2.623 -103.21   29.35    21.9     7.0    14.4    15.1     0.0    24.65 C    42.4     6.1    20.6    38.6     9.7    20.9   0.060   0.091 -99.000 -99.000 -99.000    21.5    21.4 -9999.0 -9999.0 -9999.0
22016 20240328  2.623 -103.21   29.35    27.0     6.6    16.8    18.2     0.0    25.17 C    47.4     3.6    22.3    24.4     4.0    12.7   0.059   0.090 -99.000 -99.000 -99.000    21.6    21.2 -9999.0 -9999.0 -9999.0
22016 20240329  2.623 -103.21   29.35    32.7    12.0    22.3    22.9     0.0    21.30 C    50.5    10.7    26.6    32.4     2.4    18.0   0.062   0.093 -99.000 -99.000 -99.000    24.9    23.4 -9999.0 -9999.0 -9999.0
22016 20240330  2.623 -103.21   29.35    32.2    10.6    21.4    21.7     0.0    19.61 C    53.5     9.8    25.8    46.2     3.1    23.4   0.062   0.093 -99.000 -99.000 -99.000    25.3    24.2 -9999.0 -9999.0 -9999.0
22016 20240331  2.623 -103.21   29.35    31.7    16.3    24.0    26.7     0.0    14.24 C    43.0    14.7    27.3    48.9     7.3    16.1   0.062   0.093 -99.000 -99.000 -99.000    25.8    24.4 -9999.0 -9999.0 -9999.0
22016 20240401  2.623 -103.21   29.35    32.3    11.2    21.8    25.4     0.0    17.40 C    49.5    11.1    27.9    27.9     7.2    15.7   0.063   0.095 -99.000 -99.000 -99.000    27.4    25.9 -9999.0 -9999.0 -9999.0
22016 20240402  2.623 -103.21   29.35    20.9     9.7    15.3    14.6     0.0    16.01 C    41.6     8.2    18.6    39.4    17.2    27.6   0.056   0.089 -99.000 -99.000 -99.000    21.4    22.6 -9999.0 -9999.0 -9999.0
22016 20240403  2.623 -103.21   29.35    23.8     8.2    16.0    15.9     0.0    25.92 C    50.0     5.6    23.0    38.4     7.1    20.7   0.058   0.088 -99.000 -99.000 -99.000    22.5    22.0 -9999.0 -9999.0 -9999.0
22016 20240404  2.623 -103.21   29.35    27.4     6.7    17.0    18.6     0.0    26.15 C    50.6     5.9    24.5    23.9     4.7    11.5   0.058   0.089 -99.000 -99.000 -99.000    23.9    23.2 -9999.0 -9999.0 -9999.0
22016 20240405  2.623 -103.21   29.35    32.0    16.3    24.1    24.2     0.0    24.62 C    52.2    11.3    27.6    17.1     3.2     9.5   0.060   0.091 -99.000 -99.000 -99.000    25.8    24.5 -9999.0 -9999.0 -9999.0
22016 20240406  2.623 -103.21   29.35    32.2    17.3    24.8    24.9     0.0    24.14 C    53.8    14.5    28.6    17.9     0.3     4.5   0.061   0.094 -99.000 -99.000 -99.000    27.8    26.2 -9999.0 -9999.0 -9999.0
22016 20240407  2.623 -103.21   29.35    28.4    12.4    20.4    20.1     0.0    25.46 C    53.6    10.9    26.8    19.6     3.1     9.4   0.059   0.092 -99.000 -99.000 -99.000    26.4    25.6 -9999.0 -9999.0 -9999.0
22016 20240408  2.623 -103.21   29.35    31.0    10.1    20.6    22.8     0.0    22.08 C    51.5     9.8    26.7    21.5     1.5     9.2   0.058   0.090 -99.000 -99.000 -99.000    25.9    25.2 -9999.0 -9999.0 -9999.0
22016 20240409  2.623 -103.21   29.35    28.2     8.9    18.6    20.4     0.0    26.26 C    50.5    10.7    26.2    51.8     2.8    14.4   0.058   0.092 -99.000 -99.000 -99.000    26.7    25.9 -9999.0 -9999.0 -9999.0
22016 20240410  2.623 -103.21   29.35    27.4     6.6    17.0    17.5     0.0    26.19 C    49.0     6.7    23.7    65.1     7.4    28.8   0.056   0.089 -99.000 -99.000 -99.000    24.7    24.6 -9999.0 -9999.0 -9999.0
22016 20240411  2.623 -103.21   29.35    28.1     6.6    17.4    19.2     0.0    26.61 C    50.8     6.5    25.6    35.7     6.3    17.6   0.056   0.088 -99.000 -99.000 -99.000    25.3    24.7 -9999.0 -9999.0 -9999.0
22016 20240412  2.623 -103.21   29.35    29.9    17.0    23.4    23.5     0.0    20.85 C    49.8    14.5    27.8    20.3     9.8    14.9   0.058   0.089 -99.000 -99.000 -99.000    26.8    25.7 -9999.0 -9999.0 -9999.0
22016 20240413  2.623 -103.21   29.35    34.7    14.4    24.6    25.4     0.0    25.74 C    58.9    14.2    32.0    43.2     8.1    19.2   0.060   0.092 -99.000 -99.000 -99.000    29.5    27.4 -9999.0 -9999.0 -9999.0
22016 20240414  2.623 -103.21   29.35    35.9    14.8    25.3    26.7     0.0    24.40 C    59.4    14.8    33.4    53.7     8.7    28.9   0.061   0.094 -99.000 -99.000 -99.000    31.2    28.8 -9999.0 -9999.0 -9999.0
22016 20240415  2.623 -103.21   29.35    39.3    20.0    29.7    29.1     0.0    21.32 C    61.1    18.7    33.4    58.4     5.1    26.7   0.062   0.096 -99.000 -99.000 -99.000    32.0    30.0 -9999.0 -9999.0 -9999.0
22016 20240416  2.623 -103.21   29.35    32.4    16.4    24.4    24.6     0.0    24.80 C    56.1    14.8    30.3    60.3     1.1     9.1   0.060   0.093 -99.000 -99.000 -99.000    30.3    29.3 -9999.0 -9999.0 -9999.0
22016 20240417  2.623 -103.21   29.35    32.6    19.2    25.9    25.2     0.0    18.80 C    58.0    18.4    30.0    21.6     2.3     5.9   0.058   0.091 -99.000 -99.000 -99.000    29.6    28.6 -9999.0 -9999.0 -9999.0
22016 20240418  2.623 -103.21   29.35    36.3    15.5    25.9    26.8     0.0    27.04 C    59.8    14.9    33.1    59.8     2.7    20.1   0.059   0.092 -99.000 -99.000 -99.000    31.2    29.4 -9999.0 -9999.0 -9999.0
22016 20240419  2.623 -103.21   29.35    30.5    17.3    23.9    23.1     0.0    23.57 C    53.0    17.2    30.2    71.3    26.7    47.4   0.058   0.092 -99.000 -99.000 -99.000    30.4    29.6 -9999.0 -9999.0 -9999.0
22016 20240420  2.623 -103.21   29.35    24.2    12.4    18.3    17.5     0.0     9.15 C    40.8    13.9    22.2    90.5    60.4    74.4   0.054   0.083 -99.000 -99.000 -99.000    25.2    27.0 -9999.0 -9999.0 -9999.0
22016 20240421  2.623 -103.21   29.35    18.3    10.0    14.2    14.0     0.0    16.84 C    37.7    13.6    21.6    88.4    50.2    67.4   0.053   0.071 -99.000 -99.000 -99.000    22.5    24.1 -9999.0 -9999.0 -9999.0
22016 20240422  2.623 -103.21   29.35    26.8    14.3    20.6    19.5     0.0    22.20 C    49.2    15.5    27.3    62.2    30.9    48.0   0.057   0.075 -99.000 -99.000 -99.000    25.8    25.7 -9999.0 -9999.0 -9999.0
22016 20240423  2.623 -103.21   29.35    35.3    11.4    23.4    23.3     0.0    26.60 C    58.3    12.6    31.4    77.3     8.5    43.0   0.060   0.076 -99.000 -99.000 -99.000    29.1    28.1 -9999.0 -9999.0 -9999.0
22016 20240424  2.623 -103.21   29.35    34.7    14.1    24.4    25.4     0.0    25.31 C    57.1    14.6    33.1    83.5    15.7    46.5   0.061   0.076 -99.000 -99.000 -99.000    31.1    30.0 -9999.0 -9999.0 -9999.0
22016 20240425  2.623 -103.21   29.35    33.9    21.7    27.8    27.4     0.0    15.10 C    53.2    20.8    29.9    64.2     4.1    29.0   0.060   0.077 -99.000 -99.000 -99.000    30.2    30.1 -9999.0 -9999.0 -9999.0
22016 20240426  2.623 -103.21   29.35    32.9    17.0    25.0    26.5     0.0    27.91 C    57.5    14.1    32.1    10.9     1.7     5.5   0.060   0.076 -99.000 -99.000 -99.000    30.7    30.1 -9999.0 -9999.0 -9999.0
22016 20240427  2.623 -103.21   29.35    35.0    17.4    26.2    27.6     0.0    26.22 C    57.8    13.6    32.7    11.3     2.2     4.5   0.059   0.077 -99.000 -99.000 -99.000    31.2    30.4 -9999.0 -9999.0 -9999.0
22016 20240428  2.623 -103.21   29.35    29.6    14.5    22.1    22.7     0.0    28.02 C    54.9    13.2    30.2    16.8     5.0    11.4   0.057   0.077 -99.000 -99.000 -99.000    30.6    30.2 -9999.0 -9999.0 -9999.0
22016 20240429  2.623 -103.21   29.35    32.7    14.9    23.8    24.6     0.0    28.04 C    59.3    12.7    32.0    33.3     5.0    10.7   0.057   0.076 -99.000 -99.000 -99.000    30.8    30.3 -9999.0 -9999.0 -9999.0
22016 20240430  2.623 -103.21   29.35    34.7    21.1    27.9    27.9     0.0    21.58 C    57.8    19.8    32.9    59.9     9.5    36.2   0.058   0.077 -99.000 -99.000 -99.000    31.9    31.1 -9999.0 -9999.0 -9999.0
22016 20240501  2.623 -103.21   29.35    36.6    19.7    28.2    26.7     0.0    20.43 C    57.1    20.5    33.0    88.5     5.8    50.3   0.059   0.078 -99.000 -99.000 -99.000    32.3    31.5 -9999.0 -9999.0 -9999.0
22016 20240502  2.623 -103.21   29.35    34.7    16.0    25.4    25.7     0.0    28.18 C    59.1    16.3    33.0    93.5     4.1    33.8   0.059   0.078 -99.000 -99.000 -99.000    32.1    31.4 -9999.0 -9999.0 -9999.0
22016 20240503  2.623 -103.21   29.35    35.9    16.2    26.1    26.6     0.0    24.83 C    59.3    15.5    33.2    79.4     4.1    30.6   0.058   0.078 -99.000 -99.000 -99.000    32.1    31.3 -9999.0 -9999.0 -9999.0
22016 20240504  2.623 -103.21   29.35    37.0    18.0    27.5    26.8     0.0    23.61 C    59.4    18.1    33.5    85.1     1.2    47.1   0.059   0.078 -99.000 -99.000 -99.000    32.6    31.6 -9999.0 -9999.0 -9999.0
22016 20240505  2.623 -103.21   29.35    32.2    20.0    26.1    25.0     0.0    20.77 C    55.9    21.6    33.7    85.7    30.2    61.2   0.060   0.078 -99.000 -99.000 -99.000    32.8    31.9 -9999.0 -9999.0 -9999.0
22016 20240506  2.623 -103.21   29.35    36.1    18.1    27.1    27.3     0.0    28.63 C    59.6    18.0    34.3    81.4     1.6    30.2   0.060   0.080 -99.000 -99.000 -99.000    33.4    32.5 -9999.0 -9999.0 -9999.0
22016 20240507  2.623 -103.21   29.35    35.6    19.2    27.4    28.6     0.0    26.31 C    59.6    17.1    34.0    12.8     2.9     6.8   0.059   0.080 -99.000 -99.000 -99.000    33.2    32.7 -9999.0 -9999.0 -9999.0
22016 20240508  2.623 -103.21   29.35    37.1    20.5    28.8    30.1     0.0    28.72 C    61.2    18.0    35.7    12.1     1.8     5.1   0.059   0.083 -99.000 -99.000 -99.000    34.6    33.3 -9999.0 -9999.0 -9999.0
22016 20240509  2.623 -103.21   29.35    37.4    21.4    29.4    29.6     0.0    29.03 C    61.9    18.0    35.7     9.9     1.9     4.8   0.058   0.083 -99.000 -99.000 -99.000    34.6    33.5 -9999.0 -9999.0 -9999.0
22016 20240510  2.623 -103.21   29.35    27.1    18.7    22.9    22.7     0.0    25.27 C    52.4    19.3    31.2    81.7     6.6    57.8   0.056   0.078 -99.000 -99.000 -99.000    32.1    32.4 -9999.0 -9999.0 -9999.0
22016 20240511  2.623 -103.21   29.35    29.8    16.8    23.3    22.5     0.0    18.86 C    48.6    17.3    29.2    76.2    37.0    57.2   0.055   0.069 -99.000 -99.000 -99.000    29.7    30.4 -9999.0 -9999.0 -9999.0
22016 20240512  2.623 -103.21   29.35    33.7    18.0    25.8    25.0     0.0    17.68 C    49.9    18.2    29.7    87.5     4.4    39.3   0.056   0.069 -99.000 -99.000 -99.000    29.9    30.1 -9999.0 -9999.0 -9999.0
22016 20240513  2.623 -103.21   29.35    34.0    18.4    26.2    26.1     0.0    28.80 C    59.2    14.8    33.1    49.9     3.2    15.8   0.057   0.071 -99.000 -99.000 -99.000    31.6    31.0 -9999.0 -9999.0 -9999.0
22016 20240514  2.623 -103.21   29.35    35.5    16.5    26.0    27.8     0.0    28.18 C    62.0    14.5    34.6    30.1     5.4    15.8   0.058   0.073 -99.000 -99.000 -99.000    32.9    31.8 -9999.0 -9999.0 -9999.0
22016 20240515  2.623 -103.21   29.35    36.0    22.4    29.2    29.3     0.0    24.21 C    56.6    21.2    34.7    40.4     5.2    19.1   0.058   0.076 -99.000 -99.000 -99.000    34.0    33.1 -9999.0 -9999.0 -9999.0
22016 20240516  2.623 -103.21   29.35    33.8    19.8    26.8    27.9     0.0    27.09 C    55.5    20.3    33.9    59.2     3.5    19.3   0.057   0.076 -99.000 -99.000 -99.000    33.9    33.0 -9999.0 -9999.0 -9999.0
22016 20240517  2.623 -103.21   29.35    34.3    13.1    23.7    24.4     0.0    26.59 C    60.8    13.9    32.6    53.2     5.6    23.6   0.056   0.074 -99.000 -99.000 -99.000    32.9    32.1 -9999.0 -9999.0 -9999.0
22016 20240518  2.623 -103.21   29.35    36.4    16.1    26.2    28.7     0.0    28.86 C    61.0    15.8    35.8    32.4     4.7    14.1   0.057   0.075 -99.000 -99.000 -99.000    34.2    32.6 -9999.0 -9999.0 -9999.0
22016 20240519  2.623 -103.21   29.35    39.1    24.7    31.9    32.5     0.0    28.19 C    61.8    21.5    38.3    22.1     5.3    13.5   0.058   0.077 -99.000 -99.000 -99.000    36.1    33.7 -9999.0 -9999.0 -9999.0
22016 20240520  2.623 -103.21   29.35    39.6    20.4    30.0    32.5     0.0    27.35 C    64.7    20.1    39.7    34.5     5.5    15.5   0.059   0.081 -99.000 -99.000 -99.000    37.6    35.0 -9999.0 -9999.0 -9999.0
22016 20240521  2.623 -103.21   29.35    39.9    23.6    31.8    32.4     0.0    27.69 C    63.8    22.6    39.4    51.0     2.5    17.4   0.059   0.086 -99.000 -99.000 -99.000    38.2    36.1 -9999.0 -9999.0 -9999.0
22016 20240522  2.623 -103.21   29.35    40.4    22.2    31.3    31.3     0.0    28.92 C    62.6    23.0    38.7    62.4     2.0    25.4   0.058   0.085 -99.000 -99.000 -99.000    37.8    36.1 -9999.0 -9999.0 -9999.0
22016 20240523  2.623 -103.21   29.35    38.6    21.8    30.2    30.2     0.0    29.66 C    61.8    21.7    37.6    86.2     0.1    28.5   0.058   0.083 -99.000 -99.000 -99.000    37.2    35.9 -9999.0 -9999.0 -9999.0
22016 20240524  2.623 -103.21   29.35    38.0    21.7    29.8    30.2     0.0    30.23 C    62.4    18.1    36.5 -9999.0 -9999.0 -9999.0   0.056   0.078 -99.000 -99.000 -99.000    36.2    35.1 -9999.0 -9999.0 -9999.0
22016 20240525  2.623 -103.21   29.35    40.3    21.8    31.0    32.5     0.0    29.56 C    65.1    20.0    38.8    27.4     0.5     6.9   0.056   0.079 -99.000 -99.000 -99.000    37.1    35.4 -9999.0 -9999.0 -9999.0
22016 20240526  2.623 -103.21   29.35    40.2    23.7    31.9    31.9     0.0    29.51 C    64.5    21.2    38.4    10.2     1.8     4.8   0.056   0.080 -99.000 -99.000 -99.000    37.7    36.1 -9999.0 -9999.0 -9999.0
22016 20240527  2.623 -103.21   29.35    39.9    21.4    30.6    31.7     0.0    26.69 C    66.5    19.1    38.4    30.9     1.9     7.5   0.055   0.078 -99.000 -99.000 -99.000    37.5    35.8 -9999.0 -9999.0 -9999.0
22016 20240528  2.623 -103.21   29.35    38.5    22.9    30.7    30.5     0.0    15.65 C    60.9    24.5    35.1    58.8    12.6    32.4   0.054   0.077 -99.000 -99.000 -99.000    36.2    35.4 -9999.0 -9999.0 -9999.0
22016 20240529  2.623 -103.21   29.35    36.2    19.8    28.0    28.3     0.0    26.75 C    59.9    20.5    37.5    79.3    17.4    42.5   0.056   0.072 -99.000 -99.000 -99.000    36.2    34.4 -9999.0 -9999.0 -9999.0
22016 20240530  2.623 -103.21   29.35    38.9    24.1    31.5    30.2     0.0    24.70 C    63.3    23.8    38.1    60.7     4.4    36.7   0.057   0.075 -99.000 -99.000 -99.000    37.5    35.7 -9999.0 -9999.0 -9999.0
22016 20240531  2.623 -103.21   29.35    37.4    19.0    28.2    28.7     0.0    26.76 C    61.9    19.3    37.1    68.5    10.1    40.9   0.057   0.074 -99.000 -99.000 -99.000    36.8    35.3 -9999.0 -9999.0 -9999.0
22016 20240601  2.623 -103.21   29.35    37.1    20.7    28.9    27.6     0.0    22.86 C    60.7    22.0    35.7    86.8    18.1    53.8   0.057   0.073 -99.000 -99.000 -99.000    36.3    35.2 -9999.0 -9999.0 -9999.0
22016 20240602  2.623 -103.21   29.35    39.9    20.0    30.0    29.1     0.0    25.07 C    63.9    21.6    37.9    73.5    12.2    46.0   0.058   0.072 -99.000 -99.000 -99.000    36.8    35.0 -9999.0 -9999.0 -9999.0
22016 20240603  2.623 -103.21   29.35    40.7    23.0    31.8    32.2     0.0    28.80 C    62.6    23.8    39.4    69.4     2.3    25.5   0.059   0.076 -99.000 -99.000 -99.000    38.3    36.5 -9999.0 -9999.0 -9999.0
22016 20240604  2.623 -103.21   29.35    40.3    21.2    30.7    31.9     0.0    28.34 C    62.4    20.5    37.6    29.0     1.3    10.3   0.058   0.075 -99.000 -99.000 -99.000    37.9    36.2 -9999.0 -9999.0 -9999.0
22016 20240605  2.623 -103.21   29.35    40.2    22.8    31.5    32.9     0.0    25.17 C    64.0    19.5    38.8    27.0     3.9     9.3   0.056   0.074 -99.000 -99.000 -99.000    37.8    35.9 -9999.0 -9999.0 -9999.0
22016 20240606  2.623 -103.21   29.35    38.2    24.0    31.1    31.1     0.0    19.48 C    63.7    23.7    37.2    51.1    20.2    34.5   0.056   0.074 -99.000 -99.000 -99.000    37.9    36.4 -9999.0 -9999.0 -9999.0
22016 20240607  2.623 -103.21   29.35    39.1    22.5    30.8    31.4     0.0    27.98 C    63.1    22.4    39.5    54.7     9.2    33.5   0.057   0.073 -99.000 -99.000 -99.000    38.3    36.1 -9999.0 -9999.0 -9999.0
22016 20240608  2.623 -103.21   29.35    37.1    23.9    30.5    30.8     0.0    22.57 C    65.9    25.2    38.9    44.3    15.6    28.5   0.057   0.074 -99.000 -99.000 -99.000    38.4    36.6 -9999.0 -9999.0 -9999.0
22016 20240609  2.623 -103.21   29.35    37.8    23.8    30.8    30.6     0.0    20.42 C    63.6    25.7    37.2    52.1     7.8    24.9   0.058   0.071 -99.000 -99.000 -99.000    37.2    35.8 -9999.0 -9999.0 -9999.0
22016 20240610  2.623 -103.21   29.35    36.5    21.8    29.2    28.0     0.0    26.94 C    62.2    22.5    37.8    60.2    20.1    42.4   0.059   0.071 -99.000 -99.000 -99.000    37.8    35.8 -9999.0 -9999.0 -9999.0
22016 20240611  2.623 -103.21   29.35    40.0    20.9    30.5    30.5     0.0    27.38 C    65.5    21.9    39.3    57.6     8.3    33.3   0.060   0.072 -99.000 -99.000 -99.000    38.6    36.2 -9999.0 -9999.0 -9999.0
22016 20240612  2.623 -103.21   29.35    38.5    20.7    29.6    29.8     0.0    28.12 C    63.5    22.5    39.7    73.2    11.5    40.6   0.061   0.073 -99.000 -99.000 -99.000    39.5    37.0 -9999.0 -9999.0 -9999.0
22016 20240613  2.623 -103.21   29.35    39.3    21.9    30.6    30.7     0.0    28.32 C    64.8    22.5    39.7    53.9     8.4    32.4   0.061   0.073 -99.000 -99.000 -99.000    39.5    37.0 -9999.0 -9999.0 -9999.0
22016 20240614  2.623 -103.21   29.35    38.2    22.7    30.4    31.8     0.0    28.48 C    61.9    23.4    40.2    50.3    14.3    30.9   0.061   0.073 -99.000 -99.000 -99.000    39.6    37.2 -9999.0 -9999.0 -9999.0
22016 20240615  2.623 -103.21   29.35    39.0    25.5    32.3    32.3     0.0    25.98 C    61.3    25.7    40.3    44.8    17.6    30.7   0.061   0.073 -99.000 -99.000 -99.000    39.7    37.2 -9999.0 -9999.0 -9999.0
22016 20240616  2.623 -103.21   29.35    39.8    21.4    30.6    31.2     5.4    22.85 C    55.9    21.8    35.2    75.9    13.4    33.8   0.068   0.070 -99.000 -99.000 -99.000    36.5    35.9 -9999.0 -9999.0 -9999.0
22016 20240617  2.623 -103.21   29.35    40.6    21.2    30.9    32.1     0.0    27.78 C    61.1    20.7    38.4    55.4    12.3    29.4   0.085   0.069 -99.000 -99.000 -99.000    36.6    35.1 -9999.0 -9999.0 -9999.0
22016 20240618  2.623 -103.21   29.35    39.7    24.9    32.3    32.2     0.0    27.73 C    63.4    24.3    40.6    59.1    17.2    35.0   0.087   0.073 -99.000 -99.000 -99.000    38.9    36.8 -9999.0 -9999.0 -9999.0
22016 20240619  2.623 -103.21   29.35    36.5    24.0    30.2    29.3     0.0    27.77 C    61.1    24.4    37.8    63.1    24.7    44.3   0.080   0.073 -99.000 -99.000 -99.000    38.2    36.8 -9999.0 -9999.0 -9999.0
22016 20240620  2.623 -103.21   29.35    28.2    20.7    24.4    23.2     2.6     8.96 C    38.4    23.1    27.6    95.2    51.6    76.1   0.070   0.068 -99.000 -99.000 -99.000    30.6    32.5 -9999.0 -9999.0 -9999.0
22016 20240621  2.623 -103.21   29.35    33.0    20.8    26.9    25.8     0.0    24.27 C    56.1    21.5    33.3    92.2    28.6    59.7   0.076   0.067 -99.000 -99.000 -99.000    32.7    31.6 -9999.0 -9999.0 -9999.0
22016 20240622  2.623 -103.21   29.35    34.5    22.2    28.4    27.7     0.0    28.56 C    58.5    21.1    36.6    63.1    22.4    42.8   0.083   0.070 -99.000 -99.000 -99.000    35.3    33.6 -9999.0 -9999.0 -9999.0
22016 20240623  2.623 -103.21   29.35    35.9    19.1    27.5    28.3     0.0    26.88 C    62.8    20.0    38.1    68.0    23.3    42.7   0.079   0.073 -99.000 -99.000 -99.000    37.0    34.9 -9999.0 -9999.0 -9999.0
22016 20240624  2.623 -103.21   29.35    38.1    22.0    30.1    30.4     0.0    27.83 C    62.9    23.0    39.9    60.8    20.0    40.0   0.076   0.075 -99.000 -99.000 -99.000    38.8    36.1 -9999.0 -9999.0 -9999.0
22016 20240625  2.623 -103.21   29.35    39.5    24.3    31.9    31.8     0.0    27.75 C    65.4    24.4    41.4    60.3    17.7    39.1   0.074   0.076 -99.000 -99.000 -99.000    39.9    37.0 -9999.0 -9999.0 -9999.0
22016 20240626  2.623 -103.21   29.35    39.5    23.2    31.3    31.5     0.0    27.19 C    63.9    25.1    41.0    68.5    18.0    43.2   0.073   0.077 -99.000 -99.000 -99.000    40.5    37.8 -9999.0 -9999.0 -9999.0
22016 20240627  2.623 -103.21   29.35    37.4    23.2    30.3    30.6     0.0    25.82 C    62.5    24.2    39.6    66.2    20.4    41.1   0.070   0.075 -99.000 -99.000 -99.000    39.5    37.4 -9999.0 -9999.0 -9999.0
22016 20240628  2.623 -103.21   29.35    39.4    24.1    31.7    31.8     0.0    28.34 C    64.3    23.1    40.5    54.6    14.2    30.3   0.069   0.074 -99.000 -99.000 -99.000    39.9    37.3 -9999.0 -9999.0 -9999.0
22016 20240629  2.623 -103.21   29.35    38.6    24.5    31.5    31.2     0.0    28.06 C    63.8    25.1    40.1    57.9    16.0    38.0   0.068   0.075 -99.000 -99.000 -99.000    40.0    37.7 -9999.0 -9999.0 -9999.0
22016 20240630  2.623 -103.21   29.35    38.0    24.7    31.4    29.9     1.0    24.36 C    62.1    24.8    36.6    58.0    15.4    39.8   0.066   0.072 -99.000 -99.000 -99.000    37.4    36.4 -9999.0 -9999.0 -9999.0
22016 20240701  2.623 -103.21   29.35    37.3    23.1    30.2    29.6     0.0    27.90 C    63.2    22.4    38.2    62.6    20.6    42.1   0.068   0.071 -99.000 -99.000 -99.000    37.5    35.7 -9999.0 -9999.0 -9999.0
22016 20240702  2.623 -103.21   29.35 -9999.0 -9999.0 -9999.0 -9999.0 -9999.0 -9999.00 U -9999.0 -9999.0 -9999.0 -9999.0 -9999.0 -9999.0 -99.000 -99.000 -99.000 -99.000 -99.000 -9999.0 -9999.0 -9999.0 -9999.0 -9999.0
