63898 20240101  2.622  -86.57   38.89     2.4    -0.4     1.0     0.9     0.2     1.92 C     5.2    -0.4     1.2    90.1    82.4    86.4   0.373   0.369   0.369   0.304   0.284     4.5     4.7     5.3     6.1     8.1
63898 20240102  2.622  -86.57   38.89     1.1    -1.4    -0.2    -0.1     0.0     2.62 C     3.5    -4.3    -0.3    84.9    74.2    79.0   0.369   0.366   0.366   0.301   0.282     4.4     4.5     5.2     6.0     7.9
63898 20240103  2.622  -86.57   38.89     5.4    -4.6     0.4     0.1     0.0     6.70 C     8.9    -6.6    -0.4    97.0    66.1    83.9   0.366   0.363   0.364   0.300   0.281     3.7     3.8     4.6     5.6     7.7
63898 20240104  2.622  -86.57   38.89     2.6    -3.1    -0.3     0.2     0.0     3.45 C     6.1    -7.4    -0.6    83.3    59.9    73.6   0.363   0.361   0.362   0.299   0.278     3.9     4.0     4.6     5.4     7.5
63898 20240105  2.622  -86.57   38.89     3.4    -6.3    -1.5    -0.9     0.0     5.09 C     5.7    -8.7    -2.0    90.5    60.8    77.0   0.360   0.359   0.360   0.298   0.276     3.0     3.2     4.1     5.1     7.3
63898 20240106  2.622  -86.57   38.89     3.3     0.0     1.6     1.7     3.0     1.59 C     4.8    -0.2     1.8    98.4    72.5    94.7   0.363   0.359   0.359   0.298   0.276     3.7     3.7     4.2     4.9     7.0
63898 20240107  2.622  -86.57   38.89     2.6     0.5     1.5     1.4     1.9     1.41 C     4.5     0.2     1.5    97.9    85.5    92.2   0.382   0.370   0.364   0.297   0.274     4.0     4.1     4.4     5.1     6.9
63898 20240108  2.622  -86.57   38.89     4.5    -2.4     1.0     1.4     6.0     4.29 C     6.2    -4.6     0.3    93.4    71.1    82.5   0.382   0.374   0.369   0.297   0.272     3.7     3.8     4.3     5.1     6.9
63898 20240109  2.622  -86.57   38.89     8.3     0.7     4.5     4.2    34.1     1.50 C     8.0     0.2     3.9    99.4    89.0    94.9   0.402   0.402   0.393   0.334   0.396     4.3     4.2     4.3     4.9     6.6
63898 20240110  2.622  -86.57   38.89     1.1    -1.8    -0.4     0.2     1.7     1.07 C     0.9    -3.8    -0.1    94.9    83.6    88.9   0.395   0.392   0.387   0.321   0.360     3.7     3.8     4.3     5.0     6.6
63898 20240111  2.622  -86.57   38.89     7.1    -2.2     2.5     3.7     0.0     8.26 C    12.0    -4.0     1.8    94.3    62.4    73.5   0.386   0.382   0.382   0.314   0.338     3.6     3.6     4.0     4.7     6.5
63898 20240112  2.622  -86.57   38.89     8.0    -4.0     2.0     4.1    31.7     0.26 C     7.1    -3.1     3.3    98.1    62.5    86.6   0.403   0.399   0.394   0.338   0.400     4.2     4.2     4.4     4.8     6.2
63898 20240113  2.622  -86.57   38.89    -3.8    -8.8    -6.3    -6.1     2.5     4.68 C    -1.4    -9.1    -5.4    87.2    75.3    80.2   0.394   0.387   0.389   0.322   0.356     2.7     3.0     3.8     4.7     6.3
63898 20240114  2.622  -86.57   38.89 -9999.0 -9999.0 -9999.0 -9999.0     0.3 -9999.00 U -9999.0 -9999.0 -9999.0 -9999.0 -9999.0 -9999.0 -99.000 -99.000 -99.000 -99.000 -99.000 -9999.0 -9999.0 -9999.0 -9999.0 -9999.0
63898 20240115  2.622  -86.57   38.89   -12.2   -19.0   -15.6   -15.8     0.0     6.98 C    -1.8   -14.4    -9.7    79.1    55.5    69.2   0.373   0.373   0.375   0.311   0.307     1.0     1.1     2.2     3.3     5.9
63898 20240116  2.622  -86.57   38.89   -10.8   -16.2   -13.5   -13.8     0.0     9.91 C    -2.9   -15.1   -10.4    81.1    52.6    70.0 -99.000   0.370   0.368   0.309   0.302     0.4     0.4     1.6     2.7     5.5
63898 20240117  2.622  -86.57   38.89    -1.9   -14.9    -8.4    -8.8     0.0     9.07 C     1.3   -14.9    -8.6    72.3    39.8    57.1 -99.000 -99.000   0.364   0.307   0.297     0.0    -0.2     1.1     2.2     5.2
63898 20240118  2.622  -86.57   38.89     0.3    -5.0    -2.3    -2.5     0.0     4.33 C     8.2    -6.9    -2.0    82.9    43.6    49.9 -99.000 -99.000   0.365   0.306   0.295    -0.1    -0.1     0.8     1.9     4.9
63898 20240119  2.622  -86.57   38.89    -3.3   -15.5    -9.4    -8.9     2.9     8.44 C    -3.0   -17.1    -8.8    93.9    62.7    78.7 -99.000 -99.000   0.362   0.304   0.291     0.0     0.0     0.7     1.8     4.6
63898 20240120  2.622  -86.57   38.89    -9.0   -19.0   -14.0   -14.4     0.0    10.58 C    -5.6   -20.4   -14.6    83.0    59.4    73.9 -99.000 -99.000   0.360   0.302   0.287    -0.2    -0.1     0.7     1.7     4.4
63898 20240121  2.622  -86.57   38.89    -3.9   -18.8   -11.3   -10.8     0.0    10.02 C     1.4   -18.8   -10.8    90.3    50.5    72.9 -99.000 -99.000   0.356   0.301   0.284    -0.3    -0.4     0.5     1.5     4.2
63898 20240122  2.622  -86.57   38.89     5.0    -9.0    -2.0    -0.6     0.2     5.40 C     8.0   -11.1    -0.9    71.5    37.5    54.7 -99.000 -99.000   0.354   0.301   0.285    -0.3    -0.3     0.4     1.4     4.1
63898 20240123  2.622  -86.57   38.89     7.7     1.7     4.7     5.0    18.9     0.54 C     6.3     0.8     3.4   100.0    58.4    92.1 -99.000 -99.000   0.366   0.319   0.317    -0.1    -0.1     0.4     1.3     3.8
63898 20240124  2.622  -86.57   38.89    13.3     7.5    10.4    10.9    20.8     0.42 C    11.5     5.0     8.3   100.0    99.5   100.0 -99.000 -99.000   0.389   0.343   0.438     0.1     0.1     0.4     1.1     3.5
63898 20240125  2.622  -86.57   38.89    13.1     9.9    11.5    11.8     7.6     1.26 C    12.0     6.8     9.8   100.0    99.9   100.0   0.400   0.399   0.388   0.339   0.395     3.3     1.5     1.0     1.5     3.5
63898 20240126  2.622  -86.57   38.89    10.8     4.9     7.9     5.9     0.2     1.74 C     9.7     4.2     5.7   100.0    94.7    97.9   0.400   0.396   0.385   0.331   0.373     5.1     4.1     3.3     3.1     3.7
63898 20240127  2.622  -86.57   38.89     4.9     3.9     4.4     4.4    17.8     0.98 C     6.3     3.6     4.3    99.0    95.0    97.2   0.398   0.400   0.388   0.332   0.381     4.5     4.2     3.8     4.0     4.2
63898 20240128  2.622  -86.57   38.89     5.3     2.7     4.0     3.9     9.3     1.35 C     6.1     2.1     3.7    96.9    87.1    93.1   0.410   0.406   0.395   0.339   0.382     4.3     4.1     3.9     4.2     4.6
63898 20240129  2.622  -86.57   38.89     2.7    -0.6     1.1     0.6     0.0     2.38 C     4.6    -0.1     1.5    94.8    86.5    89.7   0.391   0.391   0.389   0.323   0.352     3.7     3.7     3.7     4.2     4.8
63898 20240130  2.622  -86.57   38.89     3.6    -0.6     1.5     1.8     2.4     0.64 C     4.0    -0.1     1.9    99.0    94.3    96.6   0.396   0.395   0.388   0.322   0.347     3.4     3.3     3.4     4.0     4.9
63898 20240131  2.622  -86.57   38.89     6.6     2.0     4.3     3.9     0.0     4.43 C    12.5    -1.1     3.7    94.2    69.1    83.8   0.393   0.392   0.388   0.322   0.344     4.1     3.9     3.7     4.1     5.0
63898 20240201  2.622  -86.57   38.89    15.7     1.1     8.4     7.3     0.0    10.24 C    17.9    -1.8     5.2    91.0    51.2    74.0   0.383   0.383   0.383   0.319   0.337     4.3     4.2     4.0     4.4     5.1
63898 20240202  2.622  -86.57   38.89     9.7     1.6     5.7     6.2     0.0     5.97 C    16.0    -0.6     4.6    94.8    68.3    80.0   0.377   0.378   0.378   0.316   0.326     5.1     5.0     4.7     5.0     5.3
63898 20240203  2.622  -86.57   38.89    11.1    -1.5     4.8     4.3     0.0    12.54 C    13.0    -3.0     3.1    93.6    45.9    72.9   0.369   0.371   0.375   0.314   0.315     4.3     4.4     4.4     4.9     5.5
63898 20240204  2.622  -86.57   38.89    13.5     1.4     7.4     6.4     0.0    10.00 C    16.5    -2.0     4.2    80.2    34.6    62.1   0.361   0.366   0.371   0.312   0.310     4.4     4.4     4.3     4.8     5.5
63898 20240205  2.622  -86.57   38.89    13.3    -0.5     6.4     5.7     0.0    13.17 C    16.8    -3.7     3.4    73.2    25.9    51.5   0.354   0.359   0.368   0.311   0.303     4.2     4.3     4.3     4.9     5.6
63898 20240206  2.622  -86.57   38.89     7.8    -1.2     3.3     2.7     0.0    10.26 C    13.4    -3.7     2.3    90.7    53.0    73.5   0.348   0.355   0.366   0.309   0.297     4.1     4.3     4.3     4.8     5.6
63898 20240207  2.622  -86.57   38.89    14.3    -2.7     5.8     6.0     0.0    10.69 C    18.5    -4.2     3.9    89.7    36.7    63.4   0.343   0.351   0.363   0.308   0.294     4.0     4.2     4.2     4.7     5.6
63898 20240208  2.622  -86.57   38.89    16.8     6.6    11.7    12.2     0.0     7.37 C    19.9    -0.1     8.7    62.4    37.7    51.6   0.340   0.349   0.363   0.307   0.292     5.4     5.2     4.8     5.1     5.7
63898 20240209  2.622  -86.57   38.89    17.4    12.4    14.9    14.3     0.0     8.34 C    20.7     8.5    12.3    90.7    58.9    71.6   0.336   0.346   0.363   0.306   0.291     7.7     7.4     6.4     6.2     5.9
63898 20240210  2.622  -86.57   38.89    14.3     3.2     8.8     9.0     7.4     5.21 C    14.6     2.8     8.8    99.5    63.8    82.6   0.385   0.377   0.373   0.304   0.290     8.4     8.3     7.5     7.4     6.4
63898 20240211  2.622  -86.57   38.89    10.0     0.4     5.2     4.6     0.0    13.69 C    15.7    -1.4     4.6    83.4    41.9    65.8   0.377   0.376   0.372   0.304   0.288     6.5     6.8     6.7     7.1     6.8
63898 20240212  2.622  -86.57   38.89    10.2    -0.2     5.0     4.4     0.0    11.03 C    16.2    -2.1     3.9    83.7    41.6    64.6   0.366   0.368   0.369   0.304   0.288     5.6     5.9     6.0     6.6     6.9
63898 20240213  2.622  -86.57   38.89    11.3    -1.1     5.1     5.1     0.0    12.77 C    17.3    -4.3     3.6    78.8    35.7    56.0   0.357   0.362   0.367   0.304   0.287     5.0     5.3     5.5     6.1     6.9
63898 20240214  2.622  -86.57   38.89    12.2     1.3     6.8     6.6     0.0    13.97 C    17.7    -1.7     5.1    73.9    41.9    56.5   0.350   0.357   0.365   0.304   0.286     5.6     5.8     5.6     6.1     6.8
63898 20240215  2.622  -86.57   38.89    14.1     2.4     8.3     7.2     0.0    12.86 C    19.9    -2.1     4.7    76.6    46.4    61.9   0.344   0.352   0.364   0.303   0.285     5.7     5.9     5.8     6.2     6.8
63898 20240216  2.622  -86.57   38.89     3.4    -3.6    -0.1     0.1    12.1     1.64 C     5.0    -7.8    -1.1    97.9    47.6    71.7   0.338   0.347   0.362   0.302   0.284     4.5     4.7     5.3     6.0     6.8
63898 20240217  2.622  -86.57   38.89    -3.6   -11.0    -7.3    -8.1     0.0    15.50 C    -6.1   -17.2   -12.3    91.6    50.9    72.1   0.336   0.345   0.361   0.302   0.283     4.0     4.1     4.6     5.3     6.6
63898 20240218  2.622  -86.57   38.89     4.3   -11.1    -3.4    -2.8     0.0    15.44 C    -0.5   -17.9    -7.8    73.3    43.9    59.0   0.338   0.347   0.360   0.302   0.283     3.7     3.7     4.2     4.9     6.4
63898 20240219  2.622  -86.57   38.89     9.9    -6.5     1.7     2.0     0.0    15.60 C     5.3   -11.6    -3.7    88.1    34.5    59.9   0.365   0.364   0.367   0.305   0.282     3.2     3.2     3.8     4.5     6.2
63898 20240220  2.622  -86.57   38.89    14.7    -1.4     6.6     6.8     0.0    15.36 C    17.1    -5.7     2.7    79.0    27.6    51.5   0.395   0.383   0.378   0.316   0.285     3.3     3.5     3.6     4.2     5.9
63898 20240221  2.622  -86.57   38.89    19.3     1.5    10.4    11.1     0.0    13.85 C    20.2    -2.3     7.5    63.4    32.9    48.3   0.386   0.378   0.374   0.314   0.289     4.6     4.7     4.3     4.8     5.8
63898 20240222  2.622  -86.57   38.89    15.9     7.7    11.8    13.3     7.0     1.28 C    19.2     3.3    10.9    94.3    45.9    74.2   0.389   0.382   0.380   0.316   0.299     7.3     7.1     6.1     6.1     6.0
63898 20240223  2.622  -86.57   38.89    11.7     3.9     7.8     7.9     0.0    15.35 C    15.8     0.7     6.3   100.0    44.9    71.9   0.396   0.389   0.388   0.320   0.331     6.7     6.9     6.5     6.7     6.4
63898 20240224  2.622  -86.57   38.89     8.4    -3.2     2.6     1.6     0.0     7.72 C    10.9    -5.1     1.8    83.3    57.8    70.6   0.380   0.379   0.381   0.316   0.320     5.6     6.0     6.1     6.6     6.7
63898 20240225  2.622  -86.57   38.89    15.4    -3.7     5.9     5.7     0.0    12.28 C    15.8    -5.9     3.1    87.2    36.0    62.1   0.370   0.371   0.376   0.314   0.306     4.6     4.8     5.1     5.8     6.7
63898 20240226  2.622  -86.57   38.89    23.5     1.7    12.6    14.3     0.0    15.34 C    24.0    -1.0    10.6    81.3    24.4    52.6   0.363   0.366   0.373   0.312   0.301     6.3     6.3     5.7     6.0     6.6
63898 20240227  2.622  -86.57   38.89    20.8    16.0    18.4    18.6     0.0     2.40 C    19.1    13.8    16.0    79.7    61.5    70.9   0.357   0.361   0.372   0.310   0.298     9.6     9.3     7.8     7.6     6.8
63898 20240228  2.622  -86.57   38.89    21.9    -3.3     9.3     3.8     3.1    11.87 C    19.0    -6.0     4.3    90.7    44.9    67.7   0.360   0.358   0.369   0.308   0.294     8.6     8.8     8.5     8.6     7.4
63898 20240229  2.622  -86.57   38.89     7.0    -5.8     0.6     0.5     0.0    16.34 C    14.3    -8.4     0.4    67.7    30.1    44.7   0.359   0.357   0.365   0.306   0.290     5.1     5.7     6.2     7.1     7.6
63898 20240301  2.622  -86.57   38.89     5.8    -0.6     2.6     2.8     0.6     2.48 C     7.8    -5.1     2.0   100.0    42.7    72.9   0.356   0.355   0.364   0.306   0.289     4.7     5.1     5.5     6.3     7.4
63898 20240302  2.622  -86.57   38.89     9.3     4.7     7.0     6.3     0.3     3.59 C    10.8     0.3     6.0   100.0    81.7    94.5   0.358   0.355   0.363   0.305   0.289     6.2     6.1     5.9     6.3     7.1
63898 20240303  2.622  -86.57   38.89    21.2     2.6    11.9    11.7     0.0    16.13 C    22.9     0.2    10.0   100.0    36.1    77.5   0.357   0.355   0.362   0.304   0.287     7.1     7.0     6.5     6.7     7.1
63898 20240304  2.622  -86.57   38.89    24.7    12.9    18.8    18.1     0.0    11.57 C    26.9     8.0    15.3    98.1    45.3    75.4   0.352   0.351   0.362   0.303   0.287     9.7     9.5     8.2     8.0     7.3
63898 20240305  2.622  -86.57   38.89    19.9    13.2    16.6    17.2     9.1     5.49 C    24.2    11.8    15.6    94.1    71.0    83.9   0.356   0.349   0.361   0.302   0.286    11.3    11.1     9.7     9.4     7.8
63898 20240306  2.622  -86.57   38.89    13.5     8.0    10.7    10.3     0.5     3.62 C    14.8     8.6    10.9    99.9    87.0    95.4   0.399   0.385   0.381   0.302   0.285    11.2    11.1    10.3    10.2     8.4
63898 20240307  2.622  -86.57   38.89    12.7     7.4    10.1     9.5     0.7     5.58 C    15.4     7.5     9.9    94.2    76.2    87.4   0.388   0.380   0.377   0.301   0.285    10.3    10.3     9.9    10.0     8.9
63898 20240308  2.622  -86.57   38.89    14.3     9.2    11.8    11.8    12.8     2.85 C    18.8     8.9    11.7    99.6    90.8    96.2   0.406   0.395   0.389   0.309   0.284    10.5    10.4     9.9     9.9     9.0
63898 20240309  2.622  -86.57   38.89    13.6     4.3     8.9     7.3     1.3     3.96 C    13.0     2.9     7.3    98.6    61.3    82.8   0.408   0.400   0.397   0.329   0.333    10.1    10.2    10.0    10.1     9.2
63898 20240310  2.622  -86.57   38.89     9.0    -1.1     3.9     3.6     0.0    19.39 C    14.7    -4.0     3.1    81.8    31.3    53.8   0.390   0.384   0.387   0.319   0.326     7.9     8.1     8.6     9.1     9.3
63898 20240311  2.622  -86.57   38.89    15.2    -4.0     5.6     7.1     0.0    19.16 C    19.9    -5.8     5.0    86.3    31.2    49.8   0.378   0.375   0.379   0.316   0.317     7.3     7.4     7.7     8.3     9.0
63898 20240312  2.622  -86.57   38.89    20.0     8.4    14.2    14.0     0.0    18.04 C    22.6     1.8    10.5    54.4    28.0    42.6   0.367   0.367   0.375   0.313   0.310     8.6     8.6     8.1     8.4     8.8
63898 20240313  2.622  -86.57   38.89    23.3     9.1    16.2    16.5     0.0    18.03 C    25.3     3.4    13.1    72.1    33.5    53.0   0.353   0.358   0.371   0.311   0.304    10.0    10.0     9.1     9.1     8.8
63898 20240314  2.622  -86.57   38.89    23.5    12.4    18.0    17.9    16.5     8.06 C    23.6     7.9    15.2    91.8    63.6    76.1   0.366   0.366   0.372   0.311   0.300    11.6    11.4    10.3    10.1     9.1
63898 20240315  2.622  -86.57   38.89    14.5     8.3    11.4    10.8     0.3     4.76 C    16.6     2.8     9.8    97.5    60.7    83.0   0.405   0.397   0.397   0.325   0.348    11.7    11.7    11.1    11.0     9.5
63898 20240316  2.622  -86.57   38.89    17.1     2.8    10.0    11.2     0.0    17.36 C    19.7    -0.3     9.0    90.3    37.9    60.7   0.389   0.385   0.387   0.319   0.340    10.2    10.3    10.1    10.4     9.8
63898 20240317  2.622  -86.57   38.89     9.9     0.2     5.0     5.5     0.0    17.93 C    15.7    -1.9     5.0    68.6    33.8    47.9   0.375   0.374   0.379   0.315   0.322     9.4     9.6     9.7    10.1     9.8
63898 20240318  2.622  -86.57   38.89     2.0    -2.8    -0.4    -0.4     0.0     5.79 C     5.9    -4.6    -0.4    69.1    47.8    59.1   0.366   0.367   0.374   0.312   0.306     7.0     7.3     8.2     9.0     9.7
63898 20240319  2.622  -86.57   38.89    12.8    -3.4     4.7     4.7     0.0    20.58 C    15.9    -6.0     4.2    73.3    29.8    51.0   0.359   0.362   0.370   0.311   0.299     6.6     6.6     7.2     7.9     9.3
63898 20240320  2.622  -86.57   38.89    12.6     1.8     7.2     8.0     0.0    15.81 C    17.7    -2.6     6.0    70.1    25.0    40.8   0.351   0.355   0.368   0.309   0.295     7.4     7.5     7.5     8.0     8.9
63898 20240321  2.622  -86.57   38.89     9.2    -2.4     3.4     3.2     0.0    19.24 C    16.1    -4.5     3.7    61.4    33.7    45.4   0.343   0.348   0.366   0.308   0.291     6.9     7.0     7.3     7.8     8.7
63898 20240322  2.622  -86.57   38.89     9.7     1.6     5.7     5.9     0.0     3.13 C     9.9    -1.6     4.2    68.2    42.3    50.8   0.334   0.342   0.364   0.307   0.289     6.7     6.8     7.1     7.7     8.6
63898 20240323  2.622  -86.57   38.89     9.2     0.7     5.0     4.7     0.0    20.12 C    17.5    -2.3     5.6    83.4    37.6    58.2   0.326   0.337   0.362   0.306   0.288     7.2     7.2     7.2     7.6     8.4
63898 20240324  2.622  -86.57   38.89    13.4    -0.4     6.5     6.1     0.0    20.45 C    18.1    -2.6     6.2    70.3    30.3    49.1   0.314   0.328   0.358   0.304   0.286     7.2     7.3     7.2     7.7     8.4
63898 20240325  2.622  -86.57   38.89    19.8     8.0    13.9    14.1     2.1    11.56 C    20.8     4.4    11.8    73.7    35.3    44.4   0.302   0.319   0.354   0.303   0.285     8.3     8.3     7.8     8.0     8.4
63898 20240326  2.622  -86.57   38.89    18.6     5.4    12.0    12.6     5.6     8.95 C    19.8     4.5    11.6    93.0    53.4    73.9   0.302   0.314   0.350   0.301   0.284    10.0     9.8     9.0     8.9     8.5
63898 20240327  2.622  -86.57   38.89     9.5     2.0     5.7     5.1     0.0    16.55 C    19.7    -1.5     5.9    78.5    44.6    63.1   0.304   0.313   0.346   0.300   0.283     9.1     9.3     9.0     9.2     8.8
63898 20240328  2.622  -86.57   38.89    14.9    -1.6     6.6     7.7     0.0    21.77 C    21.6    -4.6     6.8    88.6    34.1    54.9   0.300   0.309   0.341   0.299   0.282     8.5     8.6     8.5     8.9     8.9
63898 20240329  2.622  -86.57   38.89    21.3     7.2    14.2    14.6     0.0    20.81 C    25.0     4.0    11.9    67.0    23.8    42.4   0.291   0.304   0.336   0.297   0.282     9.8     9.7     9.1     9.2     9.0
63898 20240330  2.622  -86.57   38.89    24.1    11.3    17.7    18.4     0.0    18.15 C    25.5     3.3    15.0    72.6    36.7    47.0   0.277   0.296   0.329   0.294   0.281    11.1    10.9    10.0    10.0     9.2
63898 20240331  2.622  -86.57   38.89    22.1    10.3    16.2    16.0     0.0    14.54 C    26.4     9.1    15.9    91.5    61.5    76.9   0.266   0.289   0.323   0.291   0.280    12.5    12.3    11.1    10.9     9.5
63898 20240401  2.622  -86.57   38.89    24.4    17.4    20.9    21.2     0.6     7.91 C    27.7    16.5    19.1    88.4    61.8    73.1   0.260   0.286   0.318   0.288   0.279    14.0    13.8    12.3    12.0    10.0
63898 20240402  2.622  -86.57   38.89 -9999.0 -9999.0 -9999.0 -9999.0 -9999.0 -9999.00 U -9999.0 -9999.0 -9999.0 -9999.0 -9999.0 -9999.0 -99.000 -99.000 -99.000 -99.000 -99.000 -9999.0 -9999.0 -9999.0 -9999.0 -9999.0
63898 20240403  2.622  -86.57   38.89 -9999.0 -9999.0 -9999.0 -9999.0 -9999.0 -9999.00 U -9999.0 -9999.0 -9999.0 -9999.0 -9999.0 -9999.0 -99.000 -99.000 -99.000 -99.000 -99.000 -9999.0 -9999.0 -9999.0 -9999.0 -9999.0
63898 20240404  2.622  -86.57   38.89     6.0     1.9     3.9     3.2     2.5     8.00 C    12.1     0.7     4.5    97.4    74.2    89.0 -99.000 -99.000 -99.000 -99.000 -99.000    10.1    10.1    10.5    11.4    10.9
63898 20240405  2.622  -86.57   38.89     8.3     1.9     5.1     5.1     0.5     7.43 C    12.1    -0.3     5.0    97.3    59.2    79.3 -99.000 -99.000 -99.000 -99.000 -99.000     9.4     9.4     9.8    10.7    10.7
63898 20240406  2.622  -86.57   38.89    13.9     1.1     7.5     7.6     0.5    24.06 C    20.6    -1.8     7.5    77.8    37.4    58.7 -99.000 -99.000 -99.000 -99.000 -99.000     9.7     9.6     9.5    10.3    10.5
63898 20240407  2.622  -86.57   38.89    18.8     4.2    11.5    11.5     2.0    17.30 C    20.2     0.9     9.9    86.3    41.0    59.9 -99.000 -99.000 -99.000 -99.000 -99.000    10.2    10.2     9.9    10.5    10.3
63898 20240408  2.622  -86.57   38.89    24.1     8.5    16.3    17.2     1.2    19.53 C    26.3     5.0    14.5    97.6    31.5    67.5 -99.000 -99.000 -99.000 -99.000 -99.000    12.0    11.7    10.8    11.0    10.3
63898 20240409  2.622  -86.57   38.89    20.4    14.7    17.5    17.3     3.4     6.52 C    21.0     9.5    16.0    97.2    68.1    82.8 -99.000 -99.000 -99.000 -99.000 -99.000    13.1    12.9    11.9    12.0    10.5
63898 20240410  2.622  -86.57   38.89    15.9    13.5    14.7    14.7    28.4     1.72 C    16.2    13.3    14.6    99.9    96.2    98.7 -99.000 -99.000 -99.000 -99.000 -99.000    13.5    13.4    12.6    12.7    10.9
63898 20240411  2.622  -86.57   38.89    17.1     9.7    13.4    13.3    23.8     3.43 C    20.3     8.9    13.2    99.9    82.6    94.4 -99.000 -99.000 -99.000 -99.000 -99.000    13.7    13.6    13.1    13.4    11.7
63898 20240412  2.622  -86.57   38.89    16.2     7.4    11.8    10.8     3.5     9.41 C    17.9     4.9     9.4    94.2    42.9    74.1 -99.000 -99.000 -99.000 -99.000 -99.000    12.5    12.5    12.4    12.8    11.6
63898 20240413  2.622  -86.57   38.89    21.0     7.0    14.0    14.6     0.3    24.68 C    22.6     2.4    11.6    67.7    31.6    47.5 -99.000 -99.000 -99.000 -99.000 -99.000    12.5    12.3    12.0    12.4    11.6
63898 20240414  2.622  -86.57   38.89    26.8    14.8    20.8    21.8     0.2    23.62 C    26.4     8.2    18.1    59.9    41.0    49.1 -99.000 -99.000 -99.000 -99.000 -99.000    14.1    13.7    12.9    13.0    11.6
63898 20240415  2.622  -86.57   38.89    29.5    17.5    23.5    23.3     0.4    22.94 C    29.3    13.7    20.3    81.8    35.0    58.4 -99.000 -99.000 -99.000 -99.000 -99.000    15.8    15.4    14.1    13.9    11.8
63898 20240416  2.622  -86.57   38.89    27.1    17.8    22.4    22.7     0.3    17.34 C    27.2    14.2    20.2    79.0    37.6    57.7 -99.000 -99.000 -99.000 -99.000 -99.000    16.6    16.3    15.1    15.0    12.2
63898 20240417  2.622  -86.57   38.89    25.2    15.7    20.4    20.4     6.6    18.10 C    26.7    10.1    18.5    95.8    42.8    69.4 -99.000 -99.000 -99.000 -99.000 -99.000    17.0    16.8    15.6    15.4    12.6
63898 20240418  2.622  -86.57   38.89    27.0    11.1    19.1    18.6    26.9    23.25 C    29.5     5.6    17.2    95.9    43.7    65.3 -99.000 -99.000 -99.000 -99.000 -99.000    16.7    16.5    15.6    15.6    13.0
63898 20240419  2.622  -86.57   38.89    16.6    10.0    13.3    12.9     2.2    18.06 C    22.8     5.9    13.3    98.2    33.3    69.3 -99.000 -99.000 -99.000 -99.000 -99.000    16.6    16.6    15.9    16.0    13.4
63898 20240420  2.622  -86.57   38.89    12.2     4.5     8.4     8.6     0.5    25.23 C    20.7     1.1     8.5    76.7    36.6    53.0 -99.000 -99.000 -99.000 -99.000 -99.000    14.8    15.0    14.8    15.5    13.6
63898 20240421  2.622  -86.57   38.89    12.1     2.6     7.3     7.1     0.6    25.13 C    19.7    -0.5     7.4    70.0    37.9    53.4 -99.000 -99.000 -99.000 -99.000 -99.000    13.7    13.9    13.9    14.9    13.6
63898 20240422  2.622  -86.57   38.89    17.4     0.2     8.8    10.2     0.5    25.53 C    23.4    -1.7     9.2    94.0    33.3    55.0 -99.000 -99.000 -99.000 -99.000 -99.000    13.5    13.5    13.4    14.3    13.4
63898 20240423  2.622  -86.57   38.89    18.5     8.9    13.7    13.3     2.4    10.36 C    19.4     2.2    11.0    97.4    46.9    64.2 -99.000 -99.000 -99.000 -99.000 -99.000    13.5    13.5    13.4    14.1    13.3
63898 20240424  2.622  -86.57   38.89    15.6     6.2    10.9    11.4     0.3    26.09 C    23.6     2.9    11.8   100.0    51.3    76.7 -99.000 -99.000 -99.000 -99.000 -99.000    14.1    14.1    13.5    14.0    13.2
63898 20240425  2.622  -86.57   38.89    16.0     2.5     9.2     9.5     0.5    25.47 C    23.4     0.1     9.9    87.5    44.0    66.0 -99.000 -99.000 -99.000 -99.000 -99.000    14.0    14.0    13.6    14.2    13.1
63898 20240426  2.622  -86.57   38.89    20.7     7.9    14.3    14.7     0.2    14.11 C    24.3     4.8    13.6    78.5    52.9    66.1 -99.000 -99.000 -99.000 -99.000 -99.000    14.1    14.1    13.6    14.1    13.2
63898 20240427  2.622  -86.57   38.89    24.4    17.8    21.1    21.6     0.2    13.23 C    25.2    15.4    19.4    77.5    57.0    67.5 -99.000 -99.000 -99.000 -99.000 -99.000    15.8    15.5    14.5    14.5    13.2
63898 20240428  2.622  -86.57   38.89    25.6    19.3    22.5    22.1     0.0    17.55 C    27.5    14.2    19.8    75.1    55.6    66.5 -99.000 -99.000 -99.000 -99.000 -99.000    16.8    16.6    15.4    15.2    13.3
63898 20240429  2.622  -86.57   38.89    23.4    16.6    20.0    19.3    42.2     4.38 C    24.3    15.4    17.8    99.6    60.7    79.9 -99.000 -99.000 -99.000 -99.000 -99.000    16.8    16.7    15.9    15.9    13.7
63898 20240430  2.622  -86.57   38.89    24.3    13.1    18.7    19.0     0.3    23.25 C    32.9    11.0    19.9    99.9    35.3    71.5 -99.000 -99.000 -99.000 -99.000 -99.000    18.0    17.6    16.4    16.1    14.0
63898 20240501  2.622  -86.57   38.89    27.1    11.3    19.2    20.4     0.2    20.57 C    33.7     9.8    20.6    91.1    57.3    74.3 -99.000 -99.000 -99.000 -99.000 -99.000    18.5    18.1    17.0    16.7    14.2
63898 20240502  2.622  -86.57   38.89    28.8    15.8    22.3    22.8     0.3    23.02 C    35.2    13.7    22.8    99.8    44.9    71.6 -99.000 -99.000 -99.000 -99.000 -99.000    19.8    19.3    17.9    17.3    14.5
63898 20240503  2.622  -86.57   38.89    22.8    17.1    20.0    19.3     6.3    11.53 C    33.2    16.9    20.6    99.0    66.2    88.2 -99.000 -99.000 -99.000 -99.000 -99.000    19.9    19.6    18.4    18.0    14.9
63898 20240504  2.622  -86.57   38.89    26.1    16.7    21.4    20.9    14.4    17.35 C    35.0    16.2    22.0    98.6    57.2    80.6 -99.000 -99.000 -99.000 -99.000 -99.000    20.2    19.9    18.6    18.2    15.2
63898 20240505  2.622  -86.57   38.89    24.2    15.4    19.8    19.2     0.5    18.93 C    34.3    14.4    21.0    99.9    61.8    84.0 -99.000 -99.000 -99.000 -99.000 -99.000    20.3    20.1    18.9    18.6    15.6
63898 20240506  2.622  -86.57   38.89    23.8    15.8    19.8    18.9     3.4    12.19 C    32.3    15.5    20.3    98.8    74.1    90.0 -99.000 -99.000 -99.000 -99.000 -99.000    20.2    20.0    19.0    18.8    15.8
63898 20240507  2.622  -86.57   38.89    26.0    16.9    21.4    21.3     8.6    12.73 C    29.5    15.3    21.4   100.0    74.5    89.8 -99.000 -99.000 -99.000 -99.000 -99.000    20.3    20.0    19.0    18.9    16.1
63898 20240508  2.622  -86.57   38.89    26.4    15.7    21.1    20.3    14.1    17.80 C    32.4    13.5    21.3   100.0    63.9    89.8 -99.000 -99.000 -99.000 -99.000 -99.000    20.7    20.5    19.4    19.2    16.3
63898 20240509  2.622  -86.57   38.89    23.8    14.0    18.9    18.3     3.8    10.88 C    29.0    13.4    18.7    98.5    66.7    88.3 -99.000 -99.000 -99.000 -99.000 -99.000    20.2    20.1    19.4    19.4    16.6
63898 20240510  2.622  -86.57   38.89    19.9    10.5    15.2    14.9     0.3    22.90 C    29.0    10.2    17.0    91.3    50.0    69.8 -99.000 -99.000 -99.000 -99.000 -99.000    19.5    19.5    18.8    19.1    16.7
63898 20240511  2.622  -86.57   38.89    21.3    12.3    16.8    16.7     0.2    27.45 C    27.2     8.8    16.5    82.6    33.4    57.1 -99.000 -99.000 -99.000 -99.000 -99.000    19.1    19.1    18.5    18.9    16.8
63898 20240512  2.622  -86.57   38.89    25.2     7.8    16.5    17.8     0.3    27.05 C    31.0     6.1    17.6    96.7    39.4    61.9 -99.000 -99.000 -99.000 -99.000 -99.000    18.7    18.7    18.1    18.6    16.7
63898 20240513  2.622  -86.57   38.89    25.0    13.2    19.1    19.6     0.3    23.93 C    30.3     9.7    18.6    88.9    42.0    62.2 -99.000 -99.000 -99.000 -99.000 -99.000    19.1    19.0    18.3    18.7    16.7
63898 20240514  2.622  -86.57   38.89    20.8    14.2    17.5    17.0    22.5     4.92 C    23.3    12.8    17.5    99.1    86.8    95.3 -99.000 -99.000 -99.000 -99.000 -99.000    18.7    18.7    18.3    18.7    16.7
63898 20240515  2.622  -86.57   38.89    22.7    16.1    19.4    18.2     8.3    13.98 C    30.5    14.5    19.4    99.3    75.4    93.9 -99.000 -99.000 -99.000 -99.000 -99.000    19.2    19.0    18.2    18.6    16.8
63898 20240516  2.622  -86.57   38.89    23.8    13.3    18.5    19.1     1.0    18.69 C    30.6    11.9    20.0   100.0    67.2    85.5 -99.000 -99.000 -99.000 -99.000 -99.000    19.6    19.4    18.6    18.8    16.8
63898 20240517  2.622  -86.57   38.89    22.6    16.9    19.7    18.8     9.0    10.44 C    30.6    14.3    19.9    99.5    75.8    92.0 -99.000 -99.000 -99.000 -99.000 -99.000    20.1    19.9    19.0    19.1    16.9
63898 20240518  2.622  -86.57   38.89    26.3    14.8    20.5    20.0     0.4    25.35 C    36.5    13.1    22.3   100.0    51.7    83.4 -99.000 -99.000 -99.000 -99.000 -99.000    21.1    20.7    19.5    19.2    17.0
63898 20240519  2.622  -86.57   38.89    29.4    14.2    21.8    22.6     0.4    27.49 C    37.9    12.9    24.0    99.9    43.1    72.7 -99.000 -99.000 -99.000 -99.000 -99.000    22.2    21.8    20.5    19.8    17.2
63898 20240520  2.622  -86.57   38.89    29.4    16.1    22.7    23.7     0.4    25.90 C    37.5    14.6    24.2    99.8    45.2    69.4 -99.000 -99.000 -99.000 -99.000 -99.000    23.0    22.6    21.3    20.5    17.4
63898 20240521  2.622  -86.57   38.89    29.7    18.0    23.9    24.3     0.3    24.22 C    37.3    16.0    24.6    92.1    53.5    70.5 -99.000 -99.000 -99.000 -99.000 -99.000    23.4    23.0    21.7    20.9    17.7
63898 20240522  2.622  -86.57   38.89    27.4    17.3    22.3    23.3     2.8    20.98 C    34.9    15.6    23.8    90.9    57.0    71.9 -99.000 -99.000 -99.000 -99.000 -99.000    23.7    23.3    22.1    21.2    18.1
63898 20240523  2.622  -86.57   38.89    23.3    16.7    20.0    20.1     0.4    13.98 C    29.2    15.0    21.2    98.7    69.8    86.7 -99.000 -99.000 -99.000 -99.000 -99.000    22.6    22.4    21.8    21.3    18.3
63898 20240524  2.622  -86.57   38.89    26.7    14.8    20.7    21.1     0.9    21.83 C    34.8    13.7    22.3   100.0    63.6    84.1 -99.000 -99.000 -99.000 -99.000 -99.000    22.5    22.2    21.4    21.0    18.5
63898 20240525  2.622  -86.57   38.89    25.2    16.9    21.1    20.5     2.9    13.44 C    31.3    15.2    21.2    98.4    69.5    87.6 -99.000 -99.000 -99.000 -99.000 -99.000    22.4    22.2    21.5    21.1    18.5
63898 20240526  2.622  -86.57   38.89    24.2    16.1    20.2    19.4    73.2     9.03 C    29.2    14.8    19.8    99.6    70.1    92.5 -99.000 -99.000 -99.000 -99.000 -99.000    21.4    21.2    20.9    20.9    18.7
63898 20240527  2.622  -86.57   38.89    22.7    15.5    19.1    18.8     0.5    23.34 C    29.6    14.7    19.9    99.1    61.6    82.5 -99.000 -99.000 -99.000 -99.000 -99.000    21.5    21.3    20.7    20.6    19.0
63898 20240528  2.622  -86.57   38.89    24.2    14.8    19.5    19.4     0.4    26.28 C    29.8    12.6    19.7    93.3    48.2    70.2 -99.000 -99.000 -99.000 -99.000 -99.000    21.8    21.7    21.0    20.7    18.8
63898 20240529  2.622  -86.57   38.89    21.5    11.8    16.7    16.3     0.7    19.41 C    28.6     9.9    16.5    87.6    53.2    72.9 -99.000 -99.000 -99.000 -99.000 -99.000    20.8    20.8    20.6    20.6    18.7
63898 20240530  2.622  -86.57   38.89    23.5    11.1    17.3    17.5     0.4    28.86 C    30.0     9.2    18.0    91.2    34.5    63.9 -99.000 -99.000 -99.000 -99.000 -99.000    20.7    20.6    20.1    20.2    18.7
63898 20240531  2.622  -86.57   38.89    24.3    10.4    17.4    17.8     0.3    27.01 C    30.2     9.0    17.9    92.1    44.9    65.6 -99.000 -99.000 -99.000 -99.000 -99.000    20.6    20.5    20.0    20.1    18.6
63898 20240601  2.622  -86.57   38.89    20.1    15.5    17.8    17.5    15.5     5.96 C    23.1    12.8    17.1    97.0    61.1    84.2 -99.000 -99.000 -99.000 -99.000 -99.000    20.0    19.9    19.8    20.0    18.5
63898 20240602  2.622  -86.57   38.89    25.1    17.6    21.4    20.5     3.5    15.04 C    30.3    15.5    21.2    99.6    70.1    89.1 -99.000 -99.000 -99.000 -99.000 -99.000    20.8    20.5    19.8    19.7    18.4
63898 20240603  2.622  -86.57   38.89    27.9    15.7    21.8    22.0     0.4    25.64 C    33.1    14.4    22.1   100.0    48.1    78.7 -99.000 -99.000 -99.000 -99.000 -99.000    21.8    21.5    20.5    20.1    18.4
63898 20240604  2.622  -86.57   38.89    28.0    16.3    22.1    22.3     4.0    19.82 C    32.6    14.8    22.4    95.6    64.5    82.0 -99.000 -99.000 -99.000 -99.000 -99.000    22.3    22.0    21.1    20.6    18.5
63898 20240605  2.622  -86.57   38.89    26.3    19.7    23.0    22.4     0.4    11.86 C    31.0    18.2    22.6    99.0    75.9    89.8 -99.000 -99.000 -99.000 -99.000 -99.000    22.6    22.4    21.5    21.0    18.6
63898 20240606  2.622  -86.57   38.89    27.1    17.0    22.1    22.0     0.4    27.46 C    29.7    12.3    20.7    99.6    35.9    69.2 -99.000 -99.000 -99.000 -99.000 -99.000    22.5    22.3    21.5    21.2    18.8
63898 20240607  2.622  -86.57   38.89    26.4    15.1    20.8    20.9     0.5    28.61 C    29.0    11.5    18.9    76.0    34.8    53.5 -99.000 -99.000 -99.000 -99.000 -99.000    21.6    21.7    21.1    21.1    18.9
63898 20240608  2.622  -86.57   38.89    24.7    12.8    18.8    19.1     0.3    10.14 C    29.8    10.9    18.1    96.2    58.9    78.1 -99.000 -99.000 -99.000 -99.000 -99.000    20.6    20.7    20.5    20.8    19.0
63898 20240609  2.622  -86.57   38.89    24.8    15.6    20.2    20.0     0.2    23.41 C    29.0    12.9    19.6    91.4    50.1    71.1 -99.000 -99.000 -99.000 -99.000 -99.000    21.1    21.0    20.4    20.5    18.9
63898 20240610  2.622  -86.57   38.89    18.7    10.6    14.7    15.9     0.2    18.75 C    28.2     7.8    15.7    94.3    62.0    72.1 -99.000 -99.000 -99.000 -99.000 -99.000    20.0    20.2    20.0    20.4    18.9
63898 20240611  2.622  -86.57   38.89    23.6     6.0    14.8    15.8     0.4    30.28 C    37.8     3.4    18.7    92.7    32.8    59.5 -99.000 -99.000 -99.000 -99.000 -99.000    19.5    19.5    19.2    19.7    18.8
63898 20240612  2.622  -86.57   38.89    27.6     9.9    18.7    20.1     0.4    28.87 C    41.4     7.9    22.9    97.0    37.8    61.6 -99.000 -99.000 -99.000 -99.000 -99.000    20.6    20.3    19.7    19.6    18.6
63898 20240613  2.622  -86.57   38.89    29.3    14.0    21.7    23.2     0.4    28.14 C    41.8    11.4    25.4    91.1    41.3    60.0 -99.000 -99.000 -99.000 -99.000 -99.000    21.9    21.5    20.6    20.0    18.5
63898 20240614  2.622  -86.57   38.89    30.6    19.3    25.0    24.9     0.5    25.59 C    45.4    15.9    27.1    80.2    46.7    63.3 -99.000 -99.000 -99.000 -99.000 -99.000    23.2    22.8    21.6    20.7    18.6
63898 20240615  2.622  -86.57   38.89    29.1    17.9    23.5    23.6     0.4    27.87 C    41.4    14.4    25.0    71.0    39.0    54.9 -99.000 -99.000 -99.000 -99.000 -99.000    22.9    22.7    21.8    21.2    18.9
63898 20240616  2.622  -86.57   38.89    32.6    14.3    23.4    25.2     0.4    26.66 C    44.8    12.2    27.1    81.7    51.3    62.7 -99.000 -99.000 -99.000 -99.000 -99.000    23.3    22.9    21.9    21.2    19.0
63898 20240617  2.622  -86.57   38.89    32.8    22.3    27.5    26.9     0.7    22.44 C    45.0    20.6    28.9    87.9    49.9    72.7 -99.000 -99.000 -99.000 -99.000 -99.000    24.8    24.3    22.9    21.8    19.2
63898 20240618  2.622  -86.57   38.89    30.4    21.6    26.0    25.3     0.5    13.83 C    42.2    20.1    26.6    91.5    59.1    80.2 -99.000 -99.000 -99.000 -99.000 -99.000    24.5    24.2    23.2    22.3    19.5
63898 20240619  2.622  -86.57   38.89    30.9    22.5    26.7    26.4     0.3    18.92 C    44.6    19.5    28.4    97.7    55.7    78.3 -99.000 -99.000 -99.000 -99.000 -99.000    25.1    24.6    23.5    22.6    19.7
63898 20240620  2.622  -86.57   38.89    31.5    19.1    25.3    25.7     0.6    26.09 C    45.7    17.2    28.1    99.4    47.6    75.2 -99.000 -99.000 -99.000 -99.000 -99.000    25.0    24.7    23.6    22.9    20.0
63898 20240621  2.622  -86.57   38.89    31.7    19.6    25.7    26.3     0.4    26.76 C    44.5    17.9    28.9    97.3    51.0    73.7 -99.000 -99.000 -99.000 -99.000 -99.000    25.5    25.0    23.9    23.1    20.1
63898 20240622  2.622  -86.57   38.89    32.3    20.7    26.5    27.0     0.4    24.51 C    44.7    19.1    28.7    97.6    47.1    69.8 -99.000 -99.000 -99.000 -99.000 -99.000    25.6    25.2    24.1    23.4    20.4
63898 20240623  2.622  -86.57   38.89    29.5    21.2    25.4    25.4    13.5    16.02 C    37.4    18.9    25.7    95.6    60.6    79.5 -99.000 -99.000 -99.000 -99.000 -99.000    25.3    25.0    24.1    23.5    20.6
63898 20240624  2.622  -86.57   38.89    29.1    18.1    23.6    23.9     0.4    28.37 C    40.2    16.2    26.3    95.7    47.3    70.4 -99.000 -99.000 -99.000 -99.000 -99.000    25.1    24.8    23.9    23.4    20.7
63898 20240625  2.622  -86.57   38.89    31.5    18.8    25.1    23.0     9.1    17.26 C    41.5    16.3    23.7    96.1    57.6    80.0 -99.000 -99.000 -99.000 -99.000 -99.000    24.5    24.2    23.7    23.4    20.8
63898 20240626  2.622  -86.57   38.89    26.9    19.1    23.0    22.2     2.9     9.66 C    34.0    16.9    22.8    98.0    75.0    91.4 -99.000 -99.000 -99.000 -99.000 -99.000    24.0    23.8    23.3    23.1    20.8
63898 20240627  2.622  -86.57   38.89    28.4    15.8    22.1    22.6     0.5    27.78 C    36.9    14.4    24.2   100.0    48.2    75.9 -99.000 -99.000 -99.000 -99.000 -99.000    24.1    23.8    23.1    22.9    20.8
63898 20240628  2.622  -86.57   38.89    30.1    17.2    23.7    24.6     0.5    21.54 C    38.3    15.9    25.7    89.2    56.2    74.4 -99.000 -99.000 -99.000 -99.000 -99.000    24.6    24.1    23.4    23.0    20.8
63898 20240629  2.622  -86.57   38.89    31.7    22.8    27.3    27.1    26.4    14.95 C    38.2    21.6    27.3    97.2    68.4    82.9 -99.000 -99.000 -99.000 -99.000 -99.000    25.5    25.0    24.1    23.5    20.8
63898 20240630  2.622  -86.57   38.89    25.6    15.7    20.7    22.7     0.4    25.21 C    32.7    13.5    23.8    98.4    53.8    75.6 -99.000 -99.000 -99.000 -99.000 -99.000    25.3    25.0    24.2    23.7    21.0
63898 20240701  2.622  -86.57   38.89    24.2    11.8    18.0    18.5     0.4    29.10 C    32.6    10.7    19.9    93.0    49.9    69.5 -99.000 -99.000 -99.000 -99.000 -99.000    23.5    23.4    23.1    23.4    21.1
63898 20240702  2.622  -86.57   38.89 -9999.0 -9999.0 -9999.0 -9999.0 -9999.0 -9999.00 U -9999.0 -9999.0 -9999.0 -9999.0 -9999.0 -9999.0 -99.000 -99.000 -99.000 -99.000 -99.000 -9999.0 -9999.0 -9999.0 -9999.0 -9999.0
