73801 20240101  7.001  -87.59   33.21    10.5    -2.4     4.0     4.9     0.0 -9999.00 U -9999.0 -9999.0 -9999.0    92.3    41.6    69.6 -99.000 -99.000 -99.000 -99.000 -99.000 -9999.0 -9999.0 -9999.0 -9999.0 -9999.0
73801 20240102  7.001  -87.59   33.21    11.3    -3.8     3.7     2.3     0.0 -9999.00 U -9999.0 -9999.0 -9999.0    96.5    36.1    72.9 -99.000 -99.000 -99.000 -99.000 -99.000 -9999.0 -9999.0 -9999.0 -9999.0 -9999.0
73801 20240103  7.001  -87.59   33.21     7.7    -2.4     2.7     2.6     0.3 -9999.00 U -9999.0 -9999.0 -9999.0    98.0    61.4    82.9 -99.000 -99.000 -99.000 -99.000 -99.000 -9999.0 -9999.0 -9999.0 -9999.0 -9999.0
73801 20240104  7.001  -87.59   33.21    11.8    -3.0     4.4     3.2     0.5 -9999.00 U -9999.0 -9999.0 -9999.0    99.1    41.9    77.8 -99.000 -99.000 -99.000 -99.000 -99.000 -9999.0 -9999.0 -9999.0 -9999.0 -9999.0
73801 20240105  7.001  -87.59   33.21    14.3    -3.0     5.6     6.2     6.2 -9999.00 U -9999.0 -9999.0 -9999.0    97.8    43.0    75.7 -99.000 -99.000 -99.000 -99.000 -99.000 -9999.0 -9999.0 -9999.0 -9999.0 -9999.0
73801 20240106  7.001  -87.59   33.21    11.0     5.1     8.1     8.6     0.0 -9999.00 U -9999.0 -9999.0 -9999.0    98.5    68.3    85.7 -99.000 -99.000 -99.000 -99.000 -99.000 -9999.0 -9999.0 -9999.0 -9999.0 -9999.0
73801 20240107  7.001  -87.59   33.21    12.8    -0.2     6.3     6.7     0.0 -9999.00 U -9999.0 -9999.0 -9999.0    97.8    34.3    69.8 -99.000 -99.000 -99.000 -99.000 -99.000 -9999.0 -9999.0 -9999.0 -9999.0 -9999.0
73801 20240108  7.001  -87.59   33.21    15.4     0.0     7.7     8.0    29.0 -9999.00 U -9999.0 -9999.0 -9999.0    96.8    32.6    70.0 -99.000 -99.000 -99.000 -99.000 -99.000 -9999.0 -9999.0 -9999.0 -9999.0 -9999.0
73801 20240109  7.001  -87.59   33.21    12.9     4.3     8.6     8.9    40.6 -9999.00 U -9999.0 -9999.0 -9999.0    98.1    54.3    75.5 -99.000 -99.000 -99.000 -99.000 -99.000 -9999.0 -9999.0 -9999.0 -9999.0 -9999.0
73801 20240110  7.001  -87.59   33.21    12.1    -0.8     5.6     4.8     0.0 -9999.00 U -9999.0 -9999.0 -9999.0    90.8    34.1    66.5 -99.000 -99.000 -99.000 -99.000 -99.000 -9999.0 -9999.0 -9999.0 -9999.0 -9999.0
73801 20240111  7.001  -87.59   33.21    20.6     0.9    10.8    10.5     0.0 -9999.00 U -9999.0 -9999.0 -9999.0    95.2    46.7    70.4 -99.000 -99.000 -99.000 -99.000 -99.000 -9999.0 -9999.0 -9999.0 -9999.0 -9999.0
73801 20240112  7.001  -87.59   33.21    17.4     1.9     9.7    12.5    13.9 -9999.00 U -9999.0 -9999.0 -9999.0    96.6    46.2    66.0 -99.000 -99.000 -99.000 -99.000 -99.000 -9999.0 -9999.0 -9999.0 -9999.0 -9999.0
73801 20240113  7.001  -87.59   33.21     9.8    -1.4     4.2     2.6     0.0 -9999.00 U -9999.0 -9999.0 -9999.0    92.9    34.0    63.7 -99.000 -99.000 -99.000 -99.000 -99.000 -9999.0 -9999.0 -9999.0 -9999.0 -9999.0
73801 20240114  7.001  -87.59   33.21    11.1    -2.5     4.3     4.0     0.0 -9999.00 U -9999.0 -9999.0 -9999.0    97.8    46.3    71.0 -99.000 -99.000 -99.000 -99.000 -99.000 -9999.0 -9999.0 -9999.0 -9999.0 -9999.0
73801 20240115  7.001  -87.59   33.21 -9999.0 -9999.0 -9999.0 -9999.0     2.6 -9999.00 U -9999.0 -9999.0 -9999.0    95.8    57.1    73.3 -99.000 -99.000 -99.000 -99.000 -99.000 -9999.0 -9999.0 -9999.0 -9999.0 -9999.0
73801 20240116  7.001  -87.59   33.21    -2.6    -9.3    -6.0    -6.3     0.9 -9999.00 U -9999.0 -9999.0 -9999.0    92.9    53.9    71.6 -99.000 -99.000 -99.000 -99.000 -99.000 -9999.0 -9999.0 -9999.0 -9999.0 -9999.0
73801 20240117  7.001  -87.59   33.21     2.9   -12.5    -4.8    -5.3     0.0 -9999.00 U -9999.0 -9999.0 -9999.0    88.7    20.5    57.4 -99.000 -99.000 -99.000 -99.000 -99.000 -9999.0 -9999.0 -9999.0 -9999.0 -9999.0
73801 20240118  7.001  -87.59   33.21     9.0    -6.0     1.5     3.2     2.8 -9999.00 U -9999.0 -9999.0 -9999.0    97.3    35.8    72.3 -99.000 -99.000 -99.000 -99.000 -99.000 -9999.0 -9999.0 -9999.0 -9999.0 -9999.0
73801 20240119  7.001  -87.59   33.21     7.4    -3.7     1.9     2.3     0.0 -9999.00 U -9999.0 -9999.0 -9999.0    96.2    48.7    71.4 -99.000 -99.000 -99.000 -99.000 -99.000 -9999.0 -9999.0 -9999.0 -9999.0 -9999.0
73801 20240120  7.001  -87.59   33.21     1.0    -7.7    -3.4    -4.2     0.0 -9999.00 U -9999.0 -9999.0 -9999.0    69.5    33.0    53.4 -99.000 -99.000 -99.000 -99.000 -99.000 -9999.0 -9999.0 -9999.0 -9999.0 -9999.0
73801 20240121  7.001  -87.59   33.21     6.1   -10.0    -2.0    -2.9     0.0 -9999.00 U -9999.0 -9999.0 -9999.0    77.1    22.3    49.9 -99.000 -99.000 -99.000 -99.000 -99.000 -9999.0 -9999.0 -9999.0 -9999.0 -9999.0
73801 20240122  7.001  -87.59   33.21    11.2    -4.1     3.6     5.0     0.0 -9999.00 U -9999.0 -9999.0 -9999.0    72.9    36.1    55.6 -99.000 -99.000 -99.000 -99.000 -99.000 -9999.0 -9999.0 -9999.0 -9999.0 -9999.0
73801 20240123  7.001  -87.59   33.21    18.8     9.8    14.3    13.5     2.3 -9999.00 U -9999.0 -9999.0 -9999.0    96.1    61.7    79.6 -99.000 -99.000 -99.000 -99.000 -99.000 -9999.0 -9999.0 -9999.0 -9999.0 -9999.0
73801 20240124  7.001  -87.59   33.21    18.3    15.2    16.7    16.5    89.0 -9999.00 U -9999.0 -9999.0 -9999.0    99.0    81.5    94.8 -99.000 -99.000 -99.000 -99.000 -99.000 -9999.0 -9999.0 -9999.0 -9999.0 -9999.0
73801 20240125  7.001  -87.59   33.21    20.8    15.6    18.2    17.9     9.2 -9999.00 U -9999.0 -9999.0 -9999.0    99.2    86.1    94.8 -99.000 -99.000 -99.000 -99.000 -99.000 -9999.0 -9999.0 -9999.0 -9999.0 -9999.0
73801 20240126  7.001  -87.59   33.21    20.1    13.4    16.7    16.5     0.0 -9999.00 U -9999.0 -9999.0 -9999.0    99.5    73.4    92.8 -99.000 -99.000 -99.000 -99.000 -99.000 -9999.0 -9999.0 -9999.0 -9999.0 -9999.0
73801 20240127  7.001  -87.59   33.21    20.9     8.9    14.9    15.2    12.7 -9999.00 U -9999.0 -9999.0 -9999.0    99.3    72.9    86.7 -99.000 -99.000 -99.000 -99.000 -99.000 -9999.0 -9999.0 -9999.0 -9999.0 -9999.0
73801 20240128  7.001  -87.59   33.21     8.9     6.4     7.7     7.6     0.0 -9999.00 U -9999.0 -9999.0 -9999.0    89.7    72.0    77.6 -99.000 -99.000 -99.000 -99.000 -99.000 -9999.0 -9999.0 -9999.0 -9999.0 -9999.0
73801 20240129  7.001  -87.59   33.21    13.9     2.1     8.0     7.6     0.0 -9999.00 U -9999.0 -9999.0 -9999.0    98.2    43.6    69.6 -99.000 -99.000 -99.000 -99.000 -99.000 -9999.0 -9999.0 -9999.0 -9999.0 -9999.0
73801 20240130  7.001  -87.59   33.21    19.2    -0.8     9.2     9.3     0.0 -9999.00 U -9999.0 -9999.0 -9999.0   100.0    36.1    69.1 -99.000 -99.000 -99.000 -99.000 -99.000 -9999.0 -9999.0 -9999.0 -9999.0 -9999.0
73801 20240131  7.001  -87.59   33.21    14.9     2.0     8.5     8.2     0.0 -9999.00 U -9999.0 -9999.0 -9999.0    94.7    40.9    67.2 -99.000 -99.000 -99.000 -99.000 -99.000 -9999.0 -9999.0 -9999.0 -9999.0 -9999.0
73801 20240201  7.001  -87.59   33.21    16.9    -1.2     7.9     7.4     0.0 -9999.00 U -9999.0 -9999.0 -9999.0    99.6    34.4    71.5 -99.000 -99.000 -99.000 -99.000 -99.000 -9999.0 -9999.0 -9999.0 -9999.0 -9999.0
73801 20240202  7.001  -87.59   33.21    22.4     1.9    12.1    10.9     0.0 -9999.00 U -9999.0 -9999.0 -9999.0    99.4    29.5    69.4 -99.000 -99.000 -99.000 -99.000 -99.000 -9999.0 -9999.0 -9999.0 -9999.0 -9999.0
73801 20240203  7.001  -87.59   33.21    21.3     4.1    12.7    13.5     0.0 -9999.00 U -9999.0 -9999.0 -9999.0    99.0    37.6    64.2 -99.000 -99.000 -99.000 -99.000 -99.000 -9999.0 -9999.0 -9999.0 -9999.0 -9999.0
73801 20240204  7.001  -87.59   33.21    15.5     5.3    10.4     8.3    59.1 -9999.00 U -9999.0 -9999.0 -9999.0    97.6    55.6    90.6 -99.000 -99.000 -99.000 -99.000 -99.000 -9999.0 -9999.0 -9999.0 -9999.0 -9999.0
73801 20240205  7.001  -87.59   33.21    17.8     6.2    12.0    10.3     1.2 -9999.00 U -9999.0 -9999.0 -9999.0    96.0    46.0    76.1 -99.000 -99.000 -99.000 -99.000 -99.000 -9999.0 -9999.0 -9999.0 -9999.0 -9999.0
73801 20240206  7.001  -87.59   33.21    20.8     1.8    11.3     9.9     0.0 -9999.00 U -9999.0 -9999.0 -9999.0    96.8    24.1    62.6 -99.000 -99.000 -99.000 -99.000 -99.000 -9999.0 -9999.0 -9999.0 -9999.0 -9999.0
73801 20240207  7.001  -87.59   33.21    21.1     0.5    10.8    10.8     0.0 -9999.00 U -9999.0 -9999.0 -9999.0    99.5    21.8    58.9 -99.000 -99.000 -99.000 -99.000 -99.000 -9999.0 -9999.0 -9999.0 -9999.0 -9999.0
73801 20240208  7.001  -87.59   33.21    18.2     5.3    11.8    12.1     0.0 -9999.00 U -9999.0 -9999.0 -9999.0    78.5    35.4    53.7 -99.000 -99.000 -99.000 -99.000 -99.000 -9999.0 -9999.0 -9999.0 -9999.0 -9999.0
73801 20240209  7.001  -87.59   33.21    21.2    13.5    17.4    16.6     0.0 -9999.00 U -9999.0 -9999.0 -9999.0    92.1    56.9    78.5 -99.000 -99.000 -99.000 -99.000 -99.000 -9999.0 -9999.0 -9999.0 -9999.0 -9999.0
73801 20240210  7.001  -87.59   33.21    21.2    17.0    19.1    18.4     0.0 -9999.00 U -9999.0 -9999.0 -9999.0    94.2    68.5    84.7 -99.000 -99.000 -99.000 -99.000 -99.000 -9999.0 -9999.0 -9999.0 -9999.0 -9999.0
73801 20240211  7.001  -87.59   33.21    19.9    13.3    16.6    15.8    47.2 -9999.00 U -9999.0 -9999.0 -9999.0    99.0    78.9    94.1 -99.000 -99.000 -99.000 -99.000 -99.000 -9999.0 -9999.0 -9999.0 -9999.0 -9999.0
73801 20240212  7.001  -87.59   33.21    16.4     6.9    11.7    13.1    30.4 -9999.00 U -9999.0 -9999.0 -9999.0    99.1    70.0    89.2 -99.000 -99.000 -99.000 -99.000 -99.000 -9999.0 -9999.0 -9999.0 -9999.0 -9999.0
73801 20240213  7.001  -87.59   33.21    14.0     2.3     8.1     7.0     0.0 -9999.00 U -9999.0 -9999.0 -9999.0    96.6    28.5    68.8 -99.000 -99.000 -99.000 -99.000 -99.000 -9999.0 -9999.0 -9999.0 -9999.0 -9999.0
73801 20240214  7.001  -87.59   33.21    19.3    -0.4     9.4     8.3     0.0 -9999.00 U -9999.0 -9999.0 -9999.0   100.0    27.2    69.8 -99.000 -99.000 -99.000 -99.000 -99.000 -9999.0 -9999.0 -9999.0 -9999.0 -9999.0
73801 20240215  7.001  -87.59   33.21    21.3     1.7    11.5    11.1     0.0 -9999.00 U -9999.0 -9999.0 -9999.0    99.8    35.1    71.1 -99.000 -99.000 -99.000 -99.000 -99.000 -9999.0 -9999.0 -9999.0 -9999.0 -9999.0
73801 20240216  7.001  -87.59   33.21    20.2     7.3    13.7    14.0     0.0 -9999.00 U -9999.0 -9999.0 -9999.0    98.1    45.0    70.4 -99.000 -99.000 -99.000 -99.000 -99.000 -9999.0 -9999.0 -9999.0 -9999.0 -9999.0
73801 20240217  7.001  -87.59   33.21    14.9     2.3     8.6     5.1     0.6 -9999.00 U -9999.0 -9999.0 -9999.0    91.9    41.1    64.4 -99.000 -99.000 -99.000 -99.000 -99.000 -9999.0 -9999.0 -9999.0 -9999.0 -9999.0
73801 20240218  7.001  -87.59   33.21    12.1    -2.4     4.9     4.4     0.0 -9999.00 U -9999.0 -9999.0 -9999.0    75.1    21.5    44.1 -99.000 -99.000 -99.000 -99.000 -99.000 -9999.0 -9999.0 -9999.0 -9999.0 -9999.0
73801 20240219  7.001  -87.59   33.21    16.2    -3.5     6.3     5.6     0.0 -9999.00 U -9999.0 -9999.0 -9999.0    93.5    14.8    54.8 -99.000 -99.000 -99.000 -99.000 -99.000 -9999.0 -9999.0 -9999.0 -9999.0 -9999.0
73801 20240220  7.001  -87.59   33.21    19.3    -1.4     8.9     8.3     0.0 -9999.00 U -9999.0 -9999.0 -9999.0    98.3    28.4    63.6 -99.000 -99.000 -99.000 -99.000 -99.000 -9999.0 -9999.0 -9999.0 -9999.0 -9999.0
73801 20240221  7.001  -87.59   33.21    22.8     1.9    12.3    13.4     0.0 -9999.00 U -9999.0 -9999.0 -9999.0    98.1    34.2    63.0 -99.000 -99.000 -99.000 -99.000 -99.000 -9999.0 -9999.0 -9999.0 -9999.0 -9999.0
73801 20240222  7.001  -87.59   33.21    23.2    10.2    16.7    17.5     0.6 -9999.00 U -9999.0 -9999.0 -9999.0    88.3    44.5    63.8 -99.000 -99.000 -99.000 -99.000 -99.000 -9999.0 -9999.0 -9999.0 -9999.0 -9999.0
73801 20240223  7.001  -87.59   33.21    22.1     7.8    15.0    15.6     1.7 -9999.00 U -9999.0 -9999.0 -9999.0    98.2    27.0    62.0 -99.000 -99.000 -99.000 -99.000 -99.000 -9999.0 -9999.0 -9999.0 -9999.0 -9999.0
73801 20240224  7.001  -87.59   33.21    20.7     3.8    12.2    12.2     0.0 -9999.00 U -9999.0 -9999.0 -9999.0    93.6    20.8    51.0 -99.000 -99.000 -99.000 -99.000 -99.000 -9999.0 -9999.0 -9999.0 -9999.0 -9999.0
73801 20240225  7.001  -87.59   33.21    22.5     1.2    11.8    12.4     0.0 -9999.00 U -9999.0 -9999.0 -9999.0    96.0    22.9    52.9 -99.000 -99.000 -99.000 -99.000 -99.000 -9999.0 -9999.0 -9999.0 -9999.0 -9999.0
73801 20240226  7.001  -87.59   33.21    24.9     8.2    16.5    17.6     0.0 -9999.00 U -9999.0 -9999.0 -9999.0    81.0    36.7    56.6 -99.000 -99.000 -99.000 -99.000 -99.000 -9999.0 -9999.0 -9999.0 -9999.0 -9999.0
73801 20240227  7.001  -87.59   33.21    25.2    17.0    21.1    20.9     0.0 -9999.00 U -9999.0 -9999.0 -9999.0    84.6    48.6    68.9   0.114   0.163   0.156   0.471 -99.000    16.2    15.3    14.6    13.5 -9999.0
73801 20240228  7.001  -87.59   33.21    25.5     7.7    16.6    16.4     6.0 -9999.00 U -9999.0 -9999.0 -9999.0    94.6    33.4    63.9   0.113   0.160   0.150   0.412 -99.000    15.5    15.5    15.3    14.3 -9999.0
73801 20240229  7.001  -87.59   33.21    10.2     4.5     7.3     7.6     0.0 -9999.00 U -9999.0 -9999.0 -9999.0    50.1    31.8    43.0   0.115   0.160   0.147   0.358 -99.000    10.6    11.8    12.9    13.9 -9999.0
73801 20240301  7.001  -87.59   33.21    11.5     7.9     9.7     9.8     4.2 -9999.00 U -9999.0 -9999.0 -9999.0    98.4    48.1    84.4   0.118   0.160   0.150   0.397 -99.000    11.3    11.7    12.3    13.1 -9999.0
73801 20240302  7.001  -87.59   33.21    17.9     9.4    13.7    12.1     0.2 -9999.00 U -9999.0 -9999.0 -9999.0    99.1    60.8    89.1   0.121   0.161   0.157   0.444 -99.000    13.8    13.4    13.2    13.1 -9999.0
73801 20240303  7.001  -87.59   33.21    23.1     9.5    16.3    16.6     0.0 -9999.00 U -9999.0 -9999.0 -9999.0    99.2    64.5    87.6   0.118   0.161   0.156   0.449 -99.000    15.2    14.5    14.1    13.5 -9999.0
73801 20240304  7.001  -87.59   33.21    22.3    14.9    18.6    18.5     2.9 -9999.00 U -9999.0 -9999.0 -9999.0    98.0    69.3    85.2   0.116   0.159   0.153   0.450 -99.000    16.0    15.3    14.9    14.1 -9999.0
73801 20240305  7.001  -87.59   33.21    19.2    16.0    17.6    17.6    11.9 -9999.00 U -9999.0 -9999.0 -9999.0    98.9    85.6    94.7   0.132   0.181   0.315   0.453 -99.000    16.7    16.1    15.6    14.6 -9999.0
73801 20240306  7.001  -87.59   33.21    23.9    12.4    18.1    17.6     0.0 -9999.00 U -9999.0 -9999.0 -9999.0    98.6    50.6    82.1   0.135   0.194   0.399   0.457 -99.000    17.0    16.5    16.1    15.0 -9999.0
73801 20240307  7.001  -87.59   33.21    25.0     8.9    16.9    16.6     0.0 -9999.00 U -9999.0 -9999.0 -9999.0    99.8    34.3    74.2   0.131   0.188   0.294   0.458 -99.000    16.6    16.2    15.9    15.2 -9999.0
73801 20240308  7.001  -87.59   33.21    18.9    14.2    16.5    16.0    39.2 -9999.00 U -9999.0 -9999.0 -9999.0    98.3    62.2    85.5 -99.000   0.347   0.365   0.458 -99.000    15.3    15.5    15.7    15.4 -9999.0
73801 20240309  7.001  -87.59   33.21    20.2     9.3    14.8    15.1     0.3 -9999.00 U -9999.0 -9999.0 -9999.0    98.4    54.1    79.5 -99.000   0.513   0.467   0.461 -99.000    15.9    15.9    15.8    15.3 -9999.0
73801 20240310  7.001  -87.59   33.21    17.7     3.6    10.6    10.4     0.0 -9999.00 U -9999.0 -9999.0 -9999.0    99.4    22.9    57.5   0.163   0.240   0.474   0.464 -99.000    13.2    13.9    14.5    15.0 -9999.0
73801 20240311  7.001  -87.59   33.21    19.4     1.3    10.3    10.1     0.0 -9999.00 U -9999.0 -9999.0 -9999.0    93.7    19.5    55.3   0.149   0.213   0.339   0.467 -99.000    12.8    13.2    13.7    14.4 -9999.0
73801 20240312  7.001  -87.59   33.21    23.7     2.8    13.3    13.1     0.0 -9999.00 U -9999.0 -9999.0 -9999.0    98.3    23.1    58.5   0.143   0.207   0.295   0.468 -99.000    13.8    13.9    14.1    14.3 -9999.0
73801 20240313  7.001  -87.59   33.21    24.8     8.4    16.6    17.0     0.0 -9999.00 U -9999.0 -9999.0 -9999.0    89.2    46.7    67.7   0.137   0.199   0.270   0.471 -99.000    15.4    15.0    14.8    14.5 -9999.0
73801 20240314  7.001  -87.59   33.21    28.7    12.8    20.8    21.4     0.0 -9999.00 U -9999.0 -9999.0 -9999.0    95.8    43.2    68.7   0.132   0.185   0.244   0.473 -99.000    17.9    17.0    16.2    15.1 -9999.0
73801 20240315  7.001  -87.59   33.21    22.3    14.9    18.6    19.0    15.5 -9999.00 U -9999.0 -9999.0 -9999.0    97.2    67.4    88.9   0.143   0.213   0.379   0.476 -99.000    18.6    18.1    17.4    16.0 -9999.0
73801 20240316  7.001  -87.59   33.21    18.2    11.3    14.7    14.9     0.0 -9999.00 U -9999.0 -9999.0 -9999.0    98.4    68.7    87.2   0.149   0.220   0.478   0.477 -99.000    16.9    16.9    16.9    16.3 -9999.0
73801 20240317  7.001  -87.59   33.21    17.0    11.5    14.3    13.9     2.9 -9999.00 U -9999.0 -9999.0 -9999.0    98.5    74.4    88.6   0.150   0.223   0.483   0.478 -99.000    15.8    16.0    16.2    16.1 -9999.0
73801 20240318  7.001  -87.59   33.21    14.2     2.3     8.2     9.8     0.0 -9999.00 U -9999.0 -9999.0 -9999.0    83.7    27.3    51.3   0.144   0.210   0.362   0.480 -99.000    13.9    14.7    15.4    15.8 -9999.0
73801 20240319  7.001  -87.59   33.21    15.8    -1.9     6.9     6.9     0.0 -9999.00 U -9999.0 -9999.0 -9999.0    93.2    20.7    55.0   0.139   0.201   0.275   0.482 -99.000    12.2    13.0    13.8    15.0 -9999.0
73801 20240320  7.001  -87.59   33.21    23.3     1.6    12.4    12.1     0.0 -9999.00 U -9999.0 -9999.0 -9999.0    98.1    26.7    61.6   0.134   0.190   0.254   0.484 -99.000    13.6    13.7    14.0    14.5 -9999.0
73801 20240321  7.001  -87.59   33.21    24.0     5.8    14.9    15.4     0.0 -9999.00 U -9999.0 -9999.0 -9999.0    97.9    24.0    62.6   0.128   0.180   0.220   0.485 -99.000    15.2    14.9    14.8    14.7 -9999.0
73801 20240322  7.001  -87.59   33.21    22.0    11.9    17.0    16.6     0.8 -9999.00 U -9999.0 -9999.0 -9999.0    95.2    42.7    71.8   0.125   0.176   0.208   0.485 -99.000    15.7    15.5    15.4    15.1 -9999.0
73801 20240323  7.001  -87.59   33.21    20.7     8.6    14.7    15.4     2.9 -9999.00 U -9999.0 -9999.0 -9999.0    95.8    30.2    62.2   0.125   0.175   0.198   0.485 -99.000    16.2    16.1    15.9    15.4 -9999.0
73801 20240324  7.001  -87.59   33.21    21.8     3.8    12.8    14.5     0.0 -9999.00 U -9999.0 -9999.0 -9999.0    91.7    35.3    54.8   0.120   0.170   0.179   0.485 -99.000    14.8    14.9    15.2    15.3 -9999.0
73801 20240325  7.001  -87.59   33.21    21.4    14.2    17.8    18.4     0.7 -9999.00 U -9999.0 -9999.0 -9999.0    79.8    52.8    59.4   0.116   0.165   0.166   0.484 -99.000    16.1    15.8    15.7    15.4 -9999.0
73801 20240326  7.001  -87.59   33.21    22.1    10.5    16.3    16.1    63.1 -9999.00 U -9999.0 -9999.0 -9999.0    97.9    39.6    78.5 -99.000   0.500   0.405   0.483 -99.000    17.1    16.8    16.5    15.8 -9999.0
73801 20240327  7.001  -87.59   33.21    19.6     9.1    14.3    14.3     0.0 -9999.00 U -9999.0 -9999.0 -9999.0    96.4    37.0    57.1   0.175   0.339   0.427   0.486 -99.000    16.0    16.2    16.2    16.0 -9999.0
73801 20240328  7.001  -87.59   33.21    20.9     6.3    13.6    13.1     0.0 -9999.00 U -9999.0 -9999.0 -9999.0    85.1    19.7    47.2   0.148   0.211   0.357   0.486 -99.000    15.1    15.4    15.7    15.8 -9999.0
73801 20240329  7.001  -87.59   33.21    23.6     3.7    13.6    14.2     0.0 -9999.00 U -9999.0 -9999.0 -9999.0    97.6    18.1    55.6   0.139   0.199   0.284   0.486 -99.000    15.8    15.6    15.6    15.6 -9999.0
73801 20240330  7.001  -87.59   33.21    26.0     8.8    17.4    18.6     0.0 -9999.00 U -9999.0 -9999.0 -9999.0    88.0    35.1    57.4   0.131   0.188   0.246   0.486 -99.000    17.5    17.0    16.6    15.9 -9999.0
73801 20240331  7.001  -87.59   33.21    26.6    14.7    20.7    20.5     0.0 -9999.00 U -9999.0 -9999.0 -9999.0    92.4    46.6    72.0   0.125   0.175   0.208   0.486 -99.000    18.6    18.0    17.4    16.4 -9999.0
73801 20240401  7.001  -87.59   33.21    25.7    19.2    22.4    22.2     0.0 -9999.00 U -9999.0 -9999.0 -9999.0    90.9    62.5    77.6   0.120   0.169   0.188   0.485 -99.000    19.9    19.1    18.3    17.0 -9999.0
73801 20240402  7.001  -87.59   33.21    27.4    18.5    22.9    22.9     3.7 -9999.00 U -9999.0 -9999.0 -9999.0    95.5    53.9    77.2   0.118   0.165   0.181   0.484 -99.000    20.6    19.8    19.0    17.6 -9999.0
73801 20240403  7.001  -87.59   33.21    19.4     8.1    13.7    14.2     0.0 -9999.00 U -9999.0 -9999.0 -9999.0    70.8    24.9    48.6   0.118   0.164   0.175   0.483 -99.000    17.6    18.1    18.4    17.8 -9999.0
73801 20240404  7.001  -87.59   33.21    20.5     6.1    13.3    13.0     0.0 -9999.00 U -9999.0 -9999.0 -9999.0    80.1    20.7    44.2   0.113   0.158   0.159   0.406 -99.000    16.1    16.5    16.9    17.2 -9999.0
73801 20240405  7.001  -87.59   33.21    19.9     3.8    11.8    12.2     0.0 -9999.00 U -9999.0 -9999.0 -9999.0    94.2    29.7    57.0   0.108   0.152   0.150   0.294 -99.000    16.6    16.6    16.6    16.7 -9999.0
73801 20240406  7.001  -87.59   33.21    19.9     4.2    12.0    12.2     0.0 -9999.00 U -9999.0 -9999.0 -9999.0    93.2    26.9    59.2   0.104   0.148   0.145   0.257 -99.000    16.8    16.7    16.7    16.6 -9999.0
73801 20240407  7.001  -87.59   33.21    27.0     6.4    16.7    18.1     0.0 -9999.00 U -9999.0 -9999.0 -9999.0    93.6    31.7    55.5   0.100   0.143   0.142   0.246 -99.000    18.4    17.6    17.1    16.6 -9999.0
73801 20240408  7.001  -87.59   33.21    25.7    15.7    20.7    19.4     1.8 -9999.00 U -9999.0 -9999.0 -9999.0    93.6    30.6    67.8   0.094   0.139   0.139   0.224 -99.000    19.2    18.6    18.1    17.1 -9999.0
73801 20240409  7.001  -87.59   33.21    18.7    14.1    16.4    16.5    10.6 -9999.00 U -9999.0 -9999.0 -9999.0    97.3    86.8    93.2   0.109   0.140   0.138   0.214 -99.000    17.4    17.4    17.6    17.3 -9999.0
73801 20240410  7.001  -87.59   33.21    21.6    16.2    18.9    18.4    13.3 -9999.00 U -9999.0 -9999.0 -9999.0    96.1    74.7    85.6   0.121   0.153   0.157   0.311 -99.000    17.9    17.8    17.7    17.2 -9999.0
73801 20240411  7.001  -87.59   33.21    18.4    12.2    15.3    15.9     4.3 -9999.00 U -9999.0 -9999.0 -9999.0    97.4    64.6    83.9   0.125   0.164   0.202   0.436 -99.000    17.3    17.4    17.5    17.3 -9999.0
73801 20240412  7.001  -87.59   33.21    22.4     7.7    15.1    15.0     0.0 -9999.00 U -9999.0 -9999.0 -9999.0    93.6    20.4    54.1   0.118   0.160   0.194   0.441 -99.000    16.9    17.0    17.0    17.0 -9999.0
73801 20240413  7.001  -87.59   33.21    27.8     5.8    16.8    16.9     0.0 -9999.00 U -9999.0 -9999.0 -9999.0    98.7    24.8    63.9   0.111   0.154   0.173   0.444 -99.000    18.4    17.8    17.4    16.9 -9999.0
73801 20240414  7.001  -87.59   33.21    29.0    11.8    20.4    19.8     0.0 -9999.00 U -9999.0 -9999.0 -9999.0    96.2    31.9    64.6   0.105   0.149   0.163   0.445 -99.000    19.4    18.8    18.2    17.3 -9999.0
73801 20240415  7.001  -87.59   33.21    27.9    12.7    20.3    20.8     0.0 -9999.00 U -9999.0 -9999.0 -9999.0    90.6    42.6    67.3   0.099   0.145   0.155   0.419 -99.000    21.1    20.0    19.1    17.8 -9999.0
73801 20240416  7.001  -87.59   33.21    27.4    17.3    22.3    22.6     0.0 -9999.00 U -9999.0 -9999.0 -9999.0    92.7    47.8    69.1   0.093   0.141   0.147   0.273 -99.000    22.0    20.9    20.0    18.4 -9999.0
73801 20240417  7.001  -87.59   33.21    24.5    18.7    21.6    21.3     3.1 -9999.00 U -9999.0 -9999.0 -9999.0    97.2    67.8    84.5   0.091   0.138   0.143   0.256 -99.000    21.1    20.5    20.1    18.9 -9999.0
73801 20240418  7.001  -87.59   33.21    27.0    18.6    22.8    22.1     2.2 -9999.00 U -9999.0 -9999.0 -9999.0    98.8    65.7    87.8   0.093   0.137   0.141   0.253 -99.000    21.9    21.2    20.5    19.1 -9999.0
73801 20240419  7.001  -87.59   33.21    27.6    17.6    22.6    21.7     0.0 -9999.00 U -9999.0 -9999.0 -9999.0    99.3    65.5    89.9   0.095   0.137   0.141   0.250 -99.000    21.9    21.2    20.6    19.3 -9999.0
73801 20240420  7.001  -87.59   33.21    20.1    11.5    15.8    16.5    12.0 -9999.00 U -9999.0 -9999.0 -9999.0    98.5    68.6    87.9   0.100   0.140   0.143   0.243 -99.000    19.4    19.8    20.1    19.5 -9999.0
73801 20240421  7.001  -87.59   33.21    18.1     8.6    13.3    13.2     7.9 -9999.00 U -9999.0 -9999.0 -9999.0    94.7    41.9    67.7   0.118   0.157   0.170   0.397 -99.000    18.2    18.4    18.7    18.8 -9999.0
73801 20240422  7.001  -87.59   33.21    20.3     4.5    12.4    12.3     0.0 -9999.00 U -9999.0 -9999.0 -9999.0    96.8    26.6    61.6   0.108   0.149   0.166   0.447 -99.000    18.1    18.1    18.2    18.3 -9999.0
73801 20240423  7.001  -87.59   33.21    23.7     5.3    14.5    15.6     0.0 -9999.00 U -9999.0 -9999.0 -9999.0    99.0    31.8    64.9   0.101   0.145   0.157   0.449 -99.000    19.4    18.9    18.5    18.2 -9999.0
73801 20240424  7.001  -87.59   33.21    25.4    12.0    18.7    18.5     0.0 -9999.00 U -9999.0 -9999.0 -9999.0    97.5    54.4    76.9   0.096   0.141   0.150   0.346 -99.000    20.1    19.5    19.1    18.4 -9999.0
73801 20240425  7.001  -87.59   33.21    27.6    12.4    20.0    20.6     0.0 -9999.00 U -9999.0 -9999.0 -9999.0    98.8    29.7    62.3   0.093   0.139   0.146   0.268 -99.000    21.5    20.6    19.8    18.8 -9999.0
73801 20240426  7.001  -87.59   33.21    29.6    13.8    21.7    22.6     0.0 -9999.00 U -9999.0 -9999.0 -9999.0    93.2    43.5    61.9   0.088   0.136   0.142   0.257 -99.000    22.8    21.7    20.7    19.2 -9999.0
73801 20240427  7.001  -87.59   33.21    28.7    17.7    23.2    23.4     0.0 -9999.00 U -9999.0 -9999.0 -9999.0    88.4    48.9    63.7   0.083   0.130   0.137   0.240 -99.000    23.1    22.1    21.2    19.7 -9999.0
73801 20240428  7.001  -87.59   33.21    27.6    19.3    23.5    23.1     0.0 -9999.00 U -9999.0 -9999.0 -9999.0    81.0    53.8    66.9   0.076   0.124   0.133   0.228 -99.000    23.0    22.1    21.3    20.0 -9999.0
73801 20240429  7.001  -87.59   33.21    25.8    16.5    21.2    21.6     1.1 -9999.00 U -9999.0 -9999.0 -9999.0    94.8    54.7    76.6   0.073   0.119   0.130   0.218 -99.000    22.2    21.6    21.2    20.1 -9999.0
73801 20240430  7.001  -87.59   33.21    28.2    18.8    23.5    22.9    11.9 -9999.00 U -9999.0 -9999.0 -9999.0    97.6    48.3    77.9   0.079   0.122   0.134   0.213 -99.000    24.1    23.0    22.0    20.3 -9999.0
73801 20240501  7.001  -87.59   33.21    30.4    16.2    23.3    23.6     0.0 -9999.00 U -9999.0 -9999.0 -9999.0    98.9    35.3    68.1   0.081   0.120   0.130   0.212 -99.000    24.4    23.4    22.5    20.8 -9999.0
73801 20240502  7.001  -87.59   33.21    30.6    16.3    23.4    24.2     0.0 -9999.00 U -9999.0 -9999.0 -9999.0    94.9    42.6    66.7   0.075   0.116   0.127   0.211 -99.000    24.5    23.5    22.6    21.1 -9999.0
73801 20240503  7.001  -87.59   33.21    29.6    20.2    24.9    23.5     2.2 -9999.00 U -9999.0 -9999.0 -9999.0    96.3    50.7    81.0   0.070   0.113   0.125   0.201 -99.000    25.0    24.1    23.1    21.5 -9999.0
73801 20240504  7.001  -87.59   33.21    29.1    18.4    23.8    23.3     0.3 -9999.00 U -9999.0 -9999.0 -9999.0    99.4    53.7    79.1   0.068   0.109   0.122   0.189 -99.000    24.8    24.0    23.2    21.7 -9999.0
73801 20240505  7.001  -87.59   33.21    30.4    18.4    24.4    23.2     0.8 -9999.00 U -9999.0 -9999.0 -9999.0    98.2    52.8    82.5   0.066   0.106   0.121   0.182 -99.000    24.7    24.0    23.3    21.9 -9999.0
73801 20240506  7.001  -87.59   33.21    30.9    19.2    25.1    25.3     0.0 -9999.00 U -9999.0 -9999.0 -9999.0    98.7    48.7    74.3   0.062   0.102   0.118   0.176 -99.000    26.2    24.9    23.8    22.1 -9999.0
73801 20240507  7.001  -87.59   33.21    28.6    22.2    25.4    25.2     0.0 -9999.00 U -9999.0 -9999.0 -9999.0    90.3    65.2    80.9   0.057   0.097   0.115   0.173 -99.000    25.3    24.6    23.9    22.5 -9999.0
73801 20240508  7.001  -87.59   33.21    30.8    23.1    27.0    26.1     0.7 -9999.00 U -9999.0 -9999.0 -9999.0    94.8    63.2    80.7   0.054   0.094   0.112   0.168 -99.000    25.4    24.6    23.9    22.5 -9999.0
73801 20240509  7.001  -87.59   33.21    32.8    20.2    26.5    26.3    35.8 -9999.00 U -9999.0 -9999.0 -9999.0    97.8    57.1    80.6   0.064   0.099   0.121   0.167 -99.000    26.6    25.5    24.5    22.8 -9999.0
73801 20240510  7.001  -87.59   33.21    27.9    15.8    21.8    22.5     3.5 -9999.00 U -9999.0 -9999.0 -9999.0    98.3    36.1    69.9   0.107   0.135   0.149   0.189 -99.000    25.7    25.1    24.4    23.0 -9999.0
73801 20240511  7.001  -87.59   33.21    26.2    12.6    19.4    19.7     0.0 -9999.00 U -9999.0 -9999.0 -9999.0    96.5    38.8    65.6   0.094   0.125   0.132   0.189 -99.000    24.0    23.8    23.6    22.9 -9999.0
73801 20240512  7.001  -87.59   33.21    27.5    15.7    21.6    21.5     0.0 -9999.00 U -9999.0 -9999.0 -9999.0    96.4    40.5    71.0   0.085   0.118   0.126   0.187 -99.000    24.0    23.6    23.4    22.7 -9999.0
73801 20240513  7.001  -87.59   33.21    23.8    17.7    20.7    20.1    14.1 -9999.00 U -9999.0 -9999.0 -9999.0    94.9    69.6    83.7   0.101   0.126   0.132   0.196 -99.000    22.5    22.6    22.8    22.5 -9999.0
73801 20240514  7.001  -87.59   33.21    26.1    19.1    22.6    21.8     0.0 -9999.00 U -9999.0 -9999.0 -9999.0    95.8    64.0    82.4   0.101   0.130   0.138   0.222 -99.000    23.0    22.8    22.6    22.2 -9999.0
73801 20240515  7.001  -87.59   33.21    28.0    17.8    22.9    22.6     0.0 -9999.00 U -9999.0 -9999.0 -9999.0    95.8    48.6    74.4   0.096   0.126   0.134   0.220 -99.000    24.6    23.9    23.3    22.3 -9999.0
73801 20240516  7.001  -87.59   33.21    29.2    16.0    22.6    23.1     0.4 -9999.00 U -9999.0 -9999.0 -9999.0    98.5    48.2    75.0   0.089   0.122   0.129   0.213 -99.000    25.1    24.3    23.7    22.5 -9999.0
73801 20240517  7.001  -87.59   33.21    23.3    20.4    21.8    21.9     0.4 -9999.00 U -9999.0 -9999.0 -9999.0    93.6    79.8    86.4   0.084   0.118   0.128   0.211 -99.000    23.3    23.3    23.4    22.8 -9999.0
73801 20240518  7.001  -87.59   33.21    30.1    19.3    24.7    23.1     1.2 -9999.00 U -9999.0 -9999.0 -9999.0    98.1    53.3    84.8   0.082   0.116   0.125   0.201 -99.000    25.1    24.4    23.7    22.6 -9999.0
73801 20240519  7.001  -87.59   33.21    30.4    17.8    24.1    23.6     0.0 -9999.00 U -9999.0 -9999.0 -9999.0    99.2    44.9    76.4   0.080   0.115   0.123   0.189 -99.000    26.0    25.0    24.2    22.9 -9999.0
73801 20240520  7.001  -87.59   33.21    31.3    18.9    25.1    25.0     0.0 -9999.00 U -9999.0 -9999.0 -9999.0    97.8    45.8    69.9   0.077   0.113   0.121   0.183 -99.000    26.7    25.7    24.8    23.3 -9999.0
73801 20240521  7.001  -87.59   33.21    31.1    17.7    24.4    25.0     0.0 -9999.00 U -9999.0 -9999.0 -9999.0    96.9    41.6    66.7   0.073   0.112   0.120   0.177 -99.000    27.4    26.3    25.2    23.6 -9999.0
73801 20240522  7.001  -87.59   33.21 -9999.0 -9999.0 -9999.0 -9999.0 -9999.0 -9999.00 U -9999.0 -9999.0 -9999.0 -9999.0 -9999.0 -9999.0 -99.000 -99.000 -99.000 -99.000 -99.000 -9999.0 -9999.0 -9999.0 -9999.0 -9999.0
73801 20240523 -9.000  -87.59   33.21 -9999.0 -9999.0 -9999.0 -9999.0 -9999.0 -9999.00 U -9999.0 -9999.0 -9999.0 -9999.0 -9999.0 -9999.0 -99.000 -99.000 -99.000 -99.000 -99.000 -9999.0 -9999.0 -9999.0 -9999.0 -9999.0
73801 20240524 -9.000  -87.59   33.21 -9999.0 -9999.0 -9999.0 -9999.0 -9999.0 -9999.00 U -9999.0 -9999.0 -9999.0 -9999.0 -9999.0 -9999.0 -99.000 -99.000 -99.000 -99.000 -99.000 -9999.0 -9999.0 -9999.0 -9999.0 -9999.0
73801 20240525 -9.000  -87.59   33.21 -9999.0 -9999.0 -9999.0 -9999.0 -9999.0 -9999.00 U -9999.0 -9999.0 -9999.0 -9999.0 -9999.0 -9999.0 -99.000 -99.000 -99.000 -99.000 -99.000 -9999.0 -9999.0 -9999.0 -9999.0 -9999.0
73801 20240526 -9.000  -87.59   33.21 -9999.0 -9999.0 -9999.0 -9999.0 -9999.0 -9999.00 U -9999.0 -9999.0 -9999.0 -9999.0 -9999.0 -9999.0 -99.000 -99.000 -99.000 -99.000 -99.000 -9999.0 -9999.0 -9999.0 -9999.0 -9999.0
73801 20240527 -9.000  -87.59   33.21 -9999.0 -9999.0 -9999.0 -9999.0 -9999.0 -9999.00 U -9999.0 -9999.0 -9999.0 -9999.0 -9999.0 -9999.0 -99.000 -99.000 -99.000 -99.000 -99.000 -9999.0 -9999.0 -9999.0 -9999.0 -9999.0
73801 20240528 -9.000  -87.59   33.21 -9999.0 -9999.0 -9999.0 -9999.0 -9999.0 -9999.00 U -9999.0 -9999.0 -9999.0 -9999.0 -9999.0 -9999.0 -99.000 -99.000 -99.000 -99.000 -99.000 -9999.0 -9999.0 -9999.0 -9999.0 -9999.0
73801 20240529 -9.000  -87.59   33.21 -9999.0 -9999.0 -9999.0 -9999.0 -9999.0 -9999.00 U -9999.0 -9999.0 -9999.0 -9999.0 -9999.0 -9999.0 -99.000 -99.000 -99.000 -99.000 -99.000 -9999.0 -9999.0 -9999.0 -9999.0 -9999.0
73801 20240530 -9.000  -87.59   33.21 -9999.0 -9999.0 -9999.0 -9999.0 -9999.0 -9999.00 U -9999.0 -9999.0 -9999.0 -9999.0 -9999.0 -9999.0 -99.000 -99.000 -99.000 -99.000 -99.000 -9999.0 -9999.0 -9999.0 -9999.0 -9999.0
73801 20240531 -9.000  -87.59   33.21 -9999.0 -9999.0 -9999.0 -9999.0 -9999.0 -9999.00 U -9999.0 -9999.0 -9999.0 -9999.0 -9999.0 -9999.0 -99.000 -99.000 -99.000 -99.000 -99.000 -9999.0 -9999.0 -9999.0 -9999.0 -9999.0
73801 20240601 -9.000  -87.59   33.21 -9999.0 -9999.0 -9999.0 -9999.0 -9999.0 -9999.00 U -9999.0 -9999.0 -9999.0 -9999.0 -9999.0 -9999.0 -99.000 -99.000 -99.000 -99.000 -99.000 -9999.0 -9999.0 -9999.0 -9999.0 -9999.0
73801 20240602 -9.000  -87.59   33.21 -9999.0 -9999.0 -9999.0 -9999.0 -9999.0 -9999.00 U -9999.0 -9999.0 -9999.0 -9999.0 -9999.0 -9999.0 -99.000 -99.000 -99.000 -99.000 -99.000 -9999.0 -9999.0 -9999.0 -9999.0 -9999.0
73801 20240603 -9.000  -87.59   33.21 -9999.0 -9999.0 -9999.0 -9999.0 -9999.0 -9999.00 U -9999.0 -9999.0 -9999.0 -9999.0 -9999.0 -9999.0 -99.000 -99.000 -99.000 -99.000 -99.000 -9999.0 -9999.0 -9999.0 -9999.0 -9999.0
73801 20240604 -9.000  -87.59   33.21 -9999.0 -9999.0 -9999.0 -9999.0 -9999.0 -9999.00 U -9999.0 -9999.0 -9999.0 -9999.0 -9999.0 -9999.0 -99.000 -99.000 -99.000 -99.000 -99.000 -9999.0 -9999.0 -9999.0 -9999.0 -9999.0
73801 20240605 -9.000  -87.59   33.21 -9999.0 -9999.0 -9999.0 -9999.0 -9999.0 -9999.00 U -9999.0 -9999.0 -9999.0 -9999.0 -9999.0 -9999.0 -99.000 -99.000 -99.000 -99.000 -99.000 -9999.0 -9999.0 -9999.0 -9999.0 -9999.0
73801 20240606 -9.000  -87.59   33.21 -9999.0 -9999.0 -9999.0 -9999.0 -9999.0 -9999.00 U -9999.0 -9999.0 -9999.0 -9999.0 -9999.0 -9999.0 -99.000 -99.000 -99.000 -99.000 -99.000 -9999.0 -9999.0 -9999.0 -9999.0 -9999.0
73801 20240607 -9.000  -87.59   33.21 -9999.0 -9999.0 -9999.0 -9999.0 -9999.0 -9999.00 U -9999.0 -9999.0 -9999.0 -9999.0 -9999.0 -9999.0 -99.000 -99.000 -99.000 -99.000 -99.000 -9999.0 -9999.0 -9999.0 -9999.0 -9999.0
73801 20240608 -9.000  -87.59   33.21 -9999.0 -9999.0 -9999.0 -9999.0 -9999.0 -9999.00 U -9999.0 -9999.0 -9999.0 -9999.0 -9999.0 -9999.0 -99.000 -99.000 -99.000 -99.000 -99.000 -9999.0 -9999.0 -9999.0 -9999.0 -9999.0
73801 20240609 -9.000  -87.59   33.21 -9999.0 -9999.0 -9999.0 -9999.0 -9999.0 -9999.00 U -9999.0 -9999.0 -9999.0 -9999.0 -9999.0 -9999.0 -99.000 -99.000 -99.000 -99.000 -99.000 -9999.0 -9999.0 -9999.0 -9999.0 -9999.0
73801 20240610  7.003  -87.59   33.21 -9999.0 -9999.0 -9999.0 -9999.0 -9999.0 -9999.00 U -9999.0 -9999.0 -9999.0 -9999.0 -9999.0 -9999.0 -99.000 -99.000 -99.000 -99.000 -99.000 -9999.0 -9999.0 -9999.0 -9999.0 -9999.0
73801 20240611  7.003  -87.59   33.21 -9999.0 -9999.0 -9999.0 -9999.0 -9999.0 -9999.00 U -9999.0 -9999.0 -9999.0 -9999.0 -9999.0 -9999.0 -99.000 -99.000 -99.000 -99.000 -99.000 -9999.0 -9999.0 -9999.0 -9999.0 -9999.0
73801 20240612  7.003  -87.59   33.21    30.2    15.7    23.0    22.8     0.0 -9999.00 U -9999.0 -9999.0 -9999.0    94.4    37.4    70.0   0.229   0.314   0.423   0.488   0.488    27.9    27.6    27.2    26.1    26.1
73801 20240613  7.003  -87.59   33.21    32.4    17.7    25.1    25.0     0.0 -9999.00 U -9999.0 -9999.0 -9999.0    96.8    40.2    70.9   0.234   0.314   0.421   0.487   0.487    28.4    28.0    27.4    26.0    26.0
73801 20240614  7.003  -87.59   33.21    34.3    20.2    27.2    27.4     0.0 -9999.00 U -9999.0 -9999.0 -9999.0    96.5    39.7    71.1   0.236   0.313   0.417   0.484   0.484    29.5    28.9    28.1    26.2    26.2
73801 20240615  7.003  -87.59   33.21    35.4    22.6    29.0    27.9     0.9 -9999.00 U -9999.0 -9999.0 -9999.0    96.5    41.0    74.4   0.235   0.311   0.411   0.481   0.480    30.6    30.0    29.1    26.7    26.7
73801 20240616  7.003  -87.59   33.21    36.6    22.4    29.5    28.2     2.1 -9999.00 U -9999.0 -9999.0 -9999.0    98.9    34.2    73.0   0.233   0.307   0.405   0.477   0.477    30.4    30.0    29.3    27.1    27.1
73801 20240617  7.003  -87.59   33.21    33.3    22.9    28.1    26.1     1.0 -9999.00 U -9999.0 -9999.0 -9999.0    98.8    51.1    82.5   0.232   0.303   0.402   0.474   0.474    29.4    29.2    28.9    27.3    27.3
73801 20240618  7.003  -87.59   33.21    31.7    23.0    27.4    27.3     0.0 -9999.00 U -9999.0 -9999.0 -9999.0    98.9    43.8    64.6   0.230   0.300   0.399   0.472   0.471    28.3    28.2    28.1    27.1    27.1
73801 20240619  7.003  -87.59   33.21    31.0    21.5    26.3    27.0     0.0 -9999.00 U -9999.0 -9999.0 -9999.0    86.0    44.6    61.2   0.229   0.297   0.397   0.472   0.471    28.3    28.1    27.8    26.8    26.8
73801 20240620  7.003  -87.59   33.21    33.2    21.1    27.2    27.0     0.0 -9999.00 U -9999.0 -9999.0 -9999.0    93.3    37.5    65.4   0.227   0.295   0.392   0.470   0.471    28.4    28.1    27.7    26.6    26.6
73801 20240621  7.003  -87.59   33.21    35.8    20.8    28.3    27.5     0.0 -9999.00 U -9999.0 -9999.0 -9999.0    97.2    30.8    63.8   0.225   0.291   0.389   0.466   0.466    29.5    29.0    28.3    26.7    26.7
73801 20240622  7.003  -87.59   33.21    35.3    20.4    27.8    27.7     0.0 -9999.00 U -9999.0 -9999.0 -9999.0    95.5    30.5    63.2   0.224   0.287   0.380   0.460   0.460    30.3    29.8    29.1    27.1    27.1
73801 20240623  7.003  -87.59   33.21    36.1    20.7    28.4    28.6     0.0 -9999.00 U -9999.0 -9999.0 -9999.0    95.8    33.9    64.4   0.221   0.284   0.372   0.409   0.409    31.0    30.4    29.7    27.5    27.5
73801 20240624  7.003  -87.59   33.21    35.4    23.2    29.3    28.9    11.7 -9999.00 U -9999.0 -9999.0 -9999.0    97.2    36.9    70.7   0.221   0.282   0.364   0.433   0.433    31.1    30.8    30.2    28.0    28.0
73801 20240625  7.003  -87.59   33.21    37.7    21.5    29.6    29.2     0.0 -9999.00 U -9999.0 -9999.0 -9999.0    97.0    23.5    63.1   0.221   0.282   0.352   0.438   0.438    30.3    30.0    29.6    28.1    28.1
73801 20240626  7.003  -87.59   33.21    36.1    22.6    29.3    27.1    20.4 -9999.00 U -9999.0 -9999.0 -9999.0    98.8    41.6    80.0   0.219   0.280   0.349   0.427   0.426    30.2    30.1    29.9    28.3    28.3
73801 20240627  7.003  -87.59   33.21    30.6    23.2    26.9    25.9     8.8 -9999.00 U -9999.0 -9999.0 -9999.0    98.4    62.6    87.2   0.231   0.285   0.352   0.439   0.439    28.9    29.0    29.0    28.2    28.2
73801 20240628  7.003  -87.59   33.21    33.2    23.4    28.3    27.9     0.0 -9999.00 U -9999.0 -9999.0 -9999.0    97.1    55.1    77.8   0.238   0.289   0.355   0.434   0.433    28.7    28.6    28.5    27.8    27.8
73801 20240629  7.003  -87.59   33.21    30.9    24.1    27.5    26.5    13.8 -9999.00 U -9999.0 -9999.0 -9999.0    98.7    70.2    90.2   0.236   0.288   0.353   0.429   0.429    28.4    28.4    28.4    27.7    27.7
73801 20240630  7.003  -87.59   33.21    33.2    23.7    28.4    27.2     1.2 -9999.00 U -9999.0 -9999.0 -9999.0    99.4    63.1    85.0   0.245   0.293   0.354   0.427   0.427    28.8    28.6    28.3    27.5    27.5
73801 20240701  7.003  -87.59   33.21    34.2    22.3    28.2    27.5     0.0 -9999.00 U -9999.0 -9999.0 -9999.0    98.7    32.8    71.1   0.242   0.291   0.352   0.414   0.414    29.2    29.0    28.7    27.6    27.6
73801 20240702  7.003  -87.59   33.21 -9999.0 -9999.0 -9999.0 -9999.0 -9999.0 -9999.00 U -9999.0 -9999.0 -9999.0 -9999.0 -9999.0 -9999.0 -99.000 -99.000 -99.000 -99.000 -99.000 -9999.0 -9999.0 -9999.0 -9999.0 -9999.0
