21515 20240101  2.424 -155.08   19.65    24.5    14.9    19.7    19.4     1.5    11.57 C    41.0    13.3    21.2    94.1    64.8    85.9 -99.000 -99.000 -99.000 -99.000 -99.000 -9999.0 -9999.0 -9999.0 -9999.0 -9999.0
21515 20240102  2.424 -155.08   19.65    24.8    16.3    20.5    19.7     1.8    14.88 C    35.9    14.5    22.0    94.8    52.2    83.1 -99.000 -99.000 -99.000 -99.000 -99.000 -9999.0 -9999.0 -9999.0 -9999.0 -9999.0
21515 20240103  2.424 -155.08   19.65    23.7    16.4    20.1    19.5     0.3     9.44 C    33.4    15.1    21.1    94.4    65.4    85.4 -99.000 -99.000 -99.000 -99.000 -99.000 -9999.0 -9999.0 -9999.0 -9999.0 -9999.0
21515 20240104  2.424 -155.08   19.65    23.3    17.6    20.5    20.0     3.9     6.83 C    28.4    15.9    20.8    94.1    70.6    87.6 -99.000 -99.000 -99.000 -99.000 -99.000 -9999.0 -9999.0 -9999.0 -9999.0 -9999.0
21515 20240105  2.424 -155.08   19.65    25.3    15.9    20.6    20.3     6.6    13.46 C    37.9    14.0    21.8    93.7    62.8    82.3 -99.000 -99.000 -99.000 -99.000 -99.000 -9999.0 -9999.0 -9999.0 -9999.0 -9999.0
21515 20240106  2.424 -155.08   19.65    24.2    18.7    21.5    20.3    12.6     9.24 C    32.1    17.7    22.0    94.8    70.9    89.2 -99.000 -99.000 -99.000 -99.000 -99.000 -9999.0 -9999.0 -9999.0 -9999.0 -9999.0
21515 20240107  2.424 -155.08   19.65    24.7    17.3    21.0    20.3    41.3    13.25 C    35.8    16.0    22.2    95.1    70.6    87.4 -99.000 -99.000 -99.000 -99.000 -99.000 -9999.0 -9999.0 -9999.0 -9999.0 -9999.0
21515 20240108  2.424 -155.08   19.65    27.2    15.6    21.4    21.6     0.0    16.43 C    37.9    14.0    22.6    94.2    54.8    74.7 -99.000 -99.000 -99.000 -99.000 -99.000 -9999.0 -9999.0 -9999.0 -9999.0 -9999.0
21515 20240109  2.424 -155.08   19.65    23.0    17.7    20.4    21.3    19.2     3.13 C    25.1    16.3    20.7    94.5    68.0    84.7 -99.000 -99.000 -99.000 -99.000 -99.000 -9999.0 -9999.0 -9999.0 -9999.0 -9999.0
21515 20240110  2.424 -155.08   19.65    24.7    16.3    20.5    20.6     4.8     9.50 C    35.2    15.1    21.7    94.9    70.4    88.2 -99.000 -99.000 -99.000 -99.000 -99.000 -9999.0 -9999.0 -9999.0 -9999.0 -9999.0
21515 20240111  2.424 -155.08   19.65    24.5    17.3    20.9    21.1     0.0    10.98 C    34.7    16.1    22.9    94.6    76.5    87.5 -99.000 -99.000 -99.000 -99.000 -99.000 -9999.0 -9999.0 -9999.0 -9999.0 -9999.0
21515 20240112  2.424 -155.08   19.65    23.7    14.0    18.9    19.7     0.0    17.45 C    37.6    12.3    21.8    93.3    51.6    76.8 -99.000 -99.000 -99.000 -99.000 -99.000 -9999.0 -9999.0 -9999.0 -9999.0 -9999.0
21515 20240113  2.424 -155.08   19.65    23.2    13.4    18.3    17.6     0.0    11.41 C    39.6    12.0    19.4    91.4    59.1    79.7 -99.000 -99.000 -99.000 -99.000 -99.000 -9999.0 -9999.0 -9999.0 -9999.0 -9999.0
21515 20240114  2.424 -155.08   19.65    23.3    13.2    18.2    18.6     0.0    10.52 C    39.5    11.3    20.4    91.7    58.7    80.6 -99.000 -99.000 -99.000 -99.000 -99.000 -9999.0 -9999.0 -9999.0 -9999.0 -9999.0
21515 20240115  2.424 -155.08   19.65    27.8    14.4    21.1    20.3     0.0    17.57 C    39.9    12.4    22.4    91.6    52.7    78.8 -99.000 -99.000 -99.000 -99.000 -99.000 -9999.0 -9999.0 -9999.0 -9999.0 -9999.0
21515 20240116  2.424 -155.08   19.65    29.9    15.3    22.6    22.1     0.0    17.01 C    44.0    13.8    23.1    91.8    48.1    72.6 -99.000 -99.000 -99.000 -99.000 -99.000 -9999.0 -9999.0 -9999.0 -9999.0 -9999.0
21515 20240117  2.424 -155.08   19.65    27.2    17.3    22.3    22.2     0.0    15.33 C    43.8    14.5    23.7    90.6    58.7    75.0 -99.000 -99.000 -99.000 -99.000 -99.000 -9999.0 -9999.0 -9999.0 -9999.0 -9999.0
21515 20240118  2.424 -155.08   19.65    26.2    17.8    22.0    21.6     1.2    10.71 C    43.0    15.4    23.6    94.1    67.6    83.8 -99.000 -99.000 -99.000 -99.000 -99.000 -9999.0 -9999.0 -9999.0 -9999.0 -9999.0
21515 20240119  2.424 -155.08   19.65    26.0    17.2    21.6    21.6     0.8    14.86 C    40.4    15.8    23.9    95.0    67.2    84.5 -99.000 -99.000 -99.000 -99.000 -99.000 -9999.0 -9999.0 -9999.0 -9999.0 -9999.0
21515 20240120  2.424 -155.08   19.65    28.1    14.5    21.3    20.4     0.0    18.84 C    41.6    12.3    21.9    92.7    44.6    73.7 -99.000 -99.000 -99.000 -99.000 -99.000 -9999.0 -9999.0 -9999.0 -9999.0 -9999.0
21515 20240121  2.424 -155.08   19.65    27.7    14.9    21.3    20.9     0.0    16.44 C    41.1    11.9    22.4    90.8    52.2    74.0 -99.000 -99.000 -99.000 -99.000 -99.000 -9999.0 -9999.0 -9999.0 -9999.0 -9999.0
21515 20240122  2.424 -155.08   19.65    27.3    15.7    21.5    21.3     0.0    14.10 C    41.4    12.6    22.6    91.4    48.5    70.9 -99.000 -99.000 -99.000 -99.000 -99.000 -9999.0 -9999.0 -9999.0 -9999.0 -9999.0
21515 20240123  2.424 -155.08   19.65    27.7    16.2    22.0    22.1     0.0    17.97 C    41.5    12.9    22.6    91.7    48.1    64.7 -99.000 -99.000 -99.000 -99.000 -99.000 -9999.0 -9999.0 -9999.0 -9999.0 -9999.0
21515 20240124  2.424 -155.08   19.65    28.2    15.9    22.1    21.7     0.0    16.96 C    44.0    12.8    22.6    88.1    46.0    66.3 -99.000 -99.000 -99.000 -99.000 -99.000 -9999.0 -9999.0 -9999.0 -9999.0 -9999.0
21515 20240125  2.424 -155.08   19.65    27.6    15.5    21.5    20.7     0.0    16.39 C    44.0    13.1    23.3    92.0    56.6    79.2 -99.000 -99.000 -99.000 -99.000 -99.000 -9999.0 -9999.0 -9999.0 -9999.0 -9999.0
21515 20240126  2.424 -155.08   19.65    27.6    15.3    21.5    21.2     0.0    17.26 C    44.4    12.6    23.8    92.0    52.6    75.9 -99.000 -99.000 -99.000 -99.000 -99.000 -9999.0 -9999.0 -9999.0 -9999.0 -9999.0
21515 20240127  2.424 -155.08   19.65    27.2    16.1    21.6    21.2     0.0    17.27 C    44.2    12.9    24.0    89.4    55.6    76.0 -99.000 -99.000 -99.000 -99.000 -99.000 -9999.0 -9999.0 -9999.0 -9999.0 -9999.0
21515 20240128  2.424 -155.08   19.65    29.5    16.0    22.8    21.3     0.0    18.56 C    46.4    13.2    24.1    91.2    45.3    78.5 -99.000 -99.000 -99.000 -99.000 -99.000 -9999.0 -9999.0 -9999.0 -9999.0 -9999.0
21515 20240129  2.424 -155.08   19.65    28.1    15.4    21.7    21.0     0.0    19.36 C    45.6    12.5    23.6    91.6    49.0    74.6 -99.000 -99.000 -99.000 -99.000 -99.000 -9999.0 -9999.0 -9999.0 -9999.0 -9999.0
21515 20240130  2.424 -155.08   19.65    28.5    16.1    22.3    22.1     1.3    18.94 C    46.2    13.1    25.4    93.5    49.8    72.6 -99.000 -99.000 -99.000 -99.000 -99.000 -9999.0 -9999.0 -9999.0 -9999.0 -9999.0
21515 20240131  2.424 -155.08   19.65    24.3    17.6    20.9    20.4     7.2     9.68 C    36.2    15.7    22.8    94.3    66.5    87.2 -99.000 -99.000 -99.000 -99.000 -99.000 -9999.0 -9999.0 -9999.0 -9999.0 -9999.0
21515 20240201  2.424 -155.08   19.65    26.9    16.2    21.6    20.9     1.9    11.89 C    42.3    13.7    22.9    93.8    55.8    82.1 -99.000 -99.000 -99.000 -99.000 -99.000 -9999.0 -9999.0 -9999.0 -9999.0 -9999.0
21515 20240202  2.424 -155.08   19.65    21.5    17.2    19.4    18.7     5.2     8.81 C    30.6    15.3    20.1    93.0    81.1    89.6 -99.000 -99.000 -99.000 -99.000 -99.000 -9999.0 -9999.0 -9999.0 -9999.0 -9999.0
21515 20240203  2.424 -155.08   19.65    23.0    16.1    19.5    18.6     1.4    12.07 C    36.4    15.9    20.6    92.7    50.7    76.5 -99.000 -99.000 -99.000 -99.000 -99.000 -9999.0 -9999.0 -9999.0 -9999.0 -9999.0
21515 20240204  2.424 -155.08   19.65    23.1    15.7    19.4    17.8     3.7     9.84 C    32.8    15.6    19.9    93.8    55.2    83.4 -99.000 -99.000 -99.000 -99.000 -99.000 -9999.0 -9999.0 -9999.0 -9999.0 -9999.0
21515 20240205  2.424 -155.08   19.65    22.0    14.8    18.4    17.6     4.7    11.99 C    32.7    14.5    20.2    93.2    60.8    84.7 -99.000 -99.000 -99.000 -99.000 -99.000 -9999.0 -9999.0 -9999.0 -9999.0 -9999.0
21515 20240206  2.424 -155.08   19.65    23.5    15.1    19.3    18.3     1.5    12.30 C    37.4    13.9    20.7    93.8    56.8    82.8 -99.000 -99.000 -99.000 -99.000 -99.000 -9999.0 -9999.0 -9999.0 -9999.0 -9999.0
21515 20240207  2.424 -155.08   19.65    23.4    15.1    19.3    18.9     3.3    13.21 C    36.7    14.2    21.1    94.2    59.7    83.4 -99.000 -99.000 -99.000 -99.000 -99.000 -9999.0 -9999.0 -9999.0 -9999.0 -9999.0
21515 20240208  2.424 -155.08   19.65    24.1    14.6    19.4    18.9     2.4    14.97 C    37.9    13.0    21.7    95.3    61.7    85.2 -99.000 -99.000 -99.000 -99.000 -99.000 -9999.0 -9999.0 -9999.0 -9999.0 -9999.0
21515 20240209  2.424 -155.08   19.65    23.7    16.7    20.2    19.4     3.7    13.69 C    33.8    15.0    21.7    94.8    66.3    85.6 -99.000 -99.000 -99.000 -99.000 -99.000 -9999.0 -9999.0 -9999.0 -9999.0 -9999.0
21515 20240210  2.424 -155.08   19.65    24.4    15.9    20.2    19.4     0.4    14.42 C    40.1    14.3    21.4    93.6    57.7    81.7 -99.000 -99.000 -99.000 -99.000 -99.000 -9999.0 -9999.0 -9999.0 -9999.0 -9999.0
21515 20240211  2.424 -155.08   19.65    25.0    15.8    20.4    20.0     1.7    14.72 C    39.6    14.5    23.0    93.9    65.0    83.7 -99.000 -99.000 -99.000 -99.000 -99.000 -9999.0 -9999.0 -9999.0 -9999.0 -9999.0
21515 20240212  2.424 -155.08   19.65    26.0    17.4    21.7    20.6     0.9    16.86 C    43.1    16.7    24.1    93.7    51.7    79.0 -99.000 -99.000 -99.000 -99.000 -99.000 -9999.0 -9999.0 -9999.0 -9999.0 -9999.0
21515 20240213  2.424 -155.08   19.65    26.8    14.5    20.6    19.9     0.0    16.81 C    46.5    12.9    22.9    92.5    52.1    78.3 -99.000 -99.000 -99.000 -99.000 -99.000 -9999.0 -9999.0 -9999.0 -9999.0 -9999.0
21515 20240214  2.424 -155.08   19.65    28.1    14.3    21.2    20.7     0.0    17.44 C    46.3    12.4    23.2    92.8    45.3    75.0 -99.000 -99.000 -99.000 -99.000 -99.000 -9999.0 -9999.0 -9999.0 -9999.0 -9999.0
21515 20240215  2.424 -155.08   19.65    27.0    15.4    21.2    20.5     2.0    17.62 C    45.1    12.9    23.6    93.3    48.9    76.4 -99.000 -99.000 -99.000 -99.000 -99.000 -9999.0 -9999.0 -9999.0 -9999.0 -9999.0
21515 20240216  2.424 -155.08   19.65    22.2    16.7    19.4    18.6     4.0    14.05 C    40.2    16.0    21.8    94.0    73.4    88.6 -99.000 -99.000 -99.000 -99.000 -99.000 -9999.0 -9999.0 -9999.0 -9999.0 -9999.0
21515 20240217  2.424 -155.08   19.65    21.3    16.1    18.7    18.1     3.1    10.53 C    32.7    15.8    20.5    94.3    60.3    81.3 -99.000 -99.000 -99.000 -99.000 -99.000 -9999.0 -9999.0 -9999.0 -9999.0 -9999.0
21515 20240218  2.424 -155.08   19.65    20.9    16.0    18.4    18.0     0.5     6.21 C    27.2    14.2    19.1    90.5    66.1    77.5 -99.000 -99.000 -99.000 -99.000 -99.000 -9999.0 -9999.0 -9999.0 -9999.0 -9999.0
21515 20240219  2.424 -155.08   19.65    22.4    15.3    18.8    18.0     0.9    12.54 C    35.7    14.3    20.4    93.1    61.1    82.5 -99.000 -99.000 -99.000 -99.000 -99.000 -9999.0 -9999.0 -9999.0 -9999.0 -9999.0
21515 20240220  2.424 -155.08   19.65    23.8    14.8    19.3    18.4     0.3    16.27 C    41.5    13.0    21.3    94.1    50.2    79.2 -99.000 -99.000 -99.000 -99.000 -99.000 -9999.0 -9999.0 -9999.0 -9999.0 -9999.0
21515 20240221  2.424 -155.08   19.65    22.8    15.6    19.2    18.8     1.5     9.52 C    35.6    14.5    20.6    94.8    53.3    81.7 -99.000 -99.000 -99.000 -99.000 -99.000 -9999.0 -9999.0 -9999.0 -9999.0 -9999.0
21515 20240222  2.424 -155.08   19.65    22.4    16.9    19.7    19.1     8.7    11.84 C    33.5    16.4    21.5    94.7    68.1    85.9 -99.000 -99.000 -99.000 -99.000 -99.000 -9999.0 -9999.0 -9999.0 -9999.0 -9999.0
21515 20240223  2.424 -155.08   19.65    24.3    15.6    19.9    19.4     1.0    17.66 C    38.4    14.4    22.4    94.8    58.9    82.4 -99.000 -99.000 -99.000 -99.000 -99.000 -9999.0 -9999.0 -9999.0 -9999.0 -9999.0
21515 20240224  2.424 -155.08   19.65    20.7    14.4    17.5    17.3    18.7     6.16 C    28.3    13.0    18.8    94.1    76.6    90.1 -99.000 -99.000 -99.000 -99.000 -99.000 -9999.0 -9999.0 -9999.0 -9999.0 -9999.0
21515 20240225  2.424 -155.08   19.65    23.1    16.1    19.6    18.5     1.7    13.66 C    35.7    15.2    21.1    94.5    60.8    85.0 -99.000 -99.000 -99.000 -99.000 -99.000 -9999.0 -9999.0 -9999.0 -9999.0 -9999.0
21515 20240226  2.424 -155.08   19.65    22.8    15.1    18.9    18.0    14.7    10.58 C    32.6    13.7    20.1    94.7    67.7    89.2 -99.000 -99.000 -99.000 -99.000 -99.000 -9999.0 -9999.0 -9999.0 -9999.0 -9999.0
21515 20240227  2.424 -155.08   19.65    22.6    16.7    19.6    18.6    20.4     9.29 C    32.9    16.0    20.4    94.8    70.0    87.4 -99.000 -99.000 -99.000 -99.000 -99.000 -9999.0 -9999.0 -9999.0 -9999.0 -9999.0
21515 20240228  2.424 -155.08   19.65    24.0    15.6    19.8    19.3     1.6    16.41 C    41.2    14.5    22.8    94.4    53.5    81.7 -99.000 -99.000 -99.000 -99.000 -99.000 -9999.0 -9999.0 -9999.0 -9999.0 -9999.0
21515 20240229  2.424 -155.08   19.65    23.3    16.3    19.8    19.4     8.6    11.80 C    35.8    15.4    21.9    95.0    60.3    83.8 -99.000 -99.000 -99.000 -99.000 -99.000 -9999.0 -9999.0 -9999.0 -9999.0 -9999.0
21515 20240301  2.424 -155.08   19.65    23.7    15.2    19.5    18.4     6.7    12.10 C    40.7    13.9    21.0    94.3    60.8    87.9 -99.000 -99.000 -99.000 -99.000 -99.000 -9999.0 -9999.0 -9999.0 -9999.0 -9999.0
21515 20240302  2.424 -155.08   19.65    24.2    15.0    19.6    18.9     2.7    13.64 C    41.4    14.5    21.5    94.2    62.0    81.9 -99.000 -99.000 -99.000 -99.000 -99.000 -9999.0 -9999.0 -9999.0 -9999.0 -9999.0
21515 20240303  2.424 -155.08   19.65    22.7    17.5    20.1    19.3    65.6     3.69 C    28.2    17.9    20.4    94.6    71.7    88.1 -99.000 -99.000 -99.000 -99.000 -99.000 -9999.0 -9999.0 -9999.0 -9999.0 -9999.0
21515 20240304  2.424 -155.08   19.65    22.9    17.8    20.4    19.5    33.2     6.98 C    29.5    17.5    21.2    94.8    64.7    87.3 -99.000 -99.000 -99.000 -99.000 -99.000 -9999.0 -9999.0 -9999.0 -9999.0 -9999.0
21515 20240305  2.424 -155.08   19.65    23.5    16.7    20.1    19.1    23.0    11.68 C    36.5    15.0    21.1    94.7    62.6    86.5 -99.000 -99.000 -99.000 -99.000 -99.000 -9999.0 -9999.0 -9999.0 -9999.0 -9999.0
21515 20240306  2.424 -155.08   19.65    23.2    15.5    19.4    18.2    63.5    12.08 C    34.7    14.9    20.7    94.4    67.4    89.4 -99.000 -99.000 -99.000 -99.000 -99.000 -9999.0 -9999.0 -9999.0 -9999.0 -9999.0
21515 20240307  2.424 -155.08   19.65    20.5    15.8    18.1    18.0    85.4     6.83 C    28.8    16.1    19.8    94.5    91.1    93.4 -99.000 -99.000 -99.000 -99.000 -99.000 -9999.0 -9999.0 -9999.0 -9999.0 -9999.0
21515 20240308  2.424 -155.08   19.65    21.7    18.0    19.8    19.5    31.0     6.09 C    25.7    17.9    20.4    94.6    73.9    87.9 -99.000 -99.000 -99.000 -99.000 -99.000 -9999.0 -9999.0 -9999.0 -9999.0 -9999.0
21515 20240309  2.424 -155.08   19.65    23.3    17.2    20.2    19.4     1.0     9.16 C    32.5    16.9    20.8    93.6    69.7    85.7 -99.000 -99.000 -99.000 -99.000 -99.000 -9999.0 -9999.0 -9999.0 -9999.0 -9999.0
21515 20240310  2.424 -155.08   19.65    21.1    16.7    18.9    18.6     5.6     6.76 C    27.7    16.1    20.5    93.0    79.1    89.2 -99.000 -99.000 -99.000 -99.000 -99.000 -9999.0 -9999.0 -9999.0 -9999.0 -9999.0
21515 20240311  2.424 -155.08   19.65    22.0    16.7    19.3    18.8     1.4     5.54 C    28.7    17.0    20.3    94.1    72.6    88.7 -99.000 -99.000 -99.000 -99.000 -99.000 -9999.0 -9999.0 -9999.0 -9999.0 -9999.0
21515 20240312  2.424 -155.08   19.65    25.4    17.2    21.3    20.3     1.3    15.83 C    35.7    15.6    22.5    93.3    62.7    85.2 -99.000 -99.000 -99.000 -99.000 -99.000 -9999.0 -9999.0 -9999.0 -9999.0 -9999.0
21515 20240313  2.424 -155.08   19.65    27.8    17.0    22.4    20.5    10.0    14.57 C    49.3    15.1    22.5    93.8    56.4    83.1 -99.000 -99.000 -99.000 -99.000 -99.000 -9999.0 -9999.0 -9999.0 -9999.0 -9999.0
21515 20240314  2.424 -155.08   19.65    25.4    15.6    20.5    20.2     1.7    18.48 C    45.0    14.4    24.0    94.5    61.0    83.9 -99.000 -99.000 -99.000 -99.000 -99.000 -9999.0 -9999.0 -9999.0 -9999.0 -9999.0
21515 20240315  2.424 -155.08   19.65    20.5    17.7    19.1    19.2    51.2     5.76 C    27.8    18.4    21.2    94.7    93.7    94.2 -99.000 -99.000 -99.000 -99.000 -99.000 -9999.0 -9999.0 -9999.0 -9999.0 -9999.0
21515 20240316  2.424 -155.08   19.65    21.6    16.6    19.1    18.7     3.2     8.59 C    35.0    16.5    21.2    94.6    74.5    88.6 -99.000 -99.000 -99.000 -99.000 -99.000 -9999.0 -9999.0 -9999.0 -9999.0 -9999.0
21515 20240317  2.424 -155.08   19.65    23.1    17.4    20.3    19.4     2.0    11.29 C    36.2    17.8    22.3    94.4    66.6    84.8 -99.000 -99.000 -99.000 -99.000 -99.000 -9999.0 -9999.0 -9999.0 -9999.0 -9999.0
21515 20240318  2.424 -155.08   19.65    22.0    16.6    19.3    18.3     0.8     6.50 C    30.2    16.3    20.4    93.6    66.9    87.6 -99.000 -99.000 -99.000 -99.000 -99.000 -9999.0 -9999.0 -9999.0 -9999.0 -9999.0
21515 20240319  2.424 -155.08   19.65    23.9    16.2    20.0    18.8     1.3    16.46 C    41.5    15.9    22.5    94.0    43.1    78.8 -99.000 -99.000 -99.000 -99.000 -99.000 -9999.0 -9999.0 -9999.0 -9999.0 -9999.0
21515 20240320  2.424 -155.08   19.65    23.0    15.5    19.2    18.6     0.4    13.71 C    38.5    14.7    21.7    93.2    57.6    82.4 -99.000 -99.000 -99.000 -99.000 -99.000 -9999.0 -9999.0 -9999.0 -9999.0 -9999.0
21515 20240321  2.424 -155.08   19.65    22.3    16.1    19.2    18.7     9.3     8.92 C    33.8    14.3    20.6    93.8    80.0    88.8 -99.000 -99.000 -99.000 -99.000 -99.000 -9999.0 -9999.0 -9999.0 -9999.0 -9999.0
21515 20240322  2.424 -155.08   19.65    23.4    16.9    20.2    19.6     9.7    11.05 C    37.0    15.2    21.4    94.5    71.1    85.7 -99.000 -99.000 -99.000 -99.000 -99.000 -9999.0 -9999.0 -9999.0 -9999.0 -9999.0
21515 20240323  2.424 -155.08   19.65    23.5    16.3    19.9    19.5     0.5    15.63 C    42.6    15.7    22.5    93.6    64.3    83.3 -99.000 -99.000 -99.000 -99.000 -99.000 -9999.0 -9999.0 -9999.0 -9999.0 -9999.0
21515 20240324  2.424 -155.08   19.65    24.7    16.9    20.8    20.1     0.0    18.19 C    43.8    16.3    23.8    95.4    53.9    81.6 -99.000 -99.000 -99.000 -99.000 -99.000 -9999.0 -9999.0 -9999.0 -9999.0 -9999.0
21515 20240325  2.424 -155.08   19.65    24.1    17.3    20.7    20.3     0.0    11.10 C    39.0    16.6    23.1    94.1    67.0    83.6 -99.000 -99.000 -99.000 -99.000 -99.000 -9999.0 -9999.0 -9999.0 -9999.0 -9999.0
21515 20240326  2.424 -155.08   19.65    24.8    17.9    21.3    20.4     0.4    12.53 C    47.7    17.5    23.8    93.4    63.6    83.7 -99.000 -99.000 -99.000 -99.000 -99.000 -9999.0 -9999.0 -9999.0 -9999.0 -9999.0
21515 20240327  2.424 -155.08   19.65    23.9    16.1    20.0    19.9     1.2    14.17 C    37.8    14.8    22.5    94.2    68.7    87.5 -99.000 -99.000 -99.000 -99.000 -99.000 -9999.0 -9999.0 -9999.0 -9999.0 -9999.0
21515 20240328  2.424 -155.08   19.65    23.5    16.8    20.2    19.8     5.4    12.12 C    36.2    16.1    21.9    94.2    69.5    85.3 -99.000 -99.000 -99.000 -99.000 -99.000 -9999.0 -9999.0 -9999.0 -9999.0 -9999.0
21515 20240329  2.424 -155.08   19.65    22.8    16.1    19.5    19.2     3.7    10.08 C    32.5    14.7    21.3    94.3    70.9    87.6 -99.000 -99.000 -99.000 -99.000 -99.000 -9999.0 -9999.0 -9999.0 -9999.0 -9999.0
21515 20240330  2.424 -155.08   19.65    24.8    16.6    20.7    20.0     4.5    17.24 C    43.4    17.1    24.2    94.7    56.1    83.3 -99.000 -99.000 -99.000 -99.000 -99.000 -9999.0 -9999.0 -9999.0 -9999.0 -9999.0
21515 20240331  2.424 -155.08   19.65    24.4    16.9    20.7    20.2     4.3    19.21 C    44.9    16.3    25.0    94.7    60.0    81.6 -99.000 -99.000 -99.000 -99.000 -99.000 -9999.0 -9999.0 -9999.0 -9999.0 -9999.0
21515 20240401  2.424 -155.08   19.65    25.0    15.5    20.2    20.0    19.3    18.25 C    50.2    14.7    24.3    94.3    60.3    84.0 -99.000 -99.000 -99.000 -99.000 -99.000 -9999.0 -9999.0 -9999.0 -9999.0 -9999.0
21515 20240402  2.424 -155.08   19.65    24.1    18.0    21.1    20.5    10.8    15.34 C    39.3    18.8    23.4    94.5    67.3    86.1 -99.000 -99.000 -99.000 -99.000 -99.000 -9999.0 -9999.0 -9999.0 -9999.0 -9999.0
21515 20240403  2.424 -155.08   19.65    23.0    17.1    20.1    19.4    41.5    11.10 C    33.1    17.1    21.5    95.0    73.2    89.6 -99.000 -99.000 -99.000 -99.000 -99.000 -9999.0 -9999.0 -9999.0 -9999.0 -9999.0
21515 20240404  2.424 -155.08   19.65    21.9    16.6    19.2    18.8    36.8     8.74 C    30.1    16.1    20.9    94.8    75.4    91.5 -99.000 -99.000 -99.000 -99.000 -99.000 -9999.0 -9999.0 -9999.0 -9999.0 -9999.0
21515 20240405  2.424 -155.08   19.65    24.7    15.7    20.2    19.3    28.1    19.00 C    40.6    15.1    23.4    94.6    45.4    83.4 -99.000 -99.000 -99.000 -99.000 -99.000 -9999.0 -9999.0 -9999.0 -9999.0 -9999.0
21515 20240406  2.424 -155.08   19.65    23.5    16.3    19.9    20.0     4.1    16.76 C    38.3    17.5    23.5    94.5    63.5    80.8 -99.000 -99.000 -99.000 -99.000 -99.000 -9999.0 -9999.0 -9999.0 -9999.0 -9999.0
21515 20240407  2.424 -155.08   19.65    21.6    14.6    18.1    18.3    19.9     8.88 C    29.5    14.0    20.4    94.5    78.8    90.9 -99.000 -99.000 -99.000 -99.000 -99.000 -9999.0 -9999.0 -9999.0 -9999.0 -9999.0
21515 20240408  2.424 -155.08   19.65    21.1    16.1    18.6    18.6    16.0     7.53 C    29.0    16.0    21.0    95.0    83.0    92.1 -99.000 -99.000 -99.000 -99.000 -99.000 -9999.0 -9999.0 -9999.0 -9999.0 -9999.0
21515 20240409  2.424 -155.08   19.65    22.6    15.9    19.2    18.5     7.3     8.47 C    31.0    16.0    21.2    94.4    72.9    90.6 -99.000 -99.000 -99.000 -99.000 -99.000 -9999.0 -9999.0 -9999.0 -9999.0 -9999.0
21515 20240410  2.424 -155.08   19.65    23.5    15.1    19.3    19.3     5.1    10.07 C    33.8    14.3    21.2    94.2    67.1    87.1 -99.000 -99.000 -99.000 -99.000 -99.000 -9999.0 -9999.0 -9999.0 -9999.0 -9999.0
21515 20240411  2.424 -155.08   19.65    22.1    18.5    20.3    20.1    21.8     5.57 C    29.1    18.5    21.8    94.2    89.4    92.4 -99.000 -99.000 -99.000 -99.000 -99.000 -9999.0 -9999.0 -9999.0 -9999.0 -9999.0
21515 20240412  2.424 -155.08   19.65    22.3    18.6    20.4    20.2     0.9     3.88 C    28.6    18.4    21.3    94.3    79.6    89.4 -99.000 -99.000 -99.000 -99.000 -99.000 -9999.0 -9999.0 -9999.0 -9999.0 -9999.0
21515 20240413  2.424 -155.08   19.65    24.5    18.2    21.4    21.0     0.0    11.82 C    41.5    17.7    23.2    91.7    72.9    83.9 -99.000 -99.000 -99.000 -99.000 -99.000 -9999.0 -9999.0 -9999.0 -9999.0 -9999.0
21515 20240414  2.424 -155.08   19.65    26.9    19.2    23.1    22.2     0.0    11.20 C    41.0    17.8    23.8    91.1    63.2    76.6 -99.000 -99.000 -99.000 -99.000 -99.000 -9999.0 -9999.0 -9999.0 -9999.0 -9999.0
21515 20240415  2.424 -155.08   19.65    26.5    18.1    22.3    21.9     3.1    10.19 C    43.5    17.8    24.5    94.1    67.3    83.7 -99.000 -99.000 -99.000 -99.000 -99.000 -9999.0 -9999.0 -9999.0 -9999.0 -9999.0
21515 20240416  2.424 -155.08   19.65    24.3    19.0    21.7    20.5     5.7     9.81 C    41.0    20.0    23.2    94.3    68.7    88.6 -99.000 -99.000 -99.000 -99.000 -99.000 -9999.0 -9999.0 -9999.0 -9999.0 -9999.0
21515 20240417  2.424 -155.08   19.65    23.9    18.2    21.0    20.3     0.0     9.84 C    37.1    17.7    23.1    94.0    67.8    86.0 -99.000 -99.000 -99.000 -99.000 -99.000 -9999.0 -9999.0 -9999.0 -9999.0 -9999.0
21515 20240418  2.424 -155.08   19.65    24.2    18.2    21.2    20.6     0.0    11.85 C    38.2    18.6    23.9    92.1    64.1    81.6 -99.000 -99.000 -99.000 -99.000 -99.000 -9999.0 -9999.0 -9999.0 -9999.0 -9999.0
21515 20240419  2.424 -155.08   19.65    23.4    17.6    20.5    19.8     1.5     9.26 C    36.8    16.4    22.3    94.3    75.1    87.7 -99.000 -99.000 -99.000 -99.000 -99.000 -9999.0 -9999.0 -9999.0 -9999.0 -9999.0
21515 20240420  2.424 -155.08   19.65    22.9    17.7    20.3    19.5    18.5    10.26 C    36.1    17.3    22.5    94.5    74.2    89.9 -99.000 -99.000 -99.000 -99.000 -99.000 -9999.0 -9999.0 -9999.0 -9999.0 -9999.0
21515 20240421  2.424 -155.08   19.65    22.5    18.0    20.3    19.9    15.2    10.84 C    32.3    18.2    22.5    94.2    74.5    87.9 -99.000 -99.000 -99.000 -99.000 -99.000 -9999.0 -9999.0 -9999.0 -9999.0 -9999.0
21515 20240422  2.424 -155.08   19.65    24.8    17.6    21.2    20.4     9.7    20.34 C    41.7    18.4    25.0    94.4    59.9    84.5 -99.000 -99.000 -99.000 -99.000 -99.000 -9999.0 -9999.0 -9999.0 -9999.0 -9999.0
21515 20240423  2.424 -155.08   19.65    24.3    16.9    20.6    20.5     8.1    14.85 C    39.3    16.1    23.8    94.5    66.2    84.8 -99.000 -99.000 -99.000 -99.000 -99.000 -9999.0 -9999.0 -9999.0 -9999.0 -9999.0
21515 20240424  2.424 -155.08   19.65    25.7    15.7    20.7    20.3     1.7    20.07 C    46.1    14.7    25.2    93.6    54.3    79.5 -99.000 -99.000 -99.000 -99.000 -99.000 -9999.0 -9999.0 -9999.0 -9999.0 -9999.0
21515 20240425  2.424 -155.08   19.65    24.5    19.0    21.7    20.9    17.3    14.74 C    43.9    19.8    24.2    94.5    62.5    82.2 -99.000 -99.000 -99.000 -99.000 -99.000 -9999.0 -9999.0 -9999.0 -9999.0 -9999.0
21515 20240426  2.424 -155.08   19.65    23.7    17.1    20.4    20.2    12.5    15.31 C    40.8    16.9    23.5    94.3    70.2    87.5 -99.000 -99.000 -99.000 -99.000 -99.000 -9999.0 -9999.0 -9999.0 -9999.0 -9999.0
21515 20240427  2.424 -155.08   19.65    25.6    18.7    22.1    20.9    11.9    18.91 C    44.2    19.0    25.1    94.6    69.5    88.0 -99.000 -99.000 -99.000 -99.000 -99.000 -9999.0 -9999.0 -9999.0 -9999.0 -9999.0
21515 20240428  2.424 -155.08   19.65    25.6    18.5    22.1    21.2     7.0    21.51 C    43.7    18.8    26.3    94.7    67.6    86.7 -99.000 -99.000 -99.000 -99.000 -99.000 -9999.0 -9999.0 -9999.0 -9999.0 -9999.0
21515 20240429  2.424 -155.08   19.65    25.0    18.7    21.8    21.6     1.6    21.17 C    43.0    18.3    26.5    95.0    60.0    82.6 -99.000 -99.000 -99.000 -99.000 -99.000 -9999.0 -9999.0 -9999.0 -9999.0 -9999.0
21515 20240430  2.424 -155.08   19.65    25.0    17.5    21.3    21.5     0.0    16.31 C    45.3    17.1    24.9    94.5    71.5    84.3 -99.000 -99.000 -99.000 -99.000 -99.000 -9999.0 -9999.0 -9999.0 -9999.0 -9999.0
21515 20240501  2.424 -155.08   19.65    24.9    18.5    21.7    21.0     1.9    14.38 C    40.5    18.4    24.5    94.0    59.4    83.7 -99.000 -99.000 -99.000 -99.000 -99.000 -9999.0 -9999.0 -9999.0 -9999.0 -9999.0
21515 20240502  2.424 -155.08   19.65    25.2    17.3    21.3    20.6     9.4    19.23 C    46.4    16.4    25.1    93.9    62.5    84.1 -99.000 -99.000 -99.000 -99.000 -99.000 -9999.0 -9999.0 -9999.0 -9999.0 -9999.0
21515 20240503  2.424 -155.08   19.65    23.3    17.6    20.5    19.7    36.6     9.10 C    30.1    18.7    22.2    94.9    69.4    89.8 -99.000 -99.000 -99.000 -99.000 -99.000 -9999.0 -9999.0 -9999.0 -9999.0 -9999.0
21515 20240504  2.424 -155.08   19.65    23.3    18.5    20.9    20.3    12.0    14.44 C    35.0    19.0    22.9    94.7    70.9    86.3 -99.000 -99.000 -99.000 -99.000 -99.000 -9999.0 -9999.0 -9999.0 -9999.0 -9999.0
21515 20240505  2.424 -155.08   19.65    23.8    17.6    20.7    19.9     6.9    13.65 C    35.5    18.7    23.2    94.3    68.6    87.4 -99.000 -99.000 -99.000 -99.000 -99.000 -9999.0 -9999.0 -9999.0 -9999.0 -9999.0
21515 20240506  2.424 -155.08   19.65    22.1    16.7    19.4    19.2    14.7     9.42 C    33.3    16.6    22.1    94.9    80.9    92.4 -99.000 -99.000 -99.000 -99.000 -99.000 -9999.0 -9999.0 -9999.0 -9999.0 -9999.0
21515 20240507  2.424 -155.08   19.65    23.2    17.9    20.5    19.6     2.8     8.44 C    31.8    18.1    22.1    94.8    73.8    89.7 -99.000 -99.000 -99.000 -99.000 -99.000 -9999.0 -9999.0 -9999.0 -9999.0 -9999.0
21515 20240508  2.424 -155.08   19.65    24.7    17.9    21.3    20.6     6.1    12.30 C    42.0    18.8    23.5    94.4    62.0    84.1 -99.000 -99.000 -99.000 -99.000 -99.000 -9999.0 -9999.0 -9999.0 -9999.0 -9999.0
21515 20240509  2.424 -155.08   19.65    25.6    17.9    21.7    21.3    12.9    21.02 C    43.1    18.1    26.1    94.8    65.2    84.4 -99.000 -99.000 -99.000 -99.000 -99.000 -9999.0 -9999.0 -9999.0 -9999.0 -9999.0
21515 20240510  2.424 -155.08   19.65    24.9    19.1    22.0    20.9    23.5    14.12 C    39.6    19.1    23.9    94.4    75.3    89.4 -99.000 -99.000 -99.000 -99.000 -99.000 -9999.0 -9999.0 -9999.0 -9999.0 -9999.0
21515 20240511  2.424 -155.08   19.65    26.3    17.7    22.0    20.7    36.7    14.28 C    45.1    17.6    23.9    94.6    59.8    87.7 -99.000 -99.000 -99.000 -99.000 -99.000 -9999.0 -9999.0 -9999.0 -9999.0 -9999.0
21515 20240512  2.424 -155.08   19.65    21.8    19.0    20.4    20.2    95.7     5.26 C    29.6    19.2    21.8    94.6    87.6    93.1 -99.000 -99.000 -99.000 -99.000 -99.000 -9999.0 -9999.0 -9999.0 -9999.0 -9999.0
21515 20240513  2.424 -155.08   19.65    28.0    18.6    23.3    22.1     5.2    16.97 C    42.5    18.6    24.9    94.8    62.1    83.7 -99.000 -99.000 -99.000 -99.000 -99.000 -9999.0 -9999.0 -9999.0 -9999.0 -9999.0
21515 20240514  2.424 -155.08   19.65    27.7    18.5    23.1    22.5     0.0    16.76 C    42.9    17.5    24.9    93.9    62.2    79.7 -99.000 -99.000 -99.000 -99.000 -99.000 -9999.0 -9999.0 -9999.0 -9999.0 -9999.0
21515 20240515  2.424 -155.08   19.65    28.5    18.6    23.6    23.4     0.0    26.01 C    44.2    18.1    27.5    90.7    57.5    75.7 -99.000 -99.000 -99.000 -99.000 -99.000 -9999.0 -9999.0 -9999.0 -9999.0 -9999.0
21515 20240516  2.424 -155.08   19.65    27.0    20.8    23.9    23.6     0.0    15.69 C    43.5    19.3    26.3    87.6    66.0    76.7 -99.000 -99.000 -99.000 -99.000 -99.000 -9999.0 -9999.0 -9999.0 -9999.0 -9999.0
21515 20240517  2.424 -155.08   19.65    26.5    21.4    23.9    23.2     1.0    16.24 C    42.7    20.3    26.1    91.2    69.6    82.6 -99.000 -99.000 -99.000 -99.000 -99.000 -9999.0 -9999.0 -9999.0 -9999.0 -9999.0
21515 20240518  2.424 -155.08   19.65    26.5    19.9    23.2    22.9     0.0    16.44 C    44.3    18.8    26.6    92.1    59.7    80.5 -99.000 -99.000 -99.000 -99.000 -99.000 -9999.0 -9999.0 -9999.0 -9999.0 -9999.0
21515 20240519  2.424 -155.08   19.65    22.7    18.9    20.8    20.9     1.1     4.44 C    26.3    19.0    22.4    92.9    78.4    88.8 -99.000 -99.000 -99.000 -99.000 -99.000 -9999.0 -9999.0 -9999.0 -9999.0 -9999.0
21515 20240520  2.424 -155.08   19.65    23.9    18.3    21.1    21.2     2.9     9.23 C    29.3    17.9    23.1    93.4    75.0    88.1 -99.000 -99.000 -99.000 -99.000 -99.000 -9999.0 -9999.0 -9999.0 -9999.0 -9999.0
21515 20240521  2.424 -155.08   19.65    24.5    18.3    21.4    21.2    22.2    12.73 C    38.4    17.6    24.1    94.2    72.6    88.5 -99.000 -99.000 -99.000 -99.000 -99.000 -9999.0 -9999.0 -9999.0 -9999.0 -9999.0
21515 20240522  2.424 -155.08   19.65    24.1    20.1    22.1    21.6     8.3    13.49 C    37.4    20.6    24.4    95.0    76.9    89.7 -99.000 -99.000 -99.000 -99.000 -99.000 -9999.0 -9999.0 -9999.0 -9999.0 -9999.0
21515 20240523  2.424 -155.08   19.65    25.9    20.0    22.9    22.3     0.0    19.96 C    43.5    20.1    26.8    94.2    55.8    80.0 -99.000 -99.000 -99.000 -99.000 -99.000 -9999.0 -9999.0 -9999.0 -9999.0 -9999.0
21515 20240524  2.424 -155.08   19.65    24.2    18.8    21.5    21.1     2.1    14.28 C    32.7    19.4    24.3    94.4    64.3    84.7 -99.000 -99.000 -99.000 -99.000 -99.000 -9999.0 -9999.0 -9999.0 -9999.0 -9999.0
21515 20240525  2.424 -155.08   19.65    24.3    18.4    21.4    20.8     0.5    13.20 C    38.3    19.3    24.1    94.4    64.6    85.2 -99.000 -99.000 -99.000 -99.000 -99.000 -9999.0 -9999.0 -9999.0 -9999.0 -9999.0
21515 20240526  2.424 -155.08   19.65    24.9    18.2    21.5    20.5     2.1    14.65 C    37.7    18.4    23.8    94.1    62.8    86.1 -99.000 -99.000 -99.000 -99.000 -99.000 -9999.0 -9999.0 -9999.0 -9999.0 -9999.0
21515 20240527  2.424 -155.08   19.65    23.8    17.3    20.6    20.9     7.6    12.31 C    32.3    17.4    23.2    94.2    74.5    87.2 -99.000 -99.000 -99.000 -99.000 -99.000 -9999.0 -9999.0 -9999.0 -9999.0 -9999.0
21515 20240528  2.424 -155.08   19.65    25.7    18.7    22.2    21.8     5.4    16.05 C    40.4    18.8    25.0    94.8    64.6    83.8 -99.000 -99.000 -99.000 -99.000 -99.000 -9999.0 -9999.0 -9999.0 -9999.0 -9999.0
21515 20240529  2.424 -155.08   19.65    24.8    19.1    22.0    21.3     7.7    12.94 C    37.0    19.4    23.8    94.6    71.2    87.7 -99.000 -99.000 -99.000 -99.000 -99.000 -9999.0 -9999.0 -9999.0 -9999.0 -9999.0
21515 20240530  2.424 -155.08   19.65    24.8    17.9    21.3    21.0     6.1    14.77 C    39.7    18.0    24.4    95.0    71.5    88.0 -99.000 -99.000 -99.000 -99.000 -99.000 -9999.0 -9999.0 -9999.0 -9999.0 -9999.0
21515 20240531  2.424 -155.08   19.65    24.0    18.0    21.0    20.6     8.2    12.26 C    35.4    18.4    23.5    94.9    75.6    89.4 -99.000 -99.000 -99.000 -99.000 -99.000 -9999.0 -9999.0 -9999.0 -9999.0 -9999.0
21515 20240601  2.424 -155.08   19.65    24.2    18.7    21.4    20.9    17.0    11.76 C    33.5    18.5    23.6    94.7    74.6    88.7 -99.000 -99.000 -99.000 -99.000 -99.000 -9999.0 -9999.0 -9999.0 -9999.0 -9999.0
21515 20240602  2.424 -155.08   19.65    25.1    18.9    22.0    21.7    15.1    14.08 C    37.5    19.8    24.9    95.1    69.6    86.7 -99.000 -99.000 -99.000 -99.000 -99.000 -9999.0 -9999.0 -9999.0 -9999.0 -9999.0
21515 20240603  2.424 -155.08   19.65    24.6    20.0    22.3    21.8     9.9     8.57 C    30.0    20.6    24.0    94.9    73.5    88.9 -99.000 -99.000 -99.000 -99.000 -99.000 -9999.0 -9999.0 -9999.0 -9999.0 -9999.0
21515 20240604  2.424 -155.08   19.65    26.4    19.3    22.8    22.7     0.0    21.82 C    41.6    18.8    27.1    95.2    62.6    82.2 -99.000 -99.000 -99.000 -99.000 -99.000 -9999.0 -9999.0 -9999.0 -9999.0 -9999.0
21515 20240605  2.424 -155.08   19.65    24.9    18.8    21.8    22.1     0.0     8.14 C    35.2    18.8    24.7    93.1    71.3    86.0 -99.000 -99.000 -99.000 -99.000 -99.000 -9999.0 -9999.0 -9999.0 -9999.0 -9999.0
21515 20240606  2.424 -155.08   19.65    25.9    17.8    21.9    22.1     0.0    13.68 C    44.1    17.0    25.3    93.6    72.7    84.0 -99.000 -99.000 -99.000 -99.000 -99.000 -9999.0 -9999.0 -9999.0 -9999.0 -9999.0
21515 20240607  2.424 -155.08   19.65    25.6    17.3    21.4    22.1     0.0    14.34 C    42.6    16.5    25.5    93.6    64.4    81.7 -99.000 -99.000 -99.000 -99.000 -99.000 -9999.0 -9999.0 -9999.0 -9999.0 -9999.0
21515 20240608  2.424 -155.08   19.65    25.7    17.0    21.4    22.2     0.0    14.66 C    38.4    16.0    25.4    93.8    64.6    80.4 -99.000 -99.000 -99.000 -99.000 -99.000 -9999.0 -9999.0 -9999.0 -9999.0 -9999.0
21515 20240609  2.424 -155.08   19.65    26.8    17.0    21.9    21.9     0.0    22.19 C    48.4    15.5    26.8    92.4    51.1    74.6 -99.000 -99.000 -99.000 -99.000 -99.000 -9999.0 -9999.0 -9999.0 -9999.0 -9999.0
21515 20240610  2.424 -155.08   19.65    26.6    19.1    22.8    22.0     0.6    18.30 C    46.9    19.1    26.6    94.1    56.9    82.9 -99.000 -99.000 -99.000 -99.000 -99.000 -9999.0 -9999.0 -9999.0 -9999.0 -9999.0
21515 20240611  2.424 -155.08   19.65    27.4    17.7    22.6    22.7     0.0    22.94 C    47.5    16.9    28.0    93.4    52.2    77.3 -99.000 -99.000 -99.000 -99.000 -99.000 -9999.0 -9999.0 -9999.0 -9999.0 -9999.0
21515 20240612  2.424 -155.08   19.65    25.9    18.4    22.2    21.7     3.1    15.75 C    43.7    18.0    25.6    93.6    62.5    83.7 -99.000 -99.000 -99.000 -99.000 -99.000 -9999.0 -9999.0 -9999.0 -9999.0 -9999.0
21515 20240613  2.424 -155.08   19.65    24.8    17.7    21.3    21.2     2.5    12.27 C    36.3    17.4    24.0    94.1    71.1    86.3 -99.000 -99.000 -99.000 -99.000 -99.000 -9999.0 -9999.0 -9999.0 -9999.0 -9999.0
21515 20240614  2.424 -155.08   19.65    24.7    19.1    21.9    21.2    11.3    10.78 C    35.1    19.7    24.0    94.8    68.5    88.1 -99.000 -99.000 -99.000 -99.000 -99.000 -9999.0 -9999.0 -9999.0 -9999.0 -9999.0
21515 20240615  2.424 -155.08   19.65    25.8    18.5    22.1    21.4     2.1    15.73 C    40.8    18.5    24.8    94.0    64.1    84.0 -99.000 -99.000 -99.000 -99.000 -99.000 -9999.0 -9999.0 -9999.0 -9999.0 -9999.0
21515 20240616  2.424 -155.08   19.65    24.6    18.7    21.7    21.5     2.6    13.35 C    34.8    19.7    24.6    94.3    66.4    84.3 -99.000 -99.000 -99.000 -99.000 -99.000 -9999.0 -9999.0 -9999.0 -9999.0 -9999.0
21515 20240617  2.424 -155.08   19.65    23.9    19.6    21.7    21.0    11.0    11.08 C    32.2    20.4    24.0    94.6    72.9    90.6 -99.000 -99.000 -99.000 -99.000 -99.000 -9999.0 -9999.0 -9999.0 -9999.0 -9999.0
21515 20240618  2.424 -155.08   19.65    24.8    18.7    21.7    21.3     3.2    12.70 C    35.1    18.7    24.3    94.7    70.7    87.9 -99.000 -99.000 -99.000 -99.000 -99.000 -9999.0 -9999.0 -9999.0 -9999.0 -9999.0
21515 20240619  2.424 -155.08   19.65    25.0    19.4    22.2    21.4     9.7    12.95 C    38.4    20.4    24.5    94.5    67.2    85.9 -99.000 -99.000 -99.000 -99.000 -99.000 -9999.0 -9999.0 -9999.0 -9999.0 -9999.0
21515 20240620  2.424 -155.08   19.65    25.9    19.0    22.5    21.8     5.7    18.47 C    42.0    19.1    26.1    95.1    62.0    84.6 -99.000 -99.000 -99.000 -99.000 -99.000 -9999.0 -9999.0 -9999.0 -9999.0 -9999.0
21515 20240621  2.424 -155.08   19.65    26.9    18.9    22.9    22.3     0.0    18.56 C    43.5    19.1    26.4    94.5    60.0    83.6 -99.000 -99.000 -99.000 -99.000 -99.000 -9999.0 -9999.0 -9999.0 -9999.0 -9999.0
21515 20240622  2.424 -155.08   19.65    25.1    19.8    22.4    22.1    14.2     8.89 C    32.6    20.1    24.1    94.5    71.6    87.0 -99.000 -99.000 -99.000 -99.000 -99.000 -9999.0 -9999.0 -9999.0 -9999.0 -9999.0
21515 20240623  2.424 -155.08   19.65    23.4    19.9    21.6    21.5    29.7     7.36 C    33.3    19.8    23.5    95.0    80.4    92.1 -99.000 -99.000 -99.000 -99.000 -99.000 -9999.0 -9999.0 -9999.0 -9999.0 -9999.0
21515 20240624  2.424 -155.08   19.65    25.2    18.1    21.7    21.4     2.6    17.74 C    37.8    17.2    24.7    94.4    67.8    84.3 -99.000 -99.000 -99.000 -99.000 -99.000 -9999.0 -9999.0 -9999.0 -9999.0 -9999.0
21515 20240625  2.424 -155.08   19.65    26.0    17.4    21.7    21.5     0.0    19.39 C    42.2    16.5    25.3    90.9    64.0    77.5 -99.000 -99.000 -99.000 -99.000 -99.000 -9999.0 -9999.0 -9999.0 -9999.0 -9999.0
21515 20240626  2.424 -155.08   19.65    27.0    16.9    22.0    21.4     0.0    22.18 C    45.2    16.1    26.0    92.8    55.9    77.7 -99.000 -99.000 -99.000 -99.000 -99.000 -9999.0 -9999.0 -9999.0 -9999.0 -9999.0
21515 20240627  2.424 -155.08   19.65    26.5    16.8    21.7    21.6     0.0    21.26 C    46.8    16.0    26.1    92.6    58.7    76.7 -99.000 -99.000 -99.000 -99.000 -99.000 -9999.0 -9999.0 -9999.0 -9999.0 -9999.0
21515 20240628  2.424 -155.08   19.65    25.3    17.3    21.3    21.3     2.6    14.54 C    38.7    17.0    24.8    94.0    63.9    83.2 -99.000 -99.000 -99.000 -99.000 -99.000 -9999.0 -9999.0 -9999.0 -9999.0 -9999.0
21515 20240629  2.424 -155.08   19.65    26.3    18.0    22.2    22.0     0.0    22.06 C    44.4    17.4    26.9    94.9    54.0    78.5 -99.000 -99.000 -99.000 -99.000 -99.000 -9999.0 -9999.0 -9999.0 -9999.0 -9999.0
21515 20240630  2.424 -155.08   19.65    25.5    16.5    21.0    21.4     1.5    11.50 C    35.4    16.1    24.2    94.2    63.1    83.2 -99.000 -99.000 -99.000 -99.000 -99.000 -9999.0 -9999.0 -9999.0 -9999.0 -9999.0
21515 20240701  2.424 -155.08   19.65    24.7    18.6    21.6    21.4     4.7    12.19 C    33.7    18.6    24.1    94.5    66.1    85.7 -99.000 -99.000 -99.000 -99.000 -99.000 -9999.0 -9999.0 -9999.0 -9999.0 -9999.0
21515 20240702  2.424 -155.08   19.65 -9999.0 -9999.0 -9999.0 -9999.0 -9999.0 -9999.00 U -9999.0 -9999.0 -9999.0 -9999.0 -9999.0 -9999.0 -99.000 -99.000 -99.000 -99.000 -99.000 -9999.0 -9999.0 -9999.0 -9999.0 -9999.0
