03047 20240101  2.622 -102.81   31.62    11.8    -1.2     5.3     5.3     0.0    12.51 C    17.5    -3.2     5.6    81.0    36.9    59.4   0.068   0.055   0.074   0.061   0.034     7.3     7.8     8.4     9.5    10.6
03047 20240102  2.622 -102.81   31.62    10.5     2.4     6.4     5.5     0.0     7.16 C    16.8     0.7     5.9    84.1    54.7    70.0   0.068   0.054   0.072   0.061   0.034     7.6     7.9     8.5     9.6    10.7
03047 20240103  2.622 -102.81   31.62    13.8    -3.4     5.2     5.0     0.0    12.69 C    19.7    -4.4     5.1    90.2    33.6    68.9   0.067   0.053   0.071   0.061   0.034     7.2     7.5     8.1     9.3    10.6
03047 20240104  2.622 -102.81   31.62     8.3     1.2     4.7     5.3     0.6     2.56 C    10.1    -1.2     4.5    91.2    60.6    82.1   0.067   0.052   0.069   0.061   0.034     6.4     6.6     7.6     9.4    10.7
03047 20240105  2.622 -102.81   31.62    14.4    -1.1     6.6     6.6     0.0    12.54 C    16.1    -3.6     4.2    71.9    25.0    49.3   0.068   0.049   0.069   0.060   0.034     5.6     5.9     6.4     8.1    10.0
03047 20240106  2.622 -102.81   31.62    12.8    -2.4     5.2     4.9     0.0    12.57 C    16.5    -3.9     4.0    84.0    23.0    54.2   0.066   0.051   0.067   0.060   0.034     6.2     6.6     7.2     8.5     9.8
03047 20240107  2.622 -102.81   31.62    17.6    -3.1     7.2     7.6     0.0    12.97 C    18.3    -5.4     5.7    78.7    11.3    50.8   0.066   0.050   0.066   0.060   0.034     6.4     6.6     7.0     8.2     9.6
03047 20240108  2.622 -102.81   31.62    11.5    -1.0     5.2     6.6     0.0     9.48 C    11.8    -3.5     5.2    78.1    17.2    38.6   0.063   0.050   0.065   0.060   0.034     7.3     7.6     8.4     9.2    10.0
03047 20240109  2.622 -102.81   31.62    12.3    -5.2     3.5     3.8     0.0    13.28 C    15.3    -7.1     2.6    72.5     9.5    37.7   0.062   0.048   0.064   0.059   0.034     5.2     5.5     6.3     8.2     9.7
03047 20240110  2.622 -102.81   31.62    19.9    -1.9     9.0     8.9     0.0    13.31 C    21.0    -4.4     6.5    32.0     8.0    18.7   0.062   0.048   0.063   0.059   0.034     6.7     6.9     7.4     8.1     9.4
03047 20240111  2.622 -102.81   31.62    21.1    -0.3    10.4    10.7     0.0    12.79 C    21.8    -3.0     9.0    38.7     6.5    23.0   0.060   0.047   0.063   0.059   0.034     8.2     8.4     8.6     8.8     9.7
03047 20240112  2.622 -102.81   31.62    14.8    -0.9     7.0     7.4     0.0    12.72 C    17.1    -2.8     6.4    38.9     6.7    19.7   0.058   0.045   0.062   0.059   0.035     8.3     8.6     9.2     9.8    10.3
03047 20240113  2.622 -102.81   31.62    20.4    -3.4     8.5     7.9     0.0    11.72 C    22.9    -4.4     6.4    47.0     7.5    23.2   0.055   0.044   0.061   0.059   0.035     7.7     8.1     8.7     9.6    10.4
03047 20240114  2.622 -102.81   31.62     0.2    -9.2    -4.5    -5.5     0.0    12.39 C     6.5    -9.2    -3.8    61.7    37.6    51.3   0.058   0.041   0.061   0.058   0.035     3.9     4.5     5.8     8.7    10.2
03047 20240115  2.622 -102.81   31.62     4.3   -11.8    -3.7    -5.7     0.0    13.42 C    10.5   -12.2    -3.6    61.7    23.8    38.6   0.068   0.041   0.060   0.058   0.035     2.5     3.0     4.0     6.9     9.1
03047 20240116  2.622 -102.81   31.62    -0.1   -12.5    -6.3    -6.3     0.0    13.54 C     8.0   -13.5    -4.4    44.9    20.7    31.4   0.067 -99.000   0.060   0.057   0.035     1.4     1.9     3.1     6.0     8.2
03047 20240117  2.622 -102.81   31.62    15.2    -7.2     4.0     2.4     0.0    13.72 C    18.2    -9.1     2.2    41.2    13.5    28.0 -99.000 -99.000   0.060   0.057   0.035     3.4     3.6     4.1     5.5     7.5
03047 20240118  2.622 -102.81   31.62    24.8     1.0    12.9    12.8     0.0    13.39 C    27.4    -1.1    10.9    41.2    13.8    26.6   0.052   0.037   0.059   0.057   0.035     8.0     8.0     7.9     7.2     7.9
03047 20240119  2.622 -102.81   31.62    10.3    -4.0     3.1     1.3     0.0    13.41 C    12.2    -5.2     2.2    60.6    25.5    38.6   0.051   0.035   0.059   0.057   0.035     6.4     7.1     7.9     8.7     9.1
03047 20240120  2.622 -102.81   31.62     5.5    -6.8    -0.7    -0.5     0.0    12.22 C    10.3    -8.0     0.1    48.9    23.7    34.5   0.054   0.035   0.059   0.057   0.035     4.2     4.7     5.6     7.6     9.0
03047 20240121  2.622 -102.81   31.62     6.5    -0.1     3.2     2.6     0.0     5.22 C     8.9    -1.3     3.0    93.1    31.7    58.0   0.048   0.035   0.058   0.057   0.035     4.8     5.1     5.8     7.3     8.6
03047 20240122  2.622 -102.81   31.62    17.3    -1.1     8.1     7.7     0.0    12.14 C    23.2    -2.7     8.4    94.4    31.9    68.5   0.048   0.035   0.058   0.056   0.035     8.1     8.0     8.0     7.7     8.6
03047 20240123  2.622 -102.81   31.62    18.9     7.1    13.0    11.9    10.2    10.41 C    26.0     3.7    12.1    90.2    33.5    64.5   0.053   0.040   0.057   0.057   0.035    10.5    10.5    10.4     9.4     9.5
03047 20240124  2.622 -102.81   31.62    16.7     5.5    11.1    10.3     0.0    12.46 C    18.2     3.6    10.0    96.5    38.6    75.7   0.089   0.079   0.091   0.056   0.035    10.7    11.0    11.3    10.7    10.5
03047 20240125  2.622 -102.81   31.62    18.0     1.7     9.8    10.1     0.0    12.31 C    18.5     0.5     8.0    92.0    29.2    62.9   0.080   0.067   0.088   0.056   0.035     8.9     9.1     9.5    10.4    10.9
03047 20240126  2.622 -102.81   31.62    16.9     5.9    11.4    10.4     0.0    10.41 C    20.0     3.3     9.2    82.5    36.1    61.2   0.076   0.063   0.083   0.056   0.035     9.7     9.9    10.3    10.5    11.0
03047 20240127  2.622 -102.81   31.62    16.3     3.1     9.7     9.3     0.0    14.60 C    21.5     1.1     9.0    84.1    24.7    54.6   0.073   0.060   0.080   0.056   0.035    10.0    10.3    10.7    10.8    11.2
03047 20240128  2.622 -102.81   31.62    18.2     1.2     9.7     9.4     0.0    14.92 C    22.9    -1.0     8.5    76.0    20.8    47.7   0.070   0.058   0.077   0.056   0.035     9.4     9.8    10.3    10.9    11.4
03047 20240129  2.622 -102.81   31.62    19.7     2.9    11.3    11.0     0.0    14.47 C    24.3     0.3    10.2    65.3    19.7    41.9   0.065   0.057   0.073   0.056   0.036    10.2    10.6    11.0    11.2    11.5
03047 20240130  2.622 -102.81   31.62    20.7     4.3    12.5    12.0     0.0    14.21 C    25.6     2.2    11.5    66.0    20.0    43.1   0.067   0.056   0.070   0.055   0.036    11.2    11.6    12.0    11.8    11.9
03047 20240131  2.622 -102.81   31.62    19.5     7.1    13.3    12.7     0.0    10.00 C    21.9     4.4    11.6    61.0    26.4    46.5   0.064   0.054   0.067   0.055   0.035    11.5    11.9    12.3    12.3    12.4
03047 20240201  2.622 -102.81   31.62 -9999.0 -9999.0 -9999.0 -9999.0     0.0 -9999.00 U -9999.0 -9999.0 -9999.0 -9999.0 -9999.0 -9999.0 -99.000 -99.000 -99.000 -99.000 -99.000 -9999.0 -9999.0 -9999.0 -9999.0 -9999.0
03047 20240202  2.622 -102.81   31.62    25.3    10.9    18.1    15.3     0.0    12.18 C    29.8     6.8    13.6    89.3    14.5    52.3   0.065   0.053   0.062   0.054   0.035    13.8    14.2    14.6    14.0    13.6
03047 20240203  2.622 -102.81   31.62    16.7     7.0    11.8    11.8     0.0    15.29 C    19.5     3.4     9.9    56.7    21.1    36.3   0.063   0.051   0.061   0.052   0.035    12.1    12.4    13.0    13.6    13.9
03047 20240204  2.622 -102.81   31.62    18.2     6.8    12.5    11.9     0.0    15.97 C    21.0     3.0     9.8    53.4    10.0    26.1   0.061   0.048   0.060   0.051   0.035    11.8    12.0    12.5    13.1    13.6
03047 20240205  2.622 -102.81   31.62    16.2     1.1     8.6     9.1     0.0    15.88 C    24.8    -0.9     9.2    87.2    33.0    57.4   0.058   0.046   0.059   0.049   0.035    11.7    11.8    12.2    12.9    13.4
03047 20240206  2.622 -102.81   31.62    17.2     4.9    11.0    11.5     0.0    10.14 C    23.1     1.8    10.2    74.8    36.3    53.8   0.055   0.045   0.058   0.048   0.035    11.4    11.6    12.1    12.8    13.4
03047 20240207  2.622 -102.81   31.62    19.5     8.9    14.2    13.0     0.0     6.85 C    23.1     6.1    11.5    58.3    25.4    45.8   0.053   0.043   0.057   0.047   0.035    12.3    12.5    12.9    13.1    13.4
03047 20240208  2.622 -102.81   31.62    16.8     6.7    11.7    11.5     0.0    10.81 C    19.2     2.6     9.3    68.9    21.6    38.1   0.050   0.040   0.056   0.046   0.035    11.1    11.3    11.9    12.8    13.4
03047 20240209  2.622 -102.81   31.62    17.3     4.6    11.0    11.3     0.0     8.25 C    21.6     2.7    10.0    80.7    15.7    43.2   0.048   0.038   0.055   0.045   0.035    11.1    11.1    11.6    12.4    13.2
03047 20240210  2.622 -102.81   31.62    20.2     4.9    12.5    13.5     1.0    15.66 C    28.5     2.3    13.6    75.0    17.8    33.6   0.046   0.037   0.053   0.043   0.035    13.4    13.1    13.1    12.6    13.1
03047 20240211  2.622 -102.81   31.62     9.7     2.6     6.1     6.0     0.0     7.00 C    16.8     1.4     6.1    82.2    44.0    61.8   0.043   0.036   0.053   0.043   0.035     9.7    10.2    11.3    13.1    13.5
03047 20240212  2.622 -102.81   31.62    15.6    -3.3     6.1     5.9     0.0    17.27 C    21.9    -4.8     6.0    88.0    20.2    52.6   0.045   0.036   0.052   0.042   0.035     9.1     9.1     9.6    11.3    12.8
03047 20240213  2.622 -102.81   31.62    20.9     0.5    10.7    10.2     0.0    17.52 C    26.9    -2.4     9.4    58.8     8.8    33.1   0.042   0.036   0.050   0.040   0.034    10.5    10.3    10.6    11.3    12.4
03047 20240214  2.622 -102.81   31.62    24.2     3.4    13.8    13.1     0.0    17.60 C    28.4    -0.4    11.8    67.1     5.8    32.8   0.040   0.035   0.048   0.039   0.034    12.3    12.2    12.4    12.2    12.6
03047 20240215  2.622 -102.81   31.62    22.6     2.3    12.5    12.7     0.0    12.33 C    28.7     0.5    11.8    67.2     7.9    35.3   0.038   0.033   0.046   0.037   0.034    12.3    12.3    12.6    12.8    13.0
03047 20240216  2.622 -102.81   31.62    21.5     4.4    12.9    12.2     0.0    13.86 C    26.4     1.8    11.5    81.5    12.9    50.2   0.038   0.032   0.044   0.037   0.034    13.2    13.3    13.7    13.3    13.4
03047 20240217  2.622 -102.81   31.62     6.5    -1.8     2.3     2.4     0.0    15.79 C    15.8    -3.3     4.1    73.2    37.1    55.0   0.037   0.031   0.043   0.036   0.034    10.2    10.2    11.3    13.0    13.6
03047 20240218  2.622 -102.81   31.62    13.2    -6.3     3.4     4.0     0.0    17.39 C    20.2    -7.2     5.3    69.0    26.2    46.3   0.037   0.030   0.042   0.035   0.034     9.5     9.4    10.0    11.9    13.1
03047 20240219  2.622 -102.81   31.62    24.8    -0.3    12.3    12.8     0.0    18.28 C    30.2    -2.7    11.8    66.6     8.6    32.3   0.036   0.030   0.040   0.034   0.033    12.2    11.9    12.0    12.0    12.8
03047 20240220  2.622 -102.81   31.62    29.3     4.7    17.0    16.8     0.0    18.42 C    34.1     2.2    15.2    62.8     3.4    25.7   0.036   0.030   0.037   0.034   0.033    14.3    14.1    14.1    13.1    13.1
03047 20240221  2.622 -102.81   31.62    33.6     6.3    19.9    19.2     0.0    16.64 C    36.3     3.0    17.4    67.6     1.3    27.3   0.036   0.029   0.035   0.034   0.033    15.6    15.5    15.5    14.1    13.8
03047 20240222  2.622 -102.81   31.62    24.4     4.9    14.7    16.2     0.0    18.77 C    29.9     3.0    14.9    30.0     8.7    16.6   0.037   0.028   0.034   0.034   0.033    15.6    15.7    16.1    15.0    14.4
03047 20240223  2.622 -102.81   31.62    19.7     5.1    12.4    13.0     0.0    15.28 C    27.5     2.7    13.0    55.1    22.1    34.7   0.036   0.027   0.033   0.033   0.033    14.7    14.9    15.5    15.3    14.9
03047 20240224  2.622 -102.81   31.62    26.3     5.2    15.7    15.6     0.0    18.97 C    32.3     2.4    15.5    56.8    12.5    34.1   0.037   0.027   0.033   0.033   0.033    15.8    15.6    15.7    15.2    15.1
03047 20240225  2.622 -102.81   31.62    30.4     4.3    17.4    18.5     0.0    18.43 C    35.7     2.6    17.9    64.3     5.2    26.5   0.036   0.026   0.032   0.033   0.033    17.3    17.2    17.3    15.8    15.4
03047 20240226  2.622 -102.81   31.62    31.4     8.9    20.1    20.9     0.0    14.59 C    37.4     7.1    20.0    39.3     9.7    19.7   0.036   0.025   0.031   0.033   0.033    18.4    18.4    18.5    16.7    15.9
03047 20240227  2.622 -102.81   31.62    28.1    15.3    21.7    21.4     0.0     7.84 C    31.5    12.9    19.8    29.8     8.5    18.7   0.035   0.025   0.031   0.033   0.032    18.1    18.4    18.7    17.4    16.5
03047 20240228  2.622 -102.81   31.62    20.1     2.3    11.2     8.8     7.5     6.27 C    17.8     2.3     9.3    86.8    20.2    33.4   0.037   0.023   0.031   0.033   0.032    14.1    14.8    16.4    17.3    16.8
03047 20240229  2.622 -102.81   31.62    12.9     1.9     7.4     6.6     6.6    18.48 C    18.5     0.7     7.9    89.9    50.8    70.6   0.089   0.067   0.082   0.032   0.032    10.9    10.7    11.2    15.1    16.4
03047 20240301  2.622 -102.81   31.62    24.9     3.4    14.1    13.5     0.0    20.27 C    27.9     1.5    12.2    88.6    14.8    52.4   0.079   0.066   0.089   0.032   0.032    13.1    13.0    13.1    13.9    15.4
03047 20240302  2.622 -102.81   31.62    27.0     4.9    16.0    16.4     0.0    19.82 C    31.0     2.6    14.7    75.6    10.6    35.2   0.075   0.061   0.081   0.033   0.032    15.0    15.2    15.4    14.9    15.3
03047 20240303  2.622 -102.81   31.62    26.2     6.7    16.4    17.7     0.0    16.37 C    29.5     3.8    14.6    54.7     5.8    19.6   0.072   0.058   0.074   0.033   0.033    14.9    15.4    15.9    15.8    15.7
03047 20240304  2.622 -102.81   31.62    25.3     6.2    15.7    17.2     0.0    18.05 C    30.7     3.6    15.0    70.2    10.3    27.6   0.068   0.055   0.066   0.033   0.033    15.3    15.6    16.1    15.9    15.9
03047 20240305  2.622 -102.81   31.62    25.1     4.6    14.9    16.6     0.0    20.61 C    32.1     2.8    15.6    54.2     9.3    24.4   0.064   0.051   0.061   0.033   0.033    16.5    16.6    17.0    16.3    16.1
03047 20240306  2.622 -102.81   31.62    25.7     8.3    17.0    17.2     0.0    16.59 C    36.0     6.0    17.2    73.8     9.5    33.6   0.059   0.047   0.058   0.033   0.033    17.2    17.2    17.6    16.8    16.4
03047 20240307  2.622 -102.81   31.62    25.3    12.3    18.8    18.6     0.0    12.39 C    30.6     8.4    18.1    69.2     8.9    34.3   0.053   0.040   0.055   0.034   0.033    18.4    18.6    19.0    17.8    16.9
03047 20240308  2.622 -102.81   31.62    18.1     5.2    11.6    11.9     0.0    18.36 C    27.6     3.4    12.4    59.9    14.8    37.8   0.047   0.035   0.053   0.034   0.033    16.4    16.5    17.2    17.6    17.3
03047 20240309  2.622 -102.81   31.62    13.3     0.1     6.7     6.4     0.0    16.63 C    23.5    -1.4     8.2    72.5    31.8    52.3   0.044   0.031   0.051   0.033   0.033    13.9    13.7    14.5    16.4    17.0
03047 20240310  2.622 -102.81   31.62    18.3     0.4     9.3     9.9     0.0    21.14 C    28.9    -1.2    11.5    71.0    24.6    45.9   0.041   0.029   0.048   0.033   0.033    14.6    14.2    14.5    15.5    16.4
03047 20240311  2.622 -102.81   31.62    24.0     3.6    13.8    14.4     0.0    21.58 C    32.6     1.3    15.6    73.4    13.7    40.2   0.039   0.026   0.044   0.033   0.033    16.8    16.4    16.5    16.0    16.3
03047 20240312  2.622 -102.81   31.62    28.5    11.2    19.8    18.3     0.0    18.40 C    35.0     8.6    18.3    84.8     3.8    39.7   0.038   0.024   0.038   0.033   0.032    18.7    18.5    18.5    17.0    16.6
03047 20240313  2.622 -102.81   31.62    28.8     8.4    18.6    18.8     0.0    21.89 C    34.3     5.2    17.8    81.3     4.1    24.7   0.037   0.022   0.034   0.033   0.032    18.8    18.7    18.7    17.6    17.1
03047 20240314  2.622 -102.81   31.62    27.3    10.7    19.0    19.4     0.0    22.01 C    38.2     8.0    20.3    37.3     9.7    19.6   0.036   0.022   0.031   0.033   0.032    20.7    20.2    19.9    18.2    17.5
03047 20240315  2.622 -102.81   31.62    18.6     8.5    13.5    10.9     3.9     2.62 C    16.4     8.3    10.8    86.5    27.7    71.1   0.048   0.032   0.031   0.033   0.032    14.4    14.8    16.7    18.6    17.9
03047 20240316  2.622 -102.81   31.62    14.7     8.9    11.8    11.2     2.2     5.63 C    18.8     9.1    12.0    94.4    70.9    84.5   0.061   0.040   0.032   0.033   0.032    13.3    13.2    14.0    16.5    17.5
03047 20240317  2.622 -102.81   31.62    15.3     9.6    12.5    11.7     0.0     7.85 C    22.9     7.5    12.2    89.8    62.1    79.0   0.058   0.037   0.032   0.033   0.032    13.6    13.5    14.0    15.8    16.9
03047 20240318  2.622 -102.81   31.62    17.3     9.6    13.5    12.9     0.0    13.04 C    25.2     7.7    13.7    76.6    27.5    48.4   0.055   0.035   0.032   0.033   0.032    14.6    14.7    14.9    15.5    16.5
03047 20240319  2.622 -102.81   31.62    21.3     8.0    14.6    14.1     0.0    21.00 C    29.7     6.1    15.9    71.8    32.9    49.4   0.053   0.033   0.032   0.033   0.032    17.3    17.2    17.3    16.1    16.4
03047 20240320  2.622 -102.81   31.62    24.6     7.1    15.8    14.9     4.6    16.53 C    32.8     5.9    16.7    86.0    28.1    58.8   0.052   0.033   0.032   0.033   0.032    18.0    17.9    18.2    17.1    16.8
03047 20240321  2.622 -102.81   31.62    23.7     9.3    16.5    16.2     0.0    19.89 C    33.3     7.6    16.4    93.7    18.9    55.0   0.066   0.042   0.032   0.033   0.032    17.7    17.8    18.1    17.5    17.1
03047 20240322  2.622 -102.81   31.62    27.8     6.4    17.1    17.9     0.0    23.29 C    39.1     5.5    18.5    82.6    10.5    37.3   0.058   0.037   0.032   0.033   0.032    19.2    19.2    19.3    17.7    17.4
03047 20240323  2.622 -102.81   31.62    24.8    11.3    18.1    17.7     0.0    12.28 C    28.9    10.1    17.2    79.6    23.2    46.6   0.052   0.032   0.032   0.033   0.032    18.5    18.7    19.0    18.6    17.8
03047 20240324  2.622 -102.81   31.62    26.5    12.9    19.7    18.4     0.0    21.10 C    34.0    10.6    18.9    73.9     7.1    35.1   0.045   0.027   0.031   0.033   0.032    20.1    20.1    20.4    18.7    18.1
03047 20240325  2.622 -102.81   31.62    19.7    10.2    14.9    14.4     0.0    21.54 C    28.6     7.5    14.9    38.8    13.6    24.6   0.038   0.022   0.031   0.033   0.032    18.3    18.4    19.1    18.9    18.4
03047 20240326  2.622 -102.81   31.62    18.7     1.8    10.2    10.7     0.0    20.19 C    28.4     0.2    11.9    57.0    16.9    35.0   0.036   0.020   0.031   0.033   0.032    16.5    16.4    17.4    18.3    18.3
03047 20240327  2.622 -102.81   31.62    21.3     4.0    12.6    13.1     0.0    22.65 C    29.9     0.8    13.7    54.1     7.5    27.3   0.034   0.020   0.031   0.033   0.032    17.1    16.7    17.4    17.7    18.0
03047 20240328  2.622 -102.81   31.62    27.5     4.4    16.0    16.7     0.0    24.85 C    36.6     1.8    17.8    59.0     5.2    24.3   0.035   0.020   0.031   0.033   0.032    19.3    18.4    18.3    17.7    17.9
03047 20240329  2.622 -102.81   31.62    30.5    13.4    21.9    20.9     0.0    15.95 C    36.9    10.6    20.6    58.4     4.2    32.4   0.033   0.021   0.030   0.033   0.032    21.1    20.6    20.3    18.6    18.1
03047 20240330  2.622 -102.81   31.62    30.4    13.0    21.7    21.7     0.0    18.62 C    38.6    10.5    22.5    77.5     4.6    37.5   0.033   0.021   0.030   0.033   0.032    22.6    21.8    21.5    19.4    18.5
03047 20240331  2.622 -102.81   31.62    30.5    16.9    23.7    22.6     0.0     6.34 C    30.5    15.5    21.5    82.1    10.1    47.7   0.033   0.020   0.030   0.033   0.032    21.4    21.1    21.3    20.1    19.0
03047 20240401  2.622 -102.81   31.62    27.4    13.6    20.5    20.3     0.0    16.97 C    34.4    10.8    20.8    54.3    15.6    29.4   0.034   0.020   0.030   0.033   0.032    22.5    22.2    22.1    20.2    19.4
03047 20240402  2.622 -102.81   31.62    19.9     7.3    13.6    13.5     0.0    21.22 C    29.2     4.3    14.5    49.7    15.4    32.4   0.034   0.019   0.030   0.033   0.032    19.6    19.1    19.8    20.0    19.6
03047 20240403  2.622 -102.81   31.62    26.2     2.2    14.2    15.7     0.0    25.42 C    37.6     1.3    17.6    62.6     7.6    26.7   0.034   0.018   0.029   0.032   0.032    21.1    20.0    20.0    19.5    19.4
03047 20240404  2.622 -102.81   31.62    29.4     6.3    17.8    19.5     0.0    25.84 C    41.1     3.9    21.2    35.6     4.4    15.0   0.034   0.018   0.029   0.032   0.032    23.4    22.0    21.7    19.9    19.4
03047 20240405  2.622 -102.81   31.62    30.9    12.6    21.8    22.5     0.0    25.16 C    38.0     9.1    22.8    32.0     5.7    15.1   0.033   0.019   0.028   0.032   0.031    24.7    23.4    23.0    20.8    19.7
03047 20240406  2.622 -102.81   31.62    26.1    14.3    20.2    20.6     0.0    24.41 C    33.9    11.7    21.2    69.1     8.1    28.3   0.034   0.019   0.028   0.032   0.031    24.6    24.0    23.9    21.5    20.2
03047 20240407  2.622 -102.81   31.62    26.3     2.2    14.2    16.2     0.0    26.15 C    34.5     0.8    17.2    24.7     2.4    10.3   0.033   0.018   0.028   0.032   0.031    22.5    21.7    22.3    21.4    20.6
03047 20240408  2.622 -102.81   31.62    29.2     6.8    18.0    19.4     0.0    19.34 C    37.5     4.6    20.2    51.0     8.1    25.1   0.033   0.017   0.028   0.032   0.031    22.6    21.5    21.9    21.2    20.6
03047 20240409  2.622 -102.81   31.62    19.6     8.0    13.8    14.4     0.0    15.93 C    25.4     6.7    15.8    70.1    40.2    54.2   0.034   0.018   0.028   0.032   0.031    21.7    21.5    22.2    21.4    20.6
03047 20240410  2.622 -102.81   31.62    23.5     5.5    14.5    14.5     0.0    25.96 C    30.7     4.2    16.3    76.2    14.5    41.2   0.033   0.017   0.028   0.032   0.031    21.2    20.4    20.6    20.7    20.6
03047 20240411  2.622 -102.81   31.62    28.0     5.3    16.7    18.1     0.0    26.17 C    37.2     3.8    20.1    56.2     9.5    26.6   0.033   0.018   0.028   0.032   0.031    23.6    22.2    21.8    20.6    20.4
03047 20240412  2.622 -102.81   31.62    30.0    14.2    22.1    22.2     0.0    20.95 C    36.1    11.9    22.3    30.9     7.9    17.2   0.033   0.018   0.027   0.032   0.031    24.3    23.5    23.2    21.4    20.6
03047 20240413  2.622 -102.81   31.62    33.7    15.9    24.8    24.5     0.0    25.51 C    45.3    13.6    26.9    42.2     5.2    22.0   0.033   0.019   0.027   0.032   0.031    28.0    26.3    25.3    21.9    20.9
03047 20240414  2.622 -102.81   31.62    35.4    15.0    25.2    25.7     0.0    24.68 C    45.9    13.1    27.7    69.3     6.1    31.1   0.033   0.020   0.026   0.032   0.031    29.7    28.2    27.5    23.2    21.5
03047 20240415  2.622 -102.81   31.62    35.4    18.8    27.1    26.1     0.0    13.43 C    39.3    17.4    25.9    65.9     2.3    31.2   0.033   0.020   0.026   0.032   0.031    27.2    26.7    26.8    24.1    22.2
03047 20240416  2.622 -102.81   31.62    31.2    11.4    21.3    22.1     0.0    27.64 C    39.1     9.0    23.2    21.4     1.6     8.6   0.033   0.019   0.026   0.032   0.031    27.2    26.1    26.0    23.8    22.5
03047 20240417  2.622 -102.81   31.62    34.1    11.9    23.0    23.2     0.0    23.37 C    41.3     9.7    24.2    49.3     2.8     9.5   0.033   0.019   0.026   0.032   0.031    26.9    25.9    25.9    23.9    22.7
03047 20240418  2.622 -102.81   31.62    33.0    12.0    22.5    23.4     0.3    27.07 C    44.8     9.9    25.5    94.6     5.2    36.5   0.033   0.019   0.026   0.032   0.031    28.8    27.3    27.0    24.1    22.8
03047 20240419  2.622 -102.81   31.62    20.2    12.3    16.2    15.9     0.0    12.25 C    29.3    13.3    17.8    59.1    40.3    50.8   0.033   0.018   0.026   0.032   0.031    24.2    23.9    25.0    24.4    23.1
03047 20240420  2.622 -102.81   31.62    17.2     9.0    13.1    11.9     3.7     4.49 C    17.1     9.5    12.5    89.8    55.0    77.7   0.039   0.022   0.027   0.032   0.031    17.8    18.0    20.5    23.3    23.0
03047 20240421  2.622 -102.81   31.62    16.2     7.2    11.7    11.6     0.6    12.43 C    23.5     7.4    13.2    91.5    47.4    68.7   0.046   0.028   0.028   0.032   0.031    16.1    15.9    17.1    21.0    22.1
03047 20240422  2.622 -102.81   31.62    26.9    10.1    18.5    17.9     0.0    24.09 C    34.6     8.3    19.8    72.3    31.1    51.0   0.046   0.029   0.028   0.032   0.031    21.8    21.3    20.9    20.2    21.2
03047 20240423  2.622 -102.81   31.62    35.6    12.7    24.1    22.9     0.0    25.86 C    46.7    11.1    25.7    84.9    12.4    47.3   0.040   0.028   0.027   0.032   0.031    26.6    25.5    25.0    21.6    21.1
03047 20240424  2.622 -102.81   31.62    34.2    16.6    25.4    24.7     0.0    22.74 C    45.4    15.3    27.3    88.5    19.2    53.9   0.035   0.024   0.027   0.032   0.031    28.9    27.7    27.2    23.3    21.8
03047 20240425  2.622 -102.81   31.62    34.7    20.6    27.6    25.8     0.0    22.02 C    44.5    19.4    27.6    80.2     5.2    49.9   0.034   0.023   0.027   0.033   0.031    29.9    28.9    28.3    24.5    22.6
03047 20240426  2.622 -102.81   31.62    31.3    13.9    22.6    23.4     0.0    27.89 C    38.1    11.5    24.1    38.3     4.4    11.4   0.034   0.022   0.027   0.033   0.031    28.3    27.5    27.6    25.1    23.3
03047 20240427  2.622 -102.81   31.62    31.4    14.3    22.8    23.1     0.0    25.43 C    42.1    12.3    25.1    43.7     6.5    17.7   0.033   0.021   0.027   0.033   0.031    28.6    27.3    27.1    25.0    23.5
03047 20240428  2.622 -102.81   31.62    28.8     8.8    18.8    20.2     0.0    28.41 C    38.0     6.9    22.7    36.2     7.2    17.7   0.033   0.020   0.027   0.033   0.031    28.3    27.3    27.3    25.1    23.7
03047 20240429  2.622 -102.81   31.62    31.6     7.0    19.3    21.7     0.0    28.35 C    41.6     6.6    24.1    37.8     6.2    16.8   0.033   0.020   0.026   0.032   0.031    28.5    27.3    27.2    25.1    23.8
03047 20240430  2.622 -102.81   31.62    35.8    18.6    27.2    26.5     0.0    25.99 C    45.9    16.8    28.9    71.7    13.9    39.4   0.033   0.020   0.026   0.033   0.031    31.6    30.0    29.2    25.5    24.0
03047 20240501  2.622 -102.81   31.62    34.5    18.5    26.5    24.9     0.0    21.50 C    45.1    17.1    26.6    79.8    23.1    54.4   0.033   0.021   0.025   0.032   0.031    30.9    30.0    30.0    26.4    24.5
03047 20240502  2.622 -102.81   31.62    34.3    15.2    24.8    24.3     0.4    27.57 C    46.0    14.7    27.0    97.0     3.4    41.5   0.033   0.020   0.025   0.033   0.031    30.8    29.7    29.4    26.5    24.9
03047 20240503  2.622 -102.81   31.62    35.4    15.7    25.6    25.5     0.0    25.23 C    48.1    13.5    28.8    74.8    11.7    42.9   0.033   0.021   0.025   0.032   0.031    32.3    30.8    30.2    26.7    25.1
03047 20240504  2.622 -102.81   31.62    32.2    17.0    24.6    22.1     8.1    16.81 C    44.7    15.7    23.7    86.6    36.3    68.4   0.050   0.030   0.026   0.032   0.031    28.2    27.5    28.4    27.2    25.4
03047 20240505  2.622 -102.81   31.62    28.0    16.1    22.0    21.2     0.0    17.31 C    35.1    15.4    23.0    88.5    48.3    71.2   0.076   0.042   0.028   0.032   0.031    24.4    24.1    24.2    25.6    25.2
03047 20240506  2.622 -102.81   31.62    34.7    19.5    27.1    26.5     0.0    28.45 C    40.6    18.2    27.9    84.5     4.5    36.5   0.069   0.054   0.032   0.032   0.031    29.0    29.8    29.1    25.7    24.8
03047 20240507  2.622 -102.81   31.62    34.7    13.6    24.2    26.0     0.0    28.95 C    41.2    13.4    27.3    34.0     4.3    12.0   0.061   0.047   0.037   0.032   0.031    29.2    29.3    29.2    26.7    25.1
03047 20240508  2.622 -102.81   31.62    34.7    18.4    26.6    27.0     0.0    28.92 C    41.0    16.7    27.9    20.4     4.2    10.6   0.050   0.032   0.040   0.033   0.031    30.0    30.2    29.7    27.2    25.5
03047 20240509  2.622 -102.81   31.62    34.2    13.8    24.0    25.8     0.0    28.92 C    43.9    13.1    27.6    56.0     5.4    18.0   0.044   0.026   0.042   0.032   0.031    30.5    30.4    29.8    27.5    25.8
03047 20240510  2.622 -102.81   31.62    25.7    17.5    21.6    20.9     0.0     9.82 C    31.3    16.9    21.9    71.6    28.7    48.1   0.041   0.025   0.042   0.033   0.031    26.6    26.5    27.2    27.6    26.0
03047 20240511  2.622 -102.81   31.62    21.4    16.9    19.1    19.4     0.7     5.82 C    25.3    16.2    19.6    81.6    41.4    59.3   0.040   0.025   0.042   0.032   0.031    23.2    23.2    24.2    26.1    25.8
03047 20240512  2.622 -102.81   31.62    33.7    17.3    25.5    24.5     0.0    25.02 C    40.1    16.5    26.4    80.8     3.2    41.0   0.040   0.026   0.042   0.033   0.031    27.8    27.8    26.4    25.0    25.0
03047 20240513  2.622 -102.81   31.62    31.7    11.7    21.7    23.4     0.0    28.61 C    42.0    10.7    25.9    89.5    10.0    31.1   0.038   0.024   0.042   0.033   0.031    29.5    29.2    28.1    26.0    25.0
03047 20240514  2.622 -102.81   31.62    36.4    15.0    25.7    27.0     0.0    28.81 C    46.9    13.5    29.1    49.0     3.5    24.2   0.036   0.024   0.042   0.033   0.031    31.7    31.5    29.7    26.9    25.4
03047 20240515  2.622 -102.81   31.62    34.8    20.8    27.8    28.1     0.0    22.12 C    41.6    19.4    29.2    50.9    17.3    32.4   0.035   0.024   0.042   0.033   0.031    31.9    31.7    30.5    27.9    25.9
03047 20240516  2.622 -102.81   31.62    29.6    13.7    21.6    22.3     0.0    21.00 C    40.8    12.1    24.0    77.1    33.2    53.5   0.035   0.024   0.041   0.033   0.031    30.1    29.5    29.8    28.2    26.4
03047 20240517  2.622 -102.81   31.62    31.0     9.6    20.3    21.3     0.0    28.01 C    40.5     8.7    24.3    89.8    15.1    46.5   0.035   0.024   0.040   0.033   0.031    29.4    29.0    28.1    27.4    26.4
03047 20240518  2.622 -102.81   31.62    38.9    15.2    27.1    28.1     0.0    29.18 C    48.7    12.9    30.0    54.7     4.0    21.0   0.034   0.023   0.039   0.033   0.031    32.5    32.5    30.2    27.6    26.3
03047 20240519  2.622 -102.81   31.62    41.4    20.7    31.1    31.5     0.0    29.02 C    49.2    18.6    32.9    39.4     3.8    16.3   0.034   0.024   0.036   0.033   0.031    34.7    34.0    32.1    28.6    26.7
03047 20240520  2.622 -102.81   31.62    39.4    19.5    29.4    30.6     0.0    25.87 C    47.5    17.6    32.2    52.6     2.3    20.9   0.033   0.024   0.032   0.033   0.031    34.8    33.5    32.9    29.5    27.2
03047 20240521  2.622 -102.81   31.62    34.7    21.5    28.1    28.8     0.0    24.31 C    43.9    20.1    30.3    67.8     6.7    24.4   0.033   0.023   0.028   0.033   0.031    34.3    33.3    33.1    29.9    27.7
03047 20240522  2.622 -102.81   31.62    35.7    19.8    27.8    28.1     0.0    28.43 C    44.1    18.2    30.4    70.1     7.1    34.4   0.034   0.022   0.026   0.033   0.031    34.8    33.3    32.7    29.8    28.0
03047 20240523  2.622 -102.81   31.62    37.7    19.0    28.3    28.4     0.0    30.27 C    43.7    18.1    29.9    82.0     0.9    28.9   0.033   0.023   0.025   0.033   0.031    34.9    33.8    33.5    30.1    28.2
03047 20240524  2.622 -102.81   31.62    36.8    14.8    25.8    27.1     0.0    30.35 C    46.6    12.8    29.1    11.3     0.9     5.0   0.033   0.022   0.025   0.033   0.031    33.8    32.4    32.4    30.1    28.4
03047 20240525  2.622 -102.81   31.62    39.9    16.5    28.2    29.6     0.0    29.68 C    45.9    15.5    30.9    61.3     1.1    20.1   0.033   0.022   0.025   0.033   0.031    35.0    33.5    33.2    30.0    28.4
03047 20240526  2.622 -102.81   31.62    37.8    18.1    27.9    29.0     0.0    30.48 C    44.4    16.4    30.4    11.9     1.4     5.4   0.033   0.022   0.024   0.033   0.031    35.0    33.7    33.6    30.3    28.5
03047 20240527  2.622 -102.81   31.62    39.3    15.2    27.3    29.4     0.0    30.19 C    47.8    13.4    31.5    23.2     2.2     7.5   0.033   0.022   0.024   0.033   0.031    35.3    33.6    33.5    30.3    28.7
03047 20240528  2.622 -102.81   31.62    42.1    22.6    32.3    29.2     0.0    27.03 C    51.0    21.1    31.2    62.3     5.6    35.7   0.033   0.022   0.024   0.033   0.031    36.6    35.2    34.8    30.7    28.8
03047 20240529  2.622 -102.81   31.62    32.4    19.8    26.1    25.6     0.0    21.73 C    41.9    19.3    28.3    70.0    32.8    52.0   0.032   0.022   0.024   0.033   0.031    34.5    33.4    33.5    31.0    29.1
03047 20240530  2.622 -102.81   31.62    39.3    22.9    31.1    29.1     0.0    27.70 C    47.0    21.9    31.4    70.6     4.2    48.5   0.032   0.023   0.024   0.032   0.031    36.6    35.3    34.6    30.9    29.2
03047 20240531  2.622 -102.81   31.62    35.9    20.5    28.2    27.7     0.0    25.42 C    46.2    19.5    30.5    80.9    20.7    53.4   0.033   0.022   0.023   0.032   0.031    36.4    35.3    34.8    31.3    29.4
03047 20240601  2.622 -102.81   31.62    33.3    19.2    26.2    25.5     0.0    19.96 C    39.9    18.4    27.2    67.5    27.7    50.5   0.032   0.023   0.024   0.032   0.031    34.1    33.6    33.7    31.4    29.6
03047 20240602  2.622 -102.81   31.62    37.5    20.4    28.9    27.9     0.0    27.00 C    46.2    19.3    30.1    75.6    26.0    54.9   0.032   0.022   0.024   0.032   0.031    35.7    35.7    34.0    31.1    29.5
03047 20240603  2.622 -102.81   31.62    40.1    21.4    30.8    30.2     0.0    25.67 C    44.2    20.1    31.2    88.2     0.5    29.1   0.033   0.022   0.024   0.032   0.031    35.1    34.1    34.4    31.4    29.6
03047 20240604  2.622 -102.81   31.62    40.1    14.8    27.5    30.0     0.0    26.80 C    46.1    13.7    30.4    41.6     1.8    11.3   0.033   0.021   0.024   0.032   0.031    34.4    33.3    33.4    31.1    29.7
03047 20240605  2.622 -102.81   31.62    39.9    22.6    31.2    30.9     0.0    27.66 C    49.4    20.8    33.5    68.1    10.5    34.4   0.034   0.022   0.023   0.032   0.031    37.4    35.7    34.9    31.2    29.6
03047 20240606  2.622 -102.81   31.62    39.8    23.4    31.6    31.4     0.0    27.60 C    46.0    22.3    33.4    67.0    15.9    41.2   0.035   0.022   0.023   0.032   0.031    38.6    39.0    36.4    31.9    29.8
03047 20240607  2.622 -102.81   31.62    39.8    25.3    32.6    32.2     0.0    27.35 C    47.1    24.3    34.0    62.4    12.7    36.1   0.035   0.022   0.023   0.032   0.031    39.0    38.9    37.1    32.6    30.2
03047 20240608  2.622 -102.81   31.62    40.1    25.0    32.6    32.0     0.0    23.89 C    46.5    24.6    33.9    53.3    11.7    33.0   0.035   0.022   0.023   0.032   0.031    38.4    38.4    36.9    32.9    30.6
03047 20240609  2.622 -102.81   31.62    40.0    22.9    31.4    30.9     0.0    22.90 C    49.7    22.1    32.9    63.4     7.8    34.3   0.035   0.022   0.023   0.032   0.031    37.9    37.8    36.8    33.1    30.8
03047 20240610  2.622 -102.81   31.62    32.9    19.2    26.0    25.6     0.0    21.80 C    43.3    18.4    28.4    85.4    33.2    55.9   0.035   0.023   0.023   0.032   0.031    35.6    35.1    35.1    32.9    30.9
03047 20240611  2.622 -102.81   31.62    36.9    19.5    28.2    28.0     0.0    27.45 C    47.4    18.7    31.1    85.5    17.9    49.4   0.035   0.022   0.023   0.032   0.031    37.1    37.1    35.4    32.5    30.8
03047 20240612  2.622 -102.81   31.62    37.3    21.7    29.5    29.3     0.0    27.93 C    46.6    20.9    32.8    81.2    20.6    46.3   0.036   0.023   0.023   0.032   0.031    38.7    38.7    36.7    32.8    30.8
03047 20240613  2.622 -102.81   31.62    39.2    23.7    31.5    31.3     0.0    28.22 C    46.9    22.7    33.5    72.9    14.4    39.9   0.036   0.023   0.023   0.032   0.031    39.4    38.0    37.4    33.3    31.0
03047 20240614  2.622 -102.81   31.62    37.3    25.2    31.2    31.4     0.0    28.72 C    43.7    24.3    33.2    61.8    17.3    35.8   0.035   0.023   0.023   0.032   0.031    39.4    38.1    37.6    33.7    31.3
03047 20240615  2.622 -102.81   31.62    38.8    24.7    31.7    31.4     0.0    27.03 C    44.5    24.1    33.1    62.8    22.2    36.6   0.035   0.023   0.023   0.032   0.031    39.1    37.8    37.5    33.9    31.6
03047 20240616  2.622 -102.81   31.62    40.1    24.9    32.5    32.0     0.0    28.11 C    46.9    24.2    33.7    62.6    19.6    36.5   0.036   0.023   0.023   0.032   0.031    39.5    38.2    37.7    34.0    31.7
03047 20240617  2.622 -102.81   31.62    39.7    24.6    32.1    31.8     0.0    28.07 C    45.4    23.9    33.3    65.0    19.5    37.9   0.036   0.024   0.023   0.032   0.031    39.3    38.0    37.8    34.2    31.9
03047 20240618  2.622 -102.81   31.62    38.4    24.1    31.3    30.6     0.0    27.83 C    45.5    23.5    32.4    75.0    19.8    45.9   0.035   0.024   0.023   0.032   0.031    38.9    38.0    37.6    34.2    32.0
03047 20240619  2.622 -102.81   31.62    33.8    23.2    28.5    27.9     0.0    24.96 C    39.3    22.6    29.3    69.2    31.8    51.3   0.035   0.023   0.023   0.031   0.031    37.3    36.4    36.7    34.2    32.1
03047 20240620  2.622 -102.81   31.62    28.4    20.8    24.6    24.5     0.0    11.13 C    33.1    20.7    25.4    88.9    49.2    63.1   0.035   0.022   0.024   0.031   0.031    32.1    31.9    33.5    33.6    32.0
03047 20240621  2.622 -102.81   31.62    33.7    22.1    27.9    26.9     0.0    24.41 C    40.2    21.6    28.6    84.7    29.8    57.4   0.035   0.022   0.024   0.031   0.031    34.3    33.5    33.2    32.3    31.5
03047 20240622  2.622 -102.81   31.62    35.1    21.6    28.3    28.0     0.0    28.33 C    41.9    20.7    30.1    81.7    21.1    49.6   0.035   0.021   0.023   0.031   0.031    36.5    36.1    34.8    32.3    31.1
03047 20240623  2.622 -102.81   31.62    36.8    20.5    28.7    29.1     0.0    28.90 C    43.7    19.4    31.2    71.5    15.6    39.2   0.035   0.022   0.023   0.031   0.031    37.6    37.3    35.8    32.7    31.1
03047 20240624  2.622 -102.81   31.62    38.5    21.3    29.9    30.3     0.0    27.66 C    46.1    20.4    32.4    72.1    21.7    42.6   0.035   0.022   0.023   0.032   0.031    38.6    38.3    36.6    33.1    31.2
03047 20240625  2.622 -102.81   31.62    40.3    25.0    32.7    32.2     0.0    27.62 C    48.9    24.3    34.6    67.6    21.1    42.6   0.035   0.022   0.023   0.032   0.031    40.2    40.1    37.9    33.6    31.5
03047 20240626  2.622 -102.81   31.62    41.2    26.2    33.7    32.9     0.0    25.30 C    48.4    26.2    35.1    69.1    17.1    40.6   0.036   0.022   0.022   0.032   0.030    40.9    40.7    38.8    34.3    31.8
03047 20240627  2.622 -102.81   31.62    37.3    24.5    30.9    31.2     0.0    20.33 C    42.0    23.5    32.3    66.0    20.9    41.7   0.035   0.022   0.023   0.032   0.030    38.4    37.9    37.8    34.7    32.2
03047 20240628  2.622 -102.81   31.62    41.3    24.7    33.0    32.8     0.0    25.19 C    49.9    23.8    34.9    60.3    16.5    34.2   0.035   0.022   0.023   0.032   0.031    39.2    39.2    37.5    34.3    32.3
03047 20240629  2.622 -102.81   31.62    37.6    26.1    31.9    31.7     0.0    28.24 C    43.1    25.6    33.5    65.9    25.0    41.5   0.035   0.022   0.022   0.032   0.031    40.1    39.9    38.5    34.6    32.4
03047 20240630  2.622 -102.81   31.62    37.5    24.3    30.9    30.9     0.0    27.92 C    42.6    23.6    32.6    71.0    20.0    43.1   0.035   0.023   0.022   0.032   0.031    39.7    39.1    38.3    34.8    32.5
03047 20240701  2.622 -102.81   31.62    37.8    24.3    31.1    30.8     0.0    27.67 C    43.7    23.6    32.6    67.8    23.0    42.5   0.035   0.022   0.023   0.031   0.030    39.4    39.1    38.0    34.8    32.7
03047 20240702  2.622 -102.81   31.62 -9999.0 -9999.0 -9999.0 -9999.0 -9999.0 -9999.00 U -9999.0 -9999.0 -9999.0 -9999.0 -9999.0 -9999.0 -99.000 -99.000 -99.000 -99.000 -99.000 -9999.0 -9999.0 -9999.0 -9999.0 -9999.0
