04990 20240101  2.622  -96.62   43.73     0.4    -9.1    -4.4    -5.1     0.0     6.19 C     2.4    -7.4    -4.1    92.5    63.1    85.7   0.281   0.264   0.363   0.296   0.368     0.9     1.2     2.1     2.8     4.0
04990 20240102  2.622  -96.62   43.73     1.7    -7.3    -2.8    -3.2     0.0     5.31 C     4.7    -9.0    -3.7    94.6    74.0    88.5   0.276   0.260   0.361   0.291   0.366     0.8     1.1     1.9     2.6     3.8
04990 20240103  2.622  -96.62   43.73    -2.6    -6.9    -4.7    -4.7     0.0     1.71 C     0.9    -6.0    -3.5    94.0    69.0    85.7   0.273   0.257   0.359   0.287   0.365     0.7     1.0     1.8     2.5     3.7
04990 20240104  2.622  -96.62   43.73    -2.6    -7.6    -5.1    -5.2     0.0     1.04 C    -2.0    -6.1    -4.0    94.8    77.8    85.2   0.255   0.255   0.359   0.287   0.365     0.7     0.9     1.7     2.4     3.6
04990 20240105  2.622  -96.62   43.73    -0.2    -2.6    -1.4    -1.7     0.0     1.33 C     0.9    -2.9    -1.4    96.3    87.0    93.7   0.250   0.253   0.356   0.284   0.363     0.6     0.9     1.6     2.3     3.5
04990 20240106  2.622  -96.62   43.73    -1.8    -7.5    -4.6    -3.5     1.2     1.99 C    -0.4    -7.0    -3.1    96.0    74.6    87.4   0.263   0.253   0.356   0.283   0.362     0.7     0.9     1.6     2.2     3.4
04990 20240107  2.622  -96.62   43.73    -5.2   -10.4    -7.8    -7.9     0.0     5.40 C     0.4    -9.3    -6.2    88.7    71.7    82.3   0.251   0.253   0.356   0.283   0.363     0.6     0.8     1.6     2.2     3.4
04990 20240108  2.622  -96.62   43.73    -4.9    -7.2    -6.0    -6.0    22.4     2.38 C    -4.8    -7.0    -5.9    90.6    81.4    88.3   0.247   0.252   0.356   0.283   0.363     0.6     0.8     1.6     2.1     3.3
04990 20240109  2.622  -96.62   43.73    -6.8   -18.1   -12.5   -11.3     1.0     7.55 C    -6.8   -22.8   -12.9    89.1    71.2    82.5   0.250   0.252   0.357   0.283   0.364     0.6     0.8     1.6     2.1     3.2
04990 20240110  2.622  -96.62   43.73    -6.3   -17.5   -11.9   -10.1     1.9     3.42 C    -6.1   -19.8   -10.2    92.2    83.1    86.8   0.260   0.253   0.359   0.286   0.365     0.6     0.8     1.6     2.1     3.2
04990 20240111  2.622  -96.62   43.73    -8.4   -19.1   -13.8   -16.2     0.5     4.22 C    -8.7   -22.3   -16.3    85.2    69.5    74.0   0.275   0.255   0.364   0.290   0.368     0.7     0.9     1.6     2.1     3.2
04990 20240112  2.622  -96.62   43.73   -16.4   -19.3   -17.9   -18.1     2.7     4.96 C   -16.0   -21.2   -18.0    78.8    72.5    75.8   0.278   0.256   0.366   0.293   0.370     0.7     0.9     1.7     2.1     3.1
04990 20240113  2.622  -96.62   43.73   -18.6   -29.3   -23.9   -25.2     0.0     5.48 C   -19.3   -30.9   -24.3    74.7    67.0    71.0   0.280   0.256   0.374   0.300   0.375     0.6     0.9     1.6     2.1     3.1
04990 20240114  2.622  -96.62   43.73     0.0   -29.3   -14.6   -25.1     0.0     8.36 C     0.0   -31.3   -26.5    77.3    66.7    70.6   0.250   0.258   0.372   0.299   0.374     0.4     0.7     1.5     2.0     3.1
04990 20240115  2.622  -96.62   43.73   -20.9   -26.0   -23.5   -23.4     0.0     8.31 C   -20.1   -29.9   -25.0    77.4    65.0    70.4 -99.000   0.257   0.368   0.299   0.372     0.2     0.6     1.4     1.9     3.0
04990 20240116  2.622  -96.62   43.73   -13.9   -21.8   -17.8   -18.8     0.0     8.97 C   -15.3   -28.5   -21.5    72.4    52.7    61.5 -99.000   0.255   0.365   0.294   0.371     0.0     0.4     1.3     1.9     3.0
04990 20240117  2.622  -96.62   43.73    -9.4   -18.1   -13.8   -12.6     0.0     5.55 C    -8.4   -25.6   -15.8    75.4    50.8    64.7 -99.000   0.242   0.361   0.290   0.369     0.0     0.4     1.2     1.8     2.9
04990 20240118  2.622  -96.62   43.73   -10.1   -19.9   -15.0   -14.9     3.8     3.78 C   -10.4   -23.0   -15.2    79.9    67.1    74.8 -99.000   0.240   0.362   0.291   0.372     0.1     0.4     1.2     1.7     2.8
04990 20240119  2.622  -96.62   43.73   -16.4   -22.8   -19.6   -19.8     0.0     8.32 C   -14.7   -28.8   -22.4    79.9    63.5    73.2 -99.000   0.239   0.362   0.291   0.371     0.0     0.4     1.2     1.7     2.8
04990 20240120  2.622  -96.62   43.73   -18.0   -27.9   -23.0   -21.8     0.0     9.30 C   -17.4   -36.2   -25.5    80.8    75.1    78.2 -99.000   0.239   0.361   0.290   0.372     0.0     0.3     1.1     1.7     2.7
04990 20240121  2.622  -96.62   43.73    -6.5   -18.4   -12.5   -10.8     0.0     6.89 C    -6.3   -20.1   -12.4    82.7    69.8    73.8 -99.000   0.238   0.360   0.290   0.370     0.0     0.3     1.1     1.6     2.7
04990 20240122  2.622  -96.62   43.73    -1.5    -8.9    -5.2    -5.5     0.0     8.45 C    -1.0   -15.1    -8.3    91.5    72.7    84.2 -99.000   0.236   0.353   0.280   0.363     0.1     0.3     1.1     1.6     2.7
04990 20240123  2.622  -96.62   43.73    -1.4    -6.2    -3.8    -2.9     0.0     2.37 C    -1.1    -8.4    -2.9    96.1    86.7    93.3 -99.000   0.235   0.352   0.277   0.362     0.1     0.3     1.1     1.6     2.6
04990 20240124  2.622  -96.62   43.73     0.3    -1.5    -0.6    -0.4     0.0     2.82 C     0.1    -1.6    -0.4    97.5    96.0    96.7 -99.000   0.234   0.350   0.275   0.359     0.2     0.4     1.1     1.6     2.6
04990 20240125  2.622  -96.62   43.73    -0.5    -1.2    -0.8    -0.9     0.0     2.25 C     0.0    -0.8    -0.4    98.0    95.4    96.7 -99.000   0.237   0.352   0.276   0.360     0.2     0.4     1.1     1.6     2.6
04990 20240126  2.622  -96.62   43.73    -0.7    -3.2    -2.0    -1.8     0.0     2.75 C    -0.1    -2.8    -1.2    96.5    94.7    95.4 -99.000   0.246   0.353   0.277   0.360     0.2     0.4     1.2     1.6     2.5
04990 20240127  2.622  -96.62   43.73     2.4    -7.8    -2.7    -2.5     0.0     9.67 C     0.1    -9.6    -3.8    94.9    79.3    89.8 -99.000   0.248   0.351   0.274   0.356     0.3     0.5     1.2     1.6     2.5
04990 20240128  2.622  -96.62   43.73     3.6    -6.7    -1.5    -1.9     0.0     8.58 C     0.5   -13.0    -5.8    94.8    70.8    87.0 -99.000   0.251   0.360   0.282   0.361     0.3     0.5     1.3     1.7     2.5
04990 20240129  2.622  -96.62   43.73     5.7    -5.4     0.2     0.4     0.0     8.61 C     2.0   -10.4    -3.3    94.2    74.2    86.2 -99.000   0.257   0.370   0.291   0.357     0.3     0.6     1.3     1.7     2.5
04990 20240130  2.622  -96.62   43.73     5.8    -2.9     1.4     0.5     0.0    10.08 C     3.4    -5.7    -1.9    95.3    71.4    86.0   0.261   0.275   0.388   0.325   0.383     0.4     0.6     1.3     1.7     2.5
04990 20240131  2.622  -96.62   43.73     8.9    -3.4     2.8     1.5     0.0     9.86 C     6.9    -5.7    -0.8    95.8    65.6    87.8   0.278   0.291   0.388   0.332   0.396     0.4     0.6     1.3     1.7     2.4
04990 20240201  2.622  -96.62   43.73     9.4    -1.5     4.0     3.3     0.0    10.10 C     9.8    -5.9     1.0    95.1    63.3    85.0   0.293   0.303   0.388   0.333   0.398     0.5     0.7     1.4     1.7     2.4
04990 20240202  2.622  -96.62   43.73     7.6    -0.1     3.7     2.0     0.0     5.97 C     9.5    -1.4     1.6    96.7    77.4    90.7   0.314   0.299   0.385   0.329   0.398     0.5     0.7     1.5     1.8     2.4
04990 20240203  2.622  -96.62   43.73     2.2    -0.1     1.0     0.9     0.0     1.48 C     3.4    -0.1     1.1    97.3    96.1    96.6   0.314   0.293   0.382   0.324   0.394     0.8     1.0     1.8     2.0     2.5
04990 20240204  2.622  -96.62   43.73     5.0    -1.1     1.9     1.0     0.0     5.14 C     8.3    -2.2     1.3    97.8    76.2    93.6   0.308   0.287   0.377   0.316   0.388     1.2     1.4     2.1     2.2     2.6
04990 20240205  2.622  -96.62   43.73     7.4    -4.3     1.5     0.2     0.0     8.56 C    11.7    -5.0     0.2    97.4    59.3    87.9   0.302   0.282   0.374   0.312   0.383     1.3     1.5     2.2     2.4     2.8
04990 20240206  2.622  -96.62   43.73    10.4    -1.0     4.7     3.6     0.0     7.67 C    15.5    -2.4     3.4    95.7    67.4    86.9   0.297   0.278   0.370   0.305   0.378     1.8     1.8     2.3     2.5     2.8
04990 20240207  2.622  -96.62   43.73    11.7     2.3     7.0     7.0     0.0     3.99 C    14.1     0.3     6.2    87.1    63.1    74.7   0.295   0.276   0.367   0.302   0.376     3.0     2.8     2.9     2.8     2.9
04990 20240208  2.622  -96.62   43.73     8.7     0.7     4.7     3.7     2.0     1.46 C     7.1     0.4     3.3    93.6    74.3    85.1   0.296   0.277   0.369   0.304   0.376     3.6     3.6     3.4     3.3     3.2
04990 20240209  2.622  -96.62   43.73     1.6    -1.0     0.3    -0.1     0.0     3.61 C     4.1    -1.7     0.4    86.7    70.8    77.9   0.295   0.275   0.371   0.306   0.377     2.7     2.9     3.2     3.3     3.4
04990 20240210  2.622  -96.62   43.73     0.6    -2.2    -0.8    -0.7     0.0     4.56 C     6.4    -5.1     0.3    83.4    64.2    72.9   0.292   0.272   0.369   0.302   0.374     2.5     2.6     3.0     3.2     3.5
04990 20240211  2.622  -96.62   43.73     6.0    -5.5     0.2     0.3     0.0    11.81 C     9.8   -11.0    -0.8    93.9    47.8    73.3   0.289   0.269   0.367   0.299   0.372     2.0     2.2     2.8     3.0     3.5
04990 20240212  2.622  -96.62   43.73     7.2    -4.8     1.2     0.5     0.0    11.96 C    12.9    -9.7    -0.2    91.2    38.9    73.9   0.287   0.267   0.365   0.297   0.372     1.8     2.0     2.6     2.9     3.4
04990 20240213  2.622  -96.62   43.73     4.9    -4.9     0.0     0.0     0.0     7.56 C    13.1    -9.2    -0.2    94.1    54.4    76.7   0.285   0.265   0.363   0.294   0.370     1.7     1.8     2.4     2.8     3.3
04990 20240214  2.622  -96.62   43.73     1.9    -7.5    -2.8    -1.6     3.0     2.77 C     4.1   -10.1    -2.9    91.8    70.1    85.5   0.286   0.265   0.364   0.295   0.371     1.6     1.8     2.4     2.7     3.3
04990 20240215  2.622  -96.62   43.73    -3.5   -13.7    -8.6    -7.4     0.3     9.95 C     1.8   -18.2    -7.0    89.0    56.7    74.6   0.288   0.267   0.365   0.295   0.371     1.4     1.7     2.2     2.6     3.2
04990 20240216  2.622  -96.62   43.73    -6.1   -14.7   -10.4   -10.4     0.2     8.85 C    -2.7   -15.5    -9.4    88.7    60.5    76.1   0.287   0.266   0.367   0.297   0.371     1.0     1.3     1.9     2.4     3.2
04990 20240217  2.622  -96.62   43.73    -0.9   -13.9    -7.4    -7.1     0.0    13.27 C     1.4   -14.6    -7.0    78.4    51.9    66.8   0.265   0.260   0.366   0.297   0.372     0.7     0.9     1.6     2.1     3.0
04990 20240218  2.622  -96.62   43.73     4.7    -7.4    -1.4    -2.2     0.0    13.40 C    10.3   -10.0    -2.2    81.7    43.2    68.2   0.255   0.260   0.360   0.289   0.367     0.5     0.7     1.4     1.9     2.9
04990 20240219  2.622  -96.62   43.73     8.2    -4.4     1.9     0.2     0.0    10.94 C    13.4    -7.4    -0.3    92.0    50.2    74.4   0.255   0.258   0.359   0.287   0.367     0.5     0.7     1.3     1.8     2.8
04990 20240220  2.622  -96.62   43.73    11.4    -6.1     2.7     1.9     0.0    11.32 C    16.7   -11.0    -0.2    93.3    46.6    77.3   0.257   0.258   0.357   0.285   0.364     0.5     0.7     1.3     1.8     2.7
04990 20240221  2.622  -96.62   43.73    13.1    -3.1     5.0     4.3     0.0     8.14 C    19.6    -7.6     2.2    90.7    40.7    68.5   0.271   0.260   0.357   0.285   0.364     1.0     1.0     1.5     1.8     2.6
04990 20240222  2.622  -96.62   43.73    10.6     0.4     5.5     4.8     0.0    13.65 C    16.5    -4.6     3.6    86.7    49.1    72.1   0.283   0.261   0.356   0.284   0.363     2.0     2.0     2.1     2.1     2.7
04990 20240223  2.622  -96.62   43.73     4.3    -4.4     0.0     1.0     0.0     6.85 C    10.7    -9.5     0.9    87.7    64.1    76.6   0.284   0.262   0.362   0.290   0.366     2.0     2.1     2.4     2.5     2.8
04990 20240224  2.622  -96.62   43.73    13.3    -6.8     3.3     2.5     0.0    13.71 C    16.0   -11.0     1.1    93.0    35.7    67.4   0.280   0.260   0.359   0.287   0.364     1.8     1.9     2.3     2.5     2.9
04990 20240225  2.622  -96.62   43.73    10.5     0.3     5.4     4.9     0.0    10.82 C    19.1    -2.5     4.7    80.9    43.5    63.2   0.280   0.259   0.357   0.286   0.363     2.7     2.6     2.6     2.7     3.0
04990 20240226  2.622  -96.62   43.73    19.3    -0.4     9.4     8.0     0.0    14.11 C    23.6    -3.6     5.9    85.4    24.1    55.4   0.278   0.257   0.357   0.285   0.363     3.4     3.2     3.1     3.0     3.1
04990 20240227  2.622  -96.62   43.73     5.7   -15.3    -4.8    -6.3     1.3     3.00 C     2.3   -16.6    -7.1    91.8    57.4    72.3   0.278   0.257   0.363   0.293   0.368     2.1     2.5     3.1     3.2     3.3
04990 20240228  2.622  -96.62   43.73    -4.7   -18.0   -11.4   -11.4     0.0    15.40 C     0.7   -19.7   -10.4    74.1    48.1    63.1   0.276   0.256   0.364   0.293   0.369     1.0     1.4     2.1     2.7     3.3
04990 20240229  2.622  -96.62   43.73    14.8    -8.0     3.4     3.5     0.0    15.09 C    17.0    -8.7     2.5    74.8    21.7    47.0   0.272   0.253   0.356   0.284   0.363     1.0     1.2     1.8     2.3     3.1
04990 20240301  2.622  -96.62   43.73    16.7    -0.1     8.3     7.0     0.0    15.12 C    20.1    -1.8     6.2    80.0    31.2    54.4   0.273   0.253   0.353   0.280   0.360     2.3     2.2     2.3     2.4     3.0
04990 20240302  2.622  -96.62   43.73    16.7    -1.6     7.6     6.8     0.0    11.45 C    19.9    -3.9     6.0    94.0    46.9    73.4   0.273   0.252   0.352   0.279   0.358     3.4     3.2     3.0     2.9     3.1
04990 20240303  2.622  -96.62   43.73    10.8    -0.7     5.0     5.9     0.0     9.98 C    14.8    -8.2     3.9    86.4    37.8    67.4   0.272   0.252   0.353   0.280   0.359     4.0     3.9     3.6     3.4     3.3
04990 20240304  2.622  -96.62   43.73     7.1    -6.4     0.3     0.8     0.0    11.56 C    15.1   -10.4     1.4    70.9    32.2    52.2   0.273   0.253   0.356   0.285   0.362     3.3     3.3     3.5     3.5     3.6
04990 20240305  2.622  -96.62   43.73    12.1    -9.6     1.3     0.6     0.0    14.26 C    17.8   -13.6    -0.7    78.4    18.1    49.8   0.271   0.252   0.356   0.283   0.361     2.4     2.6     3.1     3.3     3.6
04990 20240306  2.622  -96.62   43.73    13.9    -5.5     4.2     4.9     0.0    11.43 C    19.3   -11.3     3.8    83.7    17.6    48.6   0.270   0.250   0.354   0.280   0.360     2.5     2.6     3.0     3.2     3.6
04990 20240307  2.622  -96.62   43.73     5.3    -2.5     1.4     0.8     0.0    10.07 C    14.7    -3.2     2.3    88.1    28.2    59.2   0.271   0.251   0.357   0.285   0.363     3.2     3.2     3.4     3.4     3.6
04990 20240308  2.622  -96.62   43.73     6.5    -4.2     1.1    -0.2     0.0    15.44 C    14.5    -9.6     0.9    74.0    32.7    55.4   0.269   0.250   0.354   0.282   0.361     2.9     3.1     3.3     3.4     3.7
04990 20240309  2.622  -96.62   43.73     8.1    -6.3     0.9     0.0     0.0    16.92 C    17.1   -11.4    -0.4    76.7    23.4    50.9   0.267   0.248   0.353   0.280   0.359     2.6     2.8     3.1     3.3     3.7
04990 20240310  2.622  -96.62   43.73    17.9    -6.5     5.7     5.2     0.0    16.56 C    22.5   -11.5     4.2    62.8    16.8    41.7   0.266   0.247   0.352   0.279   0.359     2.7     2.7     3.0     3.2     3.7
04990 20240311  2.622  -96.62   43.73    25.7    -1.6    12.1    11.1     0.0    15.89 C    30.2    -7.8     8.8    68.7     7.8    36.7   0.263   0.244   0.348   0.273   0.355     4.1     3.9     3.6     3.5     3.7
04990 20240312  2.622  -96.62   43.73    19.9    -0.9     9.5     9.9     0.0    16.14 C    29.0    -4.3     9.6    83.7    14.5    42.2   0.263   0.244   0.348   0.273   0.355     5.2     5.0     4.4     4.1     3.9
04990 20240313  2.622  -96.62   43.73    20.2     4.9    12.5    12.4     0.0     8.42 C    25.7    -0.4    11.0    41.7    19.4    30.4   0.262   0.243   0.348   0.273   0.356     5.7     5.5     4.9     4.6     4.2
04990 20240314  2.622  -96.62   43.73    14.4     2.7     8.5     8.4     0.0    10.56 C    21.0     0.5     8.2    73.7    26.8    43.1   0.262   0.243   0.350   0.275   0.357     5.9     5.8     5.3     5.0     4.5
04990 20240315  2.622  -96.62   43.73    12.3    -1.6     5.3     5.2     0.0    15.33 C    19.6    -2.7     6.3    95.1    28.0    60.7   0.262   0.243   0.351   0.276   0.358     5.7     5.7     5.3     5.2     4.7
04990 20240316  2.622  -96.62   43.73     9.5    -0.6     4.4     4.9     0.0    15.67 C    17.7    -3.0     5.6    71.2    25.7    47.2   0.259   0.241   0.349   0.275   0.357     5.6     5.6     5.4     5.3     4.9
04990 20240317  2.622  -96.62   43.73    -0.1    -6.8    -3.4    -3.9     0.0    13.33 C     8.5    -6.6    -1.8    76.2    37.7    54.8   0.261   0.243   0.355   0.283   0.364     4.0     4.4     4.9     5.1     5.0
04990 20240318  2.622  -96.62   43.73     5.0   -10.6    -2.8    -2.7     0.0    18.81 C    13.8   -11.7    -0.1    68.6    22.5    43.6   0.257   0.241   0.351   0.278   0.360     3.4     3.7     4.1     4.5     4.9
04990 20240319  2.622  -96.62   43.73    15.9    -1.1     7.4     6.6     0.0    17.32 C    24.5    -5.4     7.2    74.9    28.6    46.7   0.255   0.239   0.348   0.273   0.356     4.4     4.4     4.3     4.4     4.7
04990 20240320  2.622  -96.62   43.73     1.7   -10.4    -4.3    -3.9     0.0    18.43 C    15.1   -10.2     0.1    71.3    20.2    46.6   0.256   0.239   0.351   0.278   0.360     4.3     4.6     4.6     4.7     4.7
04990 20240321  2.622  -96.62   43.73     6.9    -5.9     0.5    -1.1     0.2    10.97 C    16.1    -6.9     1.0    67.3    21.4    40.0   0.254   0.238   0.349   0.276   0.359     3.6     3.8     4.3     4.5     4.8
04990 20240322  2.622  -96.62   43.73    -0.7   -10.9    -5.8    -4.0     0.5     7.84 C     5.8   -14.9    -3.3    88.7    48.9    72.6   0.253   0.237   0.347   0.273   0.357     3.2     3.5     4.1     4.3     4.7
04990 20240323  2.622  -96.62   43.73    -2.3   -11.8    -7.1    -5.9     1.4     4.43 C     1.8   -14.9    -5.5    88.6    43.3    75.2   0.252   0.236   0.347   0.273   0.357     1.6     2.1     3.3     3.9     4.6
04990 20240324  2.622  -96.62   43.73     0.9    -4.0    -1.5    -0.9    14.0     1.52 C     0.6    -4.1    -1.1    95.1    86.6    92.3   0.257   0.241   0.346   0.270   0.356     1.9     2.1     3.0     3.5     4.3
04990 20240325  2.622  -96.62   43.73     0.1    -4.9    -2.4    -1.9    12.8     9.03 C     0.2    -4.8    -1.4    94.7    87.3    91.1   0.321   0.297   0.390   0.320   0.373     2.0     2.2     2.9     3.3     4.1
04990 20240326  2.622  -96.62   43.73    -4.9    -9.5    -7.2    -6.2     0.0    14.65 C    -1.9   -12.0    -5.9    87.2    71.3    78.1   0.306   0.286   0.381   0.320   0.388     1.6     1.9     2.6     3.1     4.0
04990 20240327  2.622  -96.62   43.73    -3.9   -14.0    -9.0    -8.6     0.0    21.29 C     0.2   -16.1    -8.9    84.7    60.6    72.0   0.301   0.282   0.374   0.306   0.371     1.2     1.5     2.2     2.8     3.8
04990 20240328  2.622  -96.62   43.73     7.2   -10.9    -1.8    -1.4     0.0    20.66 C    13.3   -13.7    -1.2    87.9    48.6    70.3   0.308   0.289   0.378   0.315   0.376     1.3     1.5     2.0     2.5     3.5
04990 20240329  2.622  -96.62   43.73    14.3     0.1     7.2     5.8     0.0    13.82 C    21.0    -0.8     6.8    81.2    52.2    67.4   0.309   0.288   0.378   0.319   0.388     3.0     2.9     2.6     2.7     3.4
04990 20240330  2.622  -96.62   43.73     5.0    -1.7     1.7     1.6     0.0     7.61 C    13.8    -3.5     2.9    89.1    62.3    75.8   0.300   0.280   0.372   0.308   0.379     3.5     3.5     3.4     3.3     3.5
04990 20240331  2.622  -96.62   43.73     3.5    -0.8     1.4     1.0     0.3     4.82 C     6.6    -3.0     1.7    88.9    71.7    83.0   0.294   0.275   0.367   0.301   0.370     3.5     3.5     3.6     3.6     3.7
04990 20240401  2.622  -96.62   43.73     2.9    -0.3     1.3     1.2     8.5     2.35 C     4.5    -1.6     1.2    94.3    74.8    89.0   0.311   0.291   0.379   0.316   0.379     3.0     3.1     3.5     3.6     3.8
04990 20240402  2.622  -96.62   43.73    12.4    -0.2     6.1     4.7     0.0    18.16 C    19.6    -1.2     5.8    93.3    32.6    68.9   0.310   0.289   0.380   0.322   0.391     4.1     4.0     3.6     3.6     3.8
04990 20240403  2.622  -96.62   43.73    10.7    -1.0     4.9     4.3     0.0    22.26 C    18.5    -2.6     5.6    86.4    27.6    57.0   0.302   0.281   0.379   0.316   0.385     4.7     4.6     4.1     4.0     4.0
04990 20240404  2.622  -96.62   43.73    13.7    -3.6     5.1     5.0     0.0    22.98 C    24.2    -5.5     5.8    71.5    20.3    46.3   0.293   0.274   0.367   0.302   0.372     5.1     5.0     4.4     4.3     4.2
04990 20240405  2.622  -96.62   43.73    16.1    -1.8     7.2     7.2     0.0    18.63 C    23.8    -6.9     7.1    80.3    23.3    50.2   0.287   0.267   0.358   0.290   0.365     5.3     5.2     4.8     4.6     4.3
04990 20240406  2.622  -96.62   43.73    18.0     2.5    10.2     9.2     6.8    21.50 C    23.7     1.2     9.7    84.6    26.7    52.5   0.287   0.265   0.358   0.288   0.365     6.1     5.9     5.3     5.0     4.6
04990 20240407  2.622  -96.62   43.73    11.9     4.8     8.3     6.6    11.0     6.71 C    19.2     3.4     7.0    93.6    65.4    85.7   0.320   0.297   0.378   0.316   0.377     6.4     6.3     5.9     5.5     4.9
04990 20240408  2.622  -96.62   43.73     8.6     1.9     5.3     5.1     0.4     6.92 C    12.5     2.2     5.6    95.3    73.7    86.2   0.322   0.303   0.385   0.331   0.393     6.4     6.3     6.0     5.7     5.2
04990 20240409  2.622  -96.62   43.73    17.7     0.9     9.3     9.1     0.0    18.44 C    25.8    -1.8     8.3    91.2    31.1    63.6   0.310   0.289   0.374   0.316   0.387     7.0     6.7     6.0     5.8     5.3
04990 20240410  2.622  -96.62   43.73    20.5     3.3    11.9    11.6     0.0    18.73 C    30.7    -3.0    10.9    82.1    21.7    51.6   0.301   0.283   0.366   0.308   0.380     7.6     7.4     6.5     6.1     5.5
04990 20240411  2.622  -96.62   43.73    13.4     3.7     8.6     7.0     0.0    10.86 C    20.0     1.4     6.9    89.0    34.2    67.2   0.296   0.279   0.363   0.301   0.375     7.3     7.3     6.8     6.5     5.7
04990 20240412  2.622  -96.62   43.73    17.2     1.1     9.1     9.3     0.0    23.65 C    28.8    -1.0    10.6    86.3    23.3    52.0   0.294   0.275   0.360   0.296   0.371     7.9     7.7     6.7     6.4     5.9
04990 20240413  2.622  -96.62   43.73    30.5     4.3    17.4    17.7     0.0    22.62 C    34.4     1.8    16.8    60.3    18.5    38.6   0.290   0.271   0.357   0.291   0.369     9.2     8.8     7.5     6.9     6.1
04990 20240414  2.622  -96.62   43.73    23.0     9.6    16.3    16.4     0.0    23.71 C    33.4     2.6    16.1    63.7    14.6    36.5   0.287   0.267   0.357   0.288   0.367    10.8    10.4     8.6     7.8     6.5
04990 20240415  2.622  -96.62   43.73    26.7     8.1    17.4    18.0     0.0    19.74 C    32.2     2.4    17.2    48.9    15.5    28.7   0.284   0.262   0.355   0.285   0.365    10.5    10.2     9.0     8.3     6.9
04990 20240416  2.622  -96.62   43.73    18.5     9.0    13.8    11.2    43.8     2.92 C    16.9     8.3    10.7    95.2    30.9    87.6   0.391   0.355   0.402   0.455   0.402    10.4    10.2     9.5     8.9     7.6
04990 20240417  2.622  -96.62   43.73    14.9     6.2    10.6     9.8     0.2    16.21 C    19.8     5.3    10.4    93.2    48.4    72.5   0.428   0.369   0.416   0.527   0.410    10.3    10.1     9.4     9.0     7.9
04990 20240418  2.622  -96.62   43.73     9.5     0.2     4.8     5.8     0.0    19.85 C    16.0    -4.2     6.4    78.4    33.6    53.8   0.417   0.367   0.406   0.519   0.404     9.7     9.8     9.2     8.9     7.9
04990 20240419  2.622  -96.62   43.73     5.9    -2.8     1.5     1.8     0.0    19.53 C    11.8    -5.6     2.4    76.0    37.1    51.6   0.400   0.352   0.412   0.527   0.408     7.4     7.8     8.2     8.3     7.9
04990 20240420  2.622  -96.62   43.73     8.3    -0.8     3.7     2.9     0.0    17.11 C    16.7    -4.1     4.1    71.8    29.9    50.8   0.372   0.341   0.401   0.525   0.406     7.0     7.2     7.4     7.6     7.7
04990 20240421  2.622  -96.62   43.73    16.0    -2.2     6.9     7.3     0.0    25.57 C    25.0    -5.7     8.2    61.4    17.4    37.6   0.358   0.329   0.393   0.518   0.406     7.6     7.6     7.3     7.4     7.4
04990 20240422  2.622  -96.62   43.73    21.6     2.1    11.8    12.2     0.0    18.28 C    27.8    -0.4    11.6    60.4    16.2    40.2   0.346   0.319   0.387   0.409   0.405     8.7     8.5     7.9     7.7     7.4
04990 20240423  2.622  -96.62   43.73    17.7     3.7    10.7    11.0     0.0    24.19 C    26.8    -1.8    11.0    70.1    28.9    45.4   0.333   0.310   0.381   0.340   0.404     9.3     9.2     8.4     8.0     7.5
04990 20240424  2.622  -96.62   43.73    19.1     0.9    10.0    11.4     0.0    24.42 C    30.8    -3.7    12.8    84.1    24.9    47.6   0.324   0.300   0.376   0.323   0.406     9.9     9.7     8.7     8.3     7.7
04990 20240425  2.622  -96.62   43.73    22.1     7.4    14.8    14.5     0.0    19.14 C    28.9     5.5    14.9    55.5    31.4    46.8   0.316   0.293   0.371   0.316   0.394    10.8    10.5     9.5     8.9     7.9
04990 20240426  2.622  -96.62   43.73    12.4     6.8     9.6     9.9    21.4     0.56 C    12.5     6.7     9.6    95.6    50.5    90.1   0.385   0.358   0.400   0.480   0.411     9.8     9.7     9.6     9.3     8.4
04990 20240427  2.622  -96.62   43.73    11.5     8.6    10.1    10.1     0.4     3.97 C    14.2     8.7    10.5    98.2    79.8    88.4   0.397   0.362   0.403   0.514   0.414    10.1    10.0     9.5     9.2     8.6
04990 20240428  2.622  -96.62   43.73     9.7     7.0     8.3     8.1    44.7     1.76 C    10.2     7.2     8.2    95.4    85.8    91.7   0.402   0.370   0.406   0.517   0.415     9.4     9.4     9.4     9.2     8.6
04990 20240429  2.622  -96.62   43.73 -9999.0 -9999.0 -9999.0 -9999.0     0.8 -9999.00 U -9999.0 -9999.0 -9999.0 -9999.0 -9999.0 -9999.0 -99.000 -99.000 -99.000 -99.000 -99.000 -9999.0 -9999.0 -9999.0 -9999.0 -9999.0
04990 20240430  2.622  -96.62   43.73    19.2     3.7    11.5    11.6     2.9    11.88 C    23.1     2.2    10.9    94.0    57.4    78.2   0.406   0.367   0.409   0.519   0.417     9.6     9.4     9.0     8.9     8.5
04990 20240501  2.622  -96.62   43.73    15.5     4.6    10.1    10.8     1.1    12.63 C    24.6     1.9    10.7    86.9    38.3    64.8   0.405   0.363   0.409   0.517   0.416    10.2    10.0     9.4     9.1     8.6
04990 20240502  2.622  -96.62   43.73    15.6     5.6    10.6     9.7     6.1     9.14 C    19.0     0.7     9.3    92.7    44.2    78.5   0.412   0.380   0.410   0.518   0.417    10.2    10.1     9.7     9.4     8.7
04990 20240503  2.622  -96.62   43.73    18.6     4.8    11.7    10.6     0.4    18.79 C    26.1     0.4    11.3    88.5    44.8    65.4   0.409   0.367   0.411   0.519   0.417    10.6    10.4     9.7     9.4     8.8
04990 20240504  2.622  -96.62   43.73    15.6     5.5    10.5     9.9     5.0    20.62 C    24.3     1.2    10.4    93.9    37.1    66.1   0.427   0.377   0.443   0.543   0.434    11.5    11.0    10.2     9.7     9.0
04990 20240505  2.622  -96.62   43.73    19.3     4.1    11.7    12.5     0.0    26.02 C    26.6    -0.4    13.1    77.7    38.6    57.4   0.413   0.369   0.419   0.525   0.421    11.5    11.3    10.4     9.9     9.1
04990 20240506  2.622  -96.62   43.73    22.2     9.4    15.8    14.3    15.3     9.36 C    25.1     8.2    13.9    92.8    58.7    78.5   0.412   0.371   0.416   0.521   0.419    12.1    11.8    11.0    10.4     9.3
04990 20240507  2.622  -96.62   43.73    18.0     7.7    12.8    13.3     0.0    15.13 C    21.5     3.7    12.5    93.2    43.0    66.9   0.422   0.381   0.419   0.525   0.422    12.4    12.2    11.5    10.9     9.8
04990 20240508  2.622  -96.62   43.73    23.4     6.4    14.9    14.2     0.7    20.89 C    28.5     3.8    14.4    84.2    22.6    61.0   0.411   0.367   0.411   0.518   0.416    12.3    12.0    11.3    10.9     9.9
04990 20240509  2.622  -96.62   43.73    20.3     8.9    14.6    14.4     0.0    22.77 C    29.3     5.0    15.4    91.0    37.2    62.6   0.407   0.363   0.411   0.516   0.415    13.9    13.5    12.0    11.2    10.0
04990 20240510  2.622  -96.62   43.73    22.9     8.3    15.6    15.5     0.0    25.53 C    28.8     4.1    15.1    84.0    23.8    50.0   0.393   0.352   0.409   0.514   0.413    13.9    13.7    12.3    11.6    10.3
04990 20240511  2.622  -96.62   43.73    25.9     7.6    16.8    18.0     0.0    26.61 C    33.5     3.2    17.4    70.4    21.0    40.2   0.371   0.339   0.406   0.514   0.409    14.6    14.2    12.6    11.9    10.6
04990 20240512  2.622  -96.62   43.73    30.2    10.4    20.3    19.1     2.2    19.62 C    38.9     6.5    18.6    83.1    20.3    53.6   0.357   0.328   0.398   0.477   0.402    15.5    15.1    13.3    12.4    10.9
04990 20240513  2.622  -96.62   43.73    22.8     9.2    16.0    16.3     0.0    25.05 C    33.2     5.8    17.8    85.1    22.7    46.9   0.351   0.323   0.396   0.399   0.402    16.0    15.6    13.9    12.9    11.3
04990 20240514  2.622  -96.62   43.73    24.7     7.5    16.1    16.7     0.0    25.99 C    34.7     4.1    18.2    62.9    21.8    42.3   0.335   0.312   0.387   0.337   0.402    15.8    15.5    14.0    13.2    11.6
04990 20240515  2.622  -96.62   43.73    22.8    12.5    17.6    16.9     2.4    15.96 C    30.7    11.5    17.7    94.5    49.3    71.2   0.330   0.309   0.384   0.328   0.407    16.1    15.8    14.5    13.6    11.9
04990 20240516  2.622  -96.62   43.73    23.9     8.9    16.4    16.3     0.0    24.08 C    34.2     8.4    17.8    93.0    31.6    60.8   0.325   0.303   0.381   0.320   0.401    16.3    16.0    14.5    13.8    12.1
04990 20240517  2.622  -96.62   43.73    32.9    12.1    22.5    22.6     0.0    24.69 C    37.1    10.4    23.0    76.0    18.9    46.4   0.317   0.295   0.377   0.313   0.389    17.1    16.7    15.0    14.1    12.3
04990 20240518  2.622  -96.62   43.73    23.4     9.9    16.6    19.2     0.0    26.69 C    30.9     5.3    19.5    71.6    21.2    43.4   0.307   0.286   0.372   0.305   0.379    17.7    17.4    15.8    14.7    12.7
04990 20240519  2.622  -96.62   43.73    22.5     7.3    14.9    15.8    14.2    14.58 C    29.8     4.7    15.7    87.1    34.9    54.5   0.302   0.282   0.367   0.300   0.374    15.6    15.7    15.2    14.6    13.0
04990 20240520  2.622  -96.62   43.73    25.0    11.7    18.3    18.3     0.0    23.46 C    34.9     9.4    20.4    95.5    52.7    75.3   0.340   0.316   0.390   0.339   0.404    17.3    16.8    15.3    14.6    13.3
04990 20240521  2.622  -96.62   43.73    15.5     9.1    12.3    13.0    31.5     5.04 C    17.6     8.0    13.2    95.0    69.7    86.4   0.390   0.356   0.410   0.473   0.410    16.1    16.2    15.7    15.2    13.8
04990 20240522  2.622  -96.62   43.73    21.5     8.2    14.8    14.9     0.0    25.29 C    28.7     7.1    15.7    85.6    36.9    62.0   0.405   0.362   0.416   0.517   0.410    16.0    15.7    14.9    14.6    13.6
04990 20240523  2.622  -96.62   43.73    26.8    10.0    18.4    19.2     0.0    26.37 C    32.8     8.0    19.8    86.3    28.8    53.3   0.395   0.358   0.415   0.517   0.410    16.7    16.4    15.3    14.6    13.3
04990 20240524  2.622  -96.62   43.73    18.6     7.3    12.9    13.1    13.9    18.55 C    19.3     5.3    13.3    95.1    51.2    71.0   0.407   0.370   0.418   0.518   0.410    16.1    16.1    15.6    15.1    13.8
04990 20240525  2.622  -96.62   43.73    22.1     6.5    14.3    15.0     0.5    12.21 C    28.8     5.6    14.4    88.1    41.8    66.5   0.410   0.367   0.419   0.519   0.411    14.7    14.8    14.7    14.5    13.6
04990 20240526  2.622  -96.62   43.73    23.9    11.9    17.9    17.5     0.0    22.59 C    34.4    11.0    19.3    88.0    34.8    63.9   0.405   0.365   0.418   0.519   0.410    16.8    16.4    15.0    14.4    13.5
04990 20240527  2.622  -96.62   43.73    22.2    11.0    16.6    16.5     0.3    22.73 C    27.4     7.9    17.2    92.6    37.8    65.0   0.389   0.354   0.415   0.518   0.410    17.4    17.1    15.7    14.9    13.6
04990 20240528  2.622  -96.62   43.73    21.0    10.2    15.6    15.3     1.2    22.81 C    32.0     7.2    17.0    86.1    35.1    62.0   0.368   0.341   0.408   0.514   0.411    17.1    16.9    15.8    15.1    13.9
04990 20240529  2.622  -96.62   43.73    24.6     5.7    15.2    17.0     0.0    27.93 C    33.1     4.2    19.0    93.0    27.8    52.5   0.350   0.325   0.398   0.383   0.409    17.2    17.0    15.8    15.3    14.0
04990 20240530  2.622  -96.62   43.73    25.1    14.1    19.6    19.2     6.5    11.85 C    28.2    12.6    18.9    89.5    47.7    62.0   0.339   0.316   0.391   0.342   0.408    16.9    16.8    16.1    15.5    14.1
04990 20240531  2.622  -96.62   43.73    19.7    12.4    16.1    16.1     3.4     7.20 C    24.7    11.0    16.5    95.7    65.5    83.3   0.363   0.339   0.407   0.514   0.409    17.4    17.1    16.3    15.6    14.4
04990 20240601  2.622  -96.62   43.73    25.0    12.3    18.6    18.1     0.0    24.23 C    35.0    11.0    20.8    95.1    35.8    70.9   0.358   0.334   0.405   0.461   0.409    18.4    17.9    16.4    15.7    14.5
04990 20240602  2.622  -96.62   43.73    25.8    14.1    20.0    19.8     6.6    15.19 C    30.9    12.3    20.0    91.8    59.8    76.3   0.365   0.341   0.406   0.443   0.409    18.5    18.2    17.0    16.2    14.7
04990 20240603  2.622  -96.62   43.73    29.3    16.8    23.0    22.7     7.4    26.99 C    36.8    15.2    24.2    90.5    38.7    66.4   0.415   0.374   0.424   0.523   0.411    20.5    19.8    17.8    16.8    15.1
04990 20240604  2.622  -96.62   43.73    25.1    11.4    18.3    18.4     7.0     9.51 C    31.1     8.8    17.8    92.3    46.8    75.7   0.410   0.372   0.424   0.522   0.412    19.5    19.4    18.4    17.4    15.5
04990 20240605  2.622  -96.62   43.73    26.0     9.3    17.7    18.4     0.0    18.49 C    30.6     7.5    17.7    87.5    23.7    52.5   0.412   0.373   0.421   0.522   0.412    17.7    17.7    17.4    17.0    15.7
04990 20240606  2.622  -96.62   43.73    24.9    12.0    18.5    18.8     0.0    29.11 C    29.1     8.2    18.4    56.9    21.9    37.3   0.377   0.350   0.411   0.476   0.411    17.6    17.6    17.1    16.6    15.6
04990 20240607  2.622  -96.62   43.73    22.5    10.0    16.3    16.3     1.9    10.74 C    27.3     6.5    15.2    85.1    27.6    63.6   0.352   0.328   0.398   0.358   0.410    16.6    16.7    16.7    16.4    15.5
04990 20240608  2.622  -96.62   43.73    23.3    13.1    18.2    18.0     2.3    20.79 C    32.1    11.9    19.1    93.3    27.9    61.0   0.353   0.331   0.402   0.393   0.411    17.8    17.6    16.7    16.2    15.4
04990 20240609  2.622  -96.62   43.73    25.6    11.7    18.7    18.9     0.0    25.87 C    34.6     8.9    19.8    82.1    25.2    48.7   0.338   0.316   0.390   0.333   0.408    18.5    18.3    17.0    16.4    15.3
04990 20240610  2.622  -96.62   43.73    25.1    10.1    17.6    18.5     0.0    27.58 C    34.5     6.8    20.8    79.7    29.1    52.6   0.325   0.303   0.380   0.317   0.392    18.8    18.6    17.3    16.7    15.4
04990 20240611  2.622  -96.62   43.73    28.9    15.8    22.4    23.0     0.0    27.55 C    35.4    14.2    23.5    83.0    29.2    49.1   0.317   0.294   0.379   0.309   0.383    20.4    19.9    18.1    17.2    15.6
04990 20240612  2.622  -96.62   43.73    28.9    15.9    22.4    23.3     1.0    15.42 C    32.3    13.6    22.0    84.2    50.6    65.4   0.309   0.287   0.376   0.302   0.378    20.1    19.8    18.6    17.7    15.9
04990 20240613  2.622  -96.62   43.73    27.6    16.2    21.9    21.5     1.1    16.04 C    34.2    11.0    20.6    85.3    29.7    59.6   0.307   0.284   0.372   0.298   0.374    20.1    19.8    18.7    17.9    16.2
04990 20240614  2.622  -96.62   43.73    28.4    10.7    19.5    21.0     0.0    22.80 C    36.5     8.6    21.5    83.8    28.5    52.8   0.297   0.277   0.367   0.294   0.371    20.1    19.8    18.6    17.9    16.3
04990 20240615  2.622  -96.62   43.73    24.4    15.8    20.1    20.2     6.9     7.76 C    26.1    15.4    19.9    93.0    49.5    80.5   0.311   0.286   0.366   0.292   0.370    19.7    19.6    18.8    18.1    16.5
04990 20240616  2.622  -96.62   43.73    29.6    18.9    24.2    23.5     0.0    24.28 C    36.0    17.8    24.8    88.9    39.0    67.8   0.306   0.284   0.372   0.297   0.373    21.4    20.8    19.2    18.3    16.6
04990 20240617  2.622  -96.62   43.73    25.0    13.2    19.1    18.6    73.1     6.43 C    25.6    12.3    18.5    94.6    47.6    87.9   0.404   0.373   0.421   0.509   0.407    19.0    19.1    18.9    18.6    17.5
04990 20240618  2.622  -96.62   43.73    27.6    13.9    20.8    21.4     1.8    10.30 C    31.8    13.2    21.3    88.0    71.6    81.3   0.400   0.364   0.429   0.515   0.410    20.5    20.1    19.2    18.6    17.3
04990 20240619  2.622  -96.62   43.73    20.8    12.9    16.8    16.6     0.6    20.09 C    29.8    12.4    18.7    92.3    54.1    74.8   0.399   0.364   0.426   0.516   0.411    19.9    19.7    19.1    18.5    17.2
04990 20240620  2.622  -96.62   43.73    17.5    14.4    16.0    15.7    97.7     2.16 C    17.3    14.7    15.9    96.1    87.4    92.1   0.412   0.379   0.426   0.516   0.411    18.7    18.8    18.7    18.5    17.4
04990 20240621  2.622  -96.62   43.73    23.5    17.1    20.3    19.1    70.6     7.14 C    25.3    16.8    19.2    95.9    82.0    92.5   0.419   0.387   0.423   0.516   0.412    18.7    18.5    18.2    18.0    17.3
04990 20240622  2.622  -96.62   43.73    24.9    18.0    21.4    20.5    29.8    14.85 C    29.5    15.4    20.7    96.0    67.1    87.1   0.417   0.384   0.423   0.516   0.412    20.1    19.8    18.9    18.4    17.4
04990 20240623  2.622  -96.62   43.73    28.6    17.0    22.8    23.0     0.0    26.70 C    35.9    14.9    24.4    92.5    50.5    73.3   0.405   0.369   0.427   0.517   0.414    21.5    21.0    19.6    18.7    17.3
04990 20240624  2.622  -96.62   43.73    33.6    20.9    27.2    26.6     0.0    25.02 C    39.3    19.9    27.1    87.0    51.1    73.4   0.400   0.363   0.429   0.516   0.414    23.0    22.4    20.5    19.3    17.3
04990 20240625  2.622  -96.62   43.73    29.9    20.6    25.2    25.5     0.0    25.24 C    37.9    18.9    26.6    89.3    34.3    59.7   0.378   0.344   0.420   0.515   0.413    23.9    23.3    21.3    20.0    17.7
04990 20240626  2.622  -96.62   43.73    26.7    15.8    21.3    21.7     0.0    26.92 C    35.1    14.9    23.6    82.4    40.4    58.9   0.349   0.322   0.404   0.427   0.412    23.5    23.1    21.5    20.4    18.2
04990 20240627  2.622  -96.62   43.73    22.1    14.9    18.5    18.4    11.7     6.31 C    24.8    14.4    18.7    92.0    71.1    85.3   0.355   0.328   0.405   0.414   0.412    21.4    21.5    21.0    20.4    18.6
04990 20240628  2.622  -96.62   43.73    27.8    17.2    22.5    22.3     2.6    19.44 C    33.5    15.7    23.1    93.5    60.0    77.1   0.405   0.369   0.429   0.521   0.413    22.0    21.6    20.6    20.0    18.7
04990 20240629  2.622  -96.62   43.73    20.7    12.0    16.3    17.4     0.0    24.60 C    30.2     9.8    18.9    85.8    47.3    66.3   0.382   0.351   0.422   0.519   0.413    21.3    21.3    20.8    20.1    18.7
04990 20240630  2.622  -96.62   43.73    23.5     9.9    16.7    17.1     0.0    29.06 C    32.4     8.3    19.6    92.1    40.3    62.5   0.353   0.327   0.408   0.394   0.414    20.7    20.7    20.2    19.8    18.6
04990 20240701  2.622  -96.62   43.73    21.1    14.9    18.0    17.1     2.8    10.40 C    26.0    14.6    17.8    94.3    63.4    79.2   0.340   0.315   0.396   0.344   0.410    19.8    19.9    19.9    19.6    18.5
04990 20240702  2.622  -96.62   43.73 -9999.0 -9999.0 -9999.0 -9999.0 -9999.0 -9999.00 U -9999.0 -9999.0 -9999.0 -9999.0 -9999.0 -9999.0 -99.000 -99.000 -99.000 -99.000 -99.000 -9999.0 -9999.0 -9999.0 -9999.0 -9999.0
