63858 20240101  2.622  -87.24   32.46    12.7    -3.0     4.9     4.8     0.0    11.53 C    18.0    -4.4     5.1    93.6    40.9    69.4 -99.000 -99.000 -99.000 -99.000 -99.000 -9999.0 -9999.0 -9999.0 -9999.0 -9999.0
63858 20240102  2.622  -87.24   32.46    11.3    -6.4     2.4     0.7     0.0    12.23 C    18.7    -8.0     1.9    93.6    35.1    73.4 -99.000 -99.000 -99.000 -99.000 -99.000 -9999.0 -9999.0 -9999.0 -9999.0 -9999.0
63858 20240103  2.622  -87.24   32.46     7.2    -5.1     1.0     1.3     0.5     2.21 C     8.0    -6.6     1.0    97.6    75.2    88.2 -99.000 -99.000 -99.000 -99.000 -99.000 -9999.0 -9999.0 -9999.0 -9999.0 -9999.0
63858 20240104  2.622  -87.24   32.46    12.4    -5.6     3.4     2.8     0.0    11.88 C    18.0    -7.2     3.1    97.2    42.3    76.4 -99.000 -99.000 -99.000 -99.000 -99.000 -9999.0 -9999.0 -9999.0 -9999.0 -9999.0
63858 20240105  2.622  -87.24   32.46    14.2    -5.6     4.3     5.9    31.6     7.85 C    16.6    -6.9     5.6    94.0    48.3    76.2 -99.000 -99.000 -99.000 -99.000 -99.000 -9999.0 -9999.0 -9999.0 -9999.0 -9999.0
63858 20240106  2.622  -87.24   32.46    11.1     5.1     8.1     9.4     0.3     2.80 C    13.0     5.0     9.3    95.6    69.6    82.8 -99.000 -99.000 -99.000 -99.000 -99.000 -9999.0 -9999.0 -9999.0 -9999.0 -9999.0
63858 20240107  2.622  -87.24   32.46    12.3    -1.9     5.2     5.8     0.0    10.04 C    17.3    -2.9     6.2    93.2    38.8    73.5 -99.000 -99.000 -99.000 -99.000 -99.000 -9999.0 -9999.0 -9999.0 -9999.0 -9999.0
63858 20240108  2.622  -87.24   32.46    13.2    -1.8     5.7     7.4    36.6     6.75 C    16.2    -2.6     7.1    93.9    40.0    74.4 -99.000 -99.000 -99.000 -99.000 -99.000 -9999.0 -9999.0 -9999.0 -9999.0 -9999.0
63858 20240109  2.622  -87.24   32.46    17.1     4.3    10.7    10.0    69.9     5.54 C    16.3     3.0     9.6    96.2    54.6    74.1 -99.000 -99.000 -99.000 -99.000 -99.000 -9999.0 -9999.0 -9999.0 -9999.0 -9999.0
63858 20240110  2.622  -87.24   32.46    12.0    -1.8     5.1     4.3     0.0    12.57 C    15.5    -2.7     4.6    88.7    35.5    68.0 -99.000 -99.000 -99.000 -99.000 -99.000 -9999.0 -9999.0 -9999.0 -9999.0 -9999.0
63858 20240111  2.622  -87.24   32.46    19.3    -1.1     9.1     9.9     0.0    10.13 C    25.7    -2.3     9.9    95.3    46.7    72.2 -99.000 -99.000 -99.000 -99.000 -99.000 -9999.0 -9999.0 -9999.0 -9999.0 -9999.0
63858 20240112  2.622  -87.24   32.46    20.6     2.7    11.7    13.3     4.3     3.96 C    20.7     1.7    12.4    91.9    32.1    66.9 -99.000 -99.000 -99.000 -99.000 -99.000 -9999.0 -9999.0 -9999.0 -9999.0 -9999.0
63858 20240113  2.622  -87.24   32.46     9.8    -2.5     3.6     2.6     0.0    12.98 C    16.5    -3.6     3.9    89.2    35.5    62.9 -99.000 -99.000 -99.000 -99.000 -99.000 -9999.0 -9999.0 -9999.0 -9999.0 -9999.0
63858 20240114  2.622  -87.24   32.46    14.2    -4.0     5.1     4.9     0.0    12.17 C    21.0    -5.7     5.9    93.7    31.8    70.5 -99.000 -99.000 -99.000 -99.000 -99.000 -9999.0 -9999.0 -9999.0 -9999.0 -9999.0
63858 20240115  2.622  -87.24   32.46    13.5    -2.4     5.5     5.2     1.5    10.29 C    19.5    -2.9     6.6    87.5    45.1    67.6 -99.000 -99.000 -99.000 -99.000 -99.000 -9999.0 -9999.0 -9999.0 -9999.0 -9999.0
63858 20240116  2.622  -87.24   32.46    -0.1    -7.7    -3.9    -4.4     7.4     8.58 C     0.4    -8.8    -3.9    92.2    63.0    77.6 -99.000 -99.000 -99.000 -99.000 -99.000 -9999.0 -9999.0 -9999.0 -9999.0 -9999.0
63858 20240117  2.622  -87.24   32.46     3.2   -13.0    -4.9    -5.2     0.0    13.09 C    10.2   -13.5    -3.7    86.9    26.1    66.9 -99.000 -99.000 -99.000 -99.000 -99.000 -9999.0 -9999.0 -9999.0 -9999.0 -9999.0
63858 20240118  2.622  -87.24   32.46    12.0    -8.4     1.8     3.1     2.0     5.23 C    13.8    -9.3     3.0    94.1    41.8    74.7 -99.000 -99.000 -99.000 -99.000 -99.000 -9999.0 -9999.0 -9999.0 -9999.0 -9999.0
63858 20240119  2.622  -87.24   32.46     9.8    -2.4     3.7     4.4     0.2    13.06 C    12.7    -3.3     4.9    94.7    49.8    70.3 -99.000 -99.000 -99.000 -99.000 -99.000 -9999.0 -9999.0 -9999.0 -9999.0 -9999.0
63858 20240120  2.622  -87.24   32.46     1.9    -6.5    -2.3    -3.1     0.0    13.41 C     7.5    -7.7    -2.1    69.8    35.0    54.9 -99.000 -99.000 -99.000 -99.000 -99.000 -9999.0 -9999.0 -9999.0 -9999.0 -9999.0
63858 20240121  2.622  -87.24   32.46     6.2   -10.7    -2.3    -3.1     0.0    13.44 C    11.2   -10.8    -2.0    78.1    23.7    55.2 -99.000 -99.000 -99.000 -99.000 -99.000 -9999.0 -9999.0 -9999.0 -9999.0 -9999.0
63858 20240122  2.622  -87.24   32.46    12.2    -5.6     3.3     4.3     0.0     5.84 C    14.6    -6.5     3.8    79.9    43.5    56.5 -99.000 -99.000 -99.000 -99.000 -99.000 -9999.0 -9999.0 -9999.0 -9999.0 -9999.0
63858 20240123  2.622  -87.24   32.46    18.3     9.5    13.9    14.0     1.6     4.46 C    19.4     7.8    13.4    92.3    62.8    77.6 -99.000 -99.000 -99.000 -99.000 -99.000 -9999.0 -9999.0 -9999.0 -9999.0 -9999.0
63858 20240124  2.622  -87.24   32.46    22.1    14.4    18.3    17.6    39.0     2.01 C    22.8    13.8    17.1    95.7    79.4    91.0 -99.000 -99.000 -99.000 -99.000 -99.000 -9999.0 -9999.0 -9999.0 -9999.0 -9999.0
63858 20240125  2.622  -87.24   32.46    22.7    15.1    18.9    18.1    24.6     2.48 C    24.0    14.7    17.7    96.4    86.4    93.4 -99.000 -99.000 -99.000 -99.000 -99.000 -9999.0 -9999.0 -9999.0 -9999.0 -9999.0
63858 20240126  2.622  -87.24   32.46    19.7    15.2    17.4    17.0     0.0     3.44 C    23.1    14.7    17.1    97.0    82.0    93.1 -99.000 -99.000 -99.000 -99.000 -99.000 -9999.0 -9999.0 -9999.0 -9999.0 -9999.0
63858 20240127  2.622  -87.24   32.46    20.6     9.9    15.2    15.7    12.0     3.98 C    22.0     9.7    15.5    96.4    73.6    87.5 -99.000 -99.000 -99.000 -99.000 -99.000 -9999.0 -9999.0 -9999.0 -9999.0 -9999.0
63858 20240128  2.622  -87.24   32.46     9.9     6.6     8.3     8.1     0.0     4.09 C    11.0     6.4     8.4    82.3    68.4    74.4 -99.000 -99.000 -99.000 -99.000 -99.000 -9999.0 -9999.0 -9999.0 -9999.0 -9999.0
63858 20240129  2.622  -87.24   32.46    14.0     0.0     7.0     7.4     0.0    13.86 C    18.2    -1.0     8.4    91.8    44.6    67.9 -99.000 -99.000 -99.000 -99.000 -99.000 -9999.0 -9999.0 -9999.0 -9999.0 -9999.0
63858 20240130  2.622  -87.24   32.46    19.7    -2.5     8.6     8.5     0.0    14.03 C    22.7    -3.2     9.0    95.2    37.5    70.6 -99.000 -99.000 -99.000 -99.000 -99.000 -9999.0 -9999.0 -9999.0 -9999.0 -9999.0
63858 20240131  2.622  -87.24   32.46    15.1    -0.1     7.5     6.9     0.0    14.42 C    21.3    -1.2     7.5    93.9    40.6    73.2 -99.000 -99.000 -99.000 -99.000 -99.000 -9999.0 -9999.0 -9999.0 -9999.0 -9999.0
63858 20240201  2.622  -87.24   32.46    16.0    -2.4     6.8     5.8     0.0    13.28 C    23.6    -3.3     7.2    95.3    36.3    74.3 -99.000 -99.000 -99.000 -99.000 -99.000 -9999.0 -9999.0 -9999.0 -9999.0 -9999.0
63858 20240202  2.622  -87.24   32.46    20.9    -0.7    10.1     9.3     0.0    13.68 C    28.6    -1.4    10.9    95.1    31.2    71.6 -99.000 -99.000 -99.000 -99.000 -99.000 -9999.0 -9999.0 -9999.0 -9999.0 -9999.0
63858 20240203  2.622  -87.24   32.46    20.0     1.6    10.8    12.4     0.0    10.50 C    24.7     0.9    12.4    94.2    41.9    64.8 -99.000 -99.000 -99.000 -99.000 -99.000 -9999.0 -9999.0 -9999.0 -9999.0 -9999.0
63858 20240204  2.622  -87.24   32.46    15.1     6.1    10.6     9.0    45.3     0.63 C    13.9     5.9     8.6    93.9    57.6    88.5 -99.000 -99.000 -99.000 -99.000 -99.000 -9999.0 -9999.0 -9999.0 -9999.0 -9999.0
63858 20240205  2.622  -87.24   32.46    14.9     3.5     9.2     8.6     1.4     5.55 C    18.5     2.5     8.6    95.8    61.1    85.9 -99.000 -99.000 -99.000 -99.000 -99.000 -9999.0 -9999.0 -9999.0 -9999.0 -9999.0
63858 20240206  2.622  -87.24   32.46    19.8     1.3    10.5     8.8     0.0    15.54 C    23.1     0.1     9.1    95.7    31.7    70.7 -99.000 -99.000 -99.000 -99.000 -99.000 -9999.0 -9999.0 -9999.0 -9999.0 -9999.0
63858 20240207  2.622  -87.24   32.46    19.5    -0.3     9.6     9.3     0.0    15.39 C    23.5    -1.1     9.3    94.2    24.4    62.5 -99.000 -99.000 -99.000 -99.000 -99.000 -9999.0 -9999.0 -9999.0 -9999.0 -9999.0
63858 20240208  2.622  -87.24   32.46    18.0     0.5     9.2    10.0     0.0    11.43 C    23.4    -0.6    10.4    90.9    37.1    61.6 -99.000 -99.000 -99.000 -99.000 -99.000 -9999.0 -9999.0 -9999.0 -9999.0 -9999.0
63858 20240209  2.622  -87.24   32.46    24.1     9.9    17.0    17.0     0.0     9.00 C    29.0     9.4    17.3    86.1    51.7    70.8 -99.000 -99.000 -99.000 -99.000 -99.000 -9999.0 -9999.0 -9999.0 -9999.0 -9999.0
63858 20240210  2.622  -87.24   32.46    21.0    15.1    18.0    18.5     0.0     3.04 C    22.5    14.2    18.2    92.7    64.2    84.6 -99.000 -99.000 -99.000 -99.000 -99.000 -9999.0 -9999.0 -9999.0 -9999.0 -9999.0
63858 20240211  2.622  -87.24   32.46    22.4    16.1    19.2    18.9    38.1     4.70 C    27.3    15.8    18.8    95.0    71.8    89.1 -99.000 -99.000 -99.000 -99.000 -99.000 -9999.0 -9999.0 -9999.0 -9999.0 -9999.0
63858 20240212  2.622  -87.24   32.46    17.5     8.3    12.9    14.1    23.6     2.65 C    18.1     8.0    13.8    93.9    62.8    84.5 -99.000 -99.000 -99.000 -99.000 -99.000 -9999.0 -9999.0 -9999.0 -9999.0 -9999.0
63858 20240213  2.622  -87.24   32.46    14.1     0.7     7.4     7.2     0.0    15.54 C    18.2    -0.2     8.4    92.9    30.6    67.7 -99.000 -99.000 -99.000 -99.000 -99.000 -9999.0 -9999.0 -9999.0 -9999.0 -9999.0
63858 20240214  2.622  -87.24   32.46    18.7    -1.2     8.7     7.5     0.0    16.79 C    26.0    -2.2     9.1    95.4    27.6    70.0 -99.000 -99.000 -99.000 -99.000 -99.000 -9999.0 -9999.0 -9999.0 -9999.0 -9999.0
63858 20240215  2.622  -87.24   32.46    20.3     0.1    10.2     9.9     0.0    16.05 C    26.9    -0.6    11.4    94.8    31.5    71.0 -99.000 -99.000 -99.000 -99.000 -99.000 -9999.0 -9999.0 -9999.0 -9999.0 -9999.0
63858 20240216  2.622  -87.24   32.46    19.5     5.3    12.4    13.4     0.0     7.64 C    22.4     5.1    13.7    94.1    40.1    70.2 -99.000 -99.000 -99.000 -99.000 -99.000 -9999.0 -9999.0 -9999.0 -9999.0 -9999.0
63858 20240217  2.622  -87.24   32.46    14.7     3.0     8.9     7.0     0.0     7.78 C    14.1     2.7     7.6    87.9    48.2    66.6 -99.000 -99.000 -99.000 -99.000 -99.000 -9999.0 -9999.0 -9999.0 -9999.0 -9999.0
63858 20240218  2.622  -87.24   32.46    12.3    -1.7     5.3     4.7     0.0    15.21 C    18.2    -3.0     6.1    82.6    21.7    47.8 -99.000 -99.000 -99.000 -99.000 -99.000 -9999.0 -9999.0 -9999.0 -9999.0 -9999.0
63858 20240219  2.622  -87.24   32.46    15.9    -5.6     5.1     4.1     0.0    17.90 C    24.5    -6.6     6.1    91.9    18.9    60.7 -99.000 -99.000 -99.000 -99.000 -99.000 -9999.0 -9999.0 -9999.0 -9999.0 -9999.0
63858 20240220  2.622  -87.24   32.46    18.4    -3.3     7.6     6.8     0.0    16.64 C    25.5    -4.2     8.4    93.2    29.9    67.9 -99.000 -99.000 -99.000 -99.000 -99.000 -9999.0 -9999.0 -9999.0 -9999.0 -9999.0
63858 20240221  2.622  -87.24   32.46    22.4     0.3    11.4    11.9     0.0    16.35 C    27.9    -0.4    12.6    94.3    33.5    64.7 -99.000 -99.000 -99.000 -99.000 -99.000 -9999.0 -9999.0 -9999.0 -9999.0 -9999.0
63858 20240222  2.622  -87.24   32.46    24.3     4.3    14.3    15.9     0.0    13.12 C    28.4     3.1    15.9    89.6    44.5    67.4 -99.000 -99.000 -99.000 -99.000 -99.000 -9999.0 -9999.0 -9999.0 -9999.0 -9999.0
63858 20240223  2.622  -87.24   32.46    21.7     6.4    14.1    16.7     2.5    14.09 C    26.9     5.1    17.0    91.6    27.8    62.5 -99.000 -99.000 -99.000 -99.000 -99.000 -9999.0 -9999.0 -9999.0 -9999.0 -9999.0
63858 20240224  2.622  -87.24   32.46    21.4     2.5    11.9    11.4     0.0    17.32 C    25.6     1.7    11.6    90.5    22.8    56.6 -99.000 -99.000 -99.000 -99.000 -99.000 -9999.0 -9999.0 -9999.0 -9999.0 -9999.0
63858 20240225  2.622  -87.24   32.46    22.2    -0.9    10.6    10.7     0.0    17.49 C    28.3    -1.9    11.5    92.9    21.5    57.1 -99.000 -99.000 -99.000 -99.000 -99.000 -9999.0 -9999.0 -9999.0 -9999.0 -9999.0
63858 20240226  2.622  -87.24   32.46    24.8     2.7    13.7    15.6     0.0    16.60 C    29.9     2.0    16.1    88.0    33.7    59.7 -99.000 -99.000 -99.000 -99.000 -99.000 -9999.0 -9999.0 -9999.0 -9999.0 -9999.0
63858 20240227  2.622  -87.24   32.46    25.8    15.9    20.8    20.9     0.0    10.09 C    29.6    14.4    20.8    88.7    50.5    71.1 -99.000 -99.000 -99.000 -99.000 -99.000 -9999.0 -9999.0 -9999.0 -9999.0 -9999.0
63858 20240228  2.622  -87.24   32.46    26.5     9.0    17.7    18.0     1.7     5.96 C    29.8     8.4    17.8    85.9    38.1    65.4 -99.000 -99.000 -99.000 -99.000 -99.000 -9999.0 -9999.0 -9999.0 -9999.0 -9999.0
63858 20240229  2.622  -87.24   32.46    12.2     5.8     9.0     9.2     0.0     7.27 C    14.8     5.5     9.8    55.3    30.3    41.2 -99.000 -99.000 -99.000 -99.000 -99.000 -9999.0 -9999.0 -9999.0 -9999.0 -9999.0
63858 20240301  2.622  -87.24   32.46    11.9     8.5    10.2    10.5    38.8     0.52 C    11.5     8.2    10.2    95.8    42.7    79.8 -99.000 -99.000 -99.000 -99.000 -99.000 -9999.0 -9999.0 -9999.0 -9999.0 -9999.0
63858 20240302  2.622  -87.24   32.46    17.3    11.2    14.2    13.2     0.7     7.36 C    22.4    10.9    14.1    96.3    74.3    90.6 -99.000 -99.000 -99.000 -99.000 -99.000 -9999.0 -9999.0 -9999.0 -9999.0 -9999.0
63858 20240303  2.622  -87.24   32.46    22.1    13.3    17.7    16.9     0.3     8.08 C    26.3    12.9    17.2    96.8    69.0    89.5 -99.000 -99.000 -99.000 -99.000 -99.000 -9999.0 -9999.0 -9999.0 -9999.0 -9999.0
63858 20240304  2.622  -87.24   32.46    22.5    15.5    19.0    18.7     0.0     5.20 C    24.6    14.4    18.5    95.8    68.5    84.5 -99.000 -99.000 -99.000 -99.000 -99.000 -9999.0 -9999.0 -9999.0 -9999.0 -9999.0
63858 20240305  2.622  -87.24   32.46    21.8    13.9    17.8    18.1     3.0     5.24 C    24.9    13.5    18.1    96.7    68.7    86.3 -99.000 -99.000 -99.000 -99.000 -99.000 -9999.0 -9999.0 -9999.0 -9999.0 -9999.0
63858 20240306  2.622  -87.24   32.46    22.9    10.5    16.7    17.0     0.0    10.87 C    28.3     9.4    17.6    96.4    55.5    83.9 -99.000 -99.000 -99.000 -99.000 -99.000 -9999.0 -9999.0 -9999.0 -9999.0 -9999.0
63858 20240307  2.622  -87.24   32.46    24.8     7.3    16.0    15.9     0.0    16.46 C    33.6     6.5    17.7    97.2    36.9    76.1 -99.000 -99.000 -99.000 -99.000 -99.000 -9999.0 -9999.0 -9999.0 -9999.0 -9999.0
63858 20240308  2.622  -87.24   32.46    21.4    13.9    17.7    16.6    52.7     1.67 C    21.5    13.7    16.1    95.2    57.0    84.6 -99.000 -99.000 -99.000 -99.000 -99.000 -9999.0 -9999.0 -9999.0 -9999.0 -9999.0
63858 20240309  2.622  -87.24   32.46    19.1    10.7    14.9    16.0     0.3     6.43 C    21.6    10.4    16.2    95.5    61.6    79.9 -99.000 -99.000 -99.000 -99.000 -99.000 -9999.0 -9999.0 -9999.0 -9999.0 -9999.0
63858 20240310  2.622  -87.24   32.46    17.7     3.7    10.7    10.9     0.0    20.62 C    23.1     2.6    12.1    89.2    27.7    59.6 -99.000 -99.000 -99.000 -99.000 -99.000 -9999.0 -9999.0 -9999.0 -9999.0 -9999.0
63858 20240311  2.622  -87.24   32.46    19.0     1.5    10.2     9.6     0.0    17.65 C    26.9     0.4    11.6    91.8    20.8    59.4 -99.000 -99.000 -99.000 -99.000 -99.000 -9999.0 -9999.0 -9999.0 -9999.0 -9999.0
63858 20240312  2.622  -87.24   32.46    22.1     1.6    11.8    11.7     0.0    19.18 C    30.5     0.7    13.8    94.7    24.9    64.0 -99.000 -99.000 -99.000 -99.000 -99.000 -9999.0 -9999.0 -9999.0 -9999.0 -9999.0
63858 20240313  2.622  -87.24   32.46    24.2     5.3    14.7    14.8     0.0    13.76 C    32.3     4.9    16.0    92.0    48.4    73.9 -99.000 -99.000 -99.000 -99.000 -99.000 -9999.0 -9999.0 -9999.0 -9999.0 -9999.0
63858 20240314  2.622  -87.24   32.46 -9999.0 -9999.0 -9999.0 -9999.0 -9999.0 -9999.00 U -9999.0 -9999.0 -9999.0 -9999.0 -9999.0 -9999.0 -99.000 -99.000 -99.000 -99.000 -99.000 -9999.0 -9999.0 -9999.0 -9999.0 -9999.0
63858 20240315  2.622  -87.24   32.46    21.1    14.5    17.8    18.9    27.2     3.43 C    22.5    14.2    18.6    97.4    83.2    91.1   0.486   0.469   0.463   0.479   0.484    17.1    17.5    17.0    16.2    15.5
63858 20240316  2.622  -87.24   32.46    19.1    11.8    15.5    16.0     0.0     9.19 C    23.9    11.7    17.0    97.0    73.4    87.4   0.517   0.496   0.492   0.497   0.484    16.5    17.0    16.9    16.3    15.8
63858 20240317  2.622  -87.24   32.46    14.3    10.7    12.5    13.3    16.5     2.84 C    16.7    10.5    13.8    96.7    87.2    92.2   0.517   0.497   0.494   0.498   0.484    14.5    15.9    16.5    16.3    16.0
63858 20240318  2.622  -87.24   32.46    15.3     3.0     9.1    11.1     0.0    19.82 C    21.2     2.1    12.2    96.2    33.7    59.7   0.510   0.496   0.494   0.498   0.484    13.4    15.2    15.9    16.0    16.0
63858 20240319  2.622  -87.24   32.46    14.5    -2.3     6.1     6.2     0.0    22.68 C    23.5    -1.8     9.1    91.9    22.1    58.2   0.484   0.475   0.492   0.498   0.484    11.0    13.4    14.8    15.3    15.7
63858 20240320  2.622  -87.24   32.46    22.2    -0.4    10.9    10.7     0.0    19.76 C    29.4     0.2    12.5    96.1    26.9    66.3   0.459   0.444   0.483   0.494   0.483    12.0    13.2    14.4    14.9    15.4
63858 20240321  2.622  -87.24   32.46    24.3     3.9    14.1    14.5     0.0    17.46 C    33.1     4.0    16.0    94.8    29.4    66.9   0.446   0.437   0.461   0.477   0.483    13.9    14.4    14.7    14.9    15.3
63858 20240322  2.622  -87.24   32.46    22.2    12.3    17.3    16.6     6.6    12.72 C    28.7    12.3    17.4    94.2    46.9    72.5   0.445   0.434   0.456   0.473   0.483    15.4    15.8    15.5    15.4    15.4
63858 20240323  2.622  -87.24   32.46    21.0     9.3    15.1    16.0     0.4    18.10 C    27.5     7.1    16.8    95.6    42.4    66.8   0.458   0.446   0.480   0.490   0.483    15.4    16.3    16.1    15.8    15.6
63858 20240324  2.622  -87.24   32.46    22.6     1.9    12.2    14.0     0.0    18.83 C    30.4     1.6    14.9    93.7    37.9    59.9   0.442   0.435   0.459   0.478   0.483    14.1    15.1    15.7    15.8    15.8
63858 20240325  2.622  -87.24   32.46    22.5    13.3    17.9    18.6     0.0    11.80 C    25.2    12.6    18.4    68.9    53.2    59.2   0.433   0.429   0.446   0.474   0.483    15.3    15.9    15.9    15.9    15.8
63858 20240326  2.622  -87.24   32.46    21.7     9.6    15.6    15.7    24.9    10.87 C    26.1     9.0    16.4    96.3    54.5    80.5   0.494   0.477   0.485   0.491   0.484    15.7    16.4    16.3    16.2    15.9
63858 20240327  2.622  -87.24   32.46    22.2     8.6    15.4    15.0     0.0    21.15 C    28.7     7.9    16.2    96.5    34.9    62.5   0.495   0.487   0.500   0.497   0.484    15.4    16.1    16.2    16.2    16.1
63858 20240328  2.622  -87.24   32.46    20.7     5.0    12.9    13.0     0.0    23.46 C    28.4     4.8    14.5    82.4    23.3    50.7   0.459   0.455   0.487   0.494   0.484    14.1    15.6    16.2    16.2    16.1
63858 20240329  2.622  -87.24   32.46    22.9     2.3    12.6    13.1     0.0    23.28 C    32.0     2.0    15.4    94.6    22.6    57.1   0.442   0.436   0.460   0.478   0.483    14.3    15.2    15.8    16.0    16.1
63858 20240330  2.622  -87.24   32.46    25.8     7.3    16.5    17.5     0.0    22.56 C    32.5     6.9    19.1    91.5    32.8    61.7   0.433   0.429   0.444   0.477   0.483    16.3    16.5    16.3    16.2    16.1
63858 20240331  2.622  -87.24   32.46    26.0    11.6    18.8    19.1     0.0    13.58 C    35.0    11.0    19.9    95.1    51.8    75.6   0.424   0.421   0.424   0.459   0.483    17.5    17.6    17.1    16.8    16.3
63858 20240401  2.622  -87.24   32.46    26.9    15.9    21.4    21.4     0.0    10.45 C    31.1    15.1    21.6    96.1    59.1    79.5   0.418   0.418   0.418   0.443   0.483    18.5    18.5    17.8    17.3    16.5
63858 20240402  2.622  -87.24   32.46    28.2    18.7    23.4    22.6    34.0    12.76 C    33.1    17.8    23.1    94.3    52.5    81.5   0.422   0.420   0.424   0.448   0.483    19.7    19.5    18.6    17.9    16.8
63858 20240403  2.622  -87.24   32.46    20.7     6.4    13.5    14.7     0.0    23.27 C    25.8     5.8    16.1    91.5    29.0    55.7   0.496   0.487   0.495   0.503   0.484    17.1    18.6    18.8    18.3    17.3
63858 20240404  2.622  -87.24   32.46    20.7     4.0    12.4    12.5     0.0    24.59 C    27.3     3.5    13.9    85.7    24.5    52.4   0.453   0.447   0.476   0.498   0.484    14.5    16.2    17.4    17.7    17.4
63858 20240405  2.622  -87.24   32.46    20.1     2.9    11.5    11.7     0.0    24.09 C    30.4     2.6    14.3    95.7    32.8    62.9   0.438   0.434   0.458   0.483   0.484    14.7    15.9    16.8    17.2    17.3
63858 20240406  2.622  -87.24   32.46    20.2     3.6    11.9    11.7     0.0    21.06 C    31.4     3.7    15.0    93.3    32.0    66.1   0.431   0.431   0.431   0.475   0.484    15.2    16.2    16.9    17.1    17.1
63858 20240407  2.622  -87.24   32.46    26.5     5.8    16.2    17.1     0.0    22.59 C    34.8     5.6    19.0    93.7    30.2    61.0   0.426   0.429   0.421   0.456   0.483    16.7    17.0    17.2    17.2    17.1
63858 20240408  2.622  -87.24   32.46    24.5    11.9    18.2    17.2     6.7    10.87 C    34.1    11.4    18.3    93.5    39.3    80.7   0.425   0.428   0.420   0.443   0.483    17.4    17.9    17.9    17.6    17.2
63858 20240409  2.622  -87.24   32.46    20.0    14.5    17.3    17.2     3.5     3.77 C    22.5    14.8    17.3    94.9    82.0    91.3   0.458   0.445   0.421   0.455   0.483    16.8    17.6    17.9    17.7    17.3
63858 20240410  2.622  -87.24   32.46    20.7    16.4    18.5    17.9    22.6     3.57 C    22.6    15.8    17.5    95.1    77.0    87.3   0.481   0.467   0.459   0.480   0.484    16.5    17.4    17.8    17.7    17.4
63858 20240411  2.622  -87.24   32.46    19.0    10.6    14.8    15.8     2.6    10.18 C    21.5    10.3    15.8    96.9    57.3    83.1   0.517   0.498   0.499   0.503   0.484    16.1    17.1    17.6    17.5    17.4
63858 20240412  2.622  -87.24   32.46    22.6     6.4    14.5    14.9     0.0    25.70 C    27.5     6.8    15.9    88.2    24.4    57.0   0.498   0.490   0.500   0.503   0.484    15.9    16.8    17.0    17.2    17.3
63858 20240413  2.622  -87.24   32.46    26.5     4.8    15.7    15.9     0.0    25.16 C    34.9     5.3    18.7    94.4    29.2    66.3   0.466   0.457   0.487   0.499   0.484    17.1    17.3    17.2    17.2    17.2
63858 20240414  2.622  -87.24   32.46    28.1     9.9    19.0    19.4     0.0    21.34 C    35.9     9.8    21.1    95.1    35.4    62.7   0.453   0.449   0.464   0.485   0.484    18.8    18.7    18.1    17.7    17.3
63858 20240415  2.622  -87.24   32.46    27.7     9.7    18.7    19.3     0.0    23.61 C    36.4    10.0    21.8    93.3    39.5    69.8   0.446   0.443   0.440   0.477   0.484    19.9    19.6    18.9    18.3    17.5
63858 20240416  2.622  -87.24   32.46    28.1    14.9    21.5    21.5     0.0    19.67 C    36.1    14.2    23.1    95.9    43.7    69.7   0.439   0.439   0.425   0.457   0.483    20.9    20.7    19.7    18.9    17.8
63858 20240417  2.622  -87.24   32.46    25.9    15.7    20.8    21.1     0.0    13.40 C    35.0    15.6    22.7    92.7    61.7    79.3   0.433   0.434   0.421   0.445   0.484    21.1    21.0    20.3    19.5    18.2
63858 20240418  2.622  -87.24   32.46    26.0    17.8    21.9    21.7     0.0    11.25 C    34.8    17.7    22.9    95.7    62.4    84.5   0.427   0.432   0.419   0.443   0.484    21.4    21.4    20.7    19.9    18.5
63858 20240419  2.622  -87.24   32.46    29.2    16.5    22.9    22.4     0.0    19.09 C    37.9    16.3    24.6    96.5    50.6    80.0   0.421   0.430   0.417   0.442   0.481    22.5    22.1    21.1    20.2    18.8
63858 20240420  2.622  -87.24   32.46    23.5    14.1    18.8    19.1     3.7     8.54 C    30.8    14.8    20.4    96.1    74.6    86.9   0.412   0.426   0.416   0.440   0.476    21.0    21.7    21.4    20.6    19.1
63858 20240421  2.622  -87.24   32.46    18.5     9.7    14.1    13.5    21.9    18.52 C    25.4     9.0    15.3    93.1    44.3    71.9   0.494   0.483   0.486   0.498   0.485    18.0    19.3    20.2    20.1    19.4
63858 20240422  2.622  -87.24   32.46    19.9     4.9    12.4    12.0     0.0    26.92 C    28.7     5.0    15.1    93.6    30.0    61.3   0.469   0.462   0.490   0.507   0.487    17.2    18.5    19.3    19.4    19.2
63858 20240423  2.622  -87.24   32.46    23.7     3.8    13.7    14.3     0.0    26.48 C    32.2     4.2    17.1    96.2    33.7    68.5   0.451   0.443   0.462   0.491   0.486    17.8    18.4    18.9    19.1    19.0
63858 20240424  2.622  -87.24   32.46    25.5     9.0    17.2    18.1     0.0    19.08 C    34.1     9.2    20.1    94.9    55.4    78.0   0.441   0.438   0.433   0.477   0.486    19.3    19.4    19.3    19.2    18.9
63858 20240425  2.622  -87.24   32.46    28.1    12.5    20.3    20.6     0.0    21.99 C    37.1    12.5    23.5    96.8    39.3    75.0   0.433   0.436   0.423   0.452   0.485    21.2    20.9    20.2    19.7    18.9
63858 20240426  2.622  -87.24   32.46    29.3    14.2    21.8    22.0     0.0    23.28 C    35.8    13.9    23.6    95.0    37.3    68.5   0.420   0.430   0.418   0.442   0.485    22.2    22.0    21.1    20.3    19.1
63858 20240427  2.622  -87.24   32.46    27.2    16.4    21.8    21.8     0.0    19.94 C    34.7    15.9    22.9    89.4    47.4    70.2   0.403   0.421   0.418   0.439   0.478    22.1    22.2    21.6    20.8    19.5
63858 20240428  2.622  -87.24   32.46    27.2    17.0    22.1    22.0     0.0    16.48 C    35.5    16.0    22.8    89.0    55.2    71.5   0.387   0.410   0.414   0.438   0.476    21.9    22.1    21.7    21.0    19.7
63858 20240429  2.622  -87.24   32.46    27.4    14.0    20.7    21.0     0.3    17.26 C    36.0    13.3    22.3    94.6    55.4    77.8   0.368   0.402   0.414   0.437   0.476    21.9    22.1    21.7    21.1    19.9
63858 20240430  2.622  -87.24   32.46    28.9    17.7    23.3    22.9     0.0    23.25 C    39.7    16.9    25.7    95.1    46.5    75.0   0.353   0.394   0.413   0.436   0.476    23.8    23.2    22.2    21.4    20.1
63858 20240501  2.622  -87.24   32.46    30.1    15.1    22.6    22.1     0.0    22.37 C    42.6    14.8    25.5    96.9    43.6    78.9   0.338   0.389   0.412   0.434   0.476    24.3    23.9    22.9    21.9    20.3
63858 20240502  2.622  -87.24   32.46    30.7    15.8    23.2    23.3     0.0    21.85 C    41.1    15.8    25.9    95.7    44.6    74.0   0.325   0.382   0.411   0.432   0.476    24.7    24.3    23.3    22.3    20.6
63858 20240503  2.622  -87.24   32.46    28.1    18.4    23.2    23.2     2.3    17.84 C    38.0    17.9    25.8    95.3    52.0    79.1   0.316   0.377   0.410   0.431   0.476    25.0    24.7    23.8    22.6    20.9
63858 20240504  2.622  -87.24   32.46    29.6    18.9    24.2    23.2     0.0    21.93 C    41.4    18.6    26.4    97.3    50.6    79.8   0.314   0.374   0.409   0.430   0.476    25.3    25.0    24.0    22.9    21.2
63858 20240505  2.622  -87.24   32.46    30.6    17.0    23.8    23.6     0.0    22.14 C    40.1    17.0    26.5    95.3    46.3    78.0   0.309   0.367   0.405   0.428   0.476    25.4    25.1    24.2    23.2    21.4
63858 20240506  2.622  -87.24   32.46    30.9    17.4    24.1    24.4     0.0    20.66 C    39.6    17.3    26.7    95.5    50.0    75.6   0.305   0.361   0.401   0.425   0.476    25.6    25.4    24.5    23.4    21.6
63858 20240507  2.622  -87.24   32.46    30.0    19.8    24.9    25.3     0.0    16.06 C    39.1    19.2    27.0    93.7    60.7    76.9   0.300   0.354   0.397   0.422   0.476    25.7    25.5    24.7    23.6    21.9
63858 20240508  2.622  -87.24   32.46    31.4    22.3    26.9    26.4     0.0    15.19 C    38.2    21.4    27.6    91.1    57.0    75.8   0.296   0.347   0.394   0.420   0.477    25.7    25.5    24.8    23.8    22.1
63858 20240509  2.622  -87.24   32.46    31.0    19.9    25.5    26.2    20.7    14.96 C    37.4    20.3    27.3    94.1    68.1    82.5   0.311   0.375   0.409   0.429   0.486    26.0    25.9    25.0    24.0    22.3
63858 20240510  2.622  -87.24   32.46    28.2    16.8    22.5    22.2    29.8    22.21 C    34.9    16.5    24.2    95.7    42.8    74.7   0.499   0.496   0.495   0.507   0.492    24.8    25.1    24.8    24.0    22.5
63858 20240511  2.622  -87.24   32.46    25.3    12.2    18.7    18.7     0.0    27.66 C    33.6    12.7    22.2    93.5    37.0    68.2   0.450   0.456   0.481   0.504   0.492    23.7    24.4    24.4    23.9    22.6
63858 20240512  2.622  -87.24   32.46    24.6    13.8    19.2    19.1     0.2    11.86 C    32.6    14.4    21.2    95.0    51.6    81.8   0.431   0.445   0.457   0.490   0.492    22.1    23.2    23.8    23.5    22.5
63858 20240513  2.622  -87.24   32.46    24.0    17.3    20.6    19.5    28.3    12.56 C    29.8    17.5    20.7    93.8    69.0    86.0   0.492   0.481   0.482   0.503   0.492    21.6    22.6    23.1    23.1    22.4
63858 20240514  2.622  -87.24   32.46    26.7    18.1    22.4    21.7     0.0    15.96 C    32.0    18.1    23.1    94.7    62.4    82.9   0.511   0.499   0.497   0.511   0.492    22.6    23.0    22.9    22.8    22.3
63858 20240515  2.622  -87.24   32.46    28.0    16.9    22.5    22.3     0.0    24.51 C    35.7    17.0    24.6    94.5    52.6    76.2   0.484   0.481   0.496   0.511   0.492    24.2    24.1    23.4    23.0    22.1
63858 20240516  2.622  -87.24   32.46    27.9    14.5    21.2    21.8     0.6    22.30 C    36.3    14.8    24.7    95.0    53.8    78.8   0.457   0.458   0.479   0.504   0.492    24.0    24.2    23.7    23.2    22.2
63858 20240517  2.622  -87.24   32.46    22.0    18.7    20.3    20.5    24.4     2.69 C    25.1    18.9    20.9    95.1    84.4    91.8   0.506   0.488   0.493   0.507   0.492    21.8    23.1    23.6    23.3    22.3
63858 20240518  2.622  -87.24   32.46    28.3    18.8    23.5    23.0     0.8    17.01 C    34.2    19.2    24.6    96.6    62.6    85.5   0.525   0.501   0.500   0.511   0.492    23.7    23.7    23.3    23.0    22.3
63858 20240519  2.622  -87.24   32.46    29.3    18.7    24.0    22.9     0.0    23.59 C    35.8    18.9    25.6    96.9    49.3    80.7   0.507   0.497   0.501   0.512   0.492    24.8    24.8    23.9    23.3    22.3
63858 20240520  2.622  -87.24   32.46    29.2    17.6    23.4    23.1     0.0    27.02 C    38.0    17.7    25.9    95.5    48.6    75.6   0.478   0.469   0.489   0.509   0.492    25.3    25.3    24.4    23.7    22.5
63858 20240521  2.622  -87.24   32.46    29.6    15.9    22.8    22.9     0.0    27.77 C    37.6    16.1    25.7    95.5    46.9    74.7   0.459   0.457   0.468   0.496   0.492    25.4    25.5    24.7    24.0    22.7
63858 20240522  2.622  -87.24   32.46    30.4    17.0    23.7    23.8     0.0    25.82 C    37.8    17.3    26.4    95.3    50.7    76.6   0.446   0.449   0.443   0.476   0.492    26.0    25.9    25.0    24.3    22.9
63858 20240523  2.622  -87.24   32.46    31.2    20.4    25.8    24.8     0.0    23.63 C    38.6    20.6    27.3    93.2    44.9    74.4   0.431   0.445   0.427   0.447   0.491    26.7    26.6    25.6    24.7    23.1
63858 20240524  2.622  -87.24   32.46    30.6    20.1    25.4    25.7     0.0    20.44 C    39.8    20.4    27.8    94.2    56.4    75.9   0.411   0.439   0.426   0.440   0.488    26.6    26.7    25.9    25.1    23.3
63858 20240525  2.622  -87.24   32.46    31.4    20.8    26.1    24.7     2.9    14.24 C    42.8    21.1    26.8    95.7    61.6    86.4   0.398   0.435   0.424   0.439   0.481    26.4    26.7    26.1    25.3    23.5
63858 20240526  2.622  -87.24   32.46    32.0    20.5    26.3    26.7     0.0    23.43 C    40.4    20.5    28.7    96.7    52.3    75.0   0.390   0.433   0.422   0.438   0.482    26.7    26.7    26.0    25.3    23.7
63858 20240527  2.622  -87.24   32.46    32.9    20.4    26.7    26.3     9.0    18.45 C    41.4    20.7    28.3    95.8    55.1    81.0   0.379   0.434   0.423   0.437   0.482    27.0    27.2    26.4    25.6    23.9
63858 20240528  2.622  -87.24   32.46    31.7    17.8    24.7    24.7     0.0    27.87 C    41.2    18.2    28.0    96.1    34.5    67.8   0.381   0.436   0.422   0.437   0.481    27.0    27.2    26.5    25.8    24.0
63858 20240529  2.622  -87.24   32.46    30.9    14.8    22.8    23.5     0.0    25.60 C    43.3    15.2    27.1    94.0    30.9    68.4   0.367   0.426   0.421   0.436   0.482    26.5    26.9    26.5    25.9    24.2
63858 20240530  2.622  -87.24   32.46    24.4    17.7    21.1    21.7     0.0     9.27 C    29.0    17.6    23.4    95.6    63.7    80.0   0.351   0.411   0.417   0.436   0.481    24.7    26.0    26.3    25.8    24.3
63858 20240531  2.622  -87.24   32.46    29.6    17.4    23.5    23.1     7.5    17.23 C    39.1    17.3    24.9    95.5    48.3    76.8   0.339   0.402   0.417   0.436   0.481    24.6    25.3    25.6    25.4    24.3
63858 20240601  2.622  -87.24   32.46    25.3    18.7    22.0    21.8    21.6     8.87 C    28.8    18.9    22.6    94.2    77.2    88.3   0.454   0.469   0.473   0.483   0.491    23.3    24.5    25.1    25.1    24.3
63858 20240602  2.622  -87.24   32.46    29.7    19.9    24.8    23.2     0.0    18.17 C    37.5    20.1    25.8    96.7    59.7    84.7   0.483   0.478   0.505   0.508   0.493    24.9    25.3    24.9    24.8    24.1
63858 20240603  2.622  -87.24   32.46    29.4    20.2    24.8    24.2     0.0    16.04 C    38.2    20.5    26.4    97.0    63.2    83.9   0.459   0.458   0.477   0.497   0.493    25.5    25.9    25.4    25.0    24.0
63858 20240604  2.622  -87.24   32.46    31.9    20.7    26.3    25.1     2.0    21.82 C    39.0    20.8    27.4    94.2    57.1    82.4   0.445   0.452   0.459   0.491   0.493    26.3    26.5    25.8    25.3    24.1
63858 20240605  2.622  -87.24   32.46    31.3    20.6    26.0    24.2     3.4    20.13 C    37.8    20.9    26.4    94.5    62.4    84.2   0.448   0.453   0.437   0.466   0.493    26.4    26.8    26.2    25.6    24.3
63858 20240606  2.622  -87.24   32.46    30.7    21.1    25.9    25.3     4.5    24.78 C    39.2    21.3    28.3    95.3    58.5    81.0   0.461   0.461   0.436   0.469   0.492    27.2    27.4    26.5    25.9    24.4
63858 20240607  2.622  -87.24   32.46    31.0    16.1    23.6    24.5     0.0    28.54 C    38.7    16.4    27.3    95.8    39.1    71.1   0.437   0.451   0.433   0.454   0.492    27.0    27.5    26.8    26.1    24.6
63858 20240608  2.622  -87.24   32.46    30.7    13.9    22.3    22.9     0.0    28.24 C    39.6    14.0    26.4    95.7    35.5    69.1   0.407   0.441   0.428   0.442   0.485    26.0    26.8    26.6    26.1    24.7
63858 20240609  2.622  -87.24   32.46    33.7    17.8    25.8    26.2     0.0    26.25 C    41.2    18.2    29.3    95.1    43.1    75.8   0.381   0.426   0.424   0.440   0.482    27.3    27.5    26.8    26.2    24.8
63858 20240610  2.622  -87.24   32.46    30.8    18.2    24.5    25.4     0.0    24.50 C    39.5    18.3    28.2    95.0    38.8    73.8   0.355   0.405   0.421   0.438   0.482    27.7    28.2    27.4    26.6    25.0
63858 20240611  2.622  -87.24   32.46    29.2    16.5    22.9    23.0     0.0    25.97 C    38.0    16.4    25.7    91.3    41.3    66.5   0.325   0.385   0.417   0.435   0.482    26.3    27.2    27.2    26.6    25.2
63858 20240612  2.622  -87.24   32.46    30.7    14.7    22.7    22.8     0.0    24.73 C    39.8    15.0    26.1    94.4    41.3    71.5   0.307   0.369   0.408   0.432   0.482    25.9    26.7    26.8    26.4    25.2
63858 20240613  2.622  -87.24   32.46    32.2    15.7    24.0    24.5     0.0    27.90 C    40.4    15.8    28.2    95.2    38.4    71.3   0.298   0.355   0.401   0.428   0.482    26.7    27.1    26.9    26.4    25.2
63858 20240614  2.622  -87.24   32.46    34.1    19.7    26.9    26.7     0.0    26.25 C    42.3    20.0    29.9    94.4    37.5    72.0   0.290   0.342   0.391   0.422   0.481    27.8    28.0    27.3    26.6    25.3
63858 20240615  2.622  -87.24   32.46    34.7    20.6    27.7    27.8     0.0    26.16 C    43.0    20.8    30.8    94.2    41.4    71.4   0.281   0.331   0.384   0.414   0.482    28.4    28.6    27.8    27.0    25.4
63858 20240616  2.622  -87.24   32.46    34.3    21.5    27.9    26.3     0.7    21.90 C    41.4    21.4    28.5    94.6    46.8    78.8   0.273   0.319   0.377   0.404   0.481    28.2    28.7    28.1    27.3    25.6
63858 20240617  2.622  -87.24   32.46    32.0    22.1    27.0    26.5     0.0    18.80 C    38.8    22.3    28.2    94.7    58.1    80.0   0.268   0.313   0.370   0.395   0.482    27.6    28.3    28.0    27.3    25.8
63858 20240618  2.622  -87.24   32.46    29.9    22.2    26.1    26.1     0.0    19.53 C    36.0    22.0    27.4    93.2    56.2    71.9   0.264   0.308   0.364   0.378   0.482    26.9    27.9    27.7    27.2    25.9
63858 20240619  2.622  -87.24   32.46    30.8    19.9    25.3    25.6     0.0    17.18 C    36.6    19.4    26.5    89.8    50.5    69.3   0.257   0.303   0.359   0.359   0.481    26.1    27.3    27.4    27.0    25.9
63858 20240620  2.622  -87.24   32.46    29.0    19.3    24.2    24.7     0.0    17.95 C    37.1    18.2    26.2    96.2    55.9    76.5   0.253   0.300   0.352   0.340   0.481    25.9    26.8    27.0    26.8    25.8
63858 20240621  2.622  -87.24   32.46    33.7    18.2    26.0    25.7     0.0    24.86 C    41.6    17.8    28.2    96.3    35.9    70.2   0.251   0.297   0.349   0.323   0.481    26.7    27.2    27.0    26.7    25.7
63858 20240622  2.622  -87.24   32.46    34.4    18.8    26.6    26.5     0.0    25.95 C    41.9    18.5    29.0    93.9    33.6    68.2   0.249   0.295   0.344   0.307   0.478    27.2    27.7    27.3    26.8    25.7
63858 20240623  2.622  -87.24   32.46    34.8    18.9    26.9    27.5     0.0    26.81 C    42.0    18.6    30.1    93.7    41.8    70.1   0.244   0.291   0.339   0.361   0.476    27.9    28.1    27.7    27.0    25.8
63858 20240624  2.622  -87.24   32.46    34.2    23.8    29.0    28.0     1.0    20.66 C    41.7    23.1    29.8    94.9    53.4    77.8   0.239   0.287   0.335   0.418   0.471    28.2    28.6    28.0    27.3    25.9
63858 20240625  2.622  -87.24   32.46    36.9    21.6    29.2    28.5     0.0    26.95 C    44.4    21.4    31.1    99.7    27.5    68.5   0.235   0.283   0.331   0.337   0.467    28.6    28.9    28.3    27.5    26.0
63858 20240626  2.622  -87.24   32.46    35.1    21.4    28.2    26.7     0.0    20.28 C    45.2    21.6    29.4    94.4    44.8    76.9   0.230   0.279   0.329   0.273   0.462    28.4    28.9    28.5    27.7    26.2
63858 20240627  2.622  -87.24   32.46    32.9    22.5    27.7    27.2     0.0    22.99 C    44.0    23.0    30.7    93.1    50.4    75.4   0.229   0.279   0.326   0.269   0.456    28.6    29.0    28.4    27.8    26.3
63858 20240628  2.622  -87.24   32.46    34.1    22.4    28.2    27.1     0.0    20.51 C    42.9    22.3    30.1    95.0    50.6    78.8   0.226   0.278   0.324   0.265   0.449    28.8    29.3    28.6    28.0    26.4
63858 20240629  2.622  -87.24   32.46    33.0    24.2    28.6    27.7     0.0    23.75 C    43.1    24.3    30.8    93.9    57.7    79.5   0.225   0.277   0.324   0.262   0.441    29.2    29.5    28.8    28.1    26.5
63858 20240630  2.622  -87.24   32.46    35.6    22.6    29.1    28.8     0.0    22.54 C    43.8    23.1    31.8    95.3    50.3    74.9   0.223   0.277   0.322   0.259   0.432    29.4    29.8    29.0    28.3    26.7
63858 20240701  2.622  -87.24   32.46    35.3    22.3    28.8    28.6     0.0    26.83 C    42.7    22.5    31.5    94.2    42.3    70.7   0.222   0.278   0.324   0.254   0.423    29.4    29.8    29.2    28.5    26.8
63858 20240702  2.622  -87.24   32.46 -9999.0 -9999.0 -9999.0 -9999.0 -9999.0 -9999.00 U -9999.0 -9999.0 -9999.0 -9999.0 -9999.0 -9999.0 -99.000 -99.000 -99.000 -99.000 -99.000 -9999.0 -9999.0 -9999.0 -9999.0 -9999.0
