54856 20240101  2.623  -81.91   40.76     1.3    -0.7     0.3     0.0     0.7     1.32 C     4.0    -0.6     0.3    94.6    71.9    86.8   0.377   0.356 -99.000 -99.000 -99.000     5.2     6.0 -9999.0 -9999.0 -9999.0
54856 20240102  2.623  -81.91   40.76     2.6    -1.4     0.6    -0.1     0.0     4.55 C     9.7    -3.5     0.0    82.4    63.5    72.0   0.376   0.356 -99.000 -99.000 -99.000     4.7     5.6 -9999.0 -9999.0 -9999.0
54856 20240103  2.623  -81.91   40.76     3.1    -1.5     0.8     0.2     0.0     3.74 C    12.6    -3.6     0.6    90.3    66.2    78.4   0.373   0.354 -99.000 -99.000 -99.000     4.3     5.2 -9999.0 -9999.0 -9999.0
54856 20240104  2.623  -81.91   40.76    -0.1    -4.8    -2.4    -2.4     0.2     2.28 C     0.3    -5.4    -1.9    90.1    62.4    73.3   0.370   0.351 -99.000 -99.000 -99.000     4.1     5.0 -9999.0 -9999.0 -9999.0
54856 20240105  2.623  -81.91   40.76     0.0    -8.6    -4.3    -4.1     0.0     8.08 C     7.5   -11.9    -4.5    86.4    56.9    72.6   0.371   0.351 -99.000 -99.000 -99.000     3.0     4.3 -9999.0 -9999.0 -9999.0
54856 20240106  2.623  -81.91   40.76     1.3    -3.1    -0.9    -0.5     0.0     1.78 C     4.8    -4.0    -0.5    96.2    54.9    78.3   0.372   0.350 -99.000 -99.000 -99.000     2.8     4.0 -9999.0 -9999.0 -9999.0
54856 20240107  2.623  -81.91   40.76     1.0    -0.4     0.3     0.3     2.6     1.93 C     2.0    -0.8     0.2    96.6    82.5    91.5   0.376   0.351 -99.000 -99.000 -99.000     3.3     4.2 -9999.0 -9999.0 -9999.0
54856 20240108  2.623  -81.91   40.76     2.4    -3.1    -0.3     0.2     0.0     5.33 C     6.4    -6.9    -0.1    87.8    69.8    78.3   0.378   0.353 -99.000 -99.000 -99.000     3.4     4.2 -9999.0 -9999.0 -9999.0
54856 20240109  2.623  -81.91   40.76     9.2     0.5     4.8     4.1    32.7     0.77 C     7.5    -0.5     2.8    91.3    61.7    85.0   0.422   0.408 -99.000 -99.000 -99.000     3.4     4.0 -9999.0 -9999.0 -9999.0
54856 20240110  2.623  -81.91   40.76     3.3     0.0     1.7     1.4     0.2     0.98 C     2.4    -0.3     0.7    88.0    70.1    78.7   0.446   0.435 -99.000 -99.000 -99.000     3.7     4.3 -9999.0 -9999.0 -9999.0
54856 20240111  2.623  -81.91   40.76     3.1    -1.9     0.6     0.8     0.0     1.49 C     3.3    -4.8    -0.3    85.7    67.5    75.1   0.443   0.431 -99.000 -99.000 -99.000     3.3     4.1 -9999.0 -9999.0 -9999.0
54856 20240112  2.623  -81.91   40.76     7.5    -4.0     1.7     1.7     6.4     1.60 C     5.5    -5.8     0.1    86.8    50.1    78.3   0.442   0.430 -99.000 -99.000 -99.000     2.7     3.8 -9999.0 -9999.0 -9999.0
54856 20240113  2.623  -81.91   40.76     7.0    -5.9     0.5    -2.5     2.4     2.48 C     5.2    -5.1    -2.5    88.8    66.6    74.0   0.449   0.440 -99.000 -99.000 -99.000     2.8     3.7 -9999.0 -9999.0 -9999.0
54856 20240114  2.623  -81.91   40.76    -5.1   -15.4   -10.3   -12.1     0.8    10.27 C    -4.7   -15.8   -11.4    86.9    55.5    65.7   0.447   0.437 -99.000 -99.000 -99.000     1.6     2.9 -9999.0 -9999.0 -9999.0
54856 20240115  2.623  -81.91   40.76    -9.6   -16.3   -12.9   -12.9     0.0     9.44 C    -1.9   -18.0   -10.6    71.4    51.4    61.5   0.415   0.426 -99.000 -99.000 -99.000     1.1     2.4 -9999.0 -9999.0 -9999.0
54856 20240116  2.623  -81.91   40.76   -10.6   -14.6   -12.6   -12.5     1.3     9.34 C    -8.6   -19.0   -13.0    81.8    53.4    64.0   0.390   0.418 -99.000 -99.000 -99.000     0.9     2.2 -9999.0 -9999.0 -9999.0
54856 20240117  2.623  -81.91   40.76    -6.6   -16.4   -11.5   -11.2     0.0     7.95 C    -6.7   -20.2   -13.1    62.9    41.7    52.3   0.371   0.378 -99.000 -99.000 -99.000     0.8     2.0 -9999.0 -9999.0 -9999.0
54856 20240118  2.623  -81.91   40.76    -3.3    -6.6    -5.0    -5.2     0.0     4.41 C    -0.1    -8.0    -4.9    82.2    44.5    61.8   0.330   0.370 -99.000 -99.000 -99.000     0.7     1.8 -9999.0 -9999.0 -9999.0
54856 20240119  2.623  -81.91   40.76    -4.7   -10.3    -7.5    -6.5     4.9     5.33 C    -4.4   -17.9    -6.9    90.4    73.3    83.7   0.328   0.368 -99.000 -99.000 -99.000     0.7     1.7 -9999.0 -9999.0 -9999.0
54856 20240120  2.623  -81.91   40.76    -9.2   -13.0   -11.1   -10.8     0.0     8.45 C    -9.1   -19.0   -11.7    82.8    59.3    74.5   0.328   0.368 -99.000 -99.000 -99.000     0.7     1.7 -9999.0 -9999.0 -9999.0
54856 20240121  2.623  -81.91   40.76    -5.5   -10.9    -8.2    -8.2     0.0     8.37 C    -3.8   -17.2   -10.8    82.8    58.3    72.8   0.327   0.366 -99.000 -99.000 -99.000     0.6     1.6 -9999.0 -9999.0 -9999.0
54856 20240122  2.623  -81.91   40.76     3.2   -10.7    -3.7    -3.6     0.0     6.04 C    -0.4   -16.2    -6.2    75.6    35.9    56.8   0.325   0.364 -99.000 -99.000 -99.000     0.6     1.6 -9999.0 -9999.0 -9999.0
54856 20240123  2.623  -81.91   40.76     4.4     0.0     2.2     2.1     2.2     2.07 C     2.7    -0.5     0.8    94.4    36.6    75.9   0.338   0.377 -99.000 -99.000 -99.000     0.6     1.5 -9999.0 -9999.0 -9999.0
54856 20240124  2.623  -81.91   40.76    11.3     4.2     7.8     8.2     9.3     1.38 C     9.4     2.4     6.2    96.0    92.4    94.4   0.409   0.429 -99.000 -99.000 -99.000     0.5     1.5 -9999.0 -9999.0 -9999.0
54856 20240125  2.623  -81.91   40.76    13.0     8.3    10.6    11.0     5.9     3.29 C    13.8     5.7     8.9    96.2    91.6    94.8   0.441   0.435 -99.000 -99.000 -99.000     2.1     2.4 -9999.0 -9999.0 -9999.0
54856 20240126  2.623  -81.91   40.76    15.5     4.9    10.2     9.4     3.4     1.89 C    12.7     4.5     8.2    95.2    73.5    87.5   0.444   0.438 -99.000 -99.000 -99.000     5.1     4.3 -9999.0 -9999.0 -9999.0
54856 20240127  2.623  -81.91   40.76     5.8     3.3     4.6     4.7     4.8     2.24 C     8.3     3.2     5.0    94.7    83.0    90.2   0.447   0.441 -99.000 -99.000 -99.000     5.0     4.8 -9999.0 -9999.0 -9999.0
54856 20240128  2.623  -81.91   40.76     6.3     0.6     3.4     3.5     9.4     1.64 C     5.7     0.7     3.6    94.7    89.5    91.4   0.447   0.442 -99.000 -99.000 -99.000     4.9     4.9 -9999.0 -9999.0 -9999.0
54856 20240129  2.623  -81.91   40.76     0.9    -0.3     0.3     0.2     0.3     1.78 C     2.8    -0.3     0.6    90.6    79.6    85.2   0.449   0.444 -99.000 -99.000 -99.000     3.9     4.4 -9999.0 -9999.0 -9999.0
54856 20240130  2.623  -81.91   40.76     2.5    -0.3     1.1     0.9     0.3     3.41 C     5.8    -0.5     1.2    91.8    74.5    80.6   0.449   0.445 -99.000 -99.000 -99.000     3.5     4.1 -9999.0 -9999.0 -9999.0
54856 20240131  2.623  -81.91   40.76     3.1     0.7     1.9     1.8     0.0     2.12 C     6.7     0.3     2.1    96.1    78.1    88.0   0.449   0.446 -99.000 -99.000 -99.000     3.7     4.1 -9999.0 -9999.0 -9999.0
54856 20240201  2.623  -81.91   40.76    10.7     2.7     6.7     5.8     0.0    10.96 C    12.8     1.1     5.3    89.4    53.7    72.0   0.447   0.446 -99.000 -99.000 -99.000     4.2     4.3 -9999.0 -9999.0 -9999.0
54856 20240202  2.623  -81.91   40.76     3.5    -0.5     1.5     1.6     0.0     2.20 C     4.5    -0.2     2.2    90.2    75.6    83.1   0.446   0.444 -99.000 -99.000 -99.000     4.5     4.6 -9999.0 -9999.0 -9999.0
54856 20240203  2.623  -81.91   40.76     5.3    -2.6     1.3     0.3     0.0     9.35 C    15.1    -4.1     1.9    87.5    54.9    77.0   0.445   0.443 -99.000 -99.000 -99.000     4.0     4.3 -9999.0 -9999.0 -9999.0
54856 20240204  2.623  -81.91   40.76     9.9    -4.5     2.7     1.1     0.0    13.30 C    16.1    -6.2     0.8    92.4    34.8    70.6   0.445   0.442 -99.000 -99.000 -99.000     3.5     4.0 -9999.0 -9999.0 -9999.0
54856 20240205  2.623  -81.91   40.76     6.3    -3.3     1.5     0.4     0.0    11.56 C    13.7    -6.0     1.4    94.6    58.5    78.9   0.442   0.439 -99.000 -99.000 -99.000     3.2     3.8 -9999.0 -9999.0 -9999.0
54856 20240206  2.623  -81.91   40.76     6.7    -4.0     1.3     0.8     0.0    13.52 C    14.9    -6.5     0.8    86.6    34.5    63.9   0.431   0.434 -99.000 -99.000 -99.000     3.2     3.6 -9999.0 -9999.0 -9999.0
54856 20240207  2.623  -81.91   40.76    11.1    -4.1     3.5     3.5     0.0    12.60 C    18.3    -6.7     2.0    84.8    26.8    53.0   0.417   0.431 -99.000 -99.000 -99.000     3.0     3.5 -9999.0 -9999.0 -9999.0
54856 20240208  2.623  -81.91   40.76    16.6     1.2     8.9     9.0     0.0     9.22 C    20.0    -4.0     6.0    59.7    26.4    39.1   0.410   0.428 -99.000 -99.000 -99.000     3.7     3.9 -9999.0 -9999.0 -9999.0
54856 20240209  2.623  -81.91   40.76    17.3    10.0    13.7    12.5     0.0    12.45 C    21.9     5.5    10.5    77.5    28.8    57.7   0.405   0.423 -99.000 -99.000 -99.000     5.4     5.0 -9999.0 -9999.0 -9999.0
54856 20240210  2.623  -81.91   40.76    14.1     2.7     8.4    10.4     0.0     4.75 C    18.4     0.9     9.1    84.2    55.1    74.1   0.402   0.399 -99.000 -99.000 -99.000     6.6     6.0 -9999.0 -9999.0 -9999.0
54856 20240211  2.623  -81.91   40.76     5.2    -2.6     1.3     1.6     0.0     9.62 C    21.5    -6.8     3.0    85.6    57.3    73.1   0.400   0.383 -99.000 -99.000 -99.000     5.8     5.8 -9999.0 -9999.0 -9999.0
54856 20240212  2.623  -81.91   40.76     5.7    -3.6     1.0     0.3     0.0    11.56 C    19.7    -7.2     2.0    91.2    54.1    77.2   0.398   0.379 -99.000 -99.000 -99.000     4.7     5.1 -9999.0 -9999.0 -9999.0
54856 20240213  2.623  -81.91   40.76     5.8    -2.8     1.5     0.8     0.0     9.49 C    16.5    -5.9     1.6    88.4    43.9    71.1   0.396   0.377 -99.000 -99.000 -99.000     4.3     4.8 -9999.0 -9999.0 -9999.0
54856 20240214  2.623  -81.91   40.76     2.4    -4.0    -0.8    -1.3     0.0     8.18 C    17.7    -9.2    -1.3    87.1    47.2    67.0   0.394   0.373 -99.000 -99.000 -99.000     3.8     4.4 -9999.0 -9999.0 -9999.0
54856 20240215  2.623  -81.91   40.76     8.3    -4.3     2.0     1.2     0.3     3.79 C    11.4    -8.1    -0.1    71.4    50.5    63.9   0.393   0.370 -99.000 -99.000 -99.000     3.2     4.0 -9999.0 -9999.0 -9999.0
54856 20240216  2.623  -81.91   40.76     0.4    -5.1    -2.4    -2.6     5.4     7.54 C    14.3   -10.7    -2.1    90.5    51.1    73.1   0.392   0.369 -99.000 -99.000 -99.000     2.8     3.6 -9999.0 -9999.0 -9999.0
54856 20240217  2.623  -81.91   40.76    -4.5   -10.1    -7.3    -6.3     0.3    10.55 C    -1.9   -15.4    -8.1    90.8    51.6    71.2   0.391   0.368 -99.000 -99.000 -99.000     2.8     3.6 -9999.0 -9999.0 -9999.0
54856 20240218  2.623  -81.91   40.76     0.1   -10.4    -5.2    -5.5     0.0    15.73 C    -1.3   -13.8    -8.6    68.5    51.3    58.2   0.390   0.367 -99.000 -99.000 -99.000     1.9     3.0 -9999.0 -9999.0 -9999.0
54856 20240219  2.623  -81.91   40.76     4.6    -9.3    -2.4    -1.8     0.0    15.43 C    13.4   -15.4    -4.2    89.6    48.0    68.4   0.393   0.370 -99.000 -99.000 -99.000     1.7     2.6 -9999.0 -9999.0 -9999.0
54856 20240220  2.623  -81.91   40.76     9.6    -5.6     2.0     2.1     0.0    15.99 C    19.4    -9.3     0.4    81.8    27.1    55.4   0.390   0.371 -99.000 -99.000 -99.000     2.0     2.7 -9999.0 -9999.0 -9999.0
54856 20240221  2.623  -81.91   40.76    15.1    -2.9     6.1     7.3     0.0    14.57 C    21.4    -8.1     4.4    71.3    25.6    41.6   0.390   0.369 -99.000 -99.000 -99.000     2.6     3.0 -9999.0 -9999.0 -9999.0
54856 20240222  2.623  -81.91   40.76    11.6     5.5     8.6     7.4    15.1     2.22 C    14.6     3.6     6.4    95.5    33.2    80.0   0.415   0.406 -99.000 -99.000 -99.000     4.2     4.0 -9999.0 -9999.0 -9999.0
54856 20240223  2.623  -81.91   40.76    13.1    -0.2     6.5     5.6     0.0     9.83 C    20.0    -0.1     6.4    96.1    49.8    79.6   0.441   0.435 -99.000 -99.000 -99.000     5.4     4.8 -9999.0 -9999.0 -9999.0
54856 20240224  2.623  -81.91   40.76    -0.2    -7.0    -3.6    -4.1     2.1    15.03 C     9.3   -10.7    -2.8    85.8    47.8    66.9   0.437   0.429 -99.000 -99.000 -99.000     4.3     4.6 -9999.0 -9999.0 -9999.0
54856 20240225  2.623  -81.91   40.76     8.0    -7.4     0.3     0.7     0.0    16.26 C    13.7   -10.8     0.4    71.3    39.7    56.5   0.418   0.427 -99.000 -99.000 -99.000     3.1     3.8 -9999.0 -9999.0 -9999.0
54856 20240226  2.623  -81.91   40.76    17.3     0.3     8.8     9.6     0.0    15.35 C    25.8    -4.1     7.3    71.6    33.3    48.9   0.408   0.425 -99.000 -99.000 -99.000     4.2     4.1 -9999.0 -9999.0 -9999.0
54856 20240227  2.623  -81.91   40.76    20.2    10.5    15.4    15.2     0.0     8.27 C    26.9     2.7    13.0    85.0    43.5    57.8   0.404   0.403 -99.000 -99.000 -99.000     6.0     5.4 -9999.0 -9999.0 -9999.0
54856 20240228  2.623  -81.91   40.76    17.4    -5.5     5.9     6.6     6.6     2.29 C    15.0    -7.2     5.8    90.8    58.5    72.7   0.421   0.418 -99.000 -99.000 -99.000     7.3     6.5 -9999.0 -9999.0 -9999.0
54856 20240229  2.623  -81.91   40.76     2.2    -6.5    -2.2    -2.2     0.0    17.52 C    12.8    -7.8    -1.5    73.8    37.1    52.6   0.412   0.421 -99.000 -99.000 -99.000     4.4     5.1 -9999.0 -9999.0 -9999.0
54856 20240301  2.623  -81.91   40.76     7.8    -4.0     1.9     2.6     2.3     9.27 C    14.5    -7.6     2.0    88.8    30.7    55.6   0.405   0.386 -99.000 -99.000 -99.000     3.8     4.5 -9999.0 -9999.0 -9999.0
54856 20240302  2.623  -81.91   40.76     9.2     4.9     7.0     7.0     1.4     3.30 C    12.7     4.2     7.0    94.9    78.6    88.3   0.411   0.424 -99.000 -99.000 -99.000     5.1     5.0 -9999.0 -9999.0 -9999.0
54856 20240303  2.623  -81.91   40.76    16.5     6.6    11.5    10.5     0.0    11.31 C    24.2     2.7     9.4    87.5    50.3    71.5   0.409   0.420 -99.000 -99.000 -99.000     6.5     5.9 -9999.0 -9999.0 -9999.0
54856 20240304  2.623  -81.91   40.76    21.9     7.6    14.8    15.0     0.0    16.96 C    29.8     1.0    12.4    81.4    39.4    61.7   0.404   0.384 -99.000 -99.000 -99.000     7.5     6.7 -9999.0 -9999.0 -9999.0
54856 20240305  2.623  -81.91   40.76    21.7    11.1    16.4    15.4     2.2    12.14 C    31.5     5.6    13.6    90.7    53.2    68.2   0.402   0.379 -99.000 -99.000 -99.000     8.8     7.7 -9999.0 -9999.0 -9999.0
54856 20240306  2.623  -81.91   40.76    11.1     4.3     7.7     6.8    10.9     2.90 C    11.2     4.9     7.8    94.6    91.0    93.4   0.427   0.416 -99.000 -99.000 -99.000     8.8     8.0 -9999.0 -9999.0 -9999.0
54856 20240307  2.623  -81.91   40.76     7.9     3.5     5.7     5.8     0.0     4.55 C    13.2     3.9     7.1    94.9    77.5    86.5   0.448   0.443 -99.000 -99.000 -99.000     7.9     7.6 -9999.0 -9999.0 -9999.0
54856 20240308  2.623  -81.91   40.76    16.6     5.0    10.8    11.1     0.2     9.24 C    23.4     1.5    10.9    90.2    60.0    78.5   0.441   0.440 -99.000 -99.000 -99.000     8.4     7.8 -9999.0 -9999.0 -9999.0
54856 20240309  2.623  -81.91   40.76    13.0     1.1     7.0     8.3     6.6     2.89 C    14.6    -0.5     8.1    89.4    69.4    82.7   0.445   0.444 -99.000 -99.000 -99.000     9.0     8.4 -9999.0 -9999.0 -9999.0
54856 20240310  2.623  -81.91   40.76     1.9    -2.3    -0.2     0.3     0.2     7.44 C     9.2    -2.1     0.6    82.5    57.0    67.6   0.450   0.447 -99.000 -99.000 -99.000     6.8     7.3 -9999.0 -9999.0 -9999.0
54856 20240311  2.623  -81.91   40.76    10.6    -3.0     3.8     4.4     0.0    19.55 C    18.4    -5.3     4.3    71.2    27.8    49.6   0.442   0.443 -99.000 -99.000 -99.000     5.8     6.3 -9999.0 -9999.0 -9999.0
54856 20240312  2.623  -81.91   40.76    18.7     6.1    12.4    12.0     0.0    17.62 C    26.6     0.5    10.0    55.2    28.3    41.3   0.421   0.433 -99.000 -99.000 -99.000     6.9     6.7 -9999.0 -9999.0 -9999.0
54856 20240313  2.623  -81.91   40.76    20.6     8.8    14.7    14.7     0.0    17.71 C    30.2     2.4    12.2    50.1    31.3    41.3   0.409   0.397 -99.000 -99.000 -99.000     8.1     7.5 -9999.0 -9999.0 -9999.0
54856 20240314  2.623  -81.91   40.76    17.3     7.3    12.3    13.4    14.7     7.30 C    22.0     2.3    10.7    90.4    49.9    70.1   0.422   0.414 -99.000 -99.000 -99.000     8.8     8.1 -9999.0 -9999.0 -9999.0
54856 20240315  2.623  -81.91   40.76    15.9     3.5     9.7     7.3     0.2     3.26 C    13.3     0.4     7.8    92.7    78.9    87.3   0.450   0.445 -99.000 -99.000 -99.000     9.2     8.6 -9999.0 -9999.0 -9999.0
54856 20240316  2.623  -81.91   40.76    15.1     0.1     7.6     8.1     1.0    19.61 C    18.8    -0.9     8.3    96.3    36.3    66.4   0.450   0.446 -99.000 -99.000 -99.000     8.4     8.2 -9999.0 -9999.0 -9999.0
54856 20240317  2.623  -81.91   40.76     7.8    -1.6     3.1     3.8     0.0    12.42 C    18.1    -2.7     4.2    82.1    43.5    66.1   0.447   0.445 -99.000 -99.000 -99.000     8.1     8.0 -9999.0 -9999.0 -9999.0
54856 20240318  2.623  -81.91   40.76     0.0    -3.0    -1.5    -1.2     0.2     4.84 C     3.3    -4.8    -0.7    84.8    54.3    68.4   0.426   0.436 -99.000 -99.000 -99.000     6.2     6.9 -9999.0 -9999.0 -9999.0
54856 20240319  2.623  -81.91   40.76     7.8    -2.3     2.8     2.5     0.0    12.37 C    11.0    -3.4     2.6    79.0    35.0    51.9   0.416   0.427 -99.000 -99.000 -99.000     5.4     6.1 -9999.0 -9999.0 -9999.0
54856 20240320  2.623  -81.91   40.76     5.7    -3.8     0.9     2.1     0.0     9.57 C    15.6    -8.8     1.1    72.3    36.4    56.4   0.412   0.395 -99.000 -99.000 -99.000     5.4     5.9 -9999.0 -9999.0 -9999.0
54856 20240321  2.623  -81.91   40.76     2.4    -6.7    -2.2    -2.4     0.0    21.27 C    21.7   -10.8     1.0    69.0    30.1    50.3   0.408   0.385 -99.000 -99.000 -99.000     4.8     5.4 -9999.0 -9999.0 -9999.0
54856 20240322  2.623  -81.91   40.76     5.8    -4.9     0.4    -0.1     5.4     7.10 C    19.4    -6.8     1.3    91.8    37.8    63.5   0.406   0.382 -99.000 -99.000 -99.000     4.6     5.2 -9999.0 -9999.0 -9999.0
54856 20240323  2.623  -81.91   40.76     1.2    -4.4    -1.6    -0.9     2.0     7.92 C    11.7    -7.6     0.3    92.3    54.9    75.9   0.419   0.426 -99.000 -99.000 -99.000     4.5     5.0 -9999.0 -9999.0 -9999.0
54856 20240324  2.623  -81.91   40.76     7.6    -6.8     0.4     0.7     0.0    21.06 C    19.8    -9.4     2.0    79.7    25.6    49.7   0.413   0.411 -99.000 -99.000 -99.000     4.2     4.7 -9999.0 -9999.0 -9999.0
54856 20240325  2.623  -81.91   40.76    19.2     2.1    10.6    10.6     0.0    19.68 C    28.8    -3.2     9.5    47.6    16.0    30.0   0.407   0.386 -99.000 -99.000 -99.000     5.5     5.3 -9999.0 -9999.0 -9999.0
54856 20240326  2.623  -81.91   40.76    13.0     6.4     9.7    10.3    11.6     3.23 C    12.0     5.3     8.6    86.7    20.7    71.9   0.431   0.422 -99.000 -99.000 -99.000     6.7     6.2 -9999.0 -9999.0 -9999.0
54856 20240327  2.623  -81.91   40.76     7.8    -0.2     3.8     4.9     1.2    10.32 C    17.8    -5.0     5.1    90.7    66.0    77.1   0.449   0.443 -99.000 -99.000 -99.000     7.1     6.8 -9999.0 -9999.0 -9999.0
54856 20240328  2.623  -81.91   40.76     9.1    -3.6     2.7     3.5     0.0    19.99 C    20.6    -7.2     3.9    92.6    38.4    64.9   0.431   0.437 -99.000 -99.000 -99.000     6.3     6.3 -9999.0 -9999.0 -9999.0
54856 20240329  2.623  -81.91   40.76    11.4     0.1     5.7     6.1     0.0    23.35 C    25.2    -5.8     6.8    72.9    28.2    47.8   0.414   0.419 -99.000 -99.000 -99.000     7.0     6.6 -9999.0 -9999.0 -9999.0
54856 20240330  2.623  -81.91   40.76    16.3    -0.2     8.0     7.5     7.2     7.67 C    21.1    -3.4     6.6    91.8    55.2    75.5   0.422   0.416 -99.000 -99.000 -99.000     7.1     6.8 -9999.0 -9999.0 -9999.0
54856 20240331  2.623  -81.91   40.76    12.3     4.9     8.6     8.1     0.0    14.14 C    27.2     5.3    10.5    94.8    63.8    81.5   0.430   0.434 -99.000 -99.000 -99.000     8.3     7.5 -9999.0 -9999.0 -9999.0
54856 20240401  2.623  -81.91   40.76    12.8     7.0     9.9     9.4    16.4     6.77 C    18.4     7.0    10.4    93.2    74.8    86.1   0.444   0.443 -99.000 -99.000 -99.000     8.9     8.1 -9999.0 -9999.0 -9999.0
54856 20240402  2.623  -81.91   40.76    18.5     9.5    14.0    14.0    34.6     9.40 C    25.2     9.1    13.8    95.0    72.7    86.9   0.449   0.451 -99.000 -99.000 -99.000    10.0     8.9 -9999.0 -9999.0 -9999.0
54856 20240403  2.623  -81.91   40.76    15.9     2.3     9.1     6.8     3.4     8.62 C    18.3     1.8     8.0    90.3    52.3    75.1   0.448   0.452 -99.000 -99.000 -99.000    10.3     9.5 -9999.0 -9999.0 -9999.0
54856 20240404  2.623  -81.91   40.76     7.5     1.2     4.3     3.7     3.0    12.64 C    17.9     2.3     6.3    92.5    64.4    82.3   0.450   0.453 -99.000 -99.000 -99.000     9.1     8.9 -9999.0 -9999.0 -9999.0
54856 20240405  2.623  -81.91   40.76     5.4     1.0     3.2     3.4     0.2     8.89 C    11.0     1.4     4.7    88.6    50.0    71.1   0.451   0.454 -99.000 -99.000 -99.000     8.3     8.3 -9999.0 -9999.0 -9999.0
54856 20240406  2.623  -81.91   40.76    10.7     1.9     6.3     6.1     0.0    17.83 C    20.3    -1.1     6.6    80.1    44.4    62.0   0.451   0.452 -99.000 -99.000 -99.000     8.1     8.0 -9999.0 -9999.0 -9999.0
54856 20240407  2.623  -81.91   40.76    15.1    -2.7     6.2     7.8     0.0    23.12 C    24.7    -4.2     8.8    98.0    29.3    56.7   0.450   0.449 -99.000 -99.000 -99.000     8.4     8.1 -9999.0 -9999.0 -9999.0
54856 20240408  2.623  -81.91   40.76    21.7     8.0    14.8    14.7     0.8    17.52 C    26.9     5.1    13.0    73.5    31.0    50.6   0.444   0.445 -99.000 -99.000 -99.000    10.1     9.1 -9999.0 -9999.0 -9999.0
54856 20240409  2.623  -81.91   40.76    22.1     9.9    16.0    16.3     7.5    14.82 C    28.6     4.9    15.1    82.5    52.0    71.1   0.430   0.439 -99.000 -99.000 -99.000    11.2    10.0 -9999.0 -9999.0 -9999.0
54856 20240410  2.623  -81.91   40.76    15.1    11.5    13.3    13.6     5.4     4.01 C    16.9    12.2    13.8    92.6    76.7    89.2   0.448   0.451 -99.000 -99.000 -99.000    12.0    10.8 -9999.0 -9999.0 -9999.0
54856 20240411  2.623  -81.91   40.76    17.5    11.3    14.4    15.4    22.5     4.49 C    19.1    11.4    14.8    93.2    78.5    89.3   0.450   0.453 -99.000 -99.000 -99.000    12.3    11.2 -9999.0 -9999.0 -9999.0
54856 20240412  2.623  -81.91   40.76    11.3     6.7     9.0     8.8     8.0     3.94 C    11.4     6.2     8.4    89.9    48.7    78.9   0.450   0.453 -99.000 -99.000 -99.000    11.4    11.0 -9999.0 -9999.0 -9999.0
54856 20240413  2.623  -81.91   40.76    14.9     5.2    10.1    10.2     0.0    24.93 C    19.6     3.3     9.8    70.8    36.6    55.1   0.452   0.454 -99.000 -99.000 -99.000    10.6    10.3 -9999.0 -9999.0 -9999.0
54856 20240414  2.623  -81.91   40.76    25.4     9.3    17.4    18.0     2.3    22.24 C    26.5     4.8    15.2    71.5    37.1    49.0   0.450   0.452 -99.000 -99.000 -99.000    11.5    10.7 -9999.0 -9999.0 -9999.0
54856 20240415  2.623  -81.91   40.76    21.3    10.9    16.1    15.8     0.0    24.39 C    29.0     7.2    15.5    81.1    29.6    51.8   0.448   0.449 -99.000 -99.000 -99.000    13.0    11.7 -9999.0 -9999.0 -9999.0
54856 20240416  2.623  -81.91   40.76    25.0     5.9    15.5    17.2     0.0    24.11 C    32.0     3.3    16.2    66.6    22.1    38.6   0.428   0.443 -99.000 -99.000 -99.000    13.3    12.1 -9999.0 -9999.0 -9999.0
54856 20240417  2.623  -81.91   40.76    23.6    14.1    18.9    18.6     9.2    11.38 C    29.1    10.5    17.0    89.9    39.2    63.7   0.413   0.431 -99.000 -99.000 -99.000    14.2    12.8 -9999.0 -9999.0 -9999.0
54856 20240418  2.623  -81.91   40.76    20.7    12.0    16.4    15.5     0.0    22.34 C    29.9     9.6    16.5    72.4    41.3    58.8   0.431   0.444 -99.000 -99.000 -99.000    14.4    13.2 -9999.0 -9999.0 -9999.0
54856 20240419  2.623  -81.91   40.76    17.1     9.2    13.2    13.3     0.0     9.14 C    22.7     6.8    12.8    83.2    42.7    60.9   0.410   0.430 -99.000 -99.000 -99.000    14.1    13.2 -9999.0 -9999.0 -9999.0
54856 20240420  2.623  -81.91   40.76     9.5     5.3     7.4     7.9     0.0    19.44 C    21.5     4.6    10.0    60.4    41.4    48.2   0.408   0.394 -99.000 -99.000 -99.000    12.8    12.6 -9999.0 -9999.0 -9999.0
54856 20240421  2.623  -81.91   40.76     8.4     2.6     5.5     5.0     0.0    12.47 C    19.5    -1.2     6.1    65.5    43.9    50.9   0.404   0.385 -99.000 -99.000 -99.000    11.5    11.8 -9999.0 -9999.0 -9999.0
54856 20240422  2.623  -81.91   40.76    15.0     0.4     7.7     8.6     0.0    23.52 C    29.2    -2.8     9.7    82.4    26.7    48.2   0.400   0.380 -99.000 -99.000 -99.000    11.2    11.2 -9999.0 -9999.0 -9999.0
54856 20240423  2.623  -81.91   40.76    17.2     7.6    12.4    11.7     1.8    14.83 C    22.9     1.9    10.9    91.9    31.8    52.2   0.392   0.370 -99.000 -99.000 -99.000    11.5    11.4 -9999.0 -9999.0 -9999.0
54856 20240424  2.623  -81.91   40.76    10.1     0.2     5.2     6.1     0.0     6.23 C    14.8    -1.7     6.8    91.8    71.8    82.0   0.389   0.365 -99.000 -99.000 -99.000    11.2    11.3 -9999.0 -9999.0 -9999.0
54856 20240425  2.623  -81.91   40.76    12.8    -1.8     5.5     5.4     0.0    25.66 C    27.1    -4.1     8.8    87.1    33.5    62.5   0.385   0.367 -99.000 -99.000 -99.000    10.5    10.7 -9999.0 -9999.0 -9999.0
54856 20240426  2.623  -81.91   40.76    21.2     1.9    11.6    12.6     0.0    23.94 C    30.9     0.2    13.6    68.3    30.5    51.5   0.378   0.364 -99.000 -99.000 -99.000    11.5    11.1 -9999.0 -9999.0 -9999.0
54856 20240427  2.623  -81.91   40.76    25.5    14.8    20.1    20.1     1.3    15.92 C    29.8    12.2    18.1    73.0    45.4    57.3   0.369   0.357 -99.000 -99.000 -99.000    13.3    12.2 -9999.0 -9999.0 -9999.0
54856 20240428  2.623  -81.91   40.76    26.5    18.0    22.3    22.2     0.0    20.77 C    34.0    13.6    20.5    68.4    45.0    57.2   0.357   0.350 -99.000 -99.000 -99.000    14.8    13.3 -9999.0 -9999.0 -9999.0
54856 20240429  2.623  -81.91   40.76    26.8    17.3    22.1    22.1     0.0    23.30 C    34.6    12.3    20.5    82.0    38.0    55.7   0.342   0.340 -99.000 -99.000 -99.000    15.7    14.2 -9999.0 -9999.0 -9999.0
54856 20240430  2.623  -81.91   40.76    21.7    12.4    17.0    17.1     1.6    14.64 C    29.1     6.2    16.4    92.7    37.3    70.5   0.335   0.329 -99.000 -99.000 -99.000    16.0    15.1 -9999.0 -9999.0 -9999.0
54856 20240501  2.623  -81.91   40.76    25.9     7.3    16.6    18.3     0.0    23.94 C    33.3     4.8    17.4    90.9    35.8    61.0   0.327   0.325 -99.000 -99.000 -99.000    15.5    14.8 -9999.0 -9999.0 -9999.0
54856 20240502  2.623  -81.91   40.76    27.2    12.1    19.6    20.2     0.0    26.20 C    37.1     5.9    20.1    69.1    31.8    50.0   0.314   0.316 -99.000 -99.000 -99.000    16.3    15.4 -9999.0 -9999.0 -9999.0
54856 20240503  2.623  -81.91   40.76    24.7    15.9    20.3    20.2     0.0    10.85 C    31.9    12.3    19.2    86.8    42.7    60.5   0.306   0.309 -99.000 -99.000 -99.000    16.9    16.0 -9999.0 -9999.0 -9999.0
54856 20240504  2.623  -81.91   40.76    22.0    16.2    19.1    18.4     4.9     8.24 C    30.9    13.6    18.7    92.4    74.6    84.7   0.308   0.308 -99.000 -99.000 -99.000    17.0    16.1 -9999.0 -9999.0 -9999.0
54856 20240505  2.623  -81.91   40.76    25.0    15.8    20.4    19.9     0.8    15.88 C    31.5    15.0    20.4    92.4    54.7    78.4   0.313   0.313 -99.000 -99.000 -99.000    17.5    16.6 -9999.0 -9999.0 -9999.0
54856 20240506  2.623  -81.91   40.76    20.6    13.4    17.0    16.6     0.0     9.38 C    27.3    12.4    17.5    94.4    54.7    78.0   0.309   0.310 -99.000 -99.000 -99.000    17.2    16.5 -9999.0 -9999.0 -9999.0
54856 20240507  2.623  -81.91   40.76    24.1    13.5    18.8    18.8    26.2    18.60 C    36.0    11.6    20.3    91.7    44.0    64.6   0.309   0.309 -99.000 -99.000 -99.000    17.3    16.6 -9999.0 -9999.0 -9999.0
54856 20240508  2.623  -81.91   40.76    24.7    13.9    19.3    20.2     0.0    23.49 C    32.0    11.3    20.2    92.8    33.8    63.1   0.379   0.373 -99.000 -99.000 -99.000    18.4    17.5 -9999.0 -9999.0 -9999.0
54856 20240509  2.623  -81.91   40.76    14.6     9.8    12.2    12.5    23.1     3.15 C    15.8     9.9    12.7    91.6    66.5    84.5   0.385   0.385 -99.000 -99.000 -99.000    16.7    16.5 -9999.0 -9999.0 -9999.0
54856 20240510  2.623  -81.91   40.76    16.9     7.4    12.2    12.4     0.0    22.48 C    29.3     3.3    14.1    87.1    43.6    64.9   0.406   0.417 -99.000 -99.000 -99.000    15.7    15.4 -9999.0 -9999.0 -9999.0
54856 20240511  2.623  -81.91   40.76    16.9     5.0    10.9    10.4    11.0    12.27 C    24.4     2.7    10.4    90.9    50.7    75.0   0.407   0.411 -99.000 -99.000 -99.000    14.5    14.6 -9999.0 -9999.0 -9999.0
54856 20240512  2.623  -81.91   40.76 -9999.0 -9999.0 -9999.0 -9999.0     0.0 -9999.00 U -9999.0 -9999.0 -9999.0 -9999.0 -9999.0 -9999.0 -99.000 -99.000 -99.000 -99.000 -99.000 -9999.0 -9999.0 -9999.0 -9999.0 -9999.0
54856 20240513  2.623  -81.91   40.76    25.0    12.3    18.6    19.1     0.0    24.93 C    34.7     8.0    19.1    57.5    34.9    48.2   0.379   0.383 -99.000 -99.000 -99.000    16.1    15.5 -9999.0 -9999.0 -9999.0
54856 20240514  2.623  -81.91   40.76    19.8    14.9    17.4    17.3     0.0     9.49 C    27.4    11.0    17.5    87.1    55.7    72.2   0.371   0.370 -99.000 -99.000 -99.000    16.6    16.0 -9999.0 -9999.0 -9999.0
54856 20240515  2.623  -81.91   40.76    21.2    14.0    17.6    17.1     5.4     7.69 C    24.0    12.4    17.1    93.5    67.0    84.4   0.381   0.376 -99.000 -99.000 -99.000    16.7    16.2 -9999.0 -9999.0 -9999.0
54856 20240516  2.623  -81.91   40.76    24.1    11.3    17.7    18.2     0.0    23.83 C    36.7     9.0    19.9    93.6    44.8    70.1   0.380   0.376 -99.000 -99.000 -99.000    17.3    16.5 -9999.0 -9999.0 -9999.0
54856 20240517  2.623  -81.91   40.76    21.3    15.8    18.5    18.1    12.6     9.66 C    25.8    14.3    18.6    92.7    70.8    84.7   0.394   0.406 -99.000 -99.000 -99.000    17.9    17.1 -9999.0 -9999.0 -9999.0
54856 20240518  2.623  -81.91   40.76    25.5    15.0    20.2    19.5     1.7    18.55 C    36.5    12.4    20.6    95.0    48.4    79.2   0.390   0.406 -99.000 -99.000 -99.000    18.3    17.5 -9999.0 -9999.0 -9999.0
54856 20240519  2.623  -81.91   40.76    27.9    11.7    19.8    20.7     0.0    26.28 C    36.5     9.8    22.0    95.5    36.4    66.1   0.383   0.384 -99.000 -99.000 -99.000    19.0    18.0 -9999.0 -9999.0 -9999.0
54856 20240520  2.623  -81.91   40.76    29.0    14.8    21.9    23.0     0.0    26.03 C    38.0    12.7    23.5    89.9    38.1    59.6   0.372   0.369 -99.000 -99.000 -99.000    20.0    18.9 -9999.0 -9999.0 -9999.0
54856 20240521  2.623  -81.91   40.76    29.4    19.0    24.2    24.4     0.0    25.42 C    38.4    15.2    24.2    71.1    36.2    54.7   0.356   0.357 -99.000 -99.000 -99.000    20.6    19.6 -9999.0 -9999.0 -9999.0
54856 20240522  2.623  -81.91   40.76    26.6    17.2    21.9    22.6     1.8    16.46 C    33.2    15.3    22.0    85.9    54.9    68.2   0.344   0.348 -99.000 -99.000 -99.000    20.4    19.6 -9999.0 -9999.0 -9999.0
54856 20240523  2.623  -81.91   40.76    25.2    15.5    20.3    20.4     0.0    26.61 C    37.2    13.1    22.4    88.8    35.7    61.6   0.337   0.341 -99.000 -99.000 -99.000    20.5    19.7 -9999.0 -9999.0 -9999.0
54856 20240524  2.623  -81.91   40.76    27.2    14.4    20.8    21.7     0.0    25.59 C    39.1    12.9    23.3    93.5    34.1    59.8   0.325   0.331 -99.000 -99.000 -99.000    20.9    20.0 -9999.0 -9999.0 -9999.0
54856 20240525  2.623  -81.91   40.76    27.3    16.8    22.1    22.3     0.0    20.55 C    37.6    14.2    22.8    89.7    43.9    67.7   0.313   0.321 -99.000 -99.000 -99.000    21.0    20.2 -9999.0 -9999.0 -9999.0
54856 20240526  2.623  -81.91   40.76    26.7    14.8    20.7    20.6     0.5    17.86 C    35.5    12.8    21.5    94.3    53.8    76.7   0.303   0.312 -99.000 -99.000 -99.000    20.9    20.2 -9999.0 -9999.0 -9999.0
54856 20240527  2.623  -81.91   40.76    24.2    14.7    19.5    18.6     5.3    14.35 C    30.7    12.7    19.1    92.2    49.6    76.2   0.308   0.312 -99.000 -99.000 -99.000    20.1    19.8 -9999.0 -9999.0 -9999.0
54856 20240528  2.623  -81.91   40.76    22.0    12.7    17.3    16.9     0.0    23.74 C    34.4     9.6    18.8    88.0    43.5    67.4   0.301   0.308 -99.000 -99.000 -99.000    19.4    19.2 -9999.0 -9999.0 -9999.0
54856 20240529  2.623  -81.91   40.76    18.5     9.5    14.0    13.6    19.5     8.34 C    26.1     5.0    14.1    92.6    66.1    82.8   0.348   0.349 -99.000 -99.000 -99.000    18.3    18.3 -9999.0 -9999.0 -9999.0
54856 20240530  2.623  -81.91   40.76    18.9     5.3    12.1    12.8     0.0    29.03 C    31.2     2.3    14.1    89.0    29.2    55.0   0.347   0.350 -99.000 -99.000 -99.000    17.5    17.5 -9999.0 -9999.0 -9999.0
54856 20240531  2.623  -81.91   40.76    22.1     3.9    13.0    14.4     0.0    29.20 C    35.6     1.4    16.7    95.5    29.5    56.1   0.330   0.332 -99.000 -99.000 -99.000    17.6    17.4 -9999.0 -9999.0 -9999.0
54856 20240601  2.623  -81.91   40.76    25.1     7.8    16.4    17.8     0.0    24.57 C    35.4     5.4    18.6    92.0    29.3    55.5   0.315   0.319 -99.000 -99.000 -99.000    18.2    17.8 -9999.0 -9999.0 -9999.0
54856 20240602  2.623  -81.91   40.76    20.9    16.1    18.5    18.0     0.9     6.00 C    26.5    15.2    18.1    92.2    56.1    83.7   0.307   0.312 -99.000 -99.000 -99.000    18.5    18.1 -9999.0 -9999.0 -9999.0
54856 20240603  2.623  -81.91   40.76    26.7    15.8    21.3    20.8     0.0    19.68 C    38.3    12.3    22.4    94.9    46.8    74.8   0.304   0.310 -99.000 -99.000 -99.000    19.3    18.6 -9999.0 -9999.0 -9999.0
54856 20240604  2.623  -81.91   40.76    28.7    16.2    22.5    23.4     0.0    22.95 C    39.2    13.0    23.8    92.1    44.3    66.0   0.294   0.300 -99.000 -99.000 -99.000    20.4    19.6 -9999.0 -9999.0 -9999.0
54856 20240605  2.623  -81.91   40.76    26.6    19.4    23.0    22.0    11.1    13.72 C    36.0    17.3    22.6    92.5    62.4    79.9   0.287   0.293 -99.000 -99.000 -99.000    20.8    20.0 -9999.0 -9999.0 -9999.0
54856 20240606  2.623  -81.91   40.76    25.1    17.9    21.5    21.2     0.5    19.99 C    33.2    12.9    21.2    93.6    35.2    64.9   0.310   0.306 -99.000 -99.000 -99.000    20.9    20.2 -9999.0 -9999.0 -9999.0
54856 20240607  2.623  -81.91   40.76    22.5    13.6    18.1    18.0     0.0    20.47 C    32.5     8.2    17.4    77.7    36.9    56.8   0.296   0.299 -99.000 -99.000 -99.000    19.7    19.4 -9999.0 -9999.0 -9999.0
54856 20240608  2.623  -81.91   40.76    24.8    10.4    17.6    18.5     0.0    26.06 C    35.7     6.8    19.6    93.0    37.3    61.4   0.283   0.288 -99.000 -99.000 -99.000    19.2    18.9 -9999.0 -9999.0 -9999.0
54856 20240609  2.623  -81.91   40.76    23.1    14.0    18.6    18.5     0.0    23.24 C    33.3     9.7    19.5    88.8    33.2    57.8   0.270   0.276 -99.000 -99.000 -99.000    19.7    19.3 -9999.0 -9999.0 -9999.0
54856 20240610  2.623  -81.91   40.76    15.2     9.2    12.2    12.5     0.8     6.22 C    19.0     4.8    12.3    93.6    62.2    82.0   0.265   0.270 -99.000 -99.000 -99.000    18.2    18.2 -9999.0 -9999.0 -9999.0
54856 20240611  2.623  -81.91   40.76    21.1     6.8    13.9    14.4     0.0    27.70 C    37.7     4.6    17.6    95.9    35.9    66.2   0.261   0.266 -99.000 -99.000 -99.000    17.8    17.6 -9999.0 -9999.0 -9999.0
54856 20240612  2.623  -81.91   40.76    26.0    12.5    19.3    20.2     0.0    28.02 C    38.9     9.2    21.7    80.5    34.1    52.0   0.250   0.258 -99.000 -99.000 -99.000    18.9    18.5 -9999.0 -9999.0 -9999.0
54856 20240613  2.623  -81.91   40.76    28.7    16.4    22.5    23.2     0.0    24.93 C    38.2    11.0    23.0    70.1    37.6    52.7   0.237   0.247 -99.000 -99.000 -99.000    19.6    19.1 -9999.0 -9999.0 -9999.0
54856 20240614  2.623  -81.91   40.76    27.8    14.5    21.2    22.6     0.0    21.31 C    39.4    10.0    22.8    71.3    36.0    55.5   0.224   0.236 -99.000 -99.000 -99.000    20.3    19.6 -9999.0 -9999.0 -9999.0
54856 20240615  2.623  -81.91   40.76    25.4     9.9    17.7    18.5     0.0    28.56 C    38.7     5.1    19.5    81.6    27.8    50.7   0.211   0.229 -99.000 -99.000 -99.000    19.6    19.1 -9999.0 -9999.0 -9999.0
54856 20240616  2.623  -81.91   40.76    29.4    12.6    21.0    22.1     0.0    28.31 C    40.6     8.3    23.0    68.8    30.9    49.9   0.198   0.223 -99.000 -99.000 -99.000    20.0    19.3 -9999.0 -9999.0 -9999.0
54856 20240617  2.623  -81.91   40.76    31.4    18.8    25.1    24.9     1.3    19.79 C    44.8    13.9    24.9    78.8    54.6    67.3   0.187   0.216 -99.000 -99.000 -99.000    21.1    20.1 -9999.0 -9999.0 -9999.0
54856 20240618  2.623  -81.91   40.76    32.3    20.7    26.5    26.5     0.0    22.14 C    44.3    17.7    27.6    82.6    50.9    67.3   0.181   0.211 -99.000 -99.000 -99.000    22.4    20.9 -9999.0 -9999.0 -9999.0
54856 20240619  2.623  -81.91   40.76    29.8    21.9    25.9    25.8     0.0    18.59 C    42.6    18.3    26.8    90.3    62.4    76.0   0.174   0.205 -99.000 -99.000 -99.000    22.9    21.5 -9999.0 -9999.0 -9999.0
54856 20240620  2.623  -81.91   40.76    31.9    19.8    25.9    26.5     0.0    26.29 C    44.1    17.5    28.3    93.9    40.5    65.9   0.167   0.200 -99.000 -99.000 -99.000    23.3    21.9 -9999.0 -9999.0 -9999.0
54856 20240621  2.623  -81.91   40.76    33.5    21.6    27.5    27.1     0.0    23.05 C    45.0    19.0    28.5    82.6    40.3    64.0   0.159   0.193 -99.000 -99.000 -99.000    23.8    22.4 -9999.0 -9999.0 -9999.0
54856 20240622  2.623  -81.91   40.76    32.5    22.1    27.3    27.6     0.0    23.67 C    43.2    18.0    28.3    82.7    41.5    61.0   0.151   0.218 -99.000 -99.000 -99.000    23.8    21.4 -9999.0 -9999.0 -9999.0
54856 20240623  2.623  -81.91   40.76    28.3    20.2    24.2    24.6     5.4    12.67 C    31.4    17.1    23.8    87.3    54.6    70.9   0.148   0.220 -99.000 -99.000 -99.000    23.1    21.3 -9999.0 -9999.0 -9999.0
54856 20240624  2.623  -81.91   40.76    26.7    17.4    22.0    21.9     0.0    25.81 C    40.8    12.6    24.2    83.8    37.0    59.7   0.150   0.218 -99.000 -99.000 -99.000    22.7    21.0 -9999.0 -9999.0 -9999.0
54856 20240625  2.623  -81.91   40.76    26.0    14.9    20.4    21.2     3.1    14.84 C    31.2    11.8    20.8    89.7    57.7    72.1   0.147   0.215 -99.000 -99.000 -99.000    21.4    20.7 -9999.0 -9999.0 -9999.0
54856 20240626  2.623  -81.91   40.76    25.7    17.8    21.7    21.3    12.7     8.98 C    33.0    16.2    21.2    94.6    64.1    83.1   0.155   0.214 -99.000 -99.000 -99.000    21.4    20.4 -9999.0 -9999.0 -9999.0
54856 20240627  2.623  -81.91   40.76    24.1    14.7    19.4    19.2     0.0    23.29 C    38.5    13.1    21.4    94.5    47.6    72.4   0.196   0.214 -99.000 -99.000 -99.000    21.3    20.1 -9999.0 -9999.0 -9999.0
54856 20240628  2.623  -81.91   40.76    28.8    13.5    21.1    22.0     0.0    25.86 C    40.1    12.3    24.1    86.8    42.6    64.1   0.187   0.212 -99.000 -99.000 -99.000    21.6    20.0 -9999.0 -9999.0 -9999.0
54856 20240629  2.623  -81.91   40.76    28.3    23.4    25.8    26.0     1.5     8.87 C    32.3    21.2    24.8    87.2    65.2    73.7   0.174   0.211 -99.000 -99.000 -99.000    22.4    20.5 -9999.0 -9999.0 -9999.0
54856 20240630  2.623  -81.91   40.76    25.1    12.9    19.0    21.0     0.0    23.42 C    36.4    10.6    23.2    89.4    53.8    70.4   0.165   0.210 -99.000 -99.000 -99.000    22.4    20.6 -9999.0 -9999.0 -9999.0
54856 20240701  2.623  -81.91   40.76    23.8     9.6    16.7    17.2     0.0    28.48 C    38.4     6.4    20.3    90.1    30.5    58.3   0.152   0.207 -99.000 -99.000 -99.000    20.7    20.3 -9999.0 -9999.0 -9999.0
54856 20240702  2.623  -81.91   40.76 -9999.0 -9999.0 -9999.0 -9999.0 -9999.0 -9999.00 U -9999.0 -9999.0 -9999.0 -9999.0 -9999.0 -9999.0 -99.000 -99.000 -99.000 -99.000 -99.000 -9999.0 -9999.0 -9999.0 -9999.0 -9999.0
