63850 20240101  2.622  -83.39   33.78    12.1     0.9     6.5     6.0     0.0    10.26 C    19.4    -2.0     5.2    79.3    35.6    59.8   0.151   0.143   0.130   0.217   0.269     8.6     8.7     9.4    10.4    12.5
63850 20240102  2.622  -83.39   33.78    10.6    -3.2     3.7     3.4     0.0    11.79 C    18.6    -5.4     3.0    85.1    32.2    58.1   0.147   0.140   0.127   0.216   0.250     7.8     7.9     8.7    10.0    12.2
63850 20240103  2.622  -83.39   33.78     7.9    -4.0     1.9     2.7     0.8     3.10 C     9.8    -5.4     2.3    91.3    48.2    75.3   0.145   0.138   0.126   0.215   0.237     7.0     7.1     8.0     9.5    11.9
63850 20240104  2.622  -83.39   33.78    12.2     0.9     6.5     5.5     0.0    11.83 C    19.4    -1.9     4.7    88.0    27.0    58.5   0.144   0.138   0.124   0.214   0.229     7.6     7.8     8.4     9.3    11.6
63850 20240105  2.622  -83.39   33.78     9.8    -2.1     3.9     4.2     0.0    10.59 C    17.7    -3.8     4.5    75.2    40.5    57.8   0.143   0.136   0.123   0.213   0.224     7.1     7.3     8.0     9.1    11.4
63850 20240106  2.622  -83.39   33.78     8.5     3.3     5.9     5.7    17.9     2.62 C    11.8     2.9     6.2   100.0    57.3    90.4   0.196   0.179   0.160   0.219   0.247     7.8     8.0     8.4     9.2    11.3
63850 20240107  2.622  -83.39   33.78     9.5     0.3     4.9     6.1     0.0     6.67 C    15.8    -2.6     4.6    88.5    45.1    67.0   0.179   0.169   0.155   0.225   0.307     7.7     7.9     8.4     9.2    11.2
63850 20240108  2.622  -83.39   33.78    10.3    -2.1     4.1     4.3     7.5     7.90 C    16.6    -2.9     4.3    92.5    42.5    68.7   0.172   0.161   0.149   0.223   0.311     6.9     7.0     7.6     8.8    11.1
63850 20240109  2.622  -83.39   33.78    17.2     3.8    10.5    10.5    94.6     1.77 C    16.0     4.0     9.7   100.0    57.4    91.3   0.293   0.292   0.298   0.310   0.316     9.4     9.3     9.3     9.3    10.8
63850 20240110  2.622  -83.39   33.78     9.8     2.6     6.2     5.4     0.0    11.42 C    16.2    -1.1     5.4    76.2    42.5    58.2   0.208   0.221   0.216   0.267   0.318     8.4     8.5     9.1     9.6    11.0
63850 20240111  2.622  -83.39   33.78    15.6    -2.2     6.7     6.5     0.0    11.50 C    21.2    -3.8     5.3    93.8    41.2    71.8   0.181   0.181   0.163   0.237   0.319     7.5     7.8     8.3     9.1    11.0
63850 20240112  2.622  -83.39   33.78    12.4     0.4     6.4     6.4     9.9     2.03 C    12.2    -0.5     5.8    98.4    68.1    91.5   0.190   0.185   0.167   0.235   0.320     7.6     7.8     8.3     9.0    10.9
63850 20240113  2.622  -83.39   33.78     9.6     0.4     5.0     4.3     0.0    12.34 C    14.7    -3.5     3.9    94.0    37.0    61.1   0.189   0.185   0.170   0.237   0.323     7.5     7.7     8.4     9.0    10.8
63850 20240114  2.622  -83.39   33.78    14.0    -4.0     5.0     5.0     0.0    12.33 C    18.6    -5.6     3.7    88.1    30.9    60.2   0.177   0.172   0.154   0.232   0.325     6.4     6.7     7.3     8.4    10.5
63850 20240115  2.622  -83.39   33.78    15.0     1.7     8.4     7.7     0.0     9.37 C    18.7    -0.2     6.4    87.7    27.5    58.3   0.171   0.166   0.150   0.230   0.327     7.4     7.7     8.0     8.5    10.4
63850 20240116  2.622  -83.39   33.78     8.8    -6.2     1.3     2.0     9.8     8.43 C    12.5    -6.6     3.4   100.0    45.6    67.1   0.189   0.182   0.166   0.232   0.328     7.2     7.5     8.1     8.8    10.4
63850 20240117  2.622  -83.39   33.78     4.5    -9.7    -2.6    -3.2     0.3    13.14 C    13.2    -9.1    -1.4    71.8    19.5    46.0   0.182   0.175   0.158   0.232   0.330     4.5     4.6     5.8     7.7    10.2
63850 20240118  2.622  -83.39   33.78    10.3    -7.1     1.6     2.3     0.0    12.59 C    18.0    -7.9     3.4    79.2    15.6    41.4   0.175   0.168   0.152   0.229   0.331     4.8     5.0     5.7     6.9     9.7
63850 20240119  2.622  -83.39   33.78     7.8    -2.7     2.5     4.8     0.0    11.73 C    14.7    -4.3     5.0    85.8    31.1    56.0   0.169   0.163   0.148   0.228   0.331     6.4     6.7     7.2     7.6     9.4
63850 20240120  2.622  -83.39   33.78     1.6    -7.3    -2.8    -3.4     0.0    13.43 C    11.8    -8.8    -1.7    68.0    25.1    47.9   0.164   0.158   0.145   0.226   0.332     4.4     4.5     5.6     7.1     9.4
63850 20240121  2.622  -83.39   33.78     4.7   -11.1    -3.2    -3.2     0.0    13.58 C    16.2   -11.0    -1.7    77.2    17.5    43.5   0.160   0.154   0.142   0.224   0.332     3.4     3.6     4.7     6.2     9.1
63850 20240122  2.622  -83.39   33.78    10.5    -6.5     2.0     2.1     0.0     7.65 C    16.5    -6.9     1.5    67.6    27.6    44.3   0.158   0.152   0.139   0.223   0.329     3.7     4.0     4.7     5.9     8.7
63850 20240123  2.622  -83.39   33.78    11.2     4.9     8.1     7.7     0.2     3.40 C    13.5     3.6     7.7    87.9    44.4    67.6   0.158   0.150   0.137   0.222   0.323     6.0     6.2     6.3     6.6     8.5
63850 20240124  2.622  -83.39   33.78    15.8     8.5    12.2    11.5     1.6     1.74 C    14.9     8.2    11.3    98.0    88.3    95.0   0.163   0.151   0.135   0.220   0.313     8.3     8.5     8.2     7.8     8.7
63850 20240125  2.622  -83.39   33.78    23.5    15.6    19.5    18.8    85.2     4.20 C    24.7    14.0    17.5   100.0    72.7    92.8   0.284   0.282   0.273   0.307   0.321    13.0    12.8    11.8     9.9     9.2
63850 20240126  2.622  -83.39   33.78    21.4    13.5    17.5    17.7     0.0     8.90 C    28.2    11.5    17.2    96.2    61.8    85.7   0.225   0.231   0.229   0.280   0.326    14.2    14.5    13.9    11.9    10.2
63850 20240127  2.622  -83.39   33.78    18.4    13.0    15.7    15.9    28.4     1.00 C    19.2    11.5    15.3   100.0    91.1    95.8   0.226   0.227   0.214   0.281   0.327    13.5    13.8    13.6    12.5    11.2
63850 20240128  2.622  -83.39   33.78    16.7     6.5    11.6     9.1     0.0     5.19 C    16.4     4.3     8.9    92.3    59.3    70.7   0.208   0.208   0.201   0.256   0.329    12.0    12.2    12.6    12.4    11.7
63850 20240129  2.622  -83.39   33.78    13.5     3.3     8.4     7.6     0.0    14.09 C    21.8     0.5     7.7    80.1    40.9    63.5   0.186   0.178   0.160   0.236   0.331    10.1    10.2    10.7    11.2    11.8
63850 20240130  2.622  -83.39   33.78    13.7    -1.5     6.1     6.3     0.5    14.11 C    22.4    -2.6     7.4    97.4    35.3    67.4   0.177   0.169   0.152   0.233   0.332     9.4     9.7    10.1    10.6    11.6
63850 20240131  2.622  -83.39   33.78    13.3     3.8     8.5     8.5     0.3    13.81 C    21.7     0.4     8.4    91.8    38.1    64.9   0.174   0.164   0.148   0.230   0.334     9.9    10.2    10.6    10.7    11.4
63850 20240201  2.622  -83.39   33.78    16.1    -1.2     7.5     7.5     0.0    13.94 C    23.6    -2.2     7.2    95.7    34.5    63.9   0.168   0.159   0.144   0.228   0.335     9.2     9.5     9.9    10.3    11.4
63850 20240202  2.622  -83.39   33.78    20.9     3.8    12.3    12.3     0.0    13.88 C    26.9     0.4    10.6    73.8    27.8    51.2   0.163   0.154   0.140   0.226   0.335     9.9    10.2    10.4    10.3    11.2
63850 20240203  2.622  -83.39   33.78    14.5     6.4    10.5    10.1     0.0    14.24 C    22.1     3.5     9.6    65.5    38.8    54.8   0.158   0.147   0.135   0.224   0.334    10.2    10.5    10.8    10.7    11.2
63850 20240204  2.622  -83.39   33.78     7.6     4.0     5.8     5.8    14.7     1.75 C     7.9     2.7     5.1    91.5    52.0    69.5   0.163   0.149   0.132   0.222   0.329     8.5     8.7     9.5    10.4    11.3
63850 20240205  2.622  -83.39   33.78    13.6     4.6     9.1     7.9     5.5     4.93 C    16.8     0.7     6.4    91.8    35.1    65.2   0.207   0.197   0.187   0.236   0.333     8.3     8.5     8.9     9.6    11.1
63850 20240206  2.622  -83.39   33.78    15.4     2.4     8.9     8.2     0.0    15.10 C    22.6    -1.3     6.5    67.9    27.2    48.9   0.186   0.175   0.160   0.234   0.338     8.2     8.5     8.9     9.4    10.9
63850 20240207  2.622  -83.39   33.78    12.7     0.2     6.4     6.4     0.0    15.40 C    22.2    -2.5     5.9    70.2    28.7    50.8   0.176   0.166   0.151   0.231   0.340     8.1     8.5     8.9     9.4    10.7
63850 20240208  2.622  -83.39   33.78    13.3    -1.2     6.1     6.9     0.0    10.63 C    20.8    -2.9     6.4    86.2    32.6    56.5   0.171   0.160   0.147   0.228   0.342     8.2     8.5     8.9     9.3    10.6
63850 20240209  2.622  -83.39   33.78    16.2     5.2    10.7    10.6     0.0     6.31 C    19.9     3.9     9.9    85.8    56.9    69.9   0.167   0.156   0.142   0.227   0.343     9.3     9.6     9.7     9.6    10.5
63850 20240210  2.622  -83.39   33.78    18.0     8.3    13.1    14.0     0.0     4.61 C    21.8     6.0    12.9    93.9    65.6    82.5   0.165   0.153   0.139   0.225   0.342    10.7    11.0    10.8    10.2    10.6
63850 20240211  2.622  -83.39   33.78    19.7    14.6    17.1    16.6    23.7     4.54 C    23.1    12.3    15.8    95.3    72.5    88.1   0.179   0.163   0.145   0.225   0.339    12.6    12.9    12.4    11.2    11.0
63850 20240212  2.622  -83.39   33.78    15.9     9.8    12.8    14.0    63.2     0.57 C    15.3     7.7    13.6   100.0    73.4    93.5   0.316   0.311   0.322   0.331   0.347    13.3    13.5    13.3    12.4    11.5
63850 20240213  2.622  -83.39   33.78    13.5     5.4     9.5     9.1     0.0    16.32 C    21.1     2.1     9.3    74.9    33.4    55.6   0.226   0.229   0.222   0.271   0.347    11.5    11.7    12.1    12.1    11.9
63850 20240214  2.622  -83.39   33.78    17.3     2.3     9.8    10.0     0.0    16.29 C    25.8    -0.3     9.3    71.4    25.7    48.1   0.190   0.182   0.165   0.238   0.347    10.7    11.0    11.2    11.4    11.9
63850 20240215  2.622  -83.39   33.78    19.0     0.8     9.9    10.9     0.0    16.08 C    24.3     0.0     9.1    91.4    27.4    55.4   0.179   0.169   0.153   0.235   0.348    10.5    10.8    11.2    11.3    11.8
63850 20240216  2.622  -83.39   33.78    17.8     8.1    12.9    13.2     0.0     7.51 C    23.0     5.1    11.4    70.4    45.5    57.3   0.172   0.162   0.148   0.231   0.349    11.0    11.3    11.5    11.3    11.8
63850 20240217  2.622  -83.39   33.78    13.0     3.3     8.1     8.9     0.0     7.85 C    17.1     2.5     8.8    76.6    32.5    53.7   0.167   0.156   0.143   0.229   0.349    10.9    11.1    11.4    11.5    11.8
63850 20240218  2.622  -83.39   33.78    10.4     0.2     5.3     4.5     0.0    10.69 C    20.9    -0.1     5.5    66.2    28.5    48.3   0.161   0.151   0.138   0.227   0.349     9.4     9.5    10.1    10.8    11.8
63850 20240219  2.622  -83.39   33.78    14.7    -0.8     6.9     7.4     0.0    16.27 C    24.5    -2.5     6.9    61.3    19.3    38.2   0.155   0.146   0.134   0.225   0.345     9.4     9.6    10.0    10.4    11.6
63850 20240220  2.622  -83.39   33.78    15.8    -2.3     6.8     7.8     0.0    13.68 C    25.9    -3.3     6.6    89.1    21.2    51.7   0.151   0.141   0.130   0.223   0.338     9.2     9.5     9.9    10.3    11.4
63850 20240221  2.622  -83.39   33.78    16.6    -1.0     7.8     8.7     0.0    16.81 C    25.7    -2.3     8.1    85.0    25.2    51.1   0.146   0.137   0.127   0.222   0.315     9.6     9.9    10.2    10.3    11.3
63850 20240222  2.622  -83.39   33.78    20.5     2.9    11.7    12.4     0.0    14.52 C    24.8     0.2    10.7    77.5    29.3    51.5   0.141   0.133   0.124   0.220   0.293    10.0    10.4    10.6    10.6    11.2
63850 20240223  2.622  -83.39   33.78    19.2    10.4    14.8    15.3     9.8    14.98 C    25.6     5.1    14.3   100.0    31.6    66.0   0.164   0.149   0.125   0.219   0.278    12.4    12.8    12.5    11.5    11.3
63850 20240224  2.622  -83.39   33.78    17.2     5.1    11.1    11.0     0.0    16.77 C    24.5     0.1     9.5    65.7    26.8    43.7   0.164   0.147   0.128   0.218   0.262    10.9    11.3    11.6    11.6    11.7
63850 20240225  2.622  -83.39   33.78    14.9    -1.9     6.5     7.2     0.0    17.08 C    24.7    -4.0     7.6    84.5    25.1    49.9   0.155   0.140   0.126   0.217   0.247    10.1    10.4    10.8    11.1    11.7
63850 20240226  2.622  -83.39   33.78    22.5     1.8    12.1    13.2     0.0    17.79 C    26.8    -0.2    11.2    79.7    20.3    44.0   0.148   0.135   0.124   0.216   0.240    10.7    11.1    11.3    11.1    11.6
63850 20240227  2.622  -83.39   33.78    20.1    12.2    16.2    16.3     0.0     3.12 C    21.7     7.1    14.3    88.4    45.6    73.7   0.143   0.130   0.122   0.215   0.237    11.8    12.1    12.1    11.6    11.7
63850 20240228  2.622  -83.39   33.78    24.5     7.0    15.7    16.6     7.8     5.73 C    25.3     4.2    15.1   100.0    39.2    71.8   0.148   0.132   0.120   0.214   0.234    13.3    13.6    13.4    12.3    11.9
63850 20240229  2.622  -83.39   33.78    10.9     2.4     6.6     7.1     0.0    11.70 C    19.8     0.0     7.7    60.1    28.4    43.4   0.161   0.140   0.122   0.213   0.232    11.1    11.3    11.7    12.0    12.2
63850 20240301  2.622  -83.39   33.78     7.5     3.6     5.5     5.0    31.7     0.40 C     7.0     4.1     5.6   100.0    49.4    84.8   0.201   0.183   0.170   0.223   0.257     9.4     9.5    10.2    11.2    12.1
63850 20240302  2.622  -83.39   33.78    15.4     5.1    10.3    10.2     0.7     7.21 C    22.3     5.7    11.5    98.8    88.3    95.6   0.198   0.186   0.177   0.237   0.317    10.5    10.6    10.5    10.5    11.8
63850 20240303  2.622  -83.39   33.78    20.0    10.4    15.2    14.1     0.0    13.12 C    29.6     9.8    15.7    97.4    58.8    84.7   0.185   0.173   0.158   0.233   0.320    13.0    13.2    12.8    11.7    11.7
63850 20240304  2.622  -83.39   33.78    21.8    12.1    17.0    15.6     0.0    13.12 C    29.7     9.6    16.3    98.2    52.8    82.6   0.177   0.165   0.152   0.230   0.323    14.5    14.7    14.3    12.9    12.1
63850 20240305  2.622  -83.39   33.78    18.6    10.6    14.6    15.1     8.5     5.26 C    20.1     8.3    14.3    97.2    64.7    84.6   0.175   0.162   0.147   0.228   0.326    13.8    14.1    14.1    13.4    12.6
63850 20240306  2.622  -83.39   33.78    15.8    12.6    14.2    14.3    49.4     4.06 C    19.3    10.4    14.8   100.0    86.9    95.6   0.280   0.280   0.280   0.308   0.333    14.3    14.4    14.3    13.6    12.9
63850 20240307  2.622  -83.39   33.78    22.4     9.6    16.0    16.0     0.0    18.39 C    30.8     6.8    16.3    96.7    40.6    73.3   0.200   0.198   0.179   0.243   0.332    14.9    15.1    14.8    13.8    13.2
63850 20240308  2.622  -83.39   33.78    19.1    12.1    15.6    15.2    14.0     5.88 C    21.9     9.8    14.5   100.0    60.2    84.1   0.191   0.180   0.159   0.237   0.333    14.6    14.8    14.8    14.2    13.4
63850 20240309  2.622  -83.39   33.78    18.5    12.1    15.3    14.7    20.4     6.50 C    22.8    10.0    15.1    98.8    66.1    88.6   0.232   0.231   0.227   0.287   0.336    14.8    15.0    14.9    14.2    13.6
63850 20240310  2.622  -83.39   33.78    15.1     5.5    10.3    10.4     0.0    21.17 C    24.1     2.7    11.1    72.1    21.3    43.9   0.192   0.184   0.167   0.241   0.335    13.7    13.7    14.0    14.0    13.7
63850 20240311  2.622  -83.39   33.78    17.8     0.9     9.4     9.5     0.0    19.18 C    25.8    -0.8     9.6    63.2    19.9    39.7   0.176   0.167   0.153   0.235   0.335    12.6    12.7    12.9    13.2    13.6
63850 20240312  2.622  -83.39   33.78    21.3     1.4    11.4    12.8     0.0    20.57 C    28.3     0.5    11.8    77.7    20.2    42.4   0.166   0.157   0.146   0.232   0.335    13.0    13.2    13.3    13.2    13.5
63850 20240313  2.622  -83.39   33.78    22.8     4.1    13.5    14.7     0.0    19.28 C    31.0     2.3    13.3    86.4    27.3    49.9   0.156   0.148   0.139   0.229   0.334    13.7    14.0    13.9    13.5    13.4
63850 20240314  2.622  -83.39   33.78    25.7     7.0    16.3    17.3     0.0    19.49 C    32.2     5.3    16.2    91.6    34.6    59.8   0.147   0.140   0.131   0.226   0.333    14.8    15.2    14.9    14.0    13.5
63850 20240315  2.622  -83.39   33.78    21.2    12.6    16.9    17.7     0.7     6.61 C    24.1    10.8    16.4    89.3    64.5    76.6   0.142   0.135   0.126   0.224   0.329    15.1    15.5    15.4    14.6    13.8
63850 20240316  2.622  -83.39   33.78    23.2    13.2    18.2    17.7     0.0    19.37 C    31.3    11.5    17.7    94.7    41.5    70.3   0.139   0.132   0.122   0.223   0.321    16.1    16.5    16.1    14.9    14.0
63850 20240317  2.622  -83.39   33.78    19.8    11.7    15.8    14.9     0.6    11.20 C    25.2     9.1    14.5    91.3    46.3    71.9   0.131   0.125   0.119   0.221   0.301    15.4    15.8    15.8    15.2    14.3
63850 20240318  2.622  -83.39   33.78    15.0     3.9     9.4    10.5     0.0    16.45 C    27.4     0.4    11.2    90.2    27.0    53.3   0.126   0.121   0.115   0.218   0.280    14.4    14.7    15.0    14.8    14.5
63850 20240319  2.622  -83.39   33.78    15.0    -0.1     7.4     7.2     0.0    22.38 C    29.7    -2.2     9.2    56.3    17.7    37.8   0.118   0.115   0.112   0.216   0.260    12.8    13.2    13.6    14.0    14.4
63850 20240320  2.622  -83.39   33.78    21.5     3.2    12.4    12.9     0.0    20.48 C    33.4    -0.7    12.8    59.8    29.7    44.2   0.110   0.109   0.108   0.214   0.248    13.2    13.6    13.8    13.7    14.1
63850 20240321  2.622  -83.39   33.78 -9999.0 -9999.0 -9999.0 -9999.0     0.0 -9999.00 U -9999.0 -9999.0 -9999.0 -9999.0 -9999.0 -9999.0 -99.000 -99.000 -99.000 -99.000 -99.000 -9999.0 -9999.0 -9999.0 -9999.0 -9999.0
63850 20240322  2.622  -83.39   33.78    15.3    12.0    13.7    13.7    27.5     4.01 C    18.0    10.1    13.5   100.0    58.7    88.1   0.118   0.116   0.103   0.209   0.237    14.3    14.7    14.9    14.6    14.1
63850 20240323  2.622  -83.39   33.78    20.7     9.2    14.9    14.9     0.0    10.02 C    25.6     6.3    14.8   100.0    47.6    77.3   0.195   0.184   0.165   0.210   0.236    14.9    15.1    15.0    14.4    14.2
63850 20240324  2.622  -83.39   33.78    16.7     3.3    10.0     9.9     0.0    22.14 C    28.1     1.8    11.3    82.1    29.9    53.0   0.179   0.168   0.153   0.216   0.233    13.7    13.9    14.2    14.2    14.3
63850 20240325  2.622  -83.39   33.78    15.5     5.3    10.4    10.6     0.0    16.16 C    26.5     3.9    12.1    77.9    38.2    58.2   0.168   0.155   0.145   0.216   0.231    13.3    13.5    13.7    13.9    14.2
63850 20240326  2.622  -83.39   33.78    18.3    10.1    14.2    12.9    16.8     2.43 C    19.9    10.0    13.0   100.0    76.8    93.2   0.180   0.162   0.149   0.215   0.230    13.7    13.8    14.0    13.9    14.2
63850 20240327  2.622  -83.39   33.78    21.5     8.8    15.2    14.5     0.0    13.78 C    30.5     7.6    15.5   100.0    41.3    79.8   0.197   0.184   0.171   0.233   0.260    14.8    15.0    14.7    14.0    14.1
63850 20240328  2.622  -83.39   33.78    20.6     8.3    14.5    14.6     0.0    21.22 C    32.0     5.9    15.6   100.0    19.7    55.6   0.180   0.167   0.154   0.231   0.263    15.3    15.5    15.3    14.6    14.2
63850 20240329  2.622  -83.39   33.78    20.7     4.5    12.6    13.4     0.0    24.12 C    32.8     1.7    13.9    81.8    26.3    43.2   0.166   0.154   0.144   0.228   0.265    14.9    15.1    15.0    14.6    14.4
63850 20240330  2.622  -83.39   33.78    23.5     6.7    15.1    16.1     0.0    23.35 C    32.4     5.5    15.7    85.8    30.6    47.7   0.153   0.143   0.134   0.226   0.263    15.2    15.6    15.4    14.8    14.5
63850 20240331  2.622  -83.39   33.78    25.1    10.0    17.6    18.2     0.0    18.48 C    34.2     7.4    17.7    78.7    50.9    63.4   0.143   0.135   0.126   0.224   0.253    15.9    16.3    16.0    15.2    14.7
63850 20240401  2.622  -83.39   33.78    23.9    15.7    19.8    19.4     0.0     8.16 C    28.5    12.8    18.5    92.4    66.4    81.0   0.138   0.129   0.121   0.221   0.242    16.6    16.9    16.7    15.7    14.9
63850 20240402  2.622  -83.39   33.78    26.0    17.3    21.7    21.5    10.4    12.80 C    35.8    14.5    21.2    97.6    55.5    78.2   0.133   0.125   0.117   0.219   0.238    17.6    18.0    17.5    16.1    15.2
63850 20240403  2.622  -83.39   33.78    18.9    10.1    14.5    15.9    32.4    20.82 C    28.3     7.8    17.3   100.0    32.8    66.8   0.204   0.195   0.174   0.240   0.313    18.0    18.2    18.1    16.8    15.5
63850 20240404  2.622  -83.39   33.78    16.6     5.2    10.9    11.0     0.0    24.62 C    27.3     4.4    12.7    72.8    31.8    50.4   0.177   0.168   0.153   0.235   0.328    15.7    15.9    16.1    16.2    15.8
63850 20240405  2.622  -83.39   33.78    16.5     3.1     9.8     9.8     0.0    25.37 C    29.8     2.6    12.8    93.3    37.0    60.4   0.165   0.156   0.145   0.232   0.333    15.3    15.5    15.6    15.6    15.7
63850 20240406  2.622  -83.39   33.78    17.6     2.6    10.1    10.2     0.0    24.30 C    30.7     1.3    12.9    86.6    36.4    58.8   0.155   0.146   0.136   0.229   0.336    15.2    15.5    15.5    15.4    15.5
63850 20240407  2.622  -83.39   33.78    20.8     2.9    11.9    12.5     0.0    24.65 C    32.3     2.2    14.8    96.5    36.4    63.0   0.146   0.138   0.129   0.226   0.331    15.7    16.1    15.9    15.4    15.5
63850 20240408  2.622  -83.39   33.78    23.5     9.9    16.7    16.8     0.0    20.65 C    34.4     8.0    17.6    91.1    44.7    67.2   0.137   0.130   0.122   0.223   0.320    16.8    17.2    16.8    15.9    15.5
63850 20240409  2.622  -83.39   33.78    15.9    13.2    14.6    14.6    12.1     2.98 C    18.4    12.9    15.1   100.0    75.4    95.9   0.167   0.150   0.122   0.222   0.297    16.3    16.5    16.6    16.2    15.7
63850 20240410  2.622  -83.39   33.78    23.8    13.8    18.8    18.1    23.4    12.76 C    30.9    13.6    19.2   100.0    63.2    89.4   0.187   0.164   0.140   0.222   0.279    17.5    17.7    17.2    16.2    15.8
63850 20240411  2.622  -83.39   33.78    24.9    12.6    18.7    19.1     0.3    11.78 C    29.2    11.2    18.9    99.6    51.3    82.2   0.201   0.190   0.175   0.243   0.322    18.2    18.5    18.2    17.0    16.0
63850 20240412  2.622  -83.39   33.78    20.0     9.7    14.9    14.6     0.0    26.14 C    28.9     6.5    15.6    93.2    27.6    55.6   0.177   0.167   0.152   0.236   0.329    17.1    17.3    17.3    16.9    16.3
63850 20240413  2.622  -83.39   33.78    23.1     6.0    14.5    15.5     0.0    26.31 C    32.6     4.9    16.1    79.4    25.9    48.6   0.162   0.153   0.142   0.232   0.334    16.8    17.0    16.9    16.5    16.3
63850 20240414  2.622  -83.39   33.78    27.3     7.7    17.5    19.5     0.0    24.56 C    35.1     7.3    19.6    95.7    36.2    56.6   0.148   0.140   0.131   0.226   0.334    17.8    18.1    17.7    16.8    16.3
63850 20240415  2.622  -83.39   33.78    27.4    13.3    20.3    20.6     0.0    25.17 C    35.9    10.3    20.5    88.4    37.5    60.9   0.132   0.126   0.121   0.222   0.327    18.9    19.3    18.8    17.5    16.5
63850 20240416  2.622  -83.39   33.78    27.5    12.5    20.0    20.0     0.0    18.72 C    34.9    10.5    19.7    96.4    35.2    65.4   0.120   0.115   0.113   0.217   0.307    19.1    19.4    19.1    17.9    16.8
63850 20240417  2.622  -83.39   33.78    27.2    15.2    21.2    20.7     0.3    16.30 C    35.4    12.8    21.2    94.3    50.8    75.3   0.106   0.108   0.107   0.214   0.283    19.5    19.9    19.5    18.2    17.1
63850 20240418  2.622  -83.39   33.78    29.3    14.3    21.8    21.6     0.0    25.46 C    38.2    12.3    22.7   100.0    43.5    74.1   0.095   0.099   0.098   0.209   0.261    20.4    20.8    20.2    18.6    17.3
63850 20240419  2.622  -83.39   33.78    29.9    17.7    23.8    22.8     5.4    18.14 C    38.8    16.6    24.0   100.0    51.2    82.9   0.093   0.095   0.090   0.205   0.247    21.2    21.5    20.9    19.2    17.6
63850 20240420  2.622  -83.39   33.78    28.3    17.3    22.8    22.5     0.0    23.23 C    36.5    16.5    23.7    98.7    53.4    75.8   0.098   0.092   0.085   0.201   0.240    21.8    22.1    21.5    19.7    18.0
63850 20240421  2.622  -83.39   33.78    17.7     8.9    13.3    13.1    39.7     5.88 C    21.0     9.9    14.9   100.0    69.9    94.3   0.195   0.177   0.152   0.213   0.251    18.8    19.0    19.5    19.4    18.3
63850 20240422  2.622  -83.39   33.78    17.9     8.1    13.0    12.2     0.0    25.00 C    29.3     7.2    15.5    95.7    40.4    68.7   0.181   0.173   0.160   0.232   0.321    18.3    18.4    18.5    18.3    18.1
63850 20240423  2.622  -83.39   33.78    21.9     4.8    13.3    13.8     0.0    27.07 C    30.9     4.2    15.5   100.0    40.1    70.0   0.167   0.156   0.146   0.229   0.317    18.1    18.3    18.2    18.0    17.9
63850 20240424  2.622  -83.39   33.78    24.3     8.6    16.5    16.8     0.0    21.75 C    33.0     7.8    17.8    92.4    50.5    72.0   0.154   0.144   0.135   0.224   0.282    18.6    18.8    18.6    18.1    17.8
63850 20240425  2.622  -83.39   33.78    24.7    10.6    17.7    18.0     0.0    25.25 C    35.3     9.1    19.3    98.9    36.4    66.5   0.142   0.134   0.125   0.219   0.251    19.3    19.5    19.2    18.4    17.8
63850 20240426  2.622  -83.39   33.78    26.0    12.5    19.3    18.3     0.0    17.49 C    35.1    11.7    20.0    97.3    49.0    79.2   0.132   0.125   0.117   0.215   0.240    19.9    20.0    19.7    18.8    18.0
63850 20240427  2.622  -83.39   33.78    23.9    13.2    18.5    17.9     0.0    13.73 C    30.3    13.2    19.2   100.0    64.0    86.3   0.126   0.117   0.113   0.212   0.236    19.8    19.9    19.7    18.9    18.2
63850 20240428  2.622  -83.39   33.78    24.6    12.0    18.3    18.5     0.0    19.90 C    35.7    10.7    19.8   100.0    57.0    81.7   0.119   0.110   0.108   0.209   0.234    20.0    20.1    19.8    19.0    18.2
63850 20240429  2.622  -83.39   33.78    25.0    10.5    17.7    18.3     0.0    24.09 C    37.2     9.1    19.9   100.0    49.0    78.2   0.108   0.102   0.101   0.205   0.231    20.2    20.3    20.0    19.1    18.4
63850 20240430  2.622  -83.39   33.78    24.9    14.9    19.9    19.1     0.0    14.03 C    32.9    13.1    19.9   100.0    57.0    84.9   0.099   0.095   0.094   0.203   0.229    20.2    20.3    20.1    19.3    18.5
63850 20240501  2.622  -83.39   33.78    28.2    13.3    20.8    20.6     0.0    27.22 C    38.7    11.6    22.1   100.0    36.0    70.3   0.090   0.087   0.088   0.198   0.226    20.7    20.8    20.4    19.3    18.6
63850 20240502  2.622  -83.39   33.78    29.3    12.2    20.7    21.3     0.0    25.35 C    40.8    10.5    22.6    98.7    43.9    71.6   0.080   0.076   0.079   0.193   0.222    21.0    21.1    20.7    19.6    18.7
63850 20240503  2.622  -83.39   33.78    28.2    17.3    22.7    21.4     2.4    14.84 C    35.4    16.0    22.4   100.0    65.1    88.7   0.076   0.071   0.072   0.189   0.221    21.5    21.5    21.1    19.9    18.9
63850 20240504  2.622  -83.39   33.78    24.1    16.8    20.4    20.0     0.0    10.58 C    30.1    16.0    20.8   100.0    76.2    92.8   0.075   0.069   0.071   0.188   0.222    21.2    21.3    21.1    20.1    19.1
63850 20240505  2.622  -83.39   33.78    27.5    16.5    22.0    21.1     2.3    17.17 C    35.6    15.6    22.9   100.0    66.7    89.6   0.076   0.068   0.069   0.186   0.221    21.9    21.8    21.3    20.1    19.2
63850 20240506  2.622  -83.39   33.78    28.7    18.5    23.6    22.6     1.1    19.51 C    37.6    17.8    24.0   100.0    58.5    85.3   0.076   0.066   0.067   0.183   0.220    22.8    22.7    22.1    20.5    19.4
63850 20240507  2.622  -83.39   33.78    28.5    17.7    23.1    23.4     0.0    23.21 C    39.8    16.2    25.0   100.0    59.5    81.1   0.075   0.063   0.061   0.178   0.218    23.1    23.0    22.5    20.9    19.6
63850 20240508  2.622  -83.39   33.78    28.4    18.9    23.7    23.7     0.0    16.33 C    35.7    17.6    24.6   100.0    65.4    83.6   0.072   0.060   0.057   0.174   0.216    23.1    23.0    22.6    21.2    19.9
63850 20240509  2.622  -83.39   33.78    23.9    17.5    20.7    20.0     8.4     8.70 C    25.7    17.3    20.4   100.0    79.5    92.3   0.093   0.072   0.057   0.172   0.217    22.1    22.1    22.0    21.2    20.1
63850 20240510  2.622  -83.39   33.78    27.1    15.7    21.4    21.5     0.2    20.54 C    35.5    14.1    22.4   100.0    45.2    74.5   0.098   0.079   0.060   0.171   0.216    22.5    22.4    22.0    20.9    20.2
63850 20240511  2.622  -83.39   33.78    23.9    10.2    17.0    17.6     0.0    28.01 C    35.2     8.5    19.6    97.2    39.0    64.9   0.087   0.069   0.058   0.169   0.215    21.6    21.5    21.4    20.8    20.2
63850 20240512  2.622  -83.39   33.78    26.3    12.5    19.4    19.1     0.0    25.52 C    38.3    11.4    21.3    90.4    31.3    63.2   0.078   0.062   0.056   0.165   0.212    21.6    21.4    21.2    20.6    20.2
63850 20240513  2.622  -83.39   33.78    18.8    12.9    15.8    16.7     0.3     3.88 C    21.7    12.1    17.1    99.3    78.0    90.4   0.073   0.059   0.055   0.163   0.212    20.3    20.3    20.5    20.4    20.1
63850 20240514  2.622  -83.39   33.78    25.7    17.0    21.4    20.0     3.9    12.05 C    32.9    17.3    21.1   100.0    69.4    94.3   0.074   0.059   0.055   0.163   0.212    21.1    21.0    20.6    20.0    20.0
63850 20240515  2.622  -83.39   33.78    26.8    16.9    21.9    21.5     0.0    21.76 C    35.9    15.7    22.9   100.0    53.8    81.0   0.073   0.058   0.055   0.162   0.210    22.4    22.2    21.7    20.5    19.9
63850 20240516  2.622  -83.39   33.78    29.2    15.8    22.5    22.1     0.0    26.20 C    40.8    14.8    24.2    98.4    49.8    75.8   0.071   0.056   0.052   0.159   0.207    22.7    22.5    22.1    20.9    20.1
63850 20240517  2.622  -83.39   33.78    23.3    16.3    19.8    19.6     0.4     5.63 C    26.1    15.3    20.0   100.0    82.2    93.8   0.069   0.055   0.051   0.157   0.208    21.6    21.5    21.5    21.0    20.3
63850 20240518  2.622  -83.39   33.78    24.3    18.6    21.5    20.9     0.2     8.49 C    29.3    17.2    21.7   100.0    78.2    93.8   0.069   0.055   0.052   0.156   0.207    21.7    21.7    21.4    20.7    20.2
63850 20240519  2.622  -83.39   33.78    25.7    16.2    20.9    20.2    12.6    15.02 C    33.6    14.9    21.2   100.0    65.6    91.5   0.091   0.088   0.060   0.156   0.207    21.9    21.8    21.6    20.7    20.3
63850 20240520  2.622  -83.39   33.78    27.6    14.5    21.1    21.0     0.0    27.15 C    37.9    13.1    23.1   100.0    52.1    80.1   0.105   0.095   0.066   0.156   0.206    22.5    22.3    21.9    20.9    20.4
63850 20240521  2.622  -83.39   33.78    28.7    15.6    22.2    22.0     0.0    26.24 C    40.1    14.3    24.0   100.0    50.4    77.1   0.096   0.083   0.061   0.155   0.205    23.1    22.9    22.5    21.3    20.7
63850 20240522  2.622  -83.39   33.78    29.9    15.2    22.6    22.9     0.0    25.40 C    41.1    13.9    25.0   100.0    49.4    77.2   0.086   0.071   0.056   0.154   0.204    23.4    23.2    22.7    21.5    20.9
63850 20240523  2.622  -83.39   33.78    30.2    17.3    23.8    23.9     0.0    19.77 C    40.2    16.4    25.2   100.0    53.4    79.0   0.078   0.063   0.052   0.152   0.201    23.7    23.5    23.1    21.8    21.1
63850 20240524  2.622  -83.39   33.78    30.7    18.5    24.6    23.2     3.9    17.26 C    41.9    16.9    24.6   100.0    57.1    87.1   0.072   0.059   0.050   0.150   0.200    23.9    23.8    23.3    22.0    21.3
63850 20240525  2.622  -83.39   33.78    28.4    17.0    22.7    21.8     5.8    16.32 C    33.4    16.5    22.5   100.0    60.6    89.9   0.083   0.071   0.050   0.150   0.201    23.4    23.2    23.0    22.0    21.4
63850 20240526  2.622  -83.39   33.78    32.3    18.1    25.2    24.6     0.0    21.31 C    38.6    17.3    25.7   100.0    55.5    82.8   0.092   0.076   0.052   0.149   0.199    24.5    24.2    23.5    22.1    21.4
63850 20240527  2.622  -83.39   33.78    27.6    18.0    22.8    22.8     8.3    17.40 C    34.4    18.1    24.0   100.0    71.9    89.3   0.108   0.083   0.054   0.149   0.199    24.6    24.3    23.9    22.5    21.7
63850 20240528  2.622  -83.39   33.78    29.6    17.4    23.5    23.8     0.0    28.10 C    38.4    15.3    25.2   100.0    36.8    68.5   0.108   0.085   0.057   0.149   0.199    25.1    24.9    24.3    22.8    21.9
63850 20240529  2.622  -83.39   33.78    30.0    15.4    22.7    22.7     0.0    28.42 C    39.2    14.0    24.0    89.7    27.0    56.7   0.089   0.072   0.054   0.149   0.197    24.5    24.2    23.9    22.9    22.1
63850 20240530  2.622  -83.39   33.78    27.7    12.7    20.2    20.6     0.0    29.01 C    39.5    11.3    23.1    93.2    33.5    62.3   0.075   0.061   0.051   0.147   0.194    24.0    23.8    23.5    22.7    22.1
63850 20240531  2.622  -83.39   33.78    27.7    12.6    20.2    20.4     0.0    26.36 C    39.4    11.1    22.8    99.2    37.9    64.9   0.067   0.055   0.048   0.145   0.190    23.5    23.4    23.2    22.4    22.0
63850 20240601  2.622  -83.39   33.78    27.3    14.5    20.9    21.0     0.0    21.20 C    39.5    13.7    23.4    88.0    39.9    60.1   0.065   0.052   0.045   0.142   0.187    23.6    23.5    23.2    22.3    22.0
63850 20240602  2.622  -83.39   33.78    27.8    18.5    23.1    22.0     0.5    14.66 C    40.3    18.3    23.5   100.0    58.4    82.7   0.063   0.050   0.043   0.140   0.185    23.9    23.7    23.4    22.4    22.0
63850 20240603  2.622  -83.39   33.78    30.6    19.5    25.0    24.1     9.2    23.08 C    38.4    19.3    26.2   100.0    54.1    81.6   0.094   0.077   0.057   0.140   0.185    24.7    24.5    23.9    22.5    22.1
63850 20240604  2.622  -83.39   33.78    31.0    18.7    24.9    24.2     0.0    20.04 C    40.3    18.2    26.0   100.0    52.7    82.7   0.086   0.067   0.051   0.140   0.184    25.2    25.0    24.5    23.1    22.3
63850 20240605  2.622  -83.39   33.78    29.8    20.2    25.0    23.3     4.9    16.94 C    40.1    19.7    25.2   100.0    56.3    90.4   0.078   0.062   0.049   0.140   0.184    25.0    24.9    24.5    23.2    22.5
63850 20240606  2.622  -83.39   33.78    30.1    20.3    25.2    25.1     0.0    19.17 C    36.7    19.3    26.0   100.0    59.8    81.1   0.079   0.062   0.048   0.140   0.183    25.4    25.2    24.7    23.3    22.7
63850 20240607  2.622  -83.39   33.78    31.6    19.7    25.6    25.5     0.0    27.26 C    41.0    16.2    26.6    98.9    31.1    62.3   0.070   0.055   0.046   0.139   0.182    25.7    25.5    25.0    23.6    22.8
63850 20240608  2.622  -83.39   33.78    30.9    14.8    22.8    23.3     0.0    27.53 C    41.6    12.8    25.2    89.2    35.5    58.5   0.062   0.050   0.042   0.137   0.179    25.1    24.9    24.6    23.5    22.9
63850 20240609  2.622  -83.39   33.78    34.0    17.3    25.7    26.3     0.0    23.63 C    43.7    16.3    27.9    96.4    41.9    63.7   0.061   0.047   0.039   0.133   0.176    25.7    25.5    24.9    23.6    22.9
63850 20240610  2.622  -83.39   33.78    29.3    18.7    24.0    24.0     0.6    17.81 C    39.9    15.5    25.6   100.0    35.1    72.9   0.056   0.046   0.037   0.131   0.174    25.6    25.5    25.1    23.9    23.2
63850 20240611  2.622  -83.39   33.78    30.6    15.7    23.1    23.3     0.0    27.98 C    44.4    13.0    26.0    86.6    35.3    58.6   0.047   0.044   0.036   0.129   0.172    25.1    25.2    24.8    23.6    23.1
63850 20240612  2.622  -83.39   33.78    31.4    16.7    24.1    24.2     0.0    18.90 C    45.2    15.5    26.3    99.4    42.6    71.4   0.048   0.043   0.034   0.126   0.171    25.3    25.4    25.0    23.8    23.2
63850 20240613  2.622  -83.39   33.78    32.9    17.6    25.2    25.3     0.0    25.76 C    47.1    16.2    28.4    99.0    38.7    67.2   0.045   0.042   0.033   0.125   0.169    26.0    26.2    25.6    24.0    23.3
63850 20240614  2.622  -83.39   33.78    34.5    16.9    25.7    26.3     0.0    25.19 C    48.9    15.9    29.1    95.8    34.3    63.4   0.043   0.041   0.032   0.123   0.167    26.3    26.5    25.9    24.3    23.5
63850 20240615  2.622  -83.39   33.78    35.7    19.8    27.8    28.2     0.0    23.68 C    49.6    18.6    30.9    94.5    37.9    64.4   0.044   0.040   0.031   0.122   0.165    27.0    27.2    26.5    24.6    23.7
63850 20240616  2.622  -83.39   33.78    35.1    21.6    28.4    28.4     0.0    22.84 C    49.1    20.1    31.0    92.6    38.7    62.7   0.044   0.040   0.031   0.120   0.164    27.4    27.6    27.0    25.0    24.0
63850 20240617  2.622  -83.39   33.78    34.1    20.1    27.1    27.0     0.0    21.61 C    48.1    18.9    29.9    96.5    44.6    71.3   0.044   0.039   0.030   0.119   0.163    27.5    27.7    27.1    25.2    24.2
63850 20240618  2.622  -83.39   33.78    32.4    19.5    26.0    25.9     0.0    22.05 C    46.9    17.8    28.6    93.9    39.5    63.5   0.043   0.039   0.029   0.119   0.163    27.3    27.5    27.0    25.3    24.4
63850 20240619  2.622  -83.39   33.78    31.6    18.0    24.8    24.8     0.0    22.11 C    46.7    16.7    27.8    95.6    41.5    67.0   0.042   0.038   0.029   0.118   0.162    26.9    27.2    26.8    25.2    24.4
63850 20240620  2.622  -83.39   33.78    32.3    18.3    25.3    25.3     0.0    23.16 C    48.1    16.8    28.5    96.9    38.9    66.4   0.042   0.038   0.029   0.118   0.161    27.1    27.3    26.8    25.2    24.5
63850 20240621  2.622  -83.39   33.78    33.5    17.0    25.3    25.5     0.0    25.81 C    49.5    15.7    29.1    98.2    38.9    64.9   0.042   0.037   0.028   0.117   0.161    27.2    27.5    27.0    25.3    24.6
63850 20240622  2.622  -83.39   33.78    35.1    19.1    27.1    27.1     0.0    23.01 C    50.8    18.2    30.6    93.8    42.7    68.2   0.042   0.037   0.027   0.116   0.160    27.7    28.0    27.3    25.5    24.7
63850 20240623  2.622  -83.39   33.78    37.4    21.4    29.4    29.5     0.0    23.57 C    52.4    20.5    32.2   100.0    29.1    60.5   0.043   0.036   0.026   0.116   0.159    28.4    28.6    27.9    25.9    24.9
63850 20240624  2.622  -83.39   33.78    36.4    23.8    30.1    29.4     0.0    25.04 C    52.1    19.7    32.2    93.9    28.8    51.5   0.043   0.036   0.025   0.115   0.158    29.0    29.1    28.3    26.2    25.1
63850 20240625  2.622  -83.39   33.78    36.7    20.4    28.6    28.5     0.0    27.21 C    52.3    17.2    31.6    70.1    25.5    47.4   0.042   0.035   0.024   0.115   0.157    28.7    29.0    28.4    26.4    25.4
63850 20240626  2.622  -83.39   33.78    37.5    19.6    28.5    29.2     0.0    22.33 C    53.4    17.9    31.6    84.1    26.9    51.4   0.042   0.034   0.024   0.115   0.157    28.7    29.0    28.4    26.5    25.5
63850 20240627  2.622  -83.39   33.78    33.1    22.9    28.0    26.1     0.0    13.31 C    47.4    21.6    28.4   100.0    51.8    76.7   0.041   0.034   0.023   0.114   0.157    28.0    28.3    28.0    26.5    25.6
63850 20240628  2.622  -83.39   33.78    34.5    21.3    27.9    26.2     1.7    16.71 C    49.7    20.4    29.2   100.0    51.6    83.1   0.040   0.035   0.024   0.111   0.153    27.8    28.1    27.6    26.4    25.6
63850 20240629  2.622  -83.39   33.78    34.2    22.3    28.2    27.0     3.0    17.69 C    45.4    21.8    29.4   100.0    54.7    83.9   0.045   0.042   0.025   0.109   0.160    28.3    28.3    27.7    26.5    25.5
63850 20240630  2.622  -83.39   33.78    37.0    24.0    30.5    29.4     0.0    23.14 C    50.9    23.4    32.8   100.0    44.8    75.6   0.045   0.040   0.026   0.109   0.157    29.1    29.3    28.4    26.7    25.6
63850 20240701  2.622  -83.39   33.78    35.2    23.4    29.3    29.2     0.0    24.90 C    52.0    22.3    33.1   100.0    46.1    72.4   0.045   0.038   0.025   0.107   0.157    29.5    29.7    28.9    27.2    25.9
63850 20240702  2.622  -83.39   33.78 -9999.0 -9999.0 -9999.0 -9999.0 -9999.0 -9999.00 U -9999.0 -9999.0 -9999.0 -9999.0 -9999.0 -9999.0 -99.000 -99.000 -99.000 -99.000 -99.000 -9999.0 -9999.0 -9999.0 -9999.0 -9999.0
