96409 20240101  2.514 -149.40   68.65   -16.8   -25.4   -21.1   -21.2     0.0     0.00 C   -22.8   -30.9   -26.5    96.6    67.3    82.3 -99.000 -99.000 -99.000 -99.000 -99.000 -9999.0 -9999.0 -9999.0 -9999.0 -9999.0
96409 20240102  2.514 -149.40   68.65   -10.2   -19.6   -14.9   -14.2     0.0     0.00 C   -15.2   -25.3   -20.4    74.3    35.4    57.3 -99.000 -99.000 -99.000 -99.000 -99.000 -9999.0 -9999.0 -9999.0 -9999.0 -9999.0
96409 20240103  2.514 -149.40   68.65   -12.3   -15.2   -13.7   -13.9     0.0     0.00 C   -17.5   -21.8   -19.2    71.9    40.7    57.2 -99.000 -99.000 -99.000 -99.000 -99.000 -9999.0 -9999.0 -9999.0 -9999.0 -9999.0
96409 20240104  2.514 -149.40   68.65   -13.9   -19.8   -16.9   -15.9     0.0     0.00 C   -18.2   -26.4   -21.3    69.9    44.2    53.1 -99.000 -99.000 -99.000 -99.000 -99.000 -9999.0 -9999.0 -9999.0 -9999.0 -9999.0
96409 20240105  2.514 -149.40   68.65   -13.1   -17.0   -15.1   -14.4     0.0     0.00 C   -16.6   -22.7   -18.9    79.7    60.1    69.2 -99.000 -99.000 -99.000 -99.000 -99.000 -9999.0 -9999.0 -9999.0 -9999.0 -9999.0
96409 20240106  2.514 -149.40   68.65    -9.8   -19.3   -14.6   -14.8     0.0     0.00 C   -17.5   -26.4   -21.9    71.7    48.0    59.6 -99.000 -99.000 -99.000 -99.000 -99.000 -9999.0 -9999.0 -9999.0 -9999.0 -9999.0
96409 20240107  2.514 -149.40   68.65    -4.3   -11.8    -8.1    -8.1     0.0     0.00 C   -10.3   -19.1   -13.6    79.9    47.1    63.4 -99.000 -99.000 -99.000 -99.000 -99.000 -9999.0 -9999.0 -9999.0 -9999.0 -9999.0
96409 20240108  2.514 -149.40   68.65    -3.7   -17.9   -10.8    -7.9     0.0     0.00 C    -6.9   -28.1   -14.5    82.7    36.9    60.1 -99.000 -99.000 -99.000 -99.000 -99.000 -9999.0 -9999.0 -9999.0 -9999.0 -9999.0
96409 20240109  2.514 -149.40   68.65   -12.9   -24.5   -18.7   -18.3     0.0     0.00 C   -24.0   -29.7   -26.8    62.7    33.3    47.4 -99.000 -99.000 -99.000 -99.000 -99.000 -9999.0 -9999.0 -9999.0 -9999.0 -9999.0
96409 20240110  2.514 -149.40   68.65   -14.3   -23.9   -19.1   -19.6     0.0     0.00 C   -18.9   -30.0   -24.8    99.8    34.3    61.5 -99.000 -99.000 -99.000 -99.000 -99.000 -9999.0 -9999.0 -9999.0 -9999.0 -9999.0
96409 20240111  2.514 -149.40   68.65    -7.2   -16.4   -11.8   -10.7     0.0     0.00 C   -14.5   -23.6   -17.4    67.0    32.6    43.9 -99.000 -99.000 -99.000 -99.000 -99.000 -9999.0 -9999.0 -9999.0 -9999.0 -9999.0
96409 20240112  2.514 -149.40   68.65    -4.1   -14.6    -9.3    -9.3     0.0     0.00 C   -13.0   -19.2   -15.5    80.6    55.6    71.0 -99.000 -99.000 -99.000 -99.000 -99.000 -9999.0 -9999.0 -9999.0 -9999.0 -9999.0
96409 20240113  2.514 -149.40   68.65   -10.6   -18.4   -14.5   -14.3     0.0     0.00 C   -15.1   -21.2   -17.8    79.7    61.4    69.2 -99.000 -99.000 -99.000 -99.000 -99.000 -9999.0 -9999.0 -9999.0 -9999.0 -9999.0
96409 20240114  2.514 -149.40   68.65    -7.8   -18.4   -13.1   -12.9     0.0     0.00 C   -10.8   -21.6   -16.0    90.9    50.1    73.6 -99.000 -99.000 -99.000 -99.000 -99.000 -9999.0 -9999.0 -9999.0 -9999.0 -9999.0
96409 20240115  2.514 -149.40   68.65     0.4   -17.2    -8.4    -9.7     0.5     0.00 C    -2.5   -21.7   -13.9    99.2    58.2    82.8 -99.000 -99.000 -99.000 -99.000 -99.000 -9999.0 -9999.0 -9999.0 -9999.0 -9999.0
96409 20240116  2.514 -149.40   68.65     0.4   -16.2    -7.9    -7.6    15.3     0.00 C    -2.5   -16.6    -8.9    99.9    77.5    95.7 -99.000 -99.000 -99.000 -99.000 -99.000 -9999.0 -9999.0 -9999.0 -9999.0 -9999.0
96409 20240117  2.514 -149.40   68.65    -7.7   -22.1   -14.9   -12.3     0.0     0.00 C   -10.6   -25.4   -15.1    99.6    51.6    77.2 -99.000 -99.000 -99.000 -99.000 -99.000 -9999.0 -9999.0 -9999.0 -9999.0 -9999.0
96409 20240118  2.514 -149.40   68.65    -4.0   -11.2    -7.6    -7.3     4.6     0.00 C    -6.3   -16.7    -9.0    99.9    50.8    87.3 -99.000 -99.000 -99.000 -99.000 -99.000 -9999.0 -9999.0 -9999.0 -9999.0 -9999.0
96409 20240119  2.514 -149.40   68.65   -10.6   -25.5   -18.1   -16.9     1.3     0.00 C   -11.5   -25.7   -17.6    99.9    82.6    95.6 -99.000 -99.000 -99.000 -99.000 -99.000 -9999.0 -9999.0 -9999.0 -9999.0 -9999.0
96409 20240120  2.514 -149.40   68.65   -25.5   -36.0   -30.8   -31.9     0.4     0.00 C   -25.6   -40.2   -35.1    89.6    67.6    82.7 -99.000 -99.000 -99.000 -99.000 -99.000 -9999.0 -9999.0 -9999.0 -9999.0 -9999.0
96409 20240121  2.514 -149.40   68.65   -29.5   -32.3   -30.9   -30.6     0.0     0.03 C   -31.7   -38.6   -35.0    85.3    70.2    78.7 -99.000 -99.000 -99.000 -99.000 -99.000 -9999.0 -9999.0 -9999.0 -9999.0 -9999.0
96409 20240122  2.514 -149.40   68.65   -14.4   -32.4   -23.4   -23.7     0.0     0.07 C   -16.6   -36.2   -28.5    86.3    57.1    72.6 -99.000 -99.000 -99.000 -99.000 -99.000 -9999.0 -9999.0 -9999.0 -9999.0 -9999.0
96409 20240123  2.514 -149.40   68.65   -16.1   -32.3   -24.2   -26.8     0.8     0.00 C   -17.3   -38.2   -30.2    95.3    75.5    88.0 -99.000 -99.000 -99.000 -99.000 -99.000 -9999.0 -9999.0 -9999.0 -9999.0 -9999.0
96409 20240124  2.514 -149.40   68.65   -27.4   -33.6   -30.5   -30.4     0.0     0.09 C   -29.9   -39.5   -34.2    88.9    72.8    83.7 -99.000 -99.000 -99.000 -99.000 -99.000 -9999.0 -9999.0 -9999.0 -9999.0 -9999.0
96409 20240125  2.514 -149.40   68.65   -29.1   -35.4   -32.3   -30.8     0.0     0.03 C   -30.6   -39.4   -33.1    84.7    70.4    79.9 -99.000 -99.000 -99.000 -99.000 -99.000 -9999.0 -9999.0 -9999.0 -9999.0 -9999.0
96409 20240126  2.514 -149.40   68.65   -34.2   -37.6   -35.9   -36.2     0.0     0.31 C   -38.3   -42.2   -40.5    86.5    74.6    82.1 -99.000 -99.000 -99.000 -99.000 -99.000 -9999.0 -9999.0 -9999.0 -9999.0 -9999.0
96409 20240127  2.514 -149.40   68.65   -34.9   -38.9   -36.9   -36.9     0.0     0.28 C   -39.9   -45.3   -41.7    83.3    75.0    80.9 -99.000 -99.000 -99.000 -99.000 -99.000 -9999.0 -9999.0 -9999.0 -9999.0 -9999.0
96409 20240128  2.514 -149.40   68.65   -34.5   -39.4   -37.0   -36.8     0.0     0.39 C   -33.0   -44.6   -40.5    83.3    69.8    79.6 -99.000 -99.000 -99.000 -99.000 -99.000 -9999.0 -9999.0 -9999.0 -9999.0 -9999.0
96409 20240129  2.514 -149.40   68.65   -28.7   -36.4   -32.5   -33.6     0.4     0.07 C   -24.5   -37.3   -31.9    86.2    73.0    81.3 -99.000 -99.000 -99.000 -99.000 -99.000 -9999.0 -9999.0 -9999.0 -9999.0 -9999.0
96409 20240130  2.514 -149.40   68.65   -16.6   -29.5   -23.1   -24.0     4.6     0.31 C   -17.2   -33.2   -24.6    97.0    77.2    87.9 -99.000 -99.000 -99.000 -99.000 -99.000 -9999.0 -9999.0 -9999.0 -9999.0 -9999.0
96409 20240131  2.514 -149.40   68.65   -26.3   -34.1   -30.2   -29.8     1.1     0.04 C   -26.3   -38.4   -31.0    88.6    73.8    84.7 -99.000 -99.000 -99.000 -99.000 -99.000 -9999.0 -9999.0 -9999.0 -9999.0 -9999.0
96409 20240201  2.514 -149.40   68.65   -28.8   -32.3   -30.5   -30.4     0.0     0.17 C   -29.7   -35.1   -31.6    84.1    73.9    80.8 -99.000 -99.000 -99.000 -99.000 -99.000 -9999.0 -9999.0 -9999.0 -9999.0 -9999.0
96409 20240202  2.514 -149.40   68.65   -27.3   -35.2   -31.3   -31.1     0.0     0.46 C   -29.6   -39.9   -34.8    87.3    71.5    81.2 -99.000 -99.000 -99.000 -99.000 -99.000 -9999.0 -9999.0 -9999.0 -9999.0 -9999.0
96409 20240203  2.514 -149.40   68.65   -26.0   -34.5   -30.3   -29.8     0.0     0.54 C   -29.7   -41.6   -35.1    90.6    71.8    80.7 -99.000 -99.000 -99.000 -99.000 -99.000 -9999.0 -9999.0 -9999.0 -9999.0 -9999.0
96409 20240204  2.514 -149.40   68.65   -17.2   -30.0   -23.6   -26.2     0.0     1.03 C   -27.0   -34.9   -31.1    78.6    55.7    72.0 -99.000 -99.000 -99.000 -99.000 -99.000 -9999.0 -9999.0 -9999.0 -9999.0 -9999.0
96409 20240205  2.514 -149.40   68.65   -13.2   -23.2   -18.2   -18.0     0.0     0.69 C   -16.5   -32.0   -24.5    85.0    52.1    75.3 -99.000 -99.000 -99.000 -99.000 -99.000 -9999.0 -9999.0 -9999.0 -9999.0 -9999.0
96409 20240206  2.514 -149.40   68.65    -8.1   -16.6   -12.4   -11.6     0.0     0.46 C   -12.9   -20.5   -15.5    84.3    67.6    76.9 -99.000 -99.000 -99.000 -99.000 -99.000 -9999.0 -9999.0 -9999.0 -9999.0 -9999.0
96409 20240207  2.514 -149.40   68.65    -7.9   -16.0   -11.9   -12.2     0.0     0.19 C   -12.5   -23.1   -18.4    87.6    67.0    75.2 -99.000 -99.000 -99.000 -99.000 -99.000 -9999.0 -9999.0 -9999.0 -9999.0 -9999.0
96409 20240208  2.514 -149.40   68.65    -6.4   -15.5   -11.0    -9.8     0.0     0.93 C   -11.9   -22.3   -15.9    82.1    52.6    71.7 -99.000 -99.000 -99.000 -99.000 -99.000 -9999.0 -9999.0 -9999.0 -9999.0 -9999.0
96409 20240209  2.514 -149.40   68.65    -4.8   -13.7    -9.3    -9.2     0.0     0.86 C    -9.3   -18.7   -14.6    77.2    51.1    67.4 -99.000 -99.000 -99.000 -99.000 -99.000 -9999.0 -9999.0 -9999.0 -9999.0 -9999.0
96409 20240210  2.514 -149.40   68.65    -7.7   -23.9   -15.8   -18.5     0.0     0.63 C   -12.2   -26.8   -20.0    99.8    58.9    90.9 -99.000 -99.000 -99.000 -99.000 -99.000 -9999.0 -9999.0 -9999.0 -9999.0 -9999.0
96409 20240211  2.514 -149.40   68.65    -5.3   -19.2   -12.3   -10.6     1.1     1.98 C    -8.1   -19.6   -13.9    99.9    73.6    87.7 -99.000 -99.000 -99.000 -99.000 -99.000 -9999.0 -9999.0 -9999.0 -9999.0 -9999.0
96409 20240212  2.514 -149.40   68.65    -6.7   -17.1   -11.9   -10.3     0.0     1.85 C    -9.8   -23.5   -14.7    82.1    41.2    70.2 -99.000 -99.000 -99.000 -99.000 -99.000 -9999.0 -9999.0 -9999.0 -9999.0 -9999.0
96409 20240213  2.514 -149.40   68.65     1.2    -6.8    -2.8    -2.4     0.0     0.57 C    -3.5    -9.9    -5.6    91.3    59.6    75.4 -99.000 -99.000 -99.000 -99.000 -99.000 -9999.0 -9999.0 -9999.0 -9999.0 -9999.0
96409 20240214  2.514 -149.40   68.65     2.3    -5.1    -1.4    -0.8     0.0     1.83 C    -2.8   -10.9    -5.3    88.1    61.6    76.3 -99.000 -99.000 -99.000 -99.000 -99.000 -9999.0 -9999.0 -9999.0 -9999.0 -9999.0
96409 20240215  2.514 -149.40   68.65     0.1   -14.3    -7.1    -6.0     0.0     2.12 C    -4.8   -18.8   -12.2    99.9    42.8    69.9 -99.000 -99.000 -99.000 -99.000 -99.000 -9999.0 -9999.0 -9999.0 -9999.0 -9999.0
96409 20240216  2.514 -149.40   68.65   -13.7   -20.8   -17.2   -18.9     0.0     0.82 C   -10.8   -22.1   -18.5    99.9    89.0    95.4 -99.000 -99.000 -99.000 -99.000 -99.000 -9999.0 -9999.0 -9999.0 -9999.0 -9999.0
96409 20240217  2.514 -149.40   68.65   -20.8   -23.0   -21.9   -22.1     0.0     0.50 C   -20.7   -22.7   -21.9    93.5    85.2    91.5 -99.000 -99.000 -99.000 -99.000 -99.000 -9999.0 -9999.0 -9999.0 -9999.0 -9999.0
96409 20240218  2.514 -149.40   68.65   -22.6   -24.2   -23.4   -23.2     1.6     0.44 C   -20.3   -24.5   -22.8    91.0    83.5    90.1 -99.000 -99.000 -99.000 -99.000 -99.000 -9999.0 -9999.0 -9999.0 -9999.0 -9999.0
96409 20240219  2.514 -149.40   68.65   -20.4   -26.9   -23.7   -24.2     0.8     1.13 C   -18.7   -30.6   -24.7    92.9    82.9    88.8 -99.000 -99.000 -99.000 -99.000 -99.000 -9999.0 -9999.0 -9999.0 -9999.0 -9999.0
96409 20240220  2.514 -149.40   68.65    -0.3   -21.9   -11.1   -16.9     0.0     0.21 C    -3.3   -22.8   -16.5    99.9    88.5    94.7 -99.000 -99.000 -99.000 -99.000 -99.000 -9999.0 -9999.0 -9999.0 -9999.0 -9999.0
96409 20240221  2.514 -149.40   68.65     0.6   -18.1    -8.8    -7.6     0.2     1.96 C    -1.7   -23.1   -11.7    99.9    70.1    92.7 -99.000 -99.000 -99.000 -99.000 -99.000 -9999.0 -9999.0 -9999.0 -9999.0 -9999.0
96409 20240222  2.514 -149.40   68.65    -9.6   -23.2   -16.4   -15.4     0.0     3.24 C   -15.2   -27.6   -20.8    99.7    56.0    77.4 -99.000 -99.000 -99.000 -99.000 -99.000 -9999.0 -9999.0 -9999.0 -9999.0 -9999.0
96409 20240223  2.514 -149.40   68.65   -19.3   -25.3   -22.3   -22.9     7.1     1.78 C   -19.2   -30.3   -24.1    97.6    86.9    93.5 -99.000 -99.000 -99.000 -99.000 -99.000 -9999.0 -9999.0 -9999.0 -9999.0 -9999.0
96409 20240224  2.514 -149.40   68.65   -19.1   -26.5   -22.8   -23.0     2.6     2.56 C   -19.0   -35.4   -25.0    96.5    88.5    92.8 -99.000 -99.000 -99.000 -99.000 -99.000 -9999.0 -9999.0 -9999.0 -9999.0 -9999.0
96409 20240225  2.514 -149.40   68.65   -18.7   -26.6   -22.6   -23.0     0.0     3.70 C   -23.4   -33.1   -28.1    96.1    66.1    86.9 -99.000 -99.000 -99.000 -99.000 -99.000 -9999.0 -9999.0 -9999.0 -9999.0 -9999.0
96409 20240226  2.514 -149.40   68.65   -17.6   -24.3   -21.0   -20.8     0.4     4.39 C   -21.3   -33.2   -25.5    91.1    62.8    70.9 -99.000 -99.000 -99.000 -99.000 -99.000 -9999.0 -9999.0 -9999.0 -9999.0 -9999.0
96409 20240227  2.514 -149.40   68.65   -20.8   -33.9   -27.4   -28.2     1.9     2.71 C   -22.6   -40.5   -30.6    95.9    74.0    87.8 -99.000 -99.000 -99.000 -99.000 -99.000 -9999.0 -9999.0 -9999.0 -9999.0 -9999.0
96409 20240228  2.514 -149.40   68.65   -30.5   -35.7   -33.1   -33.6     0.0     4.42 C   -33.9   -42.4   -38.2    85.9    72.9    82.8 -99.000 -99.000 -99.000 -99.000 -99.000 -9999.0 -9999.0 -9999.0 -9999.0 -9999.0
96409 20240229  2.514 -149.40   68.65   -30.5   -36.5   -33.5   -33.2     0.0     5.06 C   -33.3   -41.8   -37.1    83.3    72.9    79.6 -99.000 -99.000 -99.000 -99.000 -99.000 -9999.0 -9999.0 -9999.0 -9999.0 -9999.0
96409 20240301  2.514 -149.40   68.65   -24.0   -32.8   -28.4   -28.5     0.0     5.47 C   -26.5   -37.1   -32.6    84.0    70.7    78.5 -99.000 -99.000 -99.000 -99.000 -99.000 -9999.0 -9999.0 -9999.0 -9999.0 -9999.0
96409 20240302  2.514 -149.40   68.65   -14.3   -24.0   -19.2   -19.2     0.0     5.23 C   -19.1   -30.2   -23.4    81.9    61.7    71.8 -99.000 -99.000 -99.000 -99.000 -99.000 -9999.0 -9999.0 -9999.0 -9999.0 -9999.0
96409 20240303  2.514 -149.40   68.65    -6.5   -19.9   -13.2   -12.2     0.0     3.12 C   -10.4   -26.1   -15.8    91.0    46.9    64.3 -99.000 -99.000 -99.000 -99.000 -99.000 -9999.0 -9999.0 -9999.0 -9999.0 -9999.0
96409 20240304  2.514 -149.40   68.65   -10.9   -18.5   -14.7   -14.7     2.3     2.69 C   -12.8   -22.2   -16.3    99.9    81.0    95.1 -99.000 -99.000 -99.000 -99.000 -99.000 -9999.0 -9999.0 -9999.0 -9999.0 -9999.0
96409 20240305  2.514 -149.40   68.65   -14.9   -20.7   -17.8   -17.4     2.7     5.18 C   -15.7   -26.1   -19.6    99.4    91.5    96.5 -99.000 -99.000 -99.000 -99.000 -99.000 -9999.0 -9999.0 -9999.0 -9999.0 -9999.0
96409 20240306  2.514 -149.40   68.65   -17.4   -25.5   -21.4   -20.7     2.6     3.71 C   -17.2   -28.4   -22.3    99.8    85.4    95.6 -99.000 -99.000 -99.000 -99.000 -99.000 -9999.0 -9999.0 -9999.0 -9999.0 -9999.0
96409 20240307  2.514 -149.40   68.65   -22.8   -31.4   -27.1   -27.1     0.0     6.08 C   -22.7   -38.7   -29.7    93.3    78.2    89.2 -99.000 -99.000 -99.000 -99.000 -99.000 -9999.0 -9999.0 -9999.0 -9999.0 -9999.0
96409 20240308  2.514 -149.40   68.65   -28.7   -35.4   -32.1   -31.7     0.0     6.87 C   -30.9   -40.3   -35.8    87.5    68.7    83.7 -99.000 -99.000 -99.000 -99.000 -99.000 -9999.0 -9999.0 -9999.0 -9999.0 -9999.0
96409 20240309  2.514 -149.40   68.65   -31.8   -37.5   -34.7   -34.7     0.0     7.18 C   -32.5   -42.6   -38.2    83.4    67.5    80.7 -99.000 -99.000 -99.000 -99.000 -99.000 -9999.0 -9999.0 -9999.0 -9999.0 -9999.0
96409 20240310  2.514 -149.40   68.65   -34.0   -40.2   -37.1   -37.1     0.0     7.41 C   -35.6   -45.0   -40.9    81.8    65.9    78.6 -99.000 -99.000 -99.000 -99.000 -99.000 -9999.0 -9999.0 -9999.0 -9999.0 -9999.0
96409 20240311  2.514 -149.40   68.65   -32.8   -39.8   -36.3   -36.3     0.2     5.49 C   -30.1   -45.2   -38.2    82.5    67.2    79.2 -99.000 -99.000 -99.000 -99.000 -99.000 -9999.0 -9999.0 -9999.0 -9999.0 -9999.0
96409 20240312  2.514 -149.40   68.65   -31.6   -38.7   -35.2   -34.7     0.2     6.05 C   -28.5   -42.7   -35.7    83.6    67.6    80.6 -99.000 -99.000 -99.000 -99.000 -99.000 -9999.0 -9999.0 -9999.0 -9999.0 -9999.0
96409 20240313  2.514 -149.40   68.65   -29.4   -35.9   -32.7   -31.7     0.0     4.36 C   -26.5   -39.8   -30.1    85.4    74.8    83.3 -99.000 -99.000 -99.000 -99.000 -99.000 -9999.0 -9999.0 -9999.0 -9999.0 -9999.0
96409 20240314  2.514 -149.40   68.65   -29.1   -34.8   -32.0   -31.7     0.0     8.60 C   -28.0   -41.7   -34.1    85.8    71.0    83.2 -99.000 -99.000 -99.000 -99.000 -99.000 -9999.0 -9999.0 -9999.0 -9999.0 -9999.0
96409 20240315  2.514 -149.40   68.65   -27.3   -34.4   -30.8   -31.2     0.0     9.28 C   -28.8   -38.9   -34.6    87.4    73.7    83.6 -99.000 -99.000 -99.000 -99.000 -99.000 -9999.0 -9999.0 -9999.0 -9999.0 -9999.0
96409 20240316  2.514 -149.40   68.65   -31.4   -35.8   -33.6   -33.6     0.0     9.55 C   -30.6   -40.1   -34.9    84.7    71.5    81.6 -99.000 -99.000 -99.000 -99.000 -99.000 -9999.0 -9999.0 -9999.0 -9999.0 -9999.0
96409 20240317  2.514 -149.40   68.65   -17.5   -34.8   -26.2   -31.6     0.0     7.12 C   -19.3   -33.9   -29.7    97.4    71.0    83.4 -99.000 -99.000 -99.000 -99.000 -99.000 -9999.0 -9999.0 -9999.0 -9999.0 -9999.0
96409 20240318  2.514 -149.40   68.65    -9.2   -28.0   -18.6   -15.7     0.7     5.69 C   -10.1   -26.6   -16.8    99.9    79.4    94.9 -99.000 -99.000 -99.000 -99.000 -99.000 -9999.0 -9999.0 -9999.0 -9999.0 -9999.0
96409 20240319  2.514 -149.40   68.65    -8.3   -21.2   -14.7   -14.2     0.2     9.13 C   -12.2   -24.3   -17.8    96.7    45.5    78.0 -99.000 -99.000 -99.000 -99.000 -99.000 -9999.0 -9999.0 -9999.0 -9999.0 -9999.0
96409 20240320  2.514 -149.40   68.65     0.8   -10.5    -4.9    -3.9     0.0     6.16 C    -1.8   -18.9    -8.6    89.5    61.4    76.0 -99.000 -99.000 -99.000 -99.000 -99.000 -9999.0 -9999.0 -9999.0 -9999.0 -9999.0
96409 20240321  2.514 -149.40   68.65     2.7    -7.3    -2.3    -1.5     8.4     5.97 C    -0.2   -12.8    -5.0    93.4    68.1    81.5 -99.000 -99.000 -99.000 -99.000 -99.000 -9999.0 -9999.0 -9999.0 -9999.0 -9999.0
96409 20240322  2.514 -149.40   68.65     5.2    -2.9     1.2     0.8     0.0    10.73 C     0.1    -7.0    -3.3    93.2    61.6    75.1 -99.000 -99.000 -99.000 -99.000 -99.000 -9999.0 -9999.0 -9999.0 -9999.0 -9999.0
96409 20240323  2.514 -149.40   68.65    -0.4   -11.3    -5.8    -4.2     0.0     8.09 C    -1.7   -13.3    -6.0   100.0    74.5    90.6 -99.000 -99.000 -99.000 -99.000 -99.000 -9999.0 -9999.0 -9999.0 -9999.0 -9999.0
96409 20240324  2.514 -149.40   68.65    -9.9   -14.2   -12.0   -12.0     0.0     4.42 C    -8.2   -15.0   -11.0    99.9    95.9    99.8 -99.000 -99.000 -99.000 -99.000 -99.000 -9999.0 -9999.0 -9999.0 -9999.0 -9999.0
96409 20240325  2.514 -149.40   68.65   -13.5   -19.0   -16.2   -15.5     1.7     6.61 C   -11.6   -20.6   -14.5    99.9    92.3    98.0 -99.000 -99.000 -99.000 -99.000 -99.000 -9999.0 -9999.0 -9999.0 -9999.0 -9999.0
96409 20240326  2.514 -149.40   68.65   -12.4   -22.8   -17.6   -17.9     0.5    11.31 C   -13.0   -26.1   -19.1    99.9    89.1    95.8 -99.000 -99.000 -99.000 -99.000 -99.000 -9999.0 -9999.0 -9999.0 -9999.0 -9999.0
96409 20240327  2.514 -149.40   68.65    -2.0   -13.5    -7.7    -6.4     0.0     8.75 C    -5.1   -19.6   -11.5    99.9    80.4    91.2 -99.000 -99.000 -99.000 -99.000 -99.000 -9999.0 -9999.0 -9999.0 -9999.0 -9999.0
96409 20240328  2.514 -149.40   68.65    -4.3   -11.6    -7.9    -6.5     2.3     6.76 C    -4.8   -16.6    -7.6   100.0    92.9    99.6 -99.000 -99.000 -99.000 -99.000 -99.000 -9999.0 -9999.0 -9999.0 -9999.0 -9999.0
96409 20240329  2.514 -149.40   68.65    -5.0   -14.0    -9.5    -9.4     0.0    12.87 C    -7.2   -20.4   -11.6    99.9    84.3    93.0 -99.000 -99.000 -99.000 -99.000 -99.000 -9999.0 -9999.0 -9999.0 -9999.0 -9999.0
96409 20240330  2.514 -149.40   68.65    -6.3   -15.5   -10.9   -10.5     0.0    13.09 C    -8.3   -21.1   -14.5    88.5    73.2    83.4 -99.000 -99.000 -99.000 -99.000 -99.000 -9999.0 -9999.0 -9999.0 -9999.0 -9999.0
96409 20240331  2.514 -149.40   68.65    -9.5   -18.0   -13.8   -15.5     0.8     9.11 C   -12.4   -19.8   -15.5    99.9    79.0    94.7 -99.000 -99.000 -99.000 -99.000 -99.000 -9999.0 -9999.0 -9999.0 -9999.0 -9999.0
96409 20240401  2.514 -149.40   68.65   -16.6   -28.2   -22.4   -22.0     1.6    12.48 C   -15.8   -31.5   -22.4    99.7    87.1    94.7 -99.000 -99.000 -99.000 -99.000 -99.000 -9999.0 -9999.0 -9999.0 -9999.0 -9999.0
96409 20240402  2.514 -149.40   68.65   -20.2   -29.2   -24.7   -24.1     0.5     9.85 C   -18.2   -32.5   -24.7    91.8    78.0    89.1 -99.000 -99.000 -99.000 -99.000 -99.000 -9999.0 -9999.0 -9999.0 -9999.0 -9999.0
96409 20240403  2.514 -149.40   68.65    -5.7   -24.2   -14.9   -12.0     0.4    11.49 C    -7.9   -26.9   -14.5    83.1    58.5    75.1 -99.000 -99.000 -99.000 -99.000 -99.000 -9999.0 -9999.0 -9999.0 -9999.0 -9999.0
96409 20240404  2.514 -149.40   68.65    -3.7    -8.4    -6.1    -6.1     0.3    12.79 C    -3.9   -12.6    -8.8    83.5    67.0    76.5 -99.000 -99.000 -99.000 -99.000 -99.000 -9999.0 -9999.0 -9999.0 -9999.0 -9999.0
96409 20240405  2.514 -149.40   68.65    -3.6   -11.7    -7.6    -7.4     0.0    11.92 C    -2.2   -14.2    -9.1    91.9    68.8    82.3 -99.000 -99.000 -99.000 -99.000 -99.000 -9999.0 -9999.0 -9999.0 -9999.0 -9999.0
96409 20240406  2.514 -149.40   68.65    -6.0   -17.6   -11.8   -11.6     0.0    14.94 C    -4.3   -18.8   -12.5    99.9    68.5    89.4 -99.000 -99.000 -99.000 -99.000 -99.000 -9999.0 -9999.0 -9999.0 -9999.0 -9999.0
96409 20240407  2.514 -149.40   68.65   -14.4   -21.1   -17.7   -17.7     3.1    10.76 C   -12.6   -20.8   -16.2    99.8    89.2    96.1 -99.000 -99.000 -99.000 -99.000 -99.000 -9999.0 -9999.0 -9999.0 -9999.0 -9999.0
96409 20240408  2.514 -149.40   68.65   -21.1   -31.0   -26.1   -25.3     0.4    15.59 C   -19.9   -33.1   -25.1    93.0    78.9    89.0 -99.000 -99.000 -99.000 -99.000 -99.000 -9999.0 -9999.0 -9999.0 -9999.0 -9999.0
96409 20240409  2.514 -149.40   68.65   -10.4   -30.3   -20.4   -21.2     0.0    16.51 C   -11.6   -33.8   -23.0    98.0    67.8    86.0 -99.000 -99.000 -99.000 -99.000 -99.000 -9999.0 -9999.0 -9999.0 -9999.0 -9999.0
96409 20240410  2.514 -149.40   68.65    -3.7   -18.8   -11.3    -9.5     0.0    16.82 C    -5.7   -25.7   -13.8    86.2    50.4    72.2 -99.000 -99.000 -99.000 -99.000 -99.000 -9999.0 -9999.0 -9999.0 -9999.0 -9999.0
96409 20240411  2.514 -149.40   68.65    -2.1    -6.4    -4.2    -4.2     0.0     9.22 C    -2.7    -8.9    -6.6    88.7    66.9    78.3 -99.000 -99.000 -99.000 -99.000 -99.000 -9999.0 -9999.0 -9999.0 -9999.0 -9999.0
96409 20240412  2.514 -149.40   68.65    -2.5   -20.3   -11.4   -10.0     1.5    10.67 C    -3.7   -22.8   -10.1   100.0    72.2    90.7 -99.000 -99.000 -99.000 -99.000 -99.000 -9999.0 -9999.0 -9999.0 -9999.0 -9999.0
96409 20240413  2.514 -149.40   68.65   -10.0   -23.2   -16.6   -16.3     1.5    12.40 C    -9.2   -25.8   -17.0    99.5    66.4    90.7 -99.000 -99.000 -99.000 -99.000 -99.000 -9999.0 -9999.0 -9999.0 -9999.0 -9999.0
96409 20240414  2.514 -149.40   68.65   -10.1   -22.5   -16.3   -16.4     2.9    16.32 C   -12.7   -25.7   -18.5    97.6    69.0    80.7 -99.000 -99.000 -99.000 -99.000 -99.000 -9999.0 -9999.0 -9999.0 -9999.0 -9999.0
96409 20240415  2.514 -149.40   68.65    -1.5   -13.1    -7.3    -7.1     0.2    16.82 C    -4.3   -17.7   -10.0    88.5    60.2    76.8 -99.000 -99.000 -99.000 -99.000 -99.000 -9999.0 -9999.0 -9999.0 -9999.0 -9999.0
96409 20240416  2.514 -149.40   68.65    -0.1    -4.8    -2.4    -1.9     5.2    11.46 C    -2.8    -8.1    -4.8    90.6    64.8    79.0 -99.000 -99.000 -99.000 -99.000 -99.000 -9999.0 -9999.0 -9999.0 -9999.0 -9999.0
96409 20240417  2.514 -149.40   68.65     1.9    -2.7    -0.4    -0.4     0.0    16.80 C     0.1    -5.7    -3.0    90.4    62.4    74.1 -99.000 -99.000 -99.000 -99.000 -99.000 -9999.0 -9999.0 -9999.0 -9999.0 -9999.0
96409 20240418  2.514 -149.40   68.65     5.2    -1.3     1.9     2.1     0.0    14.09 C     0.5    -3.7    -1.6    89.5    58.7    73.7 -99.000 -99.000 -99.000 -99.000 -99.000 -9999.0 -9999.0 -9999.0 -9999.0 -9999.0
96409 20240419  2.514 -149.40   68.65     5.5    -2.8     1.4     2.0     0.0    17.19 C     0.3    -7.8    -2.1    86.5    58.7    72.8 -99.000 -99.000 -99.000 -99.000 -99.000 -9999.0 -9999.0 -9999.0 -9999.0 -9999.0
96409 20240420  2.514 -149.40   68.65    -0.4    -8.8    -4.6    -4.6     0.0    10.71 C    -0.4    -7.2    -3.2   100.0    78.0    98.6 -99.000 -99.000 -99.000 -99.000 -99.000 -9999.0 -9999.0 -9999.0 -9999.0 -9999.0
96409 20240421  2.514 -149.40   68.65    -8.8   -16.3   -12.5   -13.4     1.5    14.07 C    -6.4   -16.2   -10.9    99.9    93.3    99.4 -99.000 -99.000 -99.000 -99.000 -99.000 -9999.0 -9999.0 -9999.0 -9999.0 -9999.0
96409 20240422  2.514 -149.40   68.65    -0.3   -16.8    -8.6    -8.6     0.0    16.28 C    -0.6   -19.2    -8.1   100.0    81.7    96.1 -99.000 -99.000 -99.000 -99.000 -99.000 -9999.0 -9999.0 -9999.0 -9999.0 -9999.0
96409 20240423  2.514 -149.40   68.65     2.2    -4.9    -1.4    -1.1     0.0    19.71 C     0.4    -8.5    -3.2    95.7    71.7    86.0 -99.000 -99.000 -99.000 -99.000 -99.000 -9999.0 -9999.0 -9999.0 -9999.0 -9999.0
96409 20240424  2.514 -149.40   68.65     1.7    -8.0    -3.2    -2.4     0.0    20.35 C    -0.2    -9.5    -4.4    99.5    68.9    87.8 -99.000 -99.000 -99.000 -99.000 -99.000 -9999.0 -9999.0 -9999.0 -9999.0 -9999.0
96409 20240425  2.514 -149.40   68.65     2.5    -6.3    -1.9    -1.8     0.0    20.52 C     0.0    -9.4    -4.0   100.0    63.0    84.1 -99.000 -99.000 -99.000 -99.000 -99.000 -9999.0 -9999.0 -9999.0 -9999.0 -9999.0
96409 20240426  2.514 -149.40   68.65    -1.0    -8.8    -4.9    -4.4     0.0    20.79 C    -0.4   -10.7    -5.1   100.0    76.7    93.6 -99.000 -99.000 -99.000 -99.000 -99.000 -9999.0 -9999.0 -9999.0 -9999.0 -9999.0
96409 20240427  2.514 -149.40   68.65    -2.9   -10.6    -6.7    -6.5     0.0    21.52 C    -1.1   -12.9    -7.0   100.0    81.0    93.9 -99.000 -99.000 -99.000 -99.000 -99.000 -9999.0 -9999.0 -9999.0 -9999.0 -9999.0
96409 20240428  2.514 -149.40   68.65    -3.9   -17.4   -10.7    -9.8     0.2    21.90 C    -1.7   -17.6    -9.7   100.0    69.0    87.6 -99.000 -99.000 -99.000 -99.000 -99.000 -9999.0 -9999.0 -9999.0 -9999.0 -9999.0
96409 20240429  2.514 -149.40   68.65   -11.1   -18.1   -14.6   -15.2     0.0    15.89 C    -6.2   -18.9   -12.7   100.0    92.3    98.3 -99.000 -99.000 -99.000 -99.000 -99.000 -9999.0 -9999.0 -9999.0 -9999.0 -9999.0
96409 20240430  2.514 -149.40   68.65   -15.1   -22.7   -18.9   -17.1     0.0    19.85 C   -10.7   -24.7   -15.2    99.9    91.7    96.8 -99.000 -99.000 -99.000 -99.000 -99.000 -9999.0 -9999.0 -9999.0 -9999.0 -9999.0
96409 20240501  2.514 -149.40   68.65   -11.6   -22.7   -17.1   -15.7     0.0    22.11 C    -7.9   -25.8   -14.6    99.9    79.5    94.3 -99.000 -99.000 -99.000 -99.000 -99.000 -9999.0 -9999.0 -9999.0 -9999.0 -9999.0
96409 20240502  2.514 -149.40   68.65   -10.4   -20.0   -15.2   -14.3     0.0    22.93 C    -7.2   -22.9   -14.4    96.1    78.9    89.4 -99.000 -99.000 -99.000 -99.000 -99.000 -9999.0 -9999.0 -9999.0 -9999.0 -9999.0
96409 20240503  2.514 -149.40   68.65    -9.9   -18.9   -14.4   -14.3     0.2    22.87 C    -5.9   -22.0   -13.9    99.9    78.3    92.9 -99.000 -99.000 -99.000 -99.000 -99.000 -9999.0 -9999.0 -9999.0 -9999.0 -9999.0
96409 20240504  2.514 -149.40   68.65   -14.9   -18.9   -16.9   -17.0     1.6    16.01 C   -10.9   -18.2   -15.4    99.3    90.5    96.4 -99.000 -99.000 -99.000 -99.000 -99.000 -9999.0 -9999.0 -9999.0 -9999.0 -9999.0
96409 20240505  2.514 -149.40   68.65   -17.2   -19.7   -18.4   -18.4     0.5    16.85 C   -13.6   -19.1   -16.6    99.8    88.4    93.8 -99.000 -99.000 -99.000 -99.000 -99.000 -9999.0 -9999.0 -9999.0 -9999.0 -9999.0
96409 20240506  2.514 -149.40   68.65   -13.6   -18.0   -15.8   -15.8     0.6    17.77 C    -7.3   -19.5   -14.5    99.9    89.7    97.6 -99.000 -99.000 -99.000 -99.000 -99.000 -9999.0 -9999.0 -9999.0 -9999.0 -9999.0
96409 20240507  2.514 -149.40   68.65    -2.7   -17.4   -10.1    -7.7     1.4    18.63 C    -0.9   -20.3    -7.0   100.0    86.6    96.9 -99.000 -99.000 -99.000 -99.000 -99.000 -9999.0 -9999.0 -9999.0 -9999.0 -9999.0
96409 20240508  2.514 -149.40   68.65    -7.3    -9.9    -8.6    -8.4     0.2    15.52 C    -4.5   -11.3    -6.0   100.0    99.2    99.9 -99.000 -99.000 -99.000 -99.000 -99.000 -9999.0 -9999.0 -9999.0 -9999.0 -9999.0
96409 20240509  2.514 -149.40   68.65     5.7   -10.1    -2.2    -1.6     0.0    22.70 C     0.2   -11.4    -3.0   100.0    56.7    87.4 -99.000 -99.000 -99.000 -99.000 -99.000 -9999.0 -9999.0 -9999.0 -9999.0 -9999.0
96409 20240510  2.514 -149.40   68.65    -1.9   -10.7    -6.3    -5.2     1.5    18.41 C     0.1   -11.2    -3.8   100.0    95.7    99.7 -99.000 -99.000 -99.000 -99.000 -99.000 -9999.0 -9999.0 -9999.0 -9999.0 -9999.0
96409 20240511  2.514 -149.40   68.65    -1.4    -5.2    -3.3    -3.6     0.2    20.88 C    -0.2    -5.2    -2.8   100.0    94.2    99.6 -99.000 -99.000 -99.000 -99.000 -99.000 -9999.0 -9999.0 -9999.0 -9999.0 -9999.0
96409 20240512  2.514 -149.40   68.65    -4.6    -7.4    -6.0    -6.3     0.0    16.12 C    -1.4    -7.1    -4.4   100.0    99.9    99.9 -99.000 -99.000 -99.000 -99.000 -99.000 -9999.0 -9999.0 -9999.0 -9999.0 -9999.0
96409 20240513  2.514 -149.40   68.65    -2.5    -9.1    -5.8    -5.6     0.8    18.83 C     0.0   -12.1    -4.3   100.0    99.9    99.9 -99.000 -99.000 -99.000 -99.000 -99.000 -9999.0 -9999.0 -9999.0 -9999.0 -9999.0
96409 20240514  2.514 -149.40   68.65     6.1    -4.6     0.7     0.7     0.0    24.35 C     0.2    -8.5    -2.4    99.9    52.3    81.1 -99.000 -99.000 -99.000 -99.000 -99.000 -9999.0 -9999.0 -9999.0 -9999.0 -9999.0
96409 20240515  2.514 -149.40   68.65     6.9    -0.8     3.1     4.2     0.0    23.67 C     0.3    -4.3    -1.1    79.7    48.5    62.5 -99.000 -99.000 -99.000 -99.000 -99.000 -9999.0 -9999.0 -9999.0 -9999.0 -9999.0
96409 20240516  2.514 -149.40   68.65     9.1     0.1     4.6     5.1     0.0    24.13 C     6.3    -2.4     1.3    92.4    54.8    68.8 -99.000 -99.000 -99.000 -99.000 -99.000 -9999.0 -9999.0 -9999.0 -9999.0 -9999.0
96409 20240517  2.514 -149.40   68.65     4.8    -2.4     1.2     0.2     0.0    22.06 C    13.1    -3.1     2.9   100.0    73.0    93.3 -99.000 -99.000 -99.000 -99.000 -99.000 -9999.0 -9999.0 -9999.0 -9999.0 -9999.0
96409 20240518  2.514 -149.40   68.65     7.2    -3.9     1.7     1.7     0.0    25.49 C    18.0    -2.5     6.0   100.0    65.5    91.0 -99.000 -99.000 -99.000 -99.000 -99.000 -9999.0 -9999.0 -9999.0 -9999.0 -9999.0
96409 20240519  2.514 -149.40   68.65     6.1    -3.0     1.6     1.5     0.0    26.04 C    18.9    -4.2     5.9   100.0    75.3    93.4 -99.000 -99.000 -99.000 -99.000 -99.000 -9999.0 -9999.0 -9999.0 -9999.0 -9999.0
96409 20240520  2.514 -149.40   68.65    11.0    -5.5     2.8     4.1     0.0    25.91 C    21.6    -4.8     7.7    99.9    45.5    78.5 -99.000 -99.000 -99.000 -99.000 -99.000 -9999.0 -9999.0 -9999.0 -9999.0 -9999.0
96409 20240521  2.514 -149.40   68.65    14.6    -0.2     7.2     8.5     0.0    25.38 C    19.9    -2.1     8.7    91.8    36.8    60.0 -99.000 -99.000 -99.000 -99.000 -99.000 -9999.0 -9999.0 -9999.0 -9999.0 -9999.0
96409 20240522  2.514 -149.40   68.65     9.5    -3.7     2.9     3.0     0.0    13.82 C    18.2    -1.8     5.8   100.0    55.3    83.5 -99.000 -99.000 -99.000 -99.000 -99.000 -9999.0 -9999.0 -9999.0 -9999.0 -9999.0
96409 20240523  2.514 -149.40   68.65    -0.5    -4.4    -2.4    -3.1     0.3    11.26 C    12.7    -3.2     1.6   100.0    97.0    99.8 -99.000 -99.000 -99.000 -99.000 -99.000 -9999.0 -9999.0 -9999.0 -9999.0 -9999.0
96409 20240524  2.514 -149.40   68.65    -2.3    -6.8    -4.6    -4.4     0.2     8.33 C     3.9    -4.8    -1.5    99.9    99.9    99.9 -99.000 -99.000 -99.000 -99.000 -99.000 -9999.0 -9999.0 -9999.0 -9999.0 -9999.0
96409 20240525  2.514 -149.40   68.65    -4.6    -8.5    -6.6    -6.6     3.6     9.29 C     1.6    -8.1    -3.7    99.9    95.3    99.6 -99.000 -99.000 -99.000 -99.000 -99.000 -9999.0 -9999.0 -9999.0 -9999.0 -9999.0
96409 20240526  2.514 -149.40   68.65    -1.5    -8.7    -5.1    -5.2     0.6    19.30 C    10.2    -9.9    -1.7   100.0    99.4    99.9 -99.000 -99.000 -99.000 -99.000 -99.000 -9999.0 -9999.0 -9999.0 -9999.0 -9999.0
96409 20240527  2.514 -149.40   68.65     6.5    -5.1     0.7     1.4     0.0    20.89 C    18.8    -3.9     6.0   100.0    74.8    91.4 -99.000 -99.000 -99.000 -99.000 -99.000 -9999.0 -9999.0 -9999.0 -9999.0 -9999.0
96409 20240528  2.514 -149.40   68.65    10.4    -0.5     5.0     5.7     0.0    16.35 C    21.8    -1.5     8.1   100.0    54.2    83.2 -99.000 -99.000 -99.000 -99.000 -99.000 -9999.0 -9999.0 -9999.0 -9999.0 -9999.0
96409 20240529  2.514 -149.40   68.65    10.5    -0.5     5.0     6.5     0.0    27.16 C    17.9    -2.2     8.2    99.9    56.7    75.1 -99.000 -99.000 -99.000 -99.000 -99.000 -9999.0 -9999.0 -9999.0 -9999.0 -9999.0
96409 20240530  2.514 -149.40   68.65     9.1    -1.2     3.9     5.0     0.0    27.65 C    17.4    -3.2     7.5    99.9    43.7    72.1 -99.000 -99.000 -99.000 -99.000 -99.000 -9999.0 -9999.0 -9999.0 -9999.0 -9999.0
96409 20240531  2.514 -149.40   68.65     9.3    -2.9     3.2     3.7     0.0    26.59 C    19.4    -4.1     7.6   100.0    68.6    84.9 -99.000 -99.000 -99.000 -99.000 -99.000 -9999.0 -9999.0 -9999.0 -9999.0 -9999.0
96409 20240601  2.514 -149.40   68.65     5.4    -3.8     0.8     0.5     0.7    18.14 C    18.3    -3.3     4.9   100.0    87.0    96.2 -99.000 -99.000 -99.000 -99.000 -99.000 -9999.0 -9999.0 -9999.0 -9999.0 -9999.0
96409 20240602  2.514 -149.40   68.65    -2.9    -5.3    -4.1    -4.3    35.3    11.57 C    -0.9    -4.9    -3.5   100.0    99.9    99.9 -99.000 -99.000 -99.000 -99.000 -99.000 -9999.0 -9999.0 -9999.0 -9999.0 -9999.0
96409 20240603  2.514 -149.40   68.65    -3.6    -6.1    -4.8    -4.7     0.0    21.26 C     0.7    -5.7    -2.5   100.0    99.7    99.9 -99.000 -99.000 -99.000 -99.000 -99.000 -9999.0 -9999.0 -9999.0 -9999.0 -9999.0
96409 20240604  2.514 -149.40   68.65    -2.0    -4.9    -3.4    -3.5     0.9    21.70 C     0.5    -4.5    -2.0   100.0    99.9    99.9 -99.000 -99.000 -99.000 -99.000 -99.000 -9999.0 -9999.0 -9999.0 -9999.0 -9999.0
96409 20240605  2.514 -149.40   68.65     1.2    -5.2    -2.0    -1.8     0.0    28.39 C     0.2    -7.0    -2.3   100.0    93.5    99.4 -99.000 -99.000 -99.000 -99.000 -99.000 -9999.0 -9999.0 -9999.0 -9999.0 -9999.0
96409 20240606  2.514 -149.40   68.65     9.4    -4.1     2.7     2.3     0.0    27.10 C     9.3    -5.5     1.7   100.0    81.9    95.2 -99.000 -99.000 -99.000 -99.000 -99.000 -9999.0 -9999.0 -9999.0 -9999.0 -9999.0
96409 20240607  2.514 -149.40   68.65     7.9     2.7     5.3     6.1     7.7     5.20 C     8.9    -0.3     5.6   100.0    94.0    99.8 -99.000 -99.000 -99.000 -99.000 -99.000 -9999.0 -9999.0 -9999.0 -9999.0 -9999.0
96409 20240608  2.514 -149.40   68.65    12.3     1.0     6.6     7.8     0.0    27.24 C    19.8    -1.0     9.8   100.0    76.6    89.9 -99.000 -99.000 -99.000 -99.000 -99.000 -9999.0 -9999.0 -9999.0 -9999.0 -9999.0
96409 20240609  2.514 -149.40   68.65    18.3     0.3     9.3    10.8     0.3    28.14 C    24.8    -1.6    12.0   100.0    55.2    80.1 -99.000 -99.000 -99.000 -99.000 -99.000 -9999.0 -9999.0 -9999.0 -9999.0 -9999.0
96409 20240610  2.514 -149.40   68.65     8.3     0.1     4.2     3.0     0.4    11.05 C    13.8     0.2     6.3   100.0    78.6    96.4 -99.000 -99.000 -99.000 -99.000 -99.000 -9999.0 -9999.0 -9999.0 -9999.0 -9999.0
96409 20240611  2.514 -149.40   68.65    12.5     0.7     6.6     7.2     0.2    26.57 C    22.5    -0.6    11.1   100.0    69.1    89.4 -99.000 -99.000 -99.000 -99.000 -99.000 -9999.0 -9999.0 -9999.0 -9999.0 -9999.0
96409 20240612  2.514 -149.40   68.65    19.3     0.9    10.1    13.5     0.4    28.00 C    26.9    -1.7    13.8   100.0    35.8    62.6 -99.000 -99.000 -99.000 -99.000 -99.000 -9999.0 -9999.0 -9999.0 -9999.0 -9999.0
96409 20240613  2.514 -149.40   68.65    19.8     5.9    12.9    14.5     0.2    28.28 C    28.2     1.3    15.1    90.1    38.5    56.1 -99.000 -99.000 -99.000 -99.000 -99.000 -9999.0 -9999.0 -9999.0 -9999.0 -9999.0
96409 20240614  2.514 -149.40   68.65    17.1     3.7    10.4    11.8     0.5    28.40 C    26.7    -0.4    13.3    97.8    38.1    67.0 -99.000 -99.000 -99.000 -99.000 -99.000 -9999.0 -9999.0 -9999.0 -9999.0 -9999.0
96409 20240615  2.514 -149.40   68.65    16.4     3.1     9.8    10.5     6.5    20.30 C    23.8     0.8    11.6   100.0    60.4    82.5 -99.000 -99.000 -99.000 -99.000 -99.000 -9999.0 -9999.0 -9999.0 -9999.0 -9999.0
96409 20240616  2.514 -149.40   68.65    17.4     2.6    10.0    11.8     0.0    21.60 C    28.0     1.1    12.8   100.0    51.0    71.2 -99.000 -99.000 -99.000 -99.000 -99.000 -9999.0 -9999.0 -9999.0 -9999.0 -9999.0
96409 20240617  2.514 -149.40   68.65    15.8     4.5    10.1    10.7     6.6    17.04 C    24.0     2.9    11.3   100.0    55.2    82.7 -99.000 -99.000 -99.000 -99.000 -99.000 -9999.0 -9999.0 -9999.0 -9999.0 -9999.0
96409 20240618  2.514 -149.40   68.65    18.4     4.8    11.6    12.8     0.0    22.78 C    27.4     1.5    13.2   100.0    43.0    71.4 -99.000 -99.000 -99.000 -99.000 -99.000 -9999.0 -9999.0 -9999.0 -9999.0 -9999.0
96409 20240619  2.514 -149.40   68.65    14.8     2.7     8.7    10.6     0.0    25.89 C    23.5     0.5    12.4   100.0    50.4    76.5 -99.000 -99.000 -99.000 -99.000 -99.000 -9999.0 -9999.0 -9999.0 -9999.0 -9999.0
96409 20240620  2.514 -149.40   68.65    12.7    -0.1     6.3     7.8     0.0    29.09 C    21.8    -2.1    10.1   100.0    57.2    78.6 -99.000 -99.000 -99.000 -99.000 -99.000 -9999.0 -9999.0 -9999.0 -9999.0 -9999.0
96409 20240621  2.514 -149.40   68.65    14.5     1.6     8.0     9.2     0.0    28.52 C    21.9    -1.9    10.8   100.0    53.7    74.3 -99.000 -99.000 -99.000 -99.000 -99.000 -9999.0 -9999.0 -9999.0 -9999.0 -9999.0
96409 20240622  2.514 -149.40   68.65    18.4     1.4     9.9    11.9     0.0    22.67 C    29.5    -1.6    13.0   100.0    44.8    71.4 -99.000 -99.000 -99.000 -99.000 -99.000 -9999.0 -9999.0 -9999.0 -9999.0 -9999.0
96409 20240623  2.514 -149.40   68.65    15.6     5.4    10.5    11.2     1.0    19.47 C    26.3     2.9    12.7   100.0    50.8    76.4 -99.000 -99.000 -99.000 -99.000 -99.000 -9999.0 -9999.0 -9999.0 -9999.0 -9999.0
96409 20240624  2.514 -149.40   68.65    18.3     6.9    12.6    13.0     0.0    26.56 C    29.6     5.6    15.4   100.0    37.9    67.5 -99.000 -99.000 -99.000 -99.000 -99.000 -9999.0 -9999.0 -9999.0 -9999.0 -9999.0
96409 20240625  2.514 -149.40   68.65    22.8     6.1    14.4    15.7     0.0    18.56 C    31.2     4.0    14.9    91.3    33.0    58.3 -99.000 -99.000 -99.000 -99.000 -99.000 -9999.0 -9999.0 -9999.0 -9999.0 -9999.0
96409 20240626  2.514 -149.40   68.65    24.0     9.4    16.7    18.5     0.0    23.46 C    33.9     4.9    18.1    80.8    35.6    53.4 -99.000 -99.000 -99.000 -99.000 -99.000 -9999.0 -9999.0 -9999.0 -9999.0 -9999.0
96409 20240627  2.514 -149.40   68.65    26.1    11.8    18.9    20.5     0.0    25.90 C    33.9     8.5    19.9    84.3    27.9    48.6 -99.000 -99.000 -99.000 -99.000 -99.000 -9999.0 -9999.0 -9999.0 -9999.0 -9999.0
96409 20240628  2.514 -149.40   68.65 -9999.0 -9999.0 -9999.0 -9999.0     1.0 -9999.00 U -9999.0 -9999.0 -9999.0 -9999.0 -9999.0 -9999.0 -99.000 -99.000 -99.000 -99.000 -99.000 -9999.0 -9999.0 -9999.0 -9999.0 -9999.0
96409 20240629  2.514 -149.40   68.65    13.0     8.9    10.9    11.5     0.4     4.53 C    20.3     5.9    11.3   100.0    94.6    99.8 -99.000 -99.000 -99.000 -99.000 -99.000 -9999.0 -9999.0 -9999.0 -9999.0 -9999.0
96409 20240630  2.514 -149.40   68.65    18.5     5.8    12.1    13.7     0.0    18.44 C    30.3     3.2    14.9   100.0    60.2    81.2 -99.000 -99.000 -99.000 -99.000 -99.000 -9999.0 -9999.0 -9999.0 -9999.0 -9999.0
96409 20240701  2.514 -149.40   68.65    19.3     8.7    14.0    14.3     0.0    19.61 C    31.0     5.7    16.2   100.0    50.0    74.2 -99.000 -99.000 -99.000 -99.000 -99.000 -9999.0 -9999.0 -9999.0 -9999.0 -9999.0
96409 20240702  2.514 -149.40   68.65 -9999.0 -9999.0 -9999.0 -9999.0 -9999.0 -9999.00 U -9999.0 -9999.0 -9999.0 -9999.0 -9999.0 -9999.0 -99.000 -99.000 -99.000 -99.000 -99.000 -9999.0 -9999.0 -9999.0 -9999.0 -9999.0
