25380 20240101  2.514 -135.69   58.43 -9999.0 -9999.0 -9999.0 -9999.0 -9999.0 -9999.00 U -9999.0 -9999.0 -9999.0 -9999.0 -9999.0 -9999.0 -99.000 -99.000 -99.000 -99.000 -99.000 -9999.0 -9999.0 -9999.0 -9999.0 -9999.0
25380 20240102  2.514 -135.69   58.43 -9999.0 -9999.0 -9999.0 -9999.0 -9999.0 -9999.00 U -9999.0 -9999.0 -9999.0 -9999.0 -9999.0 -9999.0 -99.000 -99.000 -99.000 -99.000 -99.000 -9999.0 -9999.0 -9999.0 -9999.0 -9999.0
25380 20240103  2.514 -135.69   58.43 -9999.0 -9999.0 -9999.0 -9999.0 -9999.0 -9999.00 U -9999.0 -9999.0 -9999.0 -9999.0 -9999.0 -9999.0 -99.000 -99.000 -99.000 -99.000 -99.000 -9999.0 -9999.0 -9999.0 -9999.0 -9999.0
25380 20240104 -9.000 -135.69   58.43 -9999.0 -9999.0 -9999.0 -9999.0 -9999.0 -9999.00 U -9999.0 -9999.0 -9999.0 -9999.0 -9999.0 -9999.0 -99.000 -99.000 -99.000 -99.000 -99.000 -9999.0 -9999.0 -9999.0 -9999.0 -9999.0
25380 20240105  2.514 -135.69   58.43 -9999.0 -9999.0 -9999.0 -9999.0 -9999.0 -9999.00 U -9999.0 -9999.0 -9999.0 -9999.0 -9999.0 -9999.0 -99.000 -99.000 -99.000 -99.000 -99.000 -9999.0 -9999.0 -9999.0 -9999.0 -9999.0
25380 20240106  2.514 -135.69   58.43    -0.8    -7.0    -3.9    -3.4     0.0     0.55 C    -0.5    -5.9    -3.2    92.3    86.4    89.9 -99.000 -99.000 -99.000 -99.000 -99.000 -9999.0 -9999.0 -9999.0 -9999.0 -9999.0
25380 20240107  2.514 -135.69   58.43    -1.0    -2.9    -2.0    -1.9     2.8     0.27 C    -0.5    -3.1    -1.7    94.6    90.7    92.7 -99.000 -99.000 -99.000 -99.000 -99.000 -9999.0 -9999.0 -9999.0 -9999.0 -9999.0
25380 20240108  2.514 -135.69   58.43     1.3    -3.0    -0.9     0.0     0.0     0.28 C     0.0    -7.3    -1.0    96.6    88.8    93.4 -99.000 -99.000 -99.000 -99.000 -99.000 -9999.0 -9999.0 -9999.0 -9999.0 -9999.0
25380 20240109  2.514 -135.69   58.43    -2.3   -13.5    -7.9    -7.1     0.0     0.98 C    -2.4   -15.5    -9.5    96.1    83.1    89.2 -99.000 -99.000 -99.000 -99.000 -99.000 -9999.0 -9999.0 -9999.0 -9999.0 -9999.0
25380 20240110  2.514 -135.69   58.43    -3.4   -15.8    -9.6    -9.0     0.0     1.35 C    -7.6   -20.9   -12.8    87.9    30.0    66.7 -99.000 -99.000 -99.000 -99.000 -99.000 -9999.0 -9999.0 -9999.0 -9999.0 -9999.0
25380 20240111  2.514 -135.69   58.43    -8.4   -21.5   -14.9   -13.1     0.0     1.80 C   -11.6   -22.7   -17.5    81.4    30.9    48.8 -99.000 -99.000 -99.000 -99.000 -99.000 -9999.0 -9999.0 -9999.0 -9999.0 -9999.0
25380 20240112  2.514 -135.69   58.43    -8.9   -21.8   -15.3   -14.7     1.0     0.09 C    -8.6   -22.5   -14.3    88.3    80.1    83.3 -99.000 -99.000 -99.000 -99.000 -99.000 -9999.0 -9999.0 -9999.0 -9999.0 -9999.0
25380 20240113  2.514 -135.69   58.43 -9999.0 -9999.0 -9999.0 -9999.0 -9999.0 -9999.00 U -9999.0 -9999.0 -9999.0 -9999.0 -9999.0 -9999.0 -99.000 -99.000 -99.000 -99.000 -99.000 -9999.0 -9999.0 -9999.0 -9999.0 -9999.0
25380 20240114  2.514 -135.69   58.43 -9999.0 -9999.0 -9999.0 -9999.0 -9999.0 -9999.00 U -9999.0 -9999.0 -9999.0 -9999.0 -9999.0 -9999.0 -99.000 -99.000 -99.000 -99.000 -99.000 -9999.0 -9999.0 -9999.0 -9999.0 -9999.0
25380 20240115  2.514 -135.69   58.43     2.2     0.0     1.1     0.8    31.9     0.00 C     0.1    -1.3    -0.3   100.0    87.7    94.0 -99.000 -99.000 -99.000 -99.000 -99.000 -9999.0 -9999.0 -9999.0 -9999.0 -9999.0
25380 20240116  2.514 -135.69   58.43     3.1    -9.5    -3.2    -1.8     0.0     1.88 C    -1.0   -12.9    -6.2    95.7    48.0    76.6 -99.000 -99.000 -99.000 -99.000 -99.000 -9999.0 -9999.0 -9999.0 -9999.0 -9999.0
25380 20240117  2.514 -135.69   58.43     1.6   -10.6    -4.5    -1.8     0.0     0.15 C    -1.7   -13.3    -5.0    91.8    36.5    54.8 -99.000 -99.000 -99.000 -99.000 -99.000 -9999.0 -9999.0 -9999.0 -9999.0 -9999.0
25380 20240118  2.514 -135.69   58.43    -1.1   -11.7    -6.4    -4.3     0.0     2.17 C    -5.5   -14.9    -9.5    77.1    32.5    46.0 -99.000 -99.000 -99.000 -99.000 -99.000 -9999.0 -9999.0 -9999.0 -9999.0 -9999.0
25380 20240119  2.514 -135.69   58.43    -0.6   -14.3    -7.4   -10.3     0.0     2.12 C    -7.1   -16.2   -13.3    89.5    48.8    81.8 -99.000 -99.000 -99.000 -99.000 -99.000 -9999.0 -9999.0 -9999.0 -9999.0 -9999.0
25380 20240120  2.514 -135.69   58.43    -3.9   -13.7    -8.8    -8.0     0.0     0.53 C    -4.2   -14.9    -8.5    91.9    85.8    88.8 -99.000 -99.000 -99.000 -99.000 -99.000 -9999.0 -9999.0 -9999.0 -9999.0 -9999.0
25380 20240121  2.514 -135.69   58.43 -9999.0 -9999.0 -9999.0 -9999.0 -9999.0 -9999.00 U -9999.0 -9999.0 -9999.0 -9999.0 -9999.0 -9999.0 -99.000 -99.000 -99.000 -99.000 -99.000 -9999.0 -9999.0 -9999.0 -9999.0 -9999.0
25380 20240122  2.514 -135.69   58.43 -9999.0 -9999.0 -9999.0 -9999.0 -9999.0 -9999.00 U -9999.0 -9999.0 -9999.0 -9999.0 -9999.0 -9999.0 -99.000 -99.000 -99.000 -99.000 -99.000 -9999.0 -9999.0 -9999.0 -9999.0 -9999.0
25380 20240123  2.514 -135.69   58.43 -9999.0 -9999.0 -9999.0 -9999.0 -9999.0 -9999.00 U -9999.0 -9999.0 -9999.0 -9999.0 -9999.0 -9999.0 -99.000 -99.000 -99.000 -99.000 -99.000 -9999.0 -9999.0 -9999.0 -9999.0 -9999.0
25380 20240124  2.514 -135.69   58.43 -9999.0 -9999.0 -9999.0 -9999.0 -9999.0 -9999.00 U -9999.0 -9999.0 -9999.0 -9999.0 -9999.0 -9999.0 -99.000 -99.000 -99.000 -99.000 -99.000 -9999.0 -9999.0 -9999.0 -9999.0 -9999.0
25380 20240125  2.514 -135.69   58.43     1.6    -0.2     0.7     0.4     0.3     0.82 C    -0.1    -1.3    -0.3    97.2    96.4    96.7 -99.000 -99.000 -99.000 -99.000 -99.000 -9999.0 -9999.0 -9999.0 -9999.0 -9999.0
25380 20240126  2.514 -135.69   58.43     6.1     0.2     3.1     1.3    10.2     0.18 C     1.0    -0.4    -0.1    97.1    89.5    95.8 -99.000 -99.000 -99.000 -99.000 -99.000 -9999.0 -9999.0 -9999.0 -9999.0 -9999.0
25380 20240127  2.514 -135.69   58.43     6.6     4.3     5.5     5.8    13.7     0.69 C     0.6     0.0     0.3    91.9    77.6    85.6 -99.000 -99.000 -99.000 -99.000 -99.000 -9999.0 -9999.0 -9999.0 -9999.0 -9999.0
25380 20240128  2.514 -135.69   58.43 -9999.0 -9999.0 -9999.0 -9999.0 -9999.0 -9999.00 U -9999.0 -9999.0 -9999.0 -9999.0 -9999.0 -9999.0 -99.000 -99.000 -99.000 -99.000 -99.000 -9999.0 -9999.0 -9999.0 -9999.0 -9999.0
25380 20240129 -9.000 -135.69   58.43 -9999.0 -9999.0 -9999.0 -9999.0 -9999.0 -9999.00 U -9999.0 -9999.0 -9999.0 -9999.0 -9999.0 -9999.0 -99.000 -99.000 -99.000 -99.000 -99.000 -9999.0 -9999.0 -9999.0 -9999.0 -9999.0
25380 20240130  2.514 -135.69   58.43 -9999.0 -9999.0 -9999.0 -9999.0 -9999.0 -9999.00 U -9999.0 -9999.0 -9999.0 -9999.0 -9999.0 -9999.0 -99.000 -99.000 -99.000 -99.000 -99.000 -9999.0 -9999.0 -9999.0 -9999.0 -9999.0
25380 20240131  2.514 -135.69   58.43 -9999.0 -9999.0 -9999.0 -9999.0 -9999.0 -9999.00 U -9999.0 -9999.0 -9999.0 -9999.0 -9999.0 -9999.0 -99.000 -99.000 -99.000 -99.000 -99.000 -9999.0 -9999.0 -9999.0 -9999.0 -9999.0
25380 20240201  2.514 -135.69   58.43    -0.9    -8.6    -4.7    -3.5     0.6     0.36 C    -2.3   -15.4    -5.7    96.2    73.9    89.0 -99.000 -99.000 -99.000 -99.000 -99.000 -9999.0 -9999.0 -9999.0 -9999.0 -9999.0
25380 20240202  2.514 -135.69   58.43    -5.2   -10.4    -7.8    -7.0     2.0     0.19 C    -5.0   -14.7    -8.1    91.9    71.7    85.4 -99.000 -99.000 -99.000 -99.000 -99.000 -9999.0 -9999.0 -9999.0 -9999.0 -9999.0
25380 20240203  2.514 -135.69   58.43    -2.6    -6.2    -4.4    -4.3     1.8     0.01 C    -2.9    -6.3    -4.4    92.8    82.6    88.9 -99.000 -99.000 -99.000 -99.000 -99.000 -9999.0 -9999.0 -9999.0 -9999.0 -9999.0
25380 20240204  2.514 -135.69   58.43 -9999.0 -9999.0 -9999.0 -9999.0 -9999.0 -9999.00 U -9999.0 -9999.0 -9999.0 -9999.0 -9999.0 -9999.0 -99.000 -99.000 -99.000 -99.000 -99.000 -9999.0 -9999.0 -9999.0 -9999.0 -9999.0
25380 20240205  2.514 -135.69   58.43     3.4    -0.9     1.3     1.2     1.6     2.50 C     1.4    -1.8    -0.1    97.1    84.1    93.9 -99.000 -99.000 -99.000 -99.000 -99.000 -9999.0 -9999.0 -9999.0 -9999.0 -9999.0
25380 20240206  2.514 -135.69   58.43     1.4    -7.2    -2.9    -0.7     3.1     1.98 C     0.7    -9.4    -2.1    97.3    91.6    95.6 -99.000 -99.000 -99.000 -99.000 -99.000 -9999.0 -9999.0 -9999.0 -9999.0 -9999.0
25380 20240207  2.514 -135.69   58.43     0.6    -9.3    -4.4    -3.5     0.0     3.37 C    -0.1   -10.7    -4.7    94.7    76.3    90.5 -99.000 -99.000 -99.000 -99.000 -99.000 -9999.0 -9999.0 -9999.0 -9999.0 -9999.0
25380 20240208  2.514 -135.69   58.43     1.6    -7.8    -3.1    -1.9     0.0     2.22 C     0.6   -10.6    -3.3    96.8    75.8    91.5 -99.000 -99.000 -99.000 -99.000 -99.000 -9999.0 -9999.0 -9999.0 -9999.0 -9999.0
25380 20240209  2.514 -135.69   58.43     3.3    -8.8    -2.7    -1.0    11.2     0.00 C     0.3   -10.8    -2.2    95.8    80.7    89.9 -99.000 -99.000 -99.000 -99.000 -99.000 -9999.0 -9999.0 -9999.0 -9999.0 -9999.0
25380 20240210  2.514 -135.69   58.43 -9999.0 -9999.0 -9999.0 -9999.0 -9999.0 -9999.00 U -9999.0 -9999.0 -9999.0 -9999.0 -9999.0 -9999.0 -99.000 -99.000 -99.000 -99.000 -99.000 -9999.0 -9999.0 -9999.0 -9999.0 -9999.0
25380 20240211  2.514 -135.69   58.43 -9999.0 -9999.0 -9999.0 -9999.0 -9999.0 -9999.00 U -9999.0 -9999.0 -9999.0 -9999.0 -9999.0 -9999.0 -99.000 -99.000 -99.000 -99.000 -99.000 -9999.0 -9999.0 -9999.0 -9999.0 -9999.0
25380 20240212  2.514 -135.69   58.43     5.0    -0.6     2.2     2.7     0.0     1.70 C     1.7    -0.8     0.3    96.1    67.6    83.6 -99.000 -99.000 -99.000 -99.000 -99.000 -9999.0 -9999.0 -9999.0 -9999.0 -9999.0
25380 20240213  2.514 -135.69   58.43     3.6    -4.5    -0.5    -0.1     0.0     3.37 C     1.6    -4.3    -0.9    97.0    73.3    90.2 -99.000 -99.000 -99.000 -99.000 -99.000 -9999.0 -9999.0 -9999.0 -9999.0 -9999.0
25380 20240214  2.514 -135.69   58.43     3.5    -8.2    -2.3    -3.3     0.0     4.30 C     0.8    -6.3    -3.4    95.3    61.2    88.7 -99.000 -99.000 -99.000 -99.000 -99.000 -9999.0 -9999.0 -9999.0 -9999.0 -9999.0
25380 20240215  2.514 -135.69   58.43     5.2   -10.2    -2.5    -4.0     0.0     5.88 C     1.5    -7.3    -4.2    94.4    55.1    85.0 -99.000 -99.000 -99.000 -99.000 -99.000 -9999.0 -9999.0 -9999.0 -9999.0 -9999.0
25380 20240216  2.514 -135.69   58.43     6.1   -10.1    -2.0    -4.0     0.0     5.58 C     1.9    -8.9    -5.1    94.9    49.0    84.5 -99.000 -99.000 -99.000 -99.000 -99.000 -9999.0 -9999.0 -9999.0 -9999.0 -9999.0
25380 20240217  2.514 -135.69   58.43     4.7    -7.9    -1.6     0.2     0.4     1.44 C     1.5    -8.0    -0.9    94.2    63.2    84.8 -99.000 -99.000 -99.000 -99.000 -99.000 -9999.0 -9999.0 -9999.0 -9999.0 -9999.0
25380 20240218  2.514 -135.69   58.43     5.2    -1.1     2.1     1.7     0.8     2.06 C     2.2    -1.2     0.4    96.6    78.0    92.5 -99.000 -99.000 -99.000 -99.000 -99.000 -9999.0 -9999.0 -9999.0 -9999.0 -9999.0
25380 20240219  2.514 -135.69   58.43 -9999.0 -9999.0 -9999.0 -9999.0 -9999.0 -9999.00 U -9999.0 -9999.0 -9999.0 -9999.0 -9999.0 -9999.0 -99.000 -99.000 -99.000 -99.000 -99.000 -9999.0 -9999.0 -9999.0 -9999.0 -9999.0
25380 20240220  2.514 -135.69   58.43 -9999.0 -9999.0 -9999.0 -9999.0 -9999.0 -9999.00 U -9999.0 -9999.0 -9999.0 -9999.0 -9999.0 -9999.0 -99.000 -99.000 -99.000 -99.000 -99.000 -9999.0 -9999.0 -9999.0 -9999.0 -9999.0
25380 20240221  2.514 -135.69   58.43 -9999.0 -9999.0 -9999.0 -9999.0 -9999.0 -9999.00 U -9999.0 -9999.0 -9999.0 -9999.0 -9999.0 -9999.0 -99.000 -99.000 -99.000 -99.000 -99.000 -9999.0 -9999.0 -9999.0 -9999.0 -9999.0
25380 20240222  2.514 -135.69   58.43     4.8     0.4     2.6     3.0    21.2     0.00 C     2.2    -1.0     1.0    94.7    75.6    87.8 -99.000 -99.000 -99.000 -99.000 -99.000 -9999.0 -9999.0 -9999.0 -9999.0 -9999.0
25380 20240223  2.514 -135.69   58.43     5.0    -2.5     1.2     0.8     2.9     6.84 C     2.0    -2.6    -0.5    95.7    59.9    85.9 -99.000 -99.000 -99.000 -99.000 -99.000 -9999.0 -9999.0 -9999.0 -9999.0 -9999.0
25380 20240224  2.514 -135.69   58.43     1.5    -5.9    -2.2    -2.2     0.0     3.79 C     0.9    -3.7    -1.8    96.0    67.6    84.4 -99.000 -99.000 -99.000 -99.000 -99.000 -9999.0 -9999.0 -9999.0 -9999.0 -9999.0
25380 20240225  2.514 -135.69   58.43     1.6    -8.1    -3.3    -1.9     0.0     7.86 C    -0.1    -9.6    -3.7    72.1    23.8    38.2 -99.000 -99.000 -99.000 -99.000 -99.000 -9999.0 -9999.0 -9999.0 -9999.0 -9999.0
25380 20240226  2.514 -135.69   58.43    -2.7    -9.2    -6.0    -5.5     0.0     7.56 C    -2.1    -9.5    -6.5    69.3    25.4    36.6 -99.000 -99.000 -99.000 -99.000 -99.000 -9999.0 -9999.0 -9999.0 -9999.0 -9999.0
25380 20240227  2.514 -135.69   58.43    -3.8    -7.4    -5.6    -5.4     5.7     2.48 C    -3.1    -6.6    -5.2    91.8    33.3    80.4 -99.000 -99.000 -99.000 -99.000 -99.000 -9999.0 -9999.0 -9999.0 -9999.0 -9999.0
25380 20240228  2.514 -135.69   58.43    -2.1    -4.8    -3.5    -3.7     1.6     2.12 C    -1.7    -6.2    -4.2    91.9    78.2    85.6 -99.000 -99.000 -99.000 -99.000 -99.000 -9999.0 -9999.0 -9999.0 -9999.0 -9999.0
25380 20240229  2.514 -135.69   58.43     0.5   -13.7    -6.6    -5.7     0.0     8.21 C    -2.8   -18.7   -11.1    91.1    33.8    63.3 -99.000 -99.000 -99.000 -99.000 -99.000 -9999.0 -9999.0 -9999.0 -9999.0 -9999.0
25380 20240301  2.514 -135.69   58.43    -1.2   -15.3    -8.3    -7.6     0.0     8.93 C    -3.9   -19.9   -13.4    76.5    29.6    48.0 -99.000 -99.000 -99.000 -99.000 -99.000 -9999.0 -9999.0 -9999.0 -9999.0 -9999.0
25380 20240302  2.514 -135.69   58.43    -5.2   -10.2    -7.7    -7.8     0.0     9.36 C    -7.1   -18.6   -12.3    44.3    27.2    32.5 -99.000 -99.000 -99.000 -99.000 -99.000 -9999.0 -9999.0 -9999.0 -9999.0 -9999.0
25380 20240303  2.514 -135.69   58.43    -4.1   -18.8   -11.5    -9.8     0.0     9.60 C    -5.8   -21.1   -13.5    78.7    22.2    36.2 -99.000 -99.000 -99.000 -99.000 -99.000 -9999.0 -9999.0 -9999.0 -9999.0 -9999.0
25380 20240304  2.514 -135.69   58.43    -2.6   -18.7   -10.7   -11.0     0.0     8.66 C    -0.7   -20.6   -12.8    87.1    46.7    70.2 -99.000 -99.000 -99.000 -99.000 -99.000 -9999.0 -9999.0 -9999.0 -9999.0 -9999.0
25380 20240305  2.514 -135.69   58.43    -2.8   -17.0    -9.9    -7.9     1.2     4.16 C    -1.4   -18.7    -7.6    91.1    65.8    81.6 -99.000 -99.000 -99.000 -99.000 -99.000 -9999.0 -9999.0 -9999.0 -9999.0 -9999.0
25380 20240306  2.514 -135.69   58.43     3.1    -4.5    -0.7    -0.4     1.8     2.44 C     0.8    -5.0    -1.6    92.3    57.7    77.8 -99.000 -99.000 -99.000 -99.000 -99.000 -9999.0 -9999.0 -9999.0 -9999.0 -9999.0
25380 20240307  2.514 -135.69   58.43     7.0     1.1     4.1     3.9     1.6     5.66 C     3.0     0.1     0.8    91.5    46.6    68.7 -99.000 -99.000 -99.000 -99.000 -99.000 -9999.0 -9999.0 -9999.0 -9999.0 -9999.0
25380 20240308  2.514 -135.69   58.43     6.6     0.5     3.6     4.5     1.3     2.53 C     2.2    -0.2     1.2    95.3    55.1    70.0 -99.000 -99.000 -99.000 -99.000 -99.000 -9999.0 -9999.0 -9999.0 -9999.0 -9999.0
25380 20240309  2.514 -135.69   58.43     6.3    -5.3     0.5     2.2     0.8     6.63 C     6.1    -7.8     0.0    94.8    62.8    79.6 -99.000 -99.000 -99.000 -99.000 -99.000 -9999.0 -9999.0 -9999.0 -9999.0 -9999.0
25380 20240310  2.514 -135.69   58.43     4.2    -6.6    -1.2    -0.5     0.6     3.53 C     3.3    -8.2    -1.7    94.4    52.9    81.6 -99.000 -99.000 -99.000 -99.000 -99.000 -9999.0 -9999.0 -9999.0 -9999.0 -9999.0
25380 20240311  2.514 -135.69   58.43     6.5    -3.9     1.3     2.0     0.0     4.94 C     5.5    -7.1    -0.1    96.0    42.8    72.4 -99.000 -99.000 -99.000 -99.000 -99.000 -9999.0 -9999.0 -9999.0 -9999.0 -9999.0
25380 20240312  2.514 -135.69   58.43     5.0    -2.1     1.5     0.6     3.7     2.10 C     5.5    -3.2    -0.1    93.3    77.8    88.2 -99.000 -99.000 -99.000 -99.000 -99.000 -9999.0 -9999.0 -9999.0 -9999.0 -9999.0
25380 20240313  2.514 -135.69   58.43     5.0     0.6     2.8     3.1    13.0     1.52 C     3.6    -0.3     1.6    93.8    65.4    80.7 -99.000 -99.000 -99.000 -99.000 -99.000 -9999.0 -9999.0 -9999.0 -9999.0 -9999.0
25380 20240314  2.514 -135.69   58.43     7.4    -1.1     3.2     4.3     2.0     7.37 C     9.4    -1.4     3.4    94.5    59.2    80.8 -99.000 -99.000 -99.000 -99.000 -99.000 -9999.0 -9999.0 -9999.0 -9999.0 -9999.0
25380 20240315  2.514 -135.69   58.43     8.1    -1.0     3.6     2.3    17.6     0.96 C     3.5    -1.3     0.6    96.8    75.6    92.1 -99.000 -99.000 -99.000 -99.000 -99.000 -9999.0 -9999.0 -9999.0 -9999.0 -9999.0
25380 20240316  2.514 -135.69   58.43     8.9     1.5     5.2     5.7     0.0     4.59 C     7.0     0.2     3.2    96.2    75.2    87.3 -99.000 -99.000 -99.000 -99.000 -99.000 -9999.0 -9999.0 -9999.0 -9999.0 -9999.0
25380 20240317  2.514 -135.69   58.43     7.6     2.4     5.0     4.9     0.7     2.42 C     6.5     0.6     3.1    96.3    76.8    89.0 -99.000 -99.000 -99.000 -99.000 -99.000 -9999.0 -9999.0 -9999.0 -9999.0 -9999.0
25380 20240318  2.514 -135.69   58.43     8.1     1.1     4.6     4.7     1.5     4.03 C     9.5    -0.6     3.7    95.7    69.0    87.0 -99.000 -99.000 -99.000 -99.000 -99.000 -9999.0 -9999.0 -9999.0 -9999.0 -9999.0
25380 20240319  2.514 -135.69   58.43    12.7    -1.9     5.4     4.3     0.0    12.88 C    12.3    -3.6     2.6    97.3    29.6    72.0 -99.000 -99.000 -99.000 -99.000 -99.000 -9999.0 -9999.0 -9999.0 -9999.0 -9999.0
25380 20240320  2.514 -135.69   58.43    12.3    -5.5     3.4     2.9     0.0    13.71 C    13.4    -7.9     0.4    93.9    32.0    66.7 -99.000 -99.000 -99.000 -99.000 -99.000 -9999.0 -9999.0 -9999.0 -9999.0 -9999.0
25380 20240321  2.514 -135.69   58.43    10.8    -6.9     1.9     1.0     0.0    13.78 C    12.7    -9.6    -0.9    93.7    35.1    73.4 -99.000 -99.000 -99.000 -99.000 -99.000 -9999.0 -9999.0 -9999.0 -9999.0 -9999.0
25380 20240322  2.514 -135.69   58.43    11.0    -6.8     2.1     1.0     0.0    12.50 C    13.2    -9.6    -0.8    94.0    30.1    72.7 -99.000 -99.000 -99.000 -99.000 -99.000 -9999.0 -9999.0 -9999.0 -9999.0 -9999.0
25380 20240323  2.514 -135.69   58.43    10.8    -7.8     1.5     0.8     0.0    14.80 C    13.0   -10.7    -1.1    93.6    35.9    71.4 -99.000 -99.000 -99.000 -99.000 -99.000 -9999.0 -9999.0 -9999.0 -9999.0 -9999.0
25380 20240324  2.514 -135.69   58.43    11.1    -8.0     1.5     1.9     1.7    13.20 C    14.5   -10.8     0.7    93.6    41.5    74.0 -99.000 -99.000 -99.000 -99.000 -99.000 -9999.0 -9999.0 -9999.0 -9999.0 -9999.0
25380 20240325  2.514 -135.69   58.43     7.8     2.2     5.0     4.7     7.6     4.10 C     9.9     0.8     4.8    96.6    79.7    92.2 -99.000 -99.000 -99.000 -99.000 -99.000 -9999.0 -9999.0 -9999.0 -9999.0 -9999.0
25380 20240326  2.514 -135.69   58.43     8.6     0.7     4.6     4.5     3.7     6.64 C    14.0    -0.4     4.9    97.1    71.4    92.0 -99.000 -99.000 -99.000 -99.000 -99.000 -9999.0 -9999.0 -9999.0 -9999.0 -9999.0
25380 20240327  2.514 -135.69   58.43    10.5    -3.4     3.5     3.2     0.0    13.60 C    14.1    -7.4     3.0    97.9    49.3    80.8 -99.000 -99.000 -99.000 -99.000 -99.000 -9999.0 -9999.0 -9999.0 -9999.0 -9999.0
25380 20240328  2.514 -135.69   58.43    13.3    -5.9     3.7     2.9     0.0    15.68 C    16.7    -8.8     1.1    95.5    34.7    71.4 -99.000 -99.000 -99.000 -99.000 -99.000 -9999.0 -9999.0 -9999.0 -9999.0 -9999.0
25380 20240329  2.514 -135.69   58.43     7.5    -5.3     1.1     2.5     0.0     6.80 C    14.5    -8.6     1.8    96.0    59.6    78.8 -99.000 -99.000 -99.000 -99.000 -99.000 -9999.0 -9999.0 -9999.0 -9999.0 -9999.0
25380 20240330  2.514 -135.69   58.43     7.9     1.6     4.7     5.2     3.5     4.71 C    11.9     0.4     4.9    89.3    61.0    75.0 -99.000 -99.000 -99.000 -99.000 -99.000 -9999.0 -9999.0 -9999.0 -9999.0 -9999.0
25380 20240331  2.514 -135.69   58.43     6.4     2.0     4.2     4.2     4.2    11.55 C    12.2    -1.3     4.2    91.2    57.4    74.5 -99.000 -99.000 -99.000 -99.000 -99.000 -9999.0 -9999.0 -9999.0 -9999.0 -9999.0
25380 20240401  2.514 -135.69   58.43     4.3    -0.6     1.9     1.4     7.0     2.39 C     7.3    -1.7     1.0    96.3    65.6    86.6 -99.000 -99.000 -99.000 -99.000 -99.000 -9999.0 -9999.0 -9999.0 -9999.0 -9999.0
25380 20240402  2.514 -135.69   58.43     6.1    -4.4     0.9     1.4     1.7     9.53 C    15.4    -9.4     1.3    96.6    61.7    88.5 -99.000 -99.000 -99.000 -99.000 -99.000 -9999.0 -9999.0 -9999.0 -9999.0 -9999.0
25380 20240403  2.514 -135.69   58.43     8.5    -8.4     0.1     1.7     0.0    15.51 C    13.3   -11.9     0.8    95.3    37.6    73.0 -99.000 -99.000 -99.000 -99.000 -99.000 -9999.0 -9999.0 -9999.0 -9999.0 -9999.0
25380 20240404  2.514 -135.69   58.43     6.8    -2.6     2.1     2.5     0.7     7.81 C    16.3    -5.5     3.1    95.1    50.8    77.2 -99.000 -99.000 -99.000 -99.000 -99.000 -9999.0 -9999.0 -9999.0 -9999.0 -9999.0
25380 20240405  2.514 -135.69   58.43     5.9     0.8     3.4     3.7     5.3     3.82 C     7.9     0.3     3.4    95.3    69.1    81.6 -99.000 -99.000 -99.000 -99.000 -99.000 -9999.0 -9999.0 -9999.0 -9999.0 -9999.0
25380 20240406  2.514 -135.69   58.43     6.4     0.6     3.5     3.2     1.8     8.57 C    13.2    -1.9     3.0    95.3    62.5    81.6 -99.000 -99.000 -99.000 -99.000 -99.000 -9999.0 -9999.0 -9999.0 -9999.0 -9999.0
25380 20240407  2.514 -135.69   58.43     7.9     3.2     5.6     4.6     1.3     6.23 C    13.9     0.5     4.0    84.4    54.4    68.5 -99.000 -99.000 -99.000 -99.000 -99.000 -9999.0 -9999.0 -9999.0 -9999.0 -9999.0
25380 20240408  2.514 -135.69   58.43     6.9     0.5     3.7     4.4     0.0     7.20 C    11.2    -4.1     3.7    91.0    64.4    75.3 -99.000 -99.000 -99.000 -99.000 -99.000 -9999.0 -9999.0 -9999.0 -9999.0 -9999.0
25380 20240409  2.514 -135.69   58.43     7.6     1.2     4.4     4.1     6.2     9.99 C    13.7    -0.5     4.4    94.0    58.4    82.3 -99.000 -99.000 -99.000 -99.000 -99.000 -9999.0 -9999.0 -9999.0 -9999.0 -9999.0
25380 20240410  2.514 -135.69   58.43     8.5    -0.5     4.0     4.9     4.5     4.81 C    10.7    -0.6     4.3    95.4    52.5    72.9 -99.000 -99.000 -99.000 -99.000 -99.000 -9999.0 -9999.0 -9999.0 -9999.0 -9999.0
25380 20240411  2.514 -135.69   58.43     8.2    -1.6     3.3     3.3     0.0    14.06 C    14.6    -3.6     3.8    96.7    48.8    75.1 -99.000 -99.000 -99.000 -99.000 -99.000 -9999.0 -9999.0 -9999.0 -9999.0 -9999.0
25380 20240412  2.514 -135.69   58.43     5.5     1.4     3.5     3.6     2.4     6.70 C    10.4    -0.1     3.8    92.6    54.5    68.6 -99.000 -99.000 -99.000 -99.000 -99.000 -9999.0 -9999.0 -9999.0 -9999.0 -9999.0
25380 20240413  2.514 -135.69   58.43     6.5    -0.9     2.8     2.8     5.3     6.00 C    12.3    -2.3     3.5    95.2    74.0    89.0 -99.000 -99.000 -99.000 -99.000 -99.000 -9999.0 -9999.0 -9999.0 -9999.0 -9999.0
25380 20240414  2.514 -135.69   58.43     6.0    -4.3     0.9     1.1     3.9     9.02 C    12.5    -8.5     0.7    96.7    57.7    86.7 -99.000 -99.000 -99.000 -99.000 -99.000 -9999.0 -9999.0 -9999.0 -9999.0 -9999.0
25380 20240415  2.514 -135.69   58.43    11.3    -7.8     1.7     2.5     0.0    20.57 C    17.1   -10.7     0.9    95.0    23.2    59.0 -99.000 -99.000 -99.000 -99.000 -99.000 -9999.0 -9999.0 -9999.0 -9999.0 -9999.0
25380 20240416  2.514 -135.69   58.43    11.0    -8.3     1.3     2.1     0.0    20.70 C    19.6   -12.1     1.7    93.1    33.4    62.9 -99.000 -99.000 -99.000 -99.000 -99.000 -9999.0 -9999.0 -9999.0 -9999.0 -9999.0
25380 20240417  2.514 -135.69   58.43    14.0    -7.5     3.2     4.0     0.0    20.88 C    22.5   -11.4     3.8    93.1    25.2    60.9 -99.000 -99.000 -99.000 -99.000 -99.000 -9999.0 -9999.0 -9999.0 -9999.0 -9999.0
25380 20240418  2.514 -135.69   58.43    14.8    -6.4     4.2     4.9     0.0    21.34 C    23.7   -11.0     4.4    93.7    27.2    61.1 -99.000 -99.000 -99.000 -99.000 -99.000 -9999.0 -9999.0 -9999.0 -9999.0 -9999.0
25380 20240419  2.514 -135.69   58.43    17.2    -6.9     5.1     5.6     0.0    21.24 C    25.8   -11.5     5.2    93.1    20.7    56.3 -99.000 -99.000 -99.000 -99.000 -99.000 -9999.0 -9999.0 -9999.0 -9999.0 -9999.0
25380 20240420  2.514 -135.69   58.43    16.8    -6.7     5.1     5.7     0.0    21.55 C    26.2   -10.7     5.4    93.2    17.8    55.1 -99.000 -99.000 -99.000 -99.000 -99.000 -9999.0 -9999.0 -9999.0 -9999.0 -9999.0
25380 20240421  2.514 -135.69   58.43    11.5    -6.8     2.3     5.1     0.0     9.89 C    19.7   -10.8     4.8    92.9    39.6    69.4 -99.000 -99.000 -99.000 -99.000 -99.000 -9999.0 -9999.0 -9999.0 -9999.0 -9999.0
25380 20240422  2.514 -135.69   58.43    10.9     2.9     6.9     7.0     0.9    11.80 C    18.7    -0.6     8.0    94.7    47.4    74.4 -99.000 -99.000 -99.000 -99.000 -99.000 -9999.0 -9999.0 -9999.0 -9999.0 -9999.0
25380 20240423  2.514 -135.69   58.43    13.0    -3.2     4.9     6.2     0.0    12.54 C    23.5    -8.6     6.5    93.7    39.4    68.1 -99.000 -99.000 -99.000 -99.000 -99.000 -9999.0 -9999.0 -9999.0 -9999.0 -9999.0
25380 20240424  2.514 -135.69   58.43    12.8    -4.8     4.0     4.6     0.0    22.22 C    24.7    -9.0     5.5    96.9    44.7    72.6 -99.000 -99.000 -99.000 -99.000 -99.000 -9999.0 -9999.0 -9999.0 -9999.0 -9999.0
25380 20240425  2.514 -135.69   58.43    14.6    -4.0     5.3     5.2     0.0    20.05 C    25.3    -8.8     5.9    97.9    41.0    71.6 -99.000 -99.000 -99.000 -99.000 -99.000 -9999.0 -9999.0 -9999.0 -9999.0 -9999.0
25380 20240426  2.514 -135.69   58.43    15.2    -5.4     4.9     5.7     0.0    22.56 C    26.6   -10.1     6.5    94.8    36.5    68.8 -99.000 -99.000 -99.000 -99.000 -99.000 -9999.0 -9999.0 -9999.0 -9999.0 -9999.0
25380 20240427  2.514 -135.69   58.43    17.1    -3.5     6.8     8.1     0.0    19.35 C    30.9    -8.4     9.6    93.7    31.0    62.3 -99.000 -99.000 -99.000 -99.000 -99.000 -9999.0 -9999.0 -9999.0 -9999.0 -9999.0
25380 20240428  2.514 -135.69   58.43    12.4     1.9     7.2     8.2     0.6    10.98 C    20.0    -2.2     8.4    90.8    34.4    64.8 -99.000 -99.000 -99.000 -99.000 -99.000 -9999.0 -9999.0 -9999.0 -9999.0 -9999.0
25380 20240429  2.514 -135.69   58.43    10.4     1.3     5.9     6.7     0.0     7.29 C    17.7    -0.7     8.0    90.3    54.2    73.6 -99.000 -99.000 -99.000 -99.000 -99.000 -9999.0 -9999.0 -9999.0 -9999.0 -9999.0
25380 20240430  2.514 -135.69   58.43    10.6    -2.7     4.0     6.3     0.0     8.95 C    22.8    -8.8     6.8    95.9    52.8    75.7 -99.000 -99.000 -99.000 -99.000 -99.000 -9999.0 -9999.0 -9999.0 -9999.0 -9999.0
25380 20240501  2.514 -135.69   58.43    15.5    -5.1     5.2     6.1     0.0    23.98 C    27.9    -9.8     7.4    96.3    26.1    65.0 -99.000 -99.000 -99.000 -99.000 -99.000 -9999.0 -9999.0 -9999.0 -9999.0 -9999.0
25380 20240502  2.514 -135.69   58.43    17.0    -4.6     6.2     8.0     0.0    22.40 C    29.8    -8.8    10.0    92.9    28.0    59.5 -99.000 -99.000 -99.000 -99.000 -99.000 -9999.0 -9999.0 -9999.0 -9999.0 -9999.0
25380 20240503  2.514 -135.69   58.43    19.6    -2.2     8.7    10.4     0.0    24.34 C    31.5    -5.9    11.5    91.7    20.5    50.6 -99.000 -99.000 -99.000 -99.000 -99.000 -9999.0 -9999.0 -9999.0 -9999.0 -9999.0
25380 20240504  2.514 -135.69   58.43    14.3    -2.5     5.9     7.4     0.0     7.80 C    20.2    -6.0     7.8    85.6    36.1    61.3 -99.000 -99.000 -99.000 -99.000 -99.000 -9999.0 -9999.0 -9999.0 -9999.0 -9999.0
25380 20240505  2.514 -135.69   58.43     8.6     3.1     5.9     5.9    16.3     3.41 C    13.5     2.3     6.5    96.2    74.3    89.6 -99.000 -99.000 -99.000 -99.000 -99.000 -9999.0 -9999.0 -9999.0 -9999.0 -9999.0
25380 20240506  2.514 -135.69   58.43    11.2     1.0     6.1     5.8     4.1    16.27 C    21.3    -0.6     7.5    97.5    46.8    81.4 -99.000 -99.000 -99.000 -99.000 -99.000 -9999.0 -9999.0 -9999.0 -9999.0 -9999.0
25380 20240507  2.514 -135.69   58.43    10.0     2.4     6.2     6.8     3.0     7.03 C    16.7    -0.4     6.3    92.1    61.4    75.0 -99.000 -99.000 -99.000 -99.000 -99.000 -9999.0 -9999.0 -9999.0 -9999.0 -9999.0
25380 20240508  2.514 -135.69   58.43     8.6     5.1     6.9     7.3     7.8     5.29 C    12.4     4.6     7.5    94.3    68.5    81.4 -99.000 -99.000 -99.000 -99.000 -99.000 -9999.0 -9999.0 -9999.0 -9999.0 -9999.0
25380 20240509  2.514 -135.69   58.43     9.6     2.8     6.2     7.3    31.2     1.63 C    10.6     0.2     6.8    94.8    79.6    89.2 -99.000 -99.000 -99.000 -99.000 -99.000 -9999.0 -9999.0 -9999.0 -9999.0 -9999.0
25380 20240510  2.514 -135.69   58.43     9.6    -1.8     3.9     5.3     3.5    16.70 C    20.6    -4.4     6.7    94.8    51.5    75.7 -99.000 -99.000 -99.000 -99.000 -99.000 -9999.0 -9999.0 -9999.0 -9999.0 -9999.0
25380 20240511  2.514 -135.69   58.43    12.6    -3.2     4.7     5.6     0.7    18.62 C    24.6    -6.7     8.0    96.2    44.0    73.3 -99.000 -99.000 -99.000 -99.000 -99.000 -9999.0 -9999.0 -9999.0 -9999.0 -9999.0
25380 20240512  2.514 -135.69   58.43     9.7     3.5     6.6     7.0     2.8     8.54 C    18.2     1.2     7.5    93.8    64.2    78.2 -99.000 -99.000 -99.000 -99.000 -99.000 -9999.0 -9999.0 -9999.0 -9999.0 -9999.0
25380 20240513  2.514 -135.69   58.43     7.4     4.0     5.7     6.2     2.0     3.93 C     8.7     2.5     6.0    90.6    69.2    80.1 -99.000 -99.000 -99.000 -99.000 -99.000 -9999.0 -9999.0 -9999.0 -9999.0 -9999.0
25380 20240514  2.514 -135.69   58.43    11.3     2.9     7.1     6.9     8.7    11.04 C    18.7     0.3     8.5    94.6    54.5    82.6 -99.000 -99.000 -99.000 -99.000 -99.000 -9999.0 -9999.0 -9999.0 -9999.0 -9999.0
25380 20240515  2.514 -135.69   58.43    10.2     0.1     5.1     5.9     3.4    12.99 C    19.9    -2.0     7.3    96.8    69.5    85.1 -99.000 -99.000 -99.000 -99.000 -99.000 -9999.0 -9999.0 -9999.0 -9999.0 -9999.0
25380 20240516  2.514 -135.69   58.43    13.6    -1.1     6.2     7.3     0.0    22.43 C    25.6    -3.0     9.6    97.1    51.4    74.2 -99.000 -99.000 -99.000 -99.000 -99.000 -9999.0 -9999.0 -9999.0 -9999.0 -9999.0
25380 20240517  2.514 -135.69   58.43    11.5    -1.9     4.8     7.4     0.0    23.28 C    25.9    -6.8    10.3    94.8    42.6    65.0 -99.000 -99.000 -99.000 -99.000 -99.000 -9999.0 -9999.0 -9999.0 -9999.0 -9999.0
25380 20240518  2.514 -135.69   58.43    10.8    -3.5     3.6     5.5     0.0    11.96 C    20.9    -8.1     6.9    96.5    54.1    73.9 -99.000 -99.000 -99.000 -99.000 -99.000 -9999.0 -9999.0 -9999.0 -9999.0 -9999.0
25380 20240519  2.514 -135.69   58.43     9.1     2.5     5.8     6.2     7.5     5.97 C    12.2    -0.4     6.7    94.3    54.8    82.1 -99.000 -99.000 -99.000 -99.000 -99.000 -9999.0 -9999.0 -9999.0 -9999.0 -9999.0
25380 20240520  2.514 -135.69   58.43     9.2     1.1     5.2     5.4     1.6     8.75 C    15.7    -1.0     5.8    96.7    65.4    82.4 -99.000 -99.000 -99.000 -99.000 -99.000 -9999.0 -9999.0 -9999.0 -9999.0 -9999.0
25380 20240521  2.514 -135.69   58.43    13.4    -0.3     6.5     7.0     0.0    25.04 C    25.3    -4.6     9.3    96.9    43.0    75.1 -99.000 -99.000 -99.000 -99.000 -99.000 -9999.0 -9999.0 -9999.0 -9999.0 -9999.0
25380 20240522  2.514 -135.69   58.43    12.5    -2.1     5.2     7.0     0.2     9.82 C    20.4    -5.7     8.1    97.0    54.9    78.0 -99.000 -99.000 -99.000 -99.000 -99.000 -9999.0 -9999.0 -9999.0 -9999.0 -9999.0
25380 20240523  2.514 -135.69   58.43    11.1     5.4     8.2     7.8    10.8     7.59 C    17.2     4.5     9.2    95.1    77.9    88.3 -99.000 -99.000 -99.000 -99.000 -99.000 -9999.0 -9999.0 -9999.0 -9999.0 -9999.0
25380 20240524  2.514 -135.69   58.43    11.1     3.6     7.4     7.4     0.0    13.59 C    22.4     1.4     9.7    94.7    57.1    77.2 -99.000 -99.000 -99.000 -99.000 -99.000 -9999.0 -9999.0 -9999.0 -9999.0 -9999.0
25380 20240525  2.514 -135.69   58.43     9.6     3.9     6.8     7.1     4.3     8.05 C    14.1     2.6     8.4    95.0    70.3    87.0 -99.000 -99.000 -99.000 -99.000 -99.000 -9999.0 -9999.0 -9999.0 -9999.0 -9999.0
25380 20240526  2.514 -135.69   58.43    13.4     4.1     8.8     8.8     1.6    14.46 C    21.8     0.8     9.9    95.5    51.2    79.1 -99.000 -99.000 -99.000 -99.000 -99.000 -9999.0 -9999.0 -9999.0 -9999.0 -9999.0
25380 20240527  2.514 -135.69   58.43    15.2     3.0     9.1     9.1     0.0    22.05 C    27.8    -0.1    11.9    95.7    38.8    70.8 -99.000 -99.000 -99.000 -99.000 -99.000 -9999.0 -9999.0 -9999.0 -9999.0 -9999.0
25380 20240528  2.514 -135.69   58.43    13.9     2.0     7.9     8.6     0.0    16.30 C    26.7    -1.0    11.0    96.0    44.2    73.6 -99.000 -99.000 -99.000 -99.000 -99.000 -9999.0 -9999.0 -9999.0 -9999.0 -9999.0
25380 20240529  2.514 -135.69   58.43    14.8     4.8     9.8     9.4     0.5    18.61 C    29.5     2.9    12.3    94.3    43.1    73.1 -99.000 -99.000 -99.000 -99.000 -99.000 -9999.0 -9999.0 -9999.0 -9999.0 -9999.0
25380 20240530  2.514 -135.69   58.43    15.2     5.4    10.3    10.2     0.0    21.48 C    30.7     2.6    13.7    89.3    41.2    65.0 -99.000 -99.000 -99.000 -99.000 -99.000 -9999.0 -9999.0 -9999.0 -9999.0 -9999.0
25380 20240531  2.514 -135.69   58.43    14.0     5.3     9.6     9.4     7.2     7.01 C    15.4     2.7     9.9    94.4    50.6    81.0 -99.000 -99.000 -99.000 -99.000 -99.000 -9999.0 -9999.0 -9999.0 -9999.0 -9999.0
25380 20240601  2.514 -135.69   58.43    14.2     4.8     9.5     9.9     1.8    15.83 C    23.0     3.2    11.6    95.9    49.6    72.3 -99.000 -99.000 -99.000 -99.000 -99.000 -9999.0 -9999.0 -9999.0 -9999.0 -9999.0
25380 20240602  2.514 -135.69   58.43    10.7     6.8     8.7     8.6     3.1     8.03 C    15.1     5.5     9.4    93.8    79.7    88.1 -99.000 -99.000 -99.000 -99.000 -99.000 -9999.0 -9999.0 -9999.0 -9999.0 -9999.0
25380 20240603  2.514 -135.69   58.43    16.7     6.6    11.7    10.9     1.0    15.16 C    26.2     5.7    12.7    95.2    57.0    81.5 -99.000 -99.000 -99.000 -99.000 -99.000 -9999.0 -9999.0 -9999.0 -9999.0 -9999.0
25380 20240604  2.514 -135.69   58.43    15.2     8.1    11.7    10.5    17.9    13.03 C    24.4     5.0    11.8    95.2    57.6    86.2 -99.000 -99.000 -99.000 -99.000 -99.000 -9999.0 -9999.0 -9999.0 -9999.0 -9999.0
25380 20240605  2.514 -135.69   58.43    11.8     7.8     9.8     9.8     3.8     5.52 C    13.1     7.3     9.5    95.5    61.7    77.5 -99.000 -99.000 -99.000 -99.000 -99.000 -9999.0 -9999.0 -9999.0 -9999.0 -9999.0
25380 20240606  2.514 -135.69   58.43    12.4     5.4     8.9     9.2     3.6    11.75 C    19.2     3.5    10.7    95.2    61.6    81.8 -99.000 -99.000 -99.000 -99.000 -99.000 -9999.0 -9999.0 -9999.0 -9999.0 -9999.0
25380 20240607  2.514 -135.69   58.43    17.8     3.2    10.5    11.4     0.0    26.29 C    27.7    -0.2    13.4    96.7    34.6    63.5 -99.000 -99.000 -99.000 -99.000 -99.000 -9999.0 -9999.0 -9999.0 -9999.0 -9999.0
25380 20240608  2.514 -135.69   58.43    25.8     1.1    13.4    13.8     0.0    21.34 C    38.9    -1.6    16.5    94.0    20.1    59.9 -99.000 -99.000 -99.000 -99.000 -99.000 -9999.0 -9999.0 -9999.0 -9999.0 -9999.0
25380 20240609  2.514 -135.69   58.43    16.9     7.9    12.4    11.0     0.0    16.46 C    33.7     5.6    14.3    90.0    57.8    76.6 -99.000 -99.000 -99.000 -99.000 -99.000 -9999.0 -9999.0 -9999.0 -9999.0 -9999.0
25380 20240610  2.514 -135.69   58.43    12.6     7.4    10.0    10.0     2.2     5.55 C    16.2     7.1    11.0    93.7    68.2    86.0 -99.000 -99.000 -99.000 -99.000 -99.000 -9999.0 -9999.0 -9999.0 -9999.0 -9999.0
25380 20240611  2.514 -135.69   58.43    13.6     7.3    10.4    10.0     0.0    15.67 C    24.4     4.9    12.3    93.9    60.3    78.9 -99.000 -99.000 -99.000 -99.000 -99.000 -9999.0 -9999.0 -9999.0 -9999.0 -9999.0
25380 20240612  2.514 -135.69   58.43    15.4     5.2    10.3    10.9     0.0    23.60 C    29.8     1.9    14.8    85.2    38.8    60.7 -99.000 -99.000 -99.000 -99.000 -99.000 -9999.0 -9999.0 -9999.0 -9999.0 -9999.0
25380 20240613  2.514 -135.69   58.43    17.0    -0.3     8.4    10.7     0.0    22.64 C    31.4    -2.6    13.7    95.3    34.9    63.5 -99.000 -99.000 -99.000 -99.000 -99.000 -9999.0 -9999.0 -9999.0 -9999.0 -9999.0
25380 20240614  2.514 -135.69   58.43    12.8     4.4     8.6     9.4     1.3     7.11 C    19.0     0.3    10.0    96.2    69.9    85.3 -99.000 -99.000 -99.000 -99.000 -99.000 -9999.0 -9999.0 -9999.0 -9999.0 -9999.0
25380 20240615  2.514 -135.69   58.43    20.4     1.3    10.9    11.5     0.0    26.70 C    31.1    -1.1    14.2    96.7    42.2    74.2 -99.000 -99.000 -99.000 -99.000 -99.000 -9999.0 -9999.0 -9999.0 -9999.0 -9999.0
25380 20240616  2.514 -135.69   58.43    17.6     2.2     9.9    11.2     0.0    25.74 C    31.4    -0.8    14.8    98.0    53.4    78.0 -99.000 -99.000 -99.000 -99.000 -99.000 -9999.0 -9999.0 -9999.0 -9999.0 -9999.0
25380 20240617  2.514 -135.69   58.43    15.0     9.0    12.0    11.2     0.0    10.09 C    20.7     9.2    13.6    92.8    62.9    79.8 -99.000 -99.000 -99.000 -99.000 -99.000 -9999.0 -9999.0 -9999.0 -9999.0 -9999.0
25380 20240618  2.514 -135.69   58.43    19.0     3.8    11.4    12.3     0.0    22.17 C    31.8    -0.4    15.3    96.1    53.3    74.0 -99.000 -99.000 -99.000 -99.000 -99.000 -9999.0 -9999.0 -9999.0 -9999.0 -9999.0
25380 20240619  2.514 -135.69   58.43    19.6     1.7    10.7    11.6     0.0    28.26 C    32.6    -0.9    14.8    97.3    50.7    75.9 -99.000 -99.000 -99.000 -99.000 -99.000 -9999.0 -9999.0 -9999.0 -9999.0 -9999.0
25380 20240620  2.514 -135.69   58.43    18.2     3.7    10.9    11.9     0.6    21.96 C    30.5     0.3    15.5    96.7    58.8    80.0 -99.000 -99.000 -99.000 -99.000 -99.000 -9999.0 -9999.0 -9999.0 -9999.0 -9999.0
25380 20240621  2.514 -135.69   58.43    18.2     8.7    13.5    13.4     0.9    11.29 C    23.2     8.2    14.6    95.3    53.0    79.0 -99.000 -99.000 -99.000 -99.000 -99.000 -9999.0 -9999.0 -9999.0 -9999.0 -9999.0
25380 20240622  2.514 -135.69   58.43    18.9     5.3    12.1    13.0     2.6    12.48 C    23.7     1.8    13.5    96.4    55.2    83.5 -99.000 -99.000 -99.000 -99.000 -99.000 -9999.0 -9999.0 -9999.0 -9999.0 -9999.0
25380 20240623  2.514 -135.69   58.43    18.4     2.6    10.5    11.8     0.0    19.12 C    27.3     0.6    14.3    97.1    63.1    82.2 -99.000 -99.000 -99.000 -99.000 -99.000 -9999.0 -9999.0 -9999.0 -9999.0 -9999.0
25380 20240624  2.514 -135.69   58.43    15.2    10.9    13.0    12.3     0.0     6.42 C    20.6    10.9    13.9    93.3    73.6    86.4 -99.000 -99.000 -99.000 -99.000 -99.000 -9999.0 -9999.0 -9999.0 -9999.0 -9999.0
25380 20240625  2.514 -135.69   58.43    17.2     6.1    11.6    12.8     0.0    10.69 C    23.6     3.1    14.2    95.8    61.4    82.6 -99.000 -99.000 -99.000 -99.000 -99.000 -9999.0 -9999.0 -9999.0 -9999.0 -9999.0
25380 20240626  2.514 -135.69   58.43    23.4     6.0    14.7    14.6     0.0    24.25 C    31.5     2.6    16.6    95.8    38.9    72.0 -99.000 -99.000 -99.000 -99.000 -99.000 -9999.0 -9999.0 -9999.0 -9999.0 -9999.0
25380 20240627  2.514 -135.69   58.43    20.9     5.4    13.1    13.8     0.0    21.91 C    30.0     2.6    15.6    96.4    53.3    76.6 -99.000 -99.000 -99.000 -99.000 -99.000 -9999.0 -9999.0 -9999.0 -9999.0 -9999.0
25380 20240628  2.514 -135.69   58.43    21.9     6.3    14.1    13.7     0.0    22.08 C    31.3     2.4    15.7    96.2    51.7    77.2 -99.000 -99.000 -99.000 -99.000 -99.000 -9999.0 -9999.0 -9999.0 -9999.0 -9999.0
25380 20240629  2.514 -135.69   58.43    20.7     8.4    14.5    14.5     1.1    10.84 C    28.4     6.8    15.6    94.3    56.3    81.8 -99.000 -99.000 -99.000 -99.000 -99.000 -9999.0 -9999.0 -9999.0 -9999.0 -9999.0
25380 20240630  2.514 -135.69   58.43    18.4    11.2    14.8    14.4     1.0    18.32 C    25.6    11.3    16.2    94.4    59.8    80.4 -99.000 -99.000 -99.000 -99.000 -99.000 -9999.0 -9999.0 -9999.0 -9999.0 -9999.0
25380 20240701  2.514 -135.69   58.43    14.6    10.9    12.8    12.5     0.0     7.31 C    17.4    10.6    13.3    94.8    76.5    87.2 -99.000 -99.000 -99.000 -99.000 -99.000 -9999.0 -9999.0 -9999.0 -9999.0 -9999.0
25380 20240702  2.514 -135.69   58.43 -9999.0 -9999.0 -9999.0 -9999.0 -9999.0 -9999.00 U -9999.0 -9999.0 -9999.0 -9999.0 -9999.0 -9999.0 -99.000 -99.000 -99.000 -99.000 -99.000 -9999.0 -9999.0 -9999.0 -9999.0 -9999.0
