94080 20240101  2.623 -103.38   46.89     7.3    -8.3    -0.5    -0.8     0.0     5.91 C     6.5    -8.5    -1.6    85.8    36.8    70.7 -99.000 -99.000 -99.000 -99.000 -99.000    -0.8    -0.8 -9999.0 -9999.0 -9999.0
94080 20240102  2.623 -103.38   46.89     6.1    -4.6     0.8    -0.5     0.0     5.52 C     6.4    -5.3    -1.1    93.8    49.3    82.1 -99.000 -99.000 -99.000 -99.000 -99.000    -0.5    -0.5 -9999.0 -9999.0 -9999.0
94080 20240103  2.623 -103.38   46.89    -3.7    -7.7    -5.7    -6.7     0.0     1.06 C    -3.1    -6.8    -5.3    92.7    86.9    88.5 -99.000 -99.000 -99.000 -99.000 -99.000    -0.6    -0.6 -9999.0 -9999.0 -9999.0
94080 20240104  2.623 -103.38   46.89    -3.8    -7.7    -5.7    -6.3     0.0     2.08 C    -0.5    -8.0    -5.5    90.5    86.9    88.4 -99.000 -99.000 -99.000 -99.000 -99.000    -0.8    -0.9 -9999.0 -9999.0 -9999.0
94080 20240105  2.623 -103.38   46.89    -0.1   -11.4    -5.8    -5.9     0.7     1.05 C     0.0   -12.7    -5.7    93.2    83.9    88.4 -99.000 -99.000 -99.000 -99.000 -99.000    -1.1    -1.1 -9999.0 -9999.0 -9999.0
94080 20240106  2.623 -103.38   46.89     0.7    -7.8    -3.5    -5.0     0.0     3.30 C     1.2    -8.0    -4.5    90.4    60.1    81.0 -99.000 -99.000 -99.000 -99.000 -99.000    -1.0    -1.0 -9999.0 -9999.0 -9999.0
94080 20240107  2.623 -103.38   46.89    -6.1   -10.5    -8.3    -8.3     0.0     1.99 C    -3.5   -10.2    -7.3    90.3    83.4    87.5 -99.000 -99.000 -99.000 -99.000 -99.000    -1.3    -1.4 -9999.0 -9999.0 -9999.0
94080 20240108  2.623 -103.38   46.89    -8.2   -14.7   -11.5   -10.7     0.3     3.51 C    -3.8   -16.1    -9.8    88.7    59.5    79.0 -99.000 -99.000 -99.000 -99.000 -99.000    -1.6    -1.7 -9999.0 -9999.0 -9999.0
94080 20240109  2.623 -103.38   46.89    -1.0   -14.3    -7.7    -6.6     1.4     3.34 C    -0.1   -14.4    -7.0    90.6    45.6    73.9 -99.000 -99.000 -99.000 -99.000 -99.000    -1.9    -2.1 -9999.0 -9999.0 -9999.0
94080 20240110  2.623 -103.38   46.89    -0.8   -22.1   -11.5   -13.0     0.0     6.63 C    -3.3   -21.9   -12.9    78.4    60.5    67.6 -99.000 -99.000 -99.000 -99.000 -99.000    -1.9    -1.9 -9999.0 -9999.0 -9999.0
94080 20240111  2.623 -103.38   46.89   -18.9   -23.0   -21.0   -21.9     0.0     6.59 C   -12.2   -23.3   -19.9    76.0    63.0    72.0 -99.000 -99.000 -99.000 -99.000 -99.000    -3.4    -3.4 -9999.0 -9999.0 -9999.0
94080 20240112  2.623 -103.38   46.89   -23.0   -33.5   -28.2   -27.5     0.2     2.30 C   -19.9   -33.9   -24.8    75.1    58.8    68.6 -99.000 -99.000 -99.000 -99.000 -99.000    -4.6    -4.5 -9999.0 -9999.0 -9999.0
94080 20240113  2.623 -103.38   46.89 -9999.0 -9999.0 -9999.0 -9999.0 -9999.0 -9999.00 U -9999.0 -9999.0 -9999.0 -9999.0 -9999.0 -9999.0 -99.000 -99.000 -99.000 -99.000 -99.000 -9999.0 -9999.0 -9999.0 -9999.0 -9999.0
94080 20240114 -9.000 -103.38   46.89 -9999.0 -9999.0 -9999.0 -9999.0 -9999.0 -9999.00 U -9999.0 -9999.0 -9999.0 -9999.0 -9999.0 -9999.0 -99.000 -99.000 -99.000 -99.000 -99.000 -9999.0 -9999.0 -9999.0 -9999.0 -9999.0
94080 20240115 -9.000 -103.38   46.89 -9999.0 -9999.0 -9999.0 -9999.0 -9999.0 -9999.00 U -9999.0 -9999.0 -9999.0 -9999.0 -9999.0 -9999.0 -99.000 -99.000 -99.000 -99.000 -99.000 -9999.0 -9999.0 -9999.0 -9999.0 -9999.0
94080 20240116  2.623 -103.38   46.89 -9999.0 -9999.0 -9999.0 -9999.0 -9999.0 -9999.00 U -9999.0 -9999.0 -9999.0 -9999.0 -9999.0 -9999.0 -99.000 -99.000 -99.000 -99.000 -99.000 -9999.0 -9999.0 -9999.0 -9999.0 -9999.0
94080 20240117  2.623 -103.38   46.89   -11.7   -18.2   -14.9   -13.8     0.4     4.36 C    -7.2   -17.5   -13.2    82.8    45.4    67.6 -99.000 -99.000 -99.000 -99.000 -99.000    -5.8    -5.7 -9999.0 -9999.0 -9999.0
94080 20240118  2.623 -103.38   46.89   -18.1   -21.9   -20.0   -20.4     2.4     5.66 C   -16.1   -24.1   -19.8    78.6    61.0    70.0 -99.000 -99.000 -99.000 -99.000 -99.000    -5.7    -5.6 -9999.0 -9999.0 -9999.0
94080 20240119  2.623 -103.38   46.89   -17.5   -23.0   -20.3   -20.7     0.0     4.34 C   -12.7   -30.4   -21.6    79.2    65.1    72.1 -99.000 -99.000 -99.000 -99.000 -99.000    -5.8    -5.7 -9999.0 -9999.0 -9999.0
94080 20240120  2.623 -103.38   46.89    -9.0   -22.3   -15.6   -14.5     0.0     4.82 C    -7.7   -23.6   -14.6    78.2    60.5    69.9 -99.000 -99.000 -99.000 -99.000 -99.000    -5.7    -6.0 -9999.0 -9999.0 -9999.0
94080 20240121  2.623 -103.38   46.89     0.4   -11.2    -5.4    -4.7     0.0     4.45 C     0.9   -12.3    -5.0    79.4    61.0    71.0 -99.000 -99.000 -99.000 -99.000 -99.000    -4.7    -4.8 -9999.0 -9999.0 -9999.0
94080 20240122  2.623 -103.38   46.89    -2.6    -6.0    -4.3    -4.4     1.1     1.74 C    -1.0    -6.0    -4.1    92.2    75.3    87.8 -99.000 -99.000 -99.000 -99.000 -99.000    -3.7    -3.8 -9999.0 -9999.0 -9999.0
94080 20240123  2.623 -103.38   46.89    -2.1    -6.3    -4.2    -4.7     0.0     3.11 C    -0.6    -7.6    -5.0    92.0    88.3    89.8 -99.000 -99.000 -99.000 -99.000 -99.000    -3.3    -3.5 -9999.0 -9999.0 -9999.0
94080 20240124  2.623 -103.38   46.89     6.5    -6.1     0.2     0.2     0.0     7.33 C     3.3    -7.4    -2.8    90.4    55.7    77.1 -99.000 -99.000 -99.000 -99.000 -99.000    -2.8    -2.8 -9999.0 -9999.0 -9999.0
94080 20240125  2.623 -103.38   46.89     8.9    -4.6     2.1     1.3     0.0     7.91 C     5.9    -5.8    -1.3    92.2    48.8    73.5 -99.000 -99.000 -99.000 -99.000 -99.000    -2.2    -2.1 -9999.0 -9999.0 -9999.0
94080 20240126  2.623 -103.38   46.89     6.7    -4.3     1.2     0.6     0.0     7.74 C     6.3    -5.7    -1.2    85.5    47.4    68.0 -99.000 -99.000 -99.000 -99.000 -99.000    -1.9    -1.8 -9999.0 -9999.0 -9999.0
94080 20240127  2.623 -103.38   46.89    10.1    -5.9     2.1     0.9     0.0     8.07 C     7.5    -6.4    -0.8    85.8    33.9    64.6 -99.000 -99.000 -99.000 -99.000 -99.000    -1.8    -1.8 -9999.0 -9999.0 -9999.0
94080 20240128  2.623 -103.38   46.89    11.5    -1.7     4.9     5.2     0.0     8.20 C    10.7    -4.0     2.1    78.1    50.6    63.9 -99.000 -99.000 -99.000 -99.000 -99.000    -1.3    -1.3 -9999.0 -9999.0 -9999.0
94080 20240129  2.623 -103.38   46.89     9.6     2.1     5.9     5.8     0.0     8.37 C    10.8    -0.9     3.1    87.0    56.7    71.9 -99.000 -99.000 -99.000 -99.000 -99.000    -0.8    -0.8 -9999.0 -9999.0 -9999.0
94080 20240130  2.623 -103.38   46.89    15.5     0.1     7.8     6.5     0.0     7.98 C    12.1    -1.5     3.2    91.2    39.8    66.2 -99.000 -99.000 -99.000 -99.000 -99.000    -0.6    -0.5 -9999.0 -9999.0 -9999.0
94080 20240131  2.623 -103.38   46.89    15.1     0.2     7.6     6.7     0.0     8.26 C    14.8    -3.3     3.5    84.0    37.9    65.3 -99.000 -99.000 -99.000 -99.000 -99.000    -0.5    -0.5 -9999.0 -9999.0 -9999.0
94080 20240201  2.623 -103.38   46.89    10.8     0.2     5.5     4.5     0.0     8.96 C    11.2    -0.6     2.9    93.8    55.5    78.0 -99.000 -99.000 -99.000 -99.000 -99.000    -0.5    -0.5 -9999.0 -9999.0 -9999.0
94080 20240202  2.623 -103.38   46.89     3.2    -0.4     1.4     1.1     0.0     0.97 C     3.1    -0.4     1.0    94.6    90.2    93.7 -99.000 -99.000 -99.000 -99.000 -99.000    -0.4    -0.5 -9999.0 -9999.0 -9999.0
94080 20240203  2.623 -103.38   46.89     5.6     0.0     2.8     2.2     0.0     1.04 C     5.6    -0.1     2.0    95.0    91.2    94.0 -99.000 -99.000 -99.000 -99.000 -99.000    -0.4    -0.4 -9999.0 -9999.0 -9999.0
94080 20240204  2.623 -103.38   46.89     3.4     0.2     1.8     1.7     0.0     1.81 C     4.3     0.1     1.7    94.8    90.7    93.9 -99.000 -99.000 -99.000 -99.000 -99.000    -0.3    -0.4 -9999.0 -9999.0 -9999.0
94080 20240205  2.623 -103.38   46.89     9.0    -0.5     4.3     3.1     0.0     7.20 C    11.4    -4.6     1.2    96.3    35.9    73.2 -99.000 -99.000 -99.000 -99.000 -99.000    -0.3    -0.4 -9999.0 -9999.0 -9999.0
94080 20240206  2.623 -103.38   46.89     0.8    -2.2    -0.7    -0.5     0.0     2.00 C     2.6    -3.4    -0.3    95.5    78.3    92.9 -99.000 -99.000 -99.000 -99.000 -99.000    -0.3    -0.5 -9999.0 -9999.0 -9999.0
94080 20240207  2.623 -103.38   46.89    -0.9    -2.3    -1.6    -1.6     4.3     0.48 C    -0.6    -2.3    -1.3    94.8    91.9    93.5 -99.000 -99.000 -99.000 -99.000 -99.000    -0.3    -0.5 -9999.0 -9999.0 -9999.0
94080 20240208  2.623 -103.38   46.89    -2.3    -4.9    -3.6    -3.4     4.7     4.23 C    -2.0    -5.0    -3.3    92.7    83.7    88.6 -99.000 -99.000 -99.000 -99.000 -99.000    -0.3    -0.5 -9999.0 -9999.0 -9999.0
94080 20240209  2.623 -103.38   46.89    -4.5    -6.3    -5.4    -5.4     0.9     4.36 C    -2.9    -6.8    -5.1    91.5    80.4    87.1 -99.000 -99.000 -99.000 -99.000 -99.000    -0.3    -0.5 -9999.0 -9999.0 -9999.0
94080 20240210  2.623 -103.38   46.89    -5.0   -10.4    -7.7    -6.2     0.2     6.89 C    -3.5   -13.0    -6.8    90.7    64.5    79.0 -99.000 -99.000 -99.000 -99.000 -99.000    -0.3    -0.5 -9999.0 -9999.0 -9999.0
94080 20240211  2.623 -103.38   46.89     2.3   -11.9    -4.8    -2.9     0.0     9.36 C     1.1   -14.1    -4.8    89.8    56.7    73.9 -99.000 -99.000 -99.000 -99.000 -99.000    -0.3    -0.5 -9999.0 -9999.0 -9999.0
94080 20240212  2.623 -103.38   46.89     2.2    -5.3    -1.6    -1.5     0.2     7.07 C     3.3    -9.5    -2.4    93.2    60.0    78.4 -99.000 -99.000 -99.000 -99.000 -99.000    -0.3    -0.5 -9999.0 -9999.0 -9999.0
94080 20240213  2.623 -103.38   46.89     0.6    -6.0    -2.7    -1.9     0.3     4.58 C     1.7    -7.6    -2.7    93.9    60.2    76.6 -99.000 -99.000 -99.000 -99.000 -99.000    -0.3    -0.5 -9999.0 -9999.0 -9999.0
94080 20240214  2.623 -103.38   46.89    -3.8   -10.7    -7.3    -7.2     0.0     5.25 C     0.3   -10.4    -5.6    84.8    52.4    75.3 -99.000 -99.000 -99.000 -99.000 -99.000    -0.3    -0.5 -9999.0 -9999.0 -9999.0
94080 20240215  2.623 -103.38   46.89    -6.5   -16.1   -11.3    -9.5     0.0     5.55 C     0.8   -15.4    -7.2    83.3    59.6    70.6 -99.000 -99.000 -99.000 -99.000 -99.000    -0.5    -0.5 -9999.0 -9999.0 -9999.0
94080 20240216  2.623 -103.38   46.89    -9.5   -16.2   -12.9   -12.3     0.0     6.48 C    -2.6   -15.4   -10.3    71.3    49.9    62.1 -99.000 -99.000 -99.000 -99.000 -99.000    -1.3    -1.1 -9999.0 -9999.0 -9999.0
94080 20240217  2.623 -103.38   46.89     0.3   -12.6    -6.2    -5.7     0.0    11.79 C     2.8   -13.6    -6.2    69.7    36.2    52.8 -99.000 -99.000 -99.000 -99.000 -99.000    -1.8    -1.6 -9999.0 -9999.0 -9999.0
94080 20240218  2.623 -103.38   46.89     4.3    -8.8    -2.3    -2.4     0.0    11.42 C     7.2   -10.2    -3.0    70.0    32.7    55.4 -99.000 -99.000 -99.000 -99.000 -99.000    -1.4    -1.4 -9999.0 -9999.0 -9999.0
94080 20240219  2.623 -103.38   46.89     1.7    -6.2    -2.2    -1.8     0.0    12.11 C     7.3    -6.8    -2.0    72.0    43.1    58.0 -99.000 -99.000 -99.000 -99.000 -99.000    -0.8    -1.0 -9999.0 -9999.0 -9999.0
94080 20240220  2.623 -103.38   46.89     9.9    -7.3     1.3     0.9     0.0    10.87 C    12.1    -7.6    -0.1    79.8    42.6    62.2 -99.000 -99.000 -99.000 -99.000 -99.000    -0.8    -1.0 -9999.0 -9999.0 -9999.0
94080 20240221  2.623 -103.38   46.89    11.1    -1.7     4.7     4.3     0.0    12.39 C    13.1    -3.3     2.7    82.3    43.5    65.7 -99.000 -99.000 -99.000 -99.000 -99.000    -0.5    -0.7 -9999.0 -9999.0 -9999.0
94080 20240222  2.623 -103.38   46.89     9.7    -2.3     3.7     3.4     0.0    12.83 C    11.5    -5.2     2.0    90.9    41.8    66.6 -99.000 -99.000 -99.000 -99.000 -99.000    -0.4    -0.6 -9999.0 -9999.0 -9999.0
94080 20240223  2.623 -103.38   46.89     8.9     0.2     4.5     3.9     0.0    11.58 C    12.5    -2.2     2.4    74.0    38.6    57.8 -99.000 -99.000 -99.000 -99.000 -99.000    -0.4    -0.5 -9999.0 -9999.0 -9999.0
94080 20240224  2.623 -103.38   46.89    10.0     0.4     5.2     4.8     0.0     9.56 C    13.3    -1.8     2.9    77.2    33.8    50.9 -99.000 -99.000 -99.000 -99.000 -99.000    -0.3    -0.5 -9999.0 -9999.0 -9999.0
94080 20240225  2.623 -103.38   46.89     9.7    -1.3     4.2     3.5     1.3     8.10 C    13.1    -2.9     2.8    93.9    48.5    73.0 -99.000 -99.000 -99.000 -99.000 -99.000    -0.3    -0.5 -9999.0 -9999.0 -9999.0
94080 20240226  2.623 -103.38   46.89    13.6   -13.5     0.1     5.0     1.7     8.91 C    18.5   -12.9     3.6    85.6    30.0    50.9 -99.000 -99.000 -99.000 -99.000 -99.000    -0.3    -0.4 -9999.0 -9999.0 -9999.0
94080 20240227  2.623 -103.38   46.89   -13.2   -18.5   -15.9   -16.3     0.0    12.35 C    -4.0   -18.5   -13.9    79.3    58.7    67.9 -99.000 -99.000 -99.000 -99.000 -99.000    -0.3    -0.5 -9999.0 -9999.0 -9999.0
94080 20240228  2.623 -103.38   46.89     3.6   -18.6    -7.5    -7.7     0.0    12.96 C     4.7   -18.4    -6.8    80.0    39.4    63.7 -99.000 -99.000 -99.000 -99.000 -99.000    -0.3    -0.4 -9999.0 -9999.0 -9999.0
94080 20240229  2.623 -103.38   46.89    15.1    -2.4     6.4     5.5     0.0    12.59 C    15.9    -3.6     3.2    73.1    23.9    48.6 -99.000 -99.000 -99.000 -99.000 -99.000    -0.3    -0.5 -9999.0 -9999.0 -9999.0
94080 20240301  2.623 -103.38   46.89     9.2     1.7     5.4     5.2     0.0    10.97 C    15.6    -1.2     4.2    80.0    30.2    49.6 -99.000 -99.000 -99.000 -99.000 -99.000    -0.2    -0.5 -9999.0 -9999.0 -9999.0
94080 20240302  2.623 -103.38   46.89     3.8    -4.3    -0.3     0.0     0.6     7.61 C     9.8    -3.9     0.4    93.7    64.8    84.7 -99.000 -99.000 -99.000 -99.000 -99.000    -0.3    -0.4 -9999.0 -9999.0 -9999.0
94080 20240303  2.623 -103.38   46.89    -3.3   -13.8    -8.5    -8.0     9.3     7.46 C    -3.0   -16.8    -8.4    92.1    71.7    83.3 -99.000 -99.000 -99.000 -99.000 -99.000    -0.2    -0.4 -9999.0 -9999.0 -9999.0
94080 20240304  2.623 -103.38   46.89    -7.6   -17.3   -12.5   -12.5     0.0    14.97 C    -6.2   -20.8   -14.3    76.4    53.6    66.2 -99.000 -99.000 -99.000 -99.000 -99.000    -0.2    -0.4 -9999.0 -9999.0 -9999.0
94080 20240305  2.623 -103.38   46.89    -6.4   -15.4   -10.9   -10.5     0.0    12.07 C    -4.8   -19.1   -11.1    90.4    68.9    79.8 -99.000 -99.000 -99.000 -99.000 -99.000    -0.2    -0.4 -9999.0 -9999.0 -9999.0
94080 20240306  2.623 -103.38   46.89    -6.7   -14.8   -10.7    -9.0     0.9     6.04 C    -4.4   -20.7    -9.5    89.0    72.4    83.6 -99.000 -99.000 -99.000 -99.000 -99.000    -0.2    -0.4 -9999.0 -9999.0 -9999.0
94080 20240307  2.623 -103.38   46.89    -3.1   -18.9   -11.0    -9.7     0.0    16.14 C    -2.5   -24.8   -11.7    85.4    40.3    66.8 -99.000 -99.000 -99.000 -99.000 -99.000    -0.2    -0.5 -9999.0 -9999.0 -9999.0
94080 20240308  2.623 -103.38   46.89     4.1    -9.4    -2.6    -2.0     0.0    16.28 C     2.5   -13.3    -5.3    88.3    35.6    59.3 -99.000 -99.000 -99.000 -99.000 -99.000    -0.2    -0.4 -9999.0 -9999.0 -9999.0
94080 20240309  2.623 -103.38   46.89    12.4    -5.0     3.7     3.3     0.0    15.92 C    12.5    -6.7     0.7    73.1    23.6    46.7 -99.000 -99.000 -99.000 -99.000 -99.000    -0.2    -0.4 -9999.0 -9999.0 -9999.0
94080 20240310  2.623 -103.38   46.89    15.0     0.5     7.8     7.7     0.0    15.74 C    18.6    -1.8     5.1    52.8    18.6    33.7 -99.000 -99.000 -99.000 -99.000 -99.000    -0.2    -0.4 -9999.0 -9999.0 -9999.0
94080 20240311  2.623 -103.38   46.89    12.7     2.5     7.6     8.3     0.0    12.72 C    20.9    -3.0     5.9    52.9    24.8    36.2 -99.000 -99.000 -99.000 -99.000 -99.000    -0.2    -0.4 -9999.0 -9999.0 -9999.0
94080 20240312  2.623 -103.38   46.89    14.4     2.0     8.2     8.1     0.0    12.77 C    23.2    -4.3     6.0    63.1    28.2    44.6 -99.000 -99.000 -99.000 -99.000 -99.000     0.2    -0.3 -9999.0 -9999.0 -9999.0
94080 20240313  2.623 -103.38   46.89    13.2     0.3     6.8     6.8     0.0    16.64 C    23.7    -5.3     6.4    93.1    27.9    56.0   0.265 -99.000 -99.000 -99.000 -99.000     0.7     0.4 -9999.0 -9999.0 -9999.0
94080 20240314  2.623 -103.38   46.89     1.8    -3.2    -0.7    -0.1     0.0     2.64 C     5.4    -5.1     0.5    94.8    64.6    80.4   0.259   0.225 -99.000 -99.000 -99.000     0.6     0.5 -9999.0 -9999.0 -9999.0
94080 20240315  2.623 -103.38   46.89    13.1    -5.0     4.1     4.4     0.0    15.47 C    18.8    -5.9     4.0    86.6    23.9    53.5   0.249   0.221 -99.000 -99.000 -99.000     0.8     0.6 -9999.0 -9999.0 -9999.0
94080 20240316  2.623 -103.38   46.89     5.6    -4.2     0.7     0.8     0.0    14.67 C    14.9    -5.9     1.7    81.0    33.4    56.2   0.239   0.218 -99.000 -99.000 -99.000     1.1     1.1 -9999.0 -9999.0 -9999.0
94080 20240317  2.623 -103.38   46.89    -0.3    -9.1    -4.7    -4.7     0.0    15.13 C    14.0   -10.3    -2.1    75.9    33.7    57.9   0.231   0.210 -99.000 -99.000 -99.000     0.8     0.9 -9999.0 -9999.0 -9999.0
94080 20240318  2.623 -103.38   46.89    18.3    -9.2     4.6     5.1     0.0    17.29 C    25.3    -9.2     4.9    80.2    20.9    48.6   0.227   0.204 -99.000 -99.000 -99.000     1.2     1.3 -9999.0 -9999.0 -9999.0
94080 20240319  2.623 -103.38   46.89     9.8    -4.8     2.5     2.8     0.0    11.22 C    23.8    -4.5     3.5    78.2    45.7    61.9   0.220   0.205 -99.000 -99.000 -99.000     2.2     2.2 -9999.0 -9999.0 -9999.0
94080 20240320  2.623 -103.38   46.89    -4.4    -9.2    -6.8    -6.6     0.5     4.74 C    -1.1    -9.0    -5.5    84.0    64.3    75.0   0.215   0.199 -99.000 -99.000 -99.000     1.0     1.0 -9999.0 -9999.0 -9999.0
94080 20240321  2.623 -103.38   46.89    -4.0    -8.0    -6.0    -6.4     2.0     5.20 C    -0.2    -8.9    -5.2    89.2    67.1    80.2   0.221   0.194 -99.000 -99.000 -99.000     0.6     0.5 -9999.0 -9999.0 -9999.0
94080 20240322  2.623 -103.38   46.89    -5.0   -10.8    -7.9    -8.0     0.2     6.21 C    -1.1   -11.9    -6.5    90.2    64.2    80.5 -99.000 -99.000 -99.000 -99.000 -99.000     0.4     0.3 -9999.0 -9999.0 -9999.0
94080 20240323  2.623 -103.38   46.89    -6.5    -9.4    -8.0    -7.6     1.1     3.44 C    -5.4   -10.0    -7.2    89.3    74.6    83.4 -99.000 -99.000 -99.000 -99.000 -99.000     0.2     0.1 -9999.0 -9999.0 -9999.0
94080 20240324  2.623 -103.38   46.89    -6.9   -10.1    -8.5    -7.9    15.4     6.54 C    -6.0   -11.0    -7.8    88.8    81.1    85.1 -99.000 -99.000 -99.000 -99.000 -99.000     0.1     0.0 -9999.0 -9999.0 -9999.0
94080 20240325  2.623 -103.38   46.89    -8.2   -14.0   -11.1   -11.1     0.0    20.05 C    -6.0   -19.2   -12.3    87.3    44.7    65.4 -99.000 -99.000 -99.000 -99.000 -99.000     0.1     0.0 -9999.0 -9999.0 -9999.0
94080 20240326  2.623 -103.38   46.89    -8.1   -17.6   -12.8   -12.8     0.0    20.73 C    -3.8   -28.4   -15.2    83.6    40.9    63.0 -99.000 -99.000 -99.000 -99.000 -99.000     0.0     0.0 -9999.0 -9999.0 -9999.0
94080 20240327  2.623 -103.38   46.89    -2.4   -18.2   -10.3    -9.3     0.0    20.28 C     0.1   -24.1    -9.5    81.0    40.0    66.0 -99.000 -99.000 -99.000 -99.000 -99.000     0.0     0.0 -9999.0 -9999.0 -9999.0
94080 20240328  2.623 -103.38   46.89     2.4    -8.4    -3.0    -1.9     0.0    14.74 C     3.3    -9.2    -2.1    83.0    65.5    74.6 -99.000 -99.000 -99.000 -99.000 -99.000     0.0    -0.1 -9999.0 -9999.0 -9999.0
94080 20240329  2.623 -103.38   46.89     1.1    -2.0    -0.5     0.0     0.3     4.24 C     3.4    -1.7     0.3    89.0    71.9    80.4 -99.000 -99.000 -99.000 -99.000 -99.000     0.1    -0.1 -9999.0 -9999.0 -9999.0
94080 20240330  2.623 -103.38   46.89    -1.5    -3.2    -2.3    -2.3     0.8     3.51 C     2.3    -2.4    -1.1    86.7    75.8    80.6 -99.000 -99.000 -99.000 -99.000 -99.000     0.0    -0.1 -9999.0 -9999.0 -9999.0
94080 20240331  2.623 -103.38   46.89     0.0    -3.4    -1.7    -1.8     0.0     5.59 C     2.5    -2.6    -0.9    88.9    64.6    79.7 -99.000 -99.000 -99.000 -99.000 -99.000     0.1     0.0 -9999.0 -9999.0 -9999.0
94080 20240401  2.623 -103.38   46.89     9.1    -2.5     3.3     2.5     0.0    19.01 C    16.8    -3.3     3.6    89.9    33.8    65.6 -99.000 -99.000 -99.000 -99.000 -99.000     0.4     0.3 -9999.0 -9999.0 -9999.0
94080 20240402  2.623 -103.38   46.89    10.3    -1.1     4.6     4.9     0.0    20.98 C    23.5    -5.4     5.7    79.9    23.4    48.8   0.263   0.245 -99.000 -99.000 -99.000     1.3     1.4 -9999.0 -9999.0 -9999.0
94080 20240403  2.623 -103.38   46.89    18.5    -2.6     7.9     8.0     0.0    21.08 C    27.9    -4.0     9.3    75.6    25.8    47.7   0.249   0.234 -99.000 -99.000 -99.000     3.0     3.0 -9999.0 -9999.0 -9999.0
94080 20240404  2.623 -103.38   46.89    16.5     1.1     8.8     8.8     0.0    15.06 C    20.6    -0.3     8.6    64.3    29.5    44.7   0.238   0.225 -99.000 -99.000 -99.000     4.1     4.0 -9999.0 -9999.0 -9999.0
94080 20240405  2.623 -103.38   46.89    16.5     3.5    10.0     9.3     0.0    13.20 C    19.5     1.8     8.7    55.9    30.3    39.6   0.230   0.217 -99.000 -99.000 -99.000     4.3     4.2 -9999.0 -9999.0 -9999.0
94080 20240406  2.623 -103.38   46.89    15.0     3.3     9.2     8.6     0.0    17.45 C    23.1     1.7     9.3    65.4    40.6    54.2   0.225   0.211 -99.000 -99.000 -99.000     4.9     4.8 -9999.0 -9999.0 -9999.0
94080 20240407  2.623 -103.38   46.89     5.5     1.1     3.3     3.2     1.2     4.14 C    11.5     1.6     4.2    94.1    56.1    73.3   0.220   0.206 -99.000 -99.000 -99.000     4.5     4.5 -9999.0 -9999.0 -9999.0
94080 20240408  2.623 -103.38   46.89    10.2     0.2     5.2     4.5     2.1     9.64 C    20.7     0.7     6.6    94.8    45.1    77.6   0.219   0.205 -99.000 -99.000 -99.000     4.7     4.7 -9999.0 -9999.0 -9999.0
94080 20240409  2.623 -103.38   46.89    15.0     2.1     8.5     9.1     0.0    18.77 C    26.7    -1.3     9.7    74.1    28.5    48.6   0.222   0.209 -99.000 -99.000 -99.000     5.7     5.7 -9999.0 -9999.0 -9999.0
94080 20240410  2.623 -103.38   46.89     7.9     1.5     4.7     4.9     1.8     5.87 C     8.9    -1.5     3.7    90.9    40.4    62.7   0.219   0.206 -99.000 -99.000 -99.000     5.1     5.1 -9999.0 -9999.0 -9999.0
94080 20240411  2.623 -103.38   46.89    11.9    -1.4     5.2     5.7     0.0    23.16 C    24.5    -4.2     6.4    67.0    15.3    37.1   0.218   0.205 -99.000 -99.000 -99.000     5.2     5.2 -9999.0 -9999.0 -9999.0
94080 20240412  2.623 -103.38   46.89    22.8    -1.2    10.8    12.0     0.0    22.44 C    28.1    -3.1    11.7    57.7    16.3    32.8   0.215   0.201 -99.000 -99.000 -99.000     6.0     6.0 -9999.0 -9999.0 -9999.0
94080 20240413  2.623 -103.38   46.89    23.8     7.6    15.7    15.7     0.0    21.33 C    36.0     0.8    15.5    56.8    22.1    35.5   0.212   0.198 -99.000 -99.000 -99.000     8.2     8.1 -9999.0 -9999.0 -9999.0
94080 20240414  2.623 -103.38   46.89    22.8     4.8    13.8    14.0     0.0    21.03 C    30.5     2.6    14.2    62.4    21.9    37.3   0.207   0.193 -99.000 -99.000 -99.000     8.6     8.5 -9999.0 -9999.0 -9999.0
94080 20240415  2.623 -103.38   46.89    21.9     7.6    14.7    13.5     0.0    14.04 C    25.9     5.6    13.0    61.5    23.7    38.8   0.201   0.188 -99.000 -99.000 -99.000     8.5     8.4 -9999.0 -9999.0 -9999.0
94080 20240416  2.623 -103.38   46.89    14.8     4.3     9.6     8.3    13.1    10.27 C    18.8     2.2     8.7    94.3    37.8    68.4   0.233   0.217 -99.000 -99.000 -99.000     8.0     8.0 -9999.0 -9999.0 -9999.0
94080 20240417  2.623 -103.38   46.89     5.8    -1.1     2.3     2.9     0.0     9.70 C    14.5    -2.1     4.1    71.8    47.4    59.5   0.237   0.222 -99.000 -99.000 -99.000     6.8     6.9 -9999.0 -9999.0 -9999.0
94080 20240418  2.623 -103.38   46.89     1.5    -4.3    -1.4    -1.6     0.0     8.74 C     8.2    -4.0     0.0    76.6    39.9    57.2   0.228   0.213 -99.000 -99.000 -99.000     4.9     4.9 -9999.0 -9999.0 -9999.0
94080 20240419  2.623 -103.38   46.89     0.3    -6.9    -3.3    -2.9     0.0    11.54 C    15.7    -6.9    -0.1    80.5    49.7    63.5   0.222   0.207 -99.000 -99.000 -99.000     4.0     4.1 -9999.0 -9999.0 -9999.0
94080 20240420  2.623 -103.38   46.89     8.1    -3.5     2.3     1.9     0.0    25.03 C    24.0    -4.1     5.9    71.1    17.1    41.2   0.219   0.204 -99.000 -99.000 -99.000     5.2     5.2 -9999.0 -9999.0 -9999.0
94080 20240421  2.623 -103.38   46.89    19.7    -5.1     7.3     8.8     0.0    23.17 C    26.7    -6.2     9.6    58.3    12.0    33.1   0.214   0.200 -99.000 -99.000 -99.000     6.0     6.0 -9999.0 -9999.0 -9999.0
94080 20240422  2.623 -103.38   46.89    14.4     5.2     9.8     9.9     0.0    22.55 C    24.1     2.5    11.0    66.8    18.5    33.8   0.208   0.195 -99.000 -99.000 -99.000     7.4     7.4 -9999.0 -9999.0 -9999.0
94080 20240423  2.623 -103.38   46.89    14.6     1.3     7.9     8.5     0.0    25.30 C    28.3    -2.9    10.7    79.2    22.2    44.0   0.202   0.189 -99.000 -99.000 -99.000     7.8     7.8 -9999.0 -9999.0 -9999.0
94080 20240424  2.623 -103.38   46.89    20.6     2.7    11.7    12.5     0.0    22.71 C    25.9     0.5    12.6    54.8    21.8    34.9   0.195   0.182 -99.000 -99.000 -99.000     8.1     8.1 -9999.0 -9999.0 -9999.0
94080 20240425  2.623 -103.38   46.89    26.0     3.8    14.9    13.8     2.2    16.94 C    34.9     2.6    13.8    89.8    15.3    55.6   0.189   0.176 -99.000 -99.000 -99.000     9.0     8.9 -9999.0 -9999.0 -9999.0
94080 20240426  2.623 -103.38   46.89    17.1     6.0    11.5    10.9     1.1    10.97 C    22.6     3.8    11.0    94.1    54.8    81.1   0.185   0.173 -99.000 -99.000 -99.000     9.4     9.4 -9999.0 -9999.0 -9999.0
94080 20240427  2.623 -103.38   46.89    13.6     2.3     7.9     8.3     0.0    24.74 C    25.4     1.6    10.5    90.8    27.6    58.8   0.182   0.169 -99.000 -99.000 -99.000     9.4     9.4 -9999.0 -9999.0 -9999.0
94080 20240428  2.623 -103.38   46.89    11.8    -0.5     5.6     5.1     0.0    18.60 C    22.1    -0.9     7.3    94.7    39.7    70.5   0.176   0.164 -99.000 -99.000 -99.000     8.6     8.6 -9999.0 -9999.0 -9999.0
94080 20240429  2.623 -103.38   46.89    19.2    -0.3     9.4    10.0     0.0    20.89 C    35.2    -1.5    11.8    94.5    22.5    55.3   0.171   0.160 -99.000 -99.000 -99.000     8.9     8.9 -9999.0 -9999.0 -9999.0
94080 20240430  2.623 -103.38   46.89    10.9     2.9     6.9     6.9    11.4     7.25 C    14.6     0.7     6.5    92.4    47.8    73.3   0.187   0.168 -99.000 -99.000 -99.000     8.5     8.5 -9999.0 -9999.0 -9999.0
94080 20240501  2.623 -103.38   46.89    11.1    -1.3     4.9     5.4     0.0    16.58 C    27.1    -1.7     7.3    87.3    37.1    62.8   0.201   0.179 -99.000 -99.000 -99.000     8.1     8.1 -9999.0 -9999.0 -9999.0
94080 20240502  2.623 -103.38   46.89    12.0     0.4     6.2     4.7     0.0    16.87 C    24.2    -0.1     6.6    89.4    35.8    68.6   0.196   0.177 -99.000 -99.000 -99.000     8.0     8.0 -9999.0 -9999.0 -9999.0
94080 20240503  2.623 -103.38   46.89     7.0     0.7     3.9     3.6     2.0     6.59 C    11.1    -0.4     4.0    87.9    56.6    74.1   0.190   0.174 -99.000 -99.000 -99.000     6.9     7.0 -9999.0 -9999.0 -9999.0
94080 20240504  2.623 -103.38   46.89    13.6    -1.6     6.0     6.8     0.0    26.58 C    27.0    -3.2     9.7    88.7    29.0    54.0   0.188   0.172 -99.000 -99.000 -99.000     7.9     7.9 -9999.0 -9999.0 -9999.0
94080 20240505  2.623 -103.38   46.89    21.3     2.0    11.7    12.7     0.0    21.52 C    26.5     1.4    12.9    76.9    29.2    52.6   0.182   0.168 -99.000 -99.000 -99.000     8.9     8.8 -9999.0 -9999.0 -9999.0
94080 20240506  2.623 -103.38   46.89    13.6    10.1    11.9    11.9     0.4     3.46 C    13.8     9.8    11.6    93.2    64.6    82.4   0.176   0.165 -99.000 -99.000 -99.000     9.5     9.4 -9999.0 -9999.0 -9999.0
94080 20240507  2.623 -103.38   46.89    11.7     5.8     8.7     7.4    13.2     3.53 C    10.5     2.8     7.6    95.0    83.5    90.7   0.185   0.169 -99.000 -99.000 -99.000     8.9     8.9 -9999.0 -9999.0 -9999.0
94080 20240508  2.623 -103.38   46.89    12.0     5.6     8.8     8.3     0.9     8.94 C    14.0     3.2     7.9    94.8    58.2    78.9   0.230   0.213 -99.000 -99.000 -99.000     8.5     8.5 -9999.0 -9999.0 -9999.0
94080 20240509  2.623 -103.38   46.89    19.4     6.0    12.7    13.4     0.0    20.43 C    31.1     3.9    13.8    89.2    34.2    57.4   0.222   0.206 -99.000 -99.000 -99.000     9.6     9.5 -9999.0 -9999.0 -9999.0
94080 20240510  2.623 -103.38   46.89    20.4     6.6    13.5    14.4     0.0    26.38 C    31.9     4.1    15.4    73.1    26.5    44.4   0.211   0.195 -99.000 -99.000 -99.000    10.8    10.8 -9999.0 -9999.0 -9999.0
94080 20240511  2.623 -103.38   46.89    24.9     6.0    15.4    17.4     0.0    25.97 C    32.9     5.0    17.3    80.1    20.2    44.1   0.198   0.183 -99.000 -99.000 -99.000    11.7    11.8 -9999.0 -9999.0 -9999.0
94080 20240512  2.623 -103.38   46.89    20.4    10.4    15.4    15.9     0.0    18.84 C    30.0     6.3    15.6    56.8    21.7    36.3   0.185   0.172 -99.000 -99.000 -99.000    12.1    12.1 -9999.0 -9999.0 -9999.0
94080 20240513  2.623 -103.38   46.89    25.7     8.9    17.3    16.9     4.4    21.11 C    34.2     7.0    16.9    68.4    26.6    45.6   0.174   0.162 -99.000 -99.000 -99.000    12.3    12.3 -9999.0 -9999.0 -9999.0
94080 20240514  2.623 -103.38   46.89    21.7    10.3    16.0    15.8     0.3    23.89 C    32.4     8.8    17.5    85.6    38.4    60.6   0.167   0.156 -99.000 -99.000 -99.000    13.3    13.4 -9999.0 -9999.0 -9999.0
94080 20240515  2.623 -103.38   46.89    17.9     6.4    12.2    12.2     0.0    23.92 C    30.7     6.6    15.0    91.3    35.1    62.2   0.159   0.149 -99.000 -99.000 -99.000    13.2    13.4 -9999.0 -9999.0 -9999.0
94080 20240516  2.623 -103.38   46.89    23.9     8.8    16.4    15.4     0.7    17.49 C    33.3     7.5    15.6    80.5    27.2    56.8   0.153   0.143 -99.000 -99.000 -99.000    13.1    13.2 -9999.0 -9999.0 -9999.0
94080 20240517  2.623 -103.38   46.89    26.3     8.2    17.2    16.0     2.8    20.53 C    37.1     7.6    16.6    88.8    15.4    56.7   0.148   0.137 -99.000 -99.000 -99.000    13.3    13.4 -9999.0 -9999.0 -9999.0
94080 20240518  2.623 -103.38   46.89    17.8     6.1    11.9    11.4     0.0    22.91 C    27.8     2.7    12.0    76.4    22.6    45.5   0.141   0.130 -99.000 -99.000 -99.000    12.4    12.6 -9999.0 -9999.0 -9999.0
94080 20240519  2.623 -103.38   46.89    18.4     5.5    11.9    11.9     1.7    16.62 C    25.5     3.3    12.0    85.4    32.7    53.5   0.137   0.125 -99.000 -99.000 -99.000    11.7    11.8 -9999.0 -9999.0 -9999.0
94080 20240520  2.623 -103.38   46.89    16.4     4.0    10.2    10.9     0.0    22.75 C    29.8     2.7    13.0    90.3    31.9    56.5   0.134   0.121 -99.000 -99.000 -99.000    12.2    12.3 -9999.0 -9999.0 -9999.0
94080 20240521  2.623 -103.38   46.89    17.9     6.5    12.2    11.7     0.0    20.92 C    33.1     0.9    12.3    80.9    30.7    49.1   0.132   0.117 -99.000 -99.000 -99.000    12.1    12.2 -9999.0 -9999.0 -9999.0
94080 20240522  2.623 -103.38   46.89    19.3     2.6    10.9    12.0     0.0    19.37 C    34.3     1.0    14.1    79.3    29.5    54.5   0.130   0.112 -99.000 -99.000 -99.000    12.2    12.2 -9999.0 -9999.0 -9999.0
94080 20240523  2.623 -103.38   46.89    13.2     5.5     9.3     9.2    14.8     7.39 C    16.3     5.6     9.6    92.4    65.1    82.0   0.126   0.109 -99.000 -99.000 -99.000    11.5    11.6 -9999.0 -9999.0 -9999.0
94080 20240524  2.623 -103.38   46.89    14.5     4.7     9.6     8.1     5.4    15.63 C    25.2     5.3    10.3    90.4    46.5    77.1   0.198   0.131 -99.000 -99.000 -99.000    10.8    10.9 -9999.0 -9999.0 -9999.0
94080 20240525  2.623 -103.38   46.89    18.8     4.1    11.5    11.6     0.4    24.37 C    31.1     3.6    13.8    93.9    37.2    67.9   0.197   0.142 -99.000 -99.000 -99.000    12.1    12.2 -9999.0 -9999.0 -9999.0
94080 20240526  2.623 -103.38   46.89    17.7     7.8    12.8    12.4     2.5    15.00 C    26.4     6.6    13.3    92.9    34.2    66.8   0.191   0.144 -99.000 -99.000 -99.000    12.6    12.7 -9999.0 -9999.0 -9999.0
94080 20240527  2.623 -103.38   46.89    20.8     7.3    14.0    13.8     0.8    24.41 C    33.6     6.0    15.7    84.4    34.1    59.7   0.184   0.142 -99.000 -99.000 -99.000    13.1    13.2 -9999.0 -9999.0 -9999.0
94080 20240528  2.623 -103.38   46.89    21.7     7.1    14.4    15.3     0.0    28.85 C    31.3     3.6    16.5    87.6    36.1    56.2   0.172   0.138 -99.000 -99.000 -99.000    13.9    14.0 -9999.0 -9999.0 -9999.0
94080 20240529  2.623 -103.38   46.89    27.3     9.5    18.4    17.1     5.2    23.60 C    32.9     8.5    17.9    87.7    38.2    60.0   0.158   0.131 -99.000 -99.000 -99.000    14.4    14.4 -9999.0 -9999.0 -9999.0
94080 20240530  2.623 -103.38   46.89    17.8     5.3    11.5    12.9     2.8    27.27 C    28.5     4.6    15.0    90.7    26.5    54.0   0.157   0.127 -99.000 -99.000 -99.000    14.5    14.6 -9999.0 -9999.0 -9999.0
94080 20240531  2.623 -103.38   46.89    19.8     4.8    12.3    13.2     0.0    24.13 C    29.4     3.3    14.4    78.0    24.5    46.3   0.150   0.123 -99.000 -99.000 -99.000    13.5    13.7 -9999.0 -9999.0 -9999.0
94080 20240601  2.623 -103.38   46.89    21.9     4.9    13.4    15.2     0.0    29.42 C    33.1     4.2    17.8    78.0    23.2    44.6   0.142   0.118 -99.000 -99.000 -99.000    14.3    14.4 -9999.0 -9999.0 -9999.0
94080 20240602  2.623 -103.38   46.89    24.2    10.9    17.6    17.0     0.7    19.67 C    35.4     8.4    17.6    83.7    29.4    59.4   0.138   0.115 -99.000 -99.000 -99.000    15.0    15.1 -9999.0 -9999.0 -9999.0
94080 20240603  2.623 -103.38   46.89    27.2     9.8    18.5    17.9     2.0    20.76 C    33.1     8.4    18.4    89.1    31.1    58.7   0.134   0.110 -99.000 -99.000 -99.000    15.3    15.3 -9999.0 -9999.0 -9999.0
94080 20240604  2.623 -103.38   46.89    21.4    11.3    16.4    16.3     0.0    28.48 C    32.8     9.5    18.0    87.4    21.7    42.2   0.130   0.106 -99.000 -99.000 -99.000    15.4    15.5 -9999.0 -9999.0 -9999.0
94080 20240605  2.623 -103.38   46.89    20.5    13.0    16.7    16.9     0.0    25.50 C    31.6    10.2    18.0    50.4    20.3    32.7   0.141   0.102 -99.000 -99.000 -99.000    15.1    15.1 -9999.0 -9999.0 -9999.0
94080 20240606  2.623 -103.38   46.89    22.5     9.4    15.9    17.0     0.0    29.91 C    37.8     5.1    18.9    48.1    20.6    30.7   0.133   0.098 -99.000 -99.000 -99.000    15.5    15.5 -9999.0 -9999.0 -9999.0
94080 20240607  2.623 -103.38   46.89    25.5     7.9    16.7    16.0     0.0    25.14 C    37.1     4.6    17.1    72.7    28.5    44.0   0.126   0.095 -99.000 -99.000 -99.000    15.5    15.6 -9999.0 -9999.0 -9999.0
94080 20240608  2.623 -103.38   46.89    23.3     6.3    14.8    16.0     0.0    24.83 C    39.6     5.7    18.4    77.6    21.2    40.5   0.111   0.092 -99.000 -99.000 -99.000    15.4    15.5 -9999.0 -9999.0 -9999.0
94080 20240609  2.623 -103.38   46.89    24.6     8.7    16.7    17.0     0.0    27.27 C    36.0     4.2    19.0    61.5    27.5    44.7   0.112   0.090 -99.000 -99.000 -99.000    15.9    16.0 -9999.0 -9999.0 -9999.0
94080 20240610  2.623 -103.38   46.89    21.1    10.9    16.0    15.5    15.6     9.81 C    25.0    10.5    15.0    87.2    49.9    70.4   0.156   0.090 -99.000 -99.000 -99.000    15.1    15.2 -9999.0 -9999.0 -9999.0
94080 20240611  2.623 -103.38   46.89    27.3    12.2    19.8    20.2     0.0    28.37 C    37.0    11.3    21.5    83.7    26.9    50.3   0.156   0.093 -99.000 -99.000 -99.000    16.5    16.7 -9999.0 -9999.0 -9999.0
94080 20240612  2.623 -103.38   46.89    27.1    11.9    19.5    21.4     0.0    27.05 C    38.1     7.5    21.5    75.8    13.5    31.5   0.136   0.095 -99.000 -99.000 -99.000    17.6    17.8 -9999.0 -9999.0 -9999.0
94080 20240613  2.623 -103.38   46.89    24.5     7.8    16.1    18.5     0.0    30.39 C    38.6     5.2    19.8    61.3    18.7    32.5   0.122   0.093 -99.000 -99.000 -99.000    17.1    17.3 -9999.0 -9999.0 -9999.0
94080 20240614  2.623 -103.38   46.89    29.8    11.2    20.5    21.8     0.0    26.92 C    34.9    10.2    22.6    71.4    30.6    46.7   0.115   0.092 -99.000 -99.000 -99.000    17.4    17.5 -9999.0 -9999.0 -9999.0
94080 20240615  2.623 -103.38   46.89    31.7    14.2    23.0    23.1     0.0    24.47 C    42.5    13.7    24.8    80.2    29.3    52.8   0.112   0.091 -99.000 -99.000 -99.000    19.0    19.0 -9999.0 -9999.0 -9999.0
94080 20240616  2.623 -103.38   46.89    21.1     9.6    15.4    15.3     0.0    30.11 C    36.4     6.7    18.7    63.6    13.9    32.9   0.106   0.088 -99.000 -99.000 -99.000    18.0    18.1 -9999.0 -9999.0 -9999.0
94080 20240617  2.623 -103.38   46.89    17.8     8.7    13.3    12.4    18.9     6.40 C    21.7     6.2    12.9    94.2    40.2    67.4   0.118   0.088 -99.000 -99.000 -99.000    15.7    15.8 -9999.0 -9999.0 -9999.0
94080 20240618  2.623 -103.38   46.89    11.5     4.8     8.2     8.4    13.1     6.34 C    17.8     4.6     9.9    94.5    81.4    89.7   0.216   0.131 -99.000 -99.000 -99.000    13.9    14.0 -9999.0 -9999.0 -9999.0
94080 20240619  2.623 -103.38   46.89    20.1     2.8    11.5    11.9     0.0    26.20 C    28.3     1.9    14.0    92.8    43.6    67.8   0.232   0.182 -99.000 -99.000 -99.000    14.2    14.2 -9999.0 -9999.0 -9999.0
94080 20240620  2.623 -103.38   46.89    21.6     9.4    15.5    16.0     0.0    26.94 C    29.5     9.1    18.2    89.5    55.1    73.2   0.211   0.170 -99.000 -99.000 -99.000    15.9    15.9 -9999.0 -9999.0 -9999.0
94080 20240621  2.623 -103.38   46.89    19.7    13.9    16.8    16.0     8.5     7.48 C    22.1    14.1    16.5    94.1    71.1    88.1   0.222   0.177 -99.000 -99.000 -99.000    16.2    16.2 -9999.0 -9999.0 -9999.0
94080 20240622  2.623 -103.38   46.89    25.5    14.3    19.9    18.7     1.9    20.18 C    36.2    13.4    20.5    94.8    42.2    74.4   0.223   0.185 -99.000 -99.000 -99.000    17.6    17.6 -9999.0 -9999.0 -9999.0
94080 20240623  2.623 -103.38   46.89    27.6    13.0    20.3    22.0     0.0    28.97 C    35.0    12.5    23.1    90.3    47.0    66.6   0.204   0.174 -99.000 -99.000 -99.000    18.7    18.7 -9999.0 -9999.0 -9999.0
94080 20240624  2.623 -103.38   46.89    28.3    14.9    21.6    24.7     0.3    29.17 C    39.4    11.5    24.9    87.1    18.2    46.4   0.185   0.159 -99.000 -99.000 -99.000    20.3    20.3 -9999.0 -9999.0 -9999.0
94080 20240625  2.623 -103.38   46.89    27.8    12.8    20.3    20.9     0.0    29.44 C    38.9     9.8    22.9    73.1    24.8    43.3   0.181   0.142 -99.000 -99.000 -99.000    19.7    19.8 -9999.0 -9999.0 -9999.0
94080 20240626  2.623 -103.38   46.89    24.5    10.4    17.5    18.0     0.0    27.75 C    36.8     8.2    20.8    82.3    40.4    59.8   0.169   0.128 -99.000 -99.000 -99.000    19.1    19.2 -9999.0 -9999.0 -9999.0
94080 20240627  2.623 -103.38   46.89    26.7    13.5    20.1    18.4    22.2    20.23 C    34.7    12.1    19.9    92.8    61.6    78.3   0.194   0.149 -99.000 -99.000 -99.000    18.8    18.8 -9999.0 -9999.0 -9999.0
94080 20240628  2.623 -103.38   46.89    21.5    10.7    16.1    15.2     2.5    19.38 C    30.7     9.4    16.4    90.3    36.7    64.9   0.248   0.194 -99.000 -99.000 -99.000    17.7    17.8 -9999.0 -9999.0 -9999.0
94080 20240629  2.623 -103.38   46.89    17.0     9.3    13.1    12.5     1.5    13.67 C    22.6    10.3    14.2    93.5    52.6    74.7   0.237   0.184 -99.000 -99.000 -99.000    16.6    16.7 -9999.0 -9999.0 -9999.0
94080 20240630  2.623 -103.38   46.89    23.6     9.4    16.5    17.1     0.0    22.39 C    27.5     9.2    17.8    83.2    52.8    67.3   0.225   0.174 -99.000 -99.000 -99.000    16.5    16.5 -9999.0 -9999.0 -9999.0
94080 20240701  2.623 -103.38   46.89    22.6    14.8    18.7    17.8     5.9    13.24 C    30.9    13.5    18.0    89.4    59.2    77.0   0.213   0.166 -99.000 -99.000 -99.000    17.3    17.3 -9999.0 -9999.0 -9999.0
94080 20240702  2.623 -103.38   46.89 -9999.0 -9999.0 -9999.0 -9999.0 -9999.0 -9999.00 U -9999.0 -9999.0 -9999.0 -9999.0 -9999.0 -9999.0 -99.000 -99.000 -99.000 -99.000 -99.000 -9999.0 -9999.0 -9999.0 -9999.0 -9999.0
