96407 20240101  2.515 -159.00   66.56   -10.3   -14.6   -12.5   -12.7     0.0     0.00 C   -12.3   -18.3   -15.8    74.0    66.7    70.9 -99.000 -99.000 -99.000 -99.000 -99.000 -9999.0 -9999.0 -9999.0 -9999.0 -9999.0
96407 20240102  2.515 -159.00   66.56    -8.4   -11.5    -9.9   -10.0     0.0     0.00 C   -10.6   -15.3   -12.9    71.6    54.6    64.3 -99.000 -99.000 -99.000 -99.000 -99.000 -9999.0 -9999.0 -9999.0 -9999.0 -9999.0
96407 20240103  2.515 -159.00   66.56   -10.1   -13.2   -11.7   -11.7     0.0     0.00 C   -13.0   -17.5   -15.4    74.9    47.3    56.6 -99.000 -99.000 -99.000 -99.000 -99.000 -9999.0 -9999.0 -9999.0 -9999.0 -9999.0
96407 20240104  2.515 -159.00   66.56   -10.7   -16.6   -13.6   -12.7     0.0     0.00 C   -13.4   -22.8   -16.7    65.1    40.6    50.5 -99.000 -99.000 -99.000 -99.000 -99.000 -9999.0 -9999.0 -9999.0 -9999.0 -9999.0
96407 20240105  2.515 -159.00   66.56   -12.9   -20.5   -16.7   -17.2     0.0     0.00 C   -15.8   -25.2   -22.4    74.8    63.3    68.8 -99.000 -99.000 -99.000 -99.000 -99.000 -9999.0 -9999.0 -9999.0 -9999.0 -9999.0
96407 20240106  2.515 -159.00   66.56   -10.9   -18.3   -14.6   -12.9     0.0     0.00 C   -11.6   -22.8   -15.3    69.8    57.1    64.2 -99.000 -99.000 -99.000 -99.000 -99.000 -9999.0 -9999.0 -9999.0 -9999.0 -9999.0
96407 20240107  2.515 -159.00   66.56    -6.4   -12.0    -9.2    -8.5     6.3     0.00 C    -7.3   -14.1    -9.4    84.4    60.2    74.3 -99.000 -99.000 -99.000 -99.000 -99.000 -9999.0 -9999.0 -9999.0 -9999.0 -9999.0
96407 20240108  2.515 -159.00   66.56    -6.9    -9.3    -8.1    -7.8     0.0     0.00 C    -8.2   -15.3   -10.5    82.5    69.7    76.8 -99.000 -99.000 -99.000 -99.000 -99.000 -9999.0 -9999.0 -9999.0 -9999.0 -9999.0
96407 20240109  2.515 -159.00   66.56    -7.6   -12.4   -10.0    -9.8     0.9     0.01 C    -8.5   -12.6   -10.5    85.7    74.7    79.4 -99.000 -99.000 -99.000 -99.000 -99.000 -9999.0 -9999.0 -9999.0 -9999.0 -9999.0
96407 20240110  2.515 -159.00   66.56   -11.9   -21.0   -16.5   -16.2     0.0     0.00 C   -12.2   -28.8   -19.3    76.2    51.0    66.0 -99.000 -99.000 -99.000 -99.000 -99.000 -9999.0 -9999.0 -9999.0 -9999.0 -9999.0
96407 20240111  2.515 -159.00   66.56    -7.0   -14.2   -10.6    -9.9     0.0     0.00 C    -8.2   -15.2   -10.9    69.7    44.7    57.8 -99.000 -99.000 -99.000 -99.000 -99.000 -9999.0 -9999.0 -9999.0 -9999.0 -9999.0
96407 20240112  2.515 -159.00   66.56    -5.5   -10.5    -8.0    -7.8     0.2     0.06 C    -7.1   -15.2    -9.9    81.6    47.7    63.7 -99.000 -99.000 -99.000 -99.000 -99.000 -9999.0 -9999.0 -9999.0 -9999.0 -9999.0
96407 20240113  2.515 -159.00   66.56    -8.5   -15.4   -12.0   -12.4     0.0     0.01 C   -11.5   -20.2   -15.3    67.1    53.9    60.6 -99.000 -99.000 -99.000 -99.000 -99.000 -9999.0 -9999.0 -9999.0 -9999.0 -9999.0
96407 20240114  2.515 -159.00   66.56   -13.5   -16.3   -14.9   -14.9     0.5     0.00 C   -13.5   -16.4   -14.9    81.0    58.6    75.5 -99.000 -99.000 -99.000 -99.000 -99.000 -9999.0 -9999.0 -9999.0 -9999.0 -9999.0
96407 20240115  2.515 -159.00   66.56     1.6   -14.7    -6.6    -7.6     1.3     0.00 C    -0.1   -17.5    -8.2    90.0    75.6    82.0 -99.000 -99.000 -99.000 -99.000 -99.000 -9999.0 -9999.0 -9999.0 -9999.0 -9999.0
96407 20240116  2.515 -159.00   66.56     1.5   -14.1    -6.3    -5.9     3.0     0.02 C    -0.1   -18.3    -7.9    93.2    71.7    80.9 -99.000 -99.000 -99.000 -99.000 -99.000 -9999.0 -9999.0 -9999.0 -9999.0 -9999.0
96407 20240117  2.515 -159.00   66.56   -13.0   -21.1   -17.1   -18.1     0.0     0.36 C   -16.7   -23.6   -20.8    81.5    67.2    77.6 -99.000 -99.000 -99.000 -99.000 -99.000 -9999.0 -9999.0 -9999.0 -9999.0 -9999.0
96407 20240118  2.515 -159.00   66.56   -13.7   -19.5   -16.6   -17.1     0.0     0.43 C   -13.5   -21.3   -18.2    79.4    73.4    76.1 -99.000 -99.000 -99.000 -99.000 -99.000 -9999.0 -9999.0 -9999.0 -9999.0 -9999.0
96407 20240119  2.515 -159.00   66.56   -11.8   -22.8   -17.3   -18.2     0.0     0.19 C   -16.1   -55.8   -23.5    82.6    54.5    77.1 -99.000 -99.000 -99.000 -99.000 -99.000 -9999.0 -9999.0 -9999.0 -9999.0 -9999.0
96407 20240120  2.515 -159.00   66.56   -13.2   -29.5   -21.3   -21.3     0.0     0.25 U -9999.0 -9999.0 -9999.0    74.0    50.1    61.3 -99.000 -99.000 -99.000 -99.000 -99.000 -9999.0 -9999.0 -9999.0 -9999.0 -9999.0
96407 20240121  2.515 -159.00   66.56   -27.7   -37.0   -32.4   -33.9     0.0     0.25 C   -32.9   -59.5   -41.1    75.4    67.5    70.4 -99.000 -99.000 -99.000 -99.000 -99.000 -9999.0 -9999.0 -9999.0 -9999.0 -9999.0
96407 20240122  2.515 -159.00   66.56   -20.8   -37.2   -29.0   -29.8     0.0     0.20 C     0.0 -9999.0   -38.6    72.2    61.7    67.5 -99.000 -99.000 -99.000 -99.000 -99.000 -9999.0 -9999.0 -9999.0 -9999.0 -9999.0
96407 20240123  2.515 -159.00   66.56   -20.7   -33.4   -27.1   -25.1     0.0     0.17 C   -28.5   -51.4   -37.6    79.3    67.7    73.3 -99.000 -99.000 -99.000 -99.000 -99.000 -9999.0 -9999.0 -9999.0 -9999.0 -9999.0
96407 20240124  2.515 -159.00   66.56   -28.7   -39.4   -34.0   -32.0     0.0     0.10 C   -28.7   -53.6   -35.4    71.9    66.7    69.5 -99.000 -99.000 -99.000 -99.000 -99.000 -9999.0 -9999.0 -9999.0 -9999.0 -9999.0
96407 20240125  2.515 -159.00   66.56   -37.4   -42.4   -39.9   -40.7     0.0     0.30 C   -42.4   -45.5   -43.8    69.3    63.5    65.7 -99.000 -99.000 -99.000 -99.000 -99.000 -9999.0 -9999.0 -9999.0 -9999.0 -9999.0
96407 20240126  2.515 -159.00   66.56   -42.0   -44.5   -43.2   -43.5     0.0     0.35 C   -44.6   -46.8   -45.8    64.0    62.0    62.8 -99.000 -99.000 -99.000 -99.000 -99.000 -9999.0 -9999.0 -9999.0 -9999.0 -9999.0
96407 20240127  2.515 -159.00   66.56   -43.7   -45.6   -44.7   -44.8     0.0     0.40 C   -45.4   -47.7   -46.6    62.5    61.2    61.7 -99.000 -99.000 -99.000 -99.000 -99.000 -9999.0 -9999.0 -9999.0 -9999.0 -9999.0
96407 20240128  2.515 -159.00   66.56   -42.0   -46.8   -44.4   -44.1     0.0     0.46 C   -44.7   -49.5   -46.6    63.5    60.9    61.8 -99.000 -99.000 -99.000 -99.000 -99.000 -9999.0 -9999.0 -9999.0 -9999.0 -9999.0
96407 20240129  2.515 -159.00   66.56   -27.8   -47.0   -37.4   -38.3     0.2     0.16 C   -27.9 -9999.0   -41.9    71.0    60.9    65.3 -99.000 -99.000 -99.000 -99.000 -99.000 -9999.0 -9999.0 -9999.0 -9999.0 -9999.0
96407 20240130  2.515 -159.00   66.56   -26.5   -40.2   -33.3   -30.5     0.2     0.72 C   -27.7 -9999.0   -45.7    71.3    65.2    69.0 -99.000 -99.000 -99.000 -99.000 -99.000 -9999.0 -9999.0 -9999.0 -9999.0 -9999.0
96407 20240131  2.515 -159.00   66.56   -39.4   -44.8   -42.1   -41.7     0.0     0.78 C   -42.7   -48.2   -45.0    68.6    62.5    65.2 -99.000 -99.000 -99.000 -99.000 -99.000 -9999.0 -9999.0 -9999.0 -9999.0 -9999.0
96407 20240201  2.515 -159.00   66.56   -26.0   -42.2   -34.1   -30.9     0.0     0.68 C   -26.6 -9999.0   -37.7    73.3    63.8    70.2 -99.000 -99.000 -99.000 -99.000 -99.000 -9999.0 -9999.0 -9999.0 -9999.0 -9999.0
96407 20240202  2.515 -159.00   66.56   -31.1   -39.7   -35.4   -36.9     0.0     0.74 C   -35.9   -42.2   -40.0    72.7    64.9    67.6 -99.000 -99.000 -99.000 -99.000 -99.000 -9999.0 -9999.0 -9999.0 -9999.0 -9999.0
96407 20240203  2.515 -159.00   66.56   -36.3   -40.0   -38.2   -38.1     0.0     0.84 C   -38.8   -43.0   -40.7    67.1    64.4    65.3 -99.000 -99.000 -99.000 -99.000 -99.000 -9999.0 -9999.0 -9999.0 -9999.0 -9999.0
96407 20240204  2.515 -159.00   66.56   -18.7   -39.9   -29.3   -31.9     0.3     0.68 C   -19.4   -56.7   -37.6    74.4    64.2    68.7 -99.000 -99.000 -99.000 -99.000 -99.000 -9999.0 -9999.0 -9999.0 -9999.0 -9999.0
96407 20240205  2.515 -159.00   66.56   -11.7   -19.7   -15.7   -15.2     0.6     0.74 C   -12.2   -27.7   -17.1    84.4    70.4    77.4 -99.000 -99.000 -99.000 -99.000 -99.000 -9999.0 -9999.0 -9999.0 -9999.0 -9999.0
96407 20240206  2.515 -159.00   66.56    -9.2   -13.3   -11.3   -11.3     0.5     0.57 C    -9.8   -15.9   -12.2    82.7    73.4    79.1 -99.000 -99.000 -99.000 -99.000 -99.000 -9999.0 -9999.0 -9999.0 -9999.0 -9999.0
96407 20240207  2.515 -159.00   66.56    -6.3   -12.6    -9.4    -9.7     0.0     1.04 C    -6.7   -16.5   -12.3    84.9    73.1    78.8 -99.000 -99.000 -99.000 -99.000 -99.000 -9999.0 -9999.0 -9999.0 -9999.0 -9999.0
96407 20240208  2.515 -159.00   66.56    -4.6   -11.7    -8.1    -7.5     0.3     0.77 C    -5.9   -16.8    -9.3    84.9    70.4    76.4 -99.000 -99.000 -99.000 -99.000 -99.000 -9999.0 -9999.0 -9999.0 -9999.0 -9999.0
96407 20240209  2.515 -159.00   66.56    -6.4   -11.2    -8.8    -9.1     0.0     1.47 C    -8.3   -15.6   -11.8    76.9    65.3    71.6 -99.000 -99.000 -99.000 -99.000 -99.000 -9999.0 -9999.0 -9999.0 -9999.0 -9999.0
96407 20240210  2.515 -159.00   66.56    -4.6   -10.1    -7.3    -7.1     0.9     0.75 C    -5.5   -15.5    -8.5    89.0    71.1    81.1 -99.000 -99.000 -99.000 -99.000 -99.000 -9999.0 -9999.0 -9999.0 -9999.0 -9999.0
96407 20240211  2.515 -159.00   66.56    -3.1   -11.7    -7.4    -5.9     1.6     0.92 C    -3.7   -16.9    -8.1    91.0    78.6    85.6 -99.000 -99.000 -99.000 -99.000 -99.000 -9999.0 -9999.0 -9999.0 -9999.0 -9999.0
96407 20240212  2.515 -159.00   66.56    -3.0    -9.6    -6.3    -6.3     1.2     1.39 C    -3.8   -12.8    -8.6    89.6    69.4    78.7 -99.000 -99.000 -99.000 -99.000 -99.000 -9999.0 -9999.0 -9999.0 -9999.0 -9999.0
96407 20240213  2.515 -159.00   66.56     3.2    -3.1     0.0     0.6     0.5     0.78 C     0.0    -3.8    -1.1    90.1    61.5    79.2 -99.000 -99.000 -99.000 -99.000 -99.000 -9999.0 -9999.0 -9999.0 -9999.0 -9999.0
96407 20240214  2.515 -159.00   66.56     2.2    -9.9    -3.9    -5.6     1.2     1.02 C    -0.1   -11.9    -6.3    91.1    71.5    81.1 -99.000 -99.000 -99.000 -99.000 -99.000 -9999.0 -9999.0 -9999.0 -9999.0 -9999.0
96407 20240215  2.515 -159.00   66.56    -9.1   -14.3   -11.7   -11.3     0.4     1.10 C    -8.6   -13.8   -10.7    85.9    79.1    82.3 -99.000 -99.000 -99.000 -99.000 -99.000 -9999.0 -9999.0 -9999.0 -9999.0 -9999.0
96407 20240216  2.515 -159.00   66.56   -10.5   -22.3   -16.4   -14.4     2.7     1.07 C   -10.0   -26.1   -15.1    87.5    78.6    81.8 -99.000 -99.000 -99.000 -99.000 -99.000 -9999.0 -9999.0 -9999.0 -9999.0 -9999.0
96407 20240217  2.515 -159.00   66.56   -11.4   -25.0   -18.2   -19.1     0.0     1.13 C   -11.7   -40.5   -20.4    85.6    70.9    77.5 -99.000 -99.000 -99.000 -99.000 -99.000 -9999.0 -9999.0 -9999.0 -9999.0 -9999.0
96407 20240218  2.515 -159.00   66.56    -9.0   -11.4   -10.2   -10.6     1.6     1.56 C    -9.3   -11.9   -10.9    84.9    63.8    75.0 -99.000 -99.000 -99.000 -99.000 -99.000 -9999.0 -9999.0 -9999.0 -9999.0 -9999.0
96407 20240219  2.515 -159.00   66.56    -4.9    -9.2    -7.0    -7.5     1.3     1.10 C    -5.6   -10.3    -8.0    86.7    77.1    81.8 -99.000 -99.000 -99.000 -99.000 -99.000 -9999.0 -9999.0 -9999.0 -9999.0 -9999.0
96407 20240220  2.515 -159.00   66.56    -3.2    -6.5    -4.9    -4.9    11.9     0.94 C    -3.3    -6.8    -5.3    91.0    77.7    85.3 -99.000 -99.000 -99.000 -99.000 -99.000 -9999.0 -9999.0 -9999.0 -9999.0 -9999.0
96407 20240221  2.515 -159.00   66.56    -4.6   -15.7   -10.2    -7.5     0.0     2.48 C    -6.0   -22.1   -10.5    89.4    68.3    79.4 -99.000 -99.000 -99.000 -99.000 -99.000 -9999.0 -9999.0 -9999.0 -9999.0 -9999.0
96407 20240222  2.515 -159.00   66.56    -2.6   -13.0    -7.8    -5.5     0.0     3.50 C    -3.5   -20.3    -8.3    87.0    70.7    79.1 -99.000 -99.000 -99.000 -99.000 -99.000 -9999.0 -9999.0 -9999.0 -9999.0 -9999.0
96407 20240223  2.515 -159.00   66.56    -6.5   -12.5    -9.5    -9.2     0.0     2.36 C    -7.6   -19.0   -11.3    88.1    77.2    82.5 -99.000 -99.000 -99.000 -99.000 -99.000 -9999.0 -9999.0 -9999.0 -9999.0 -9999.0
96407 20240224  2.515 -159.00   66.56    -6.0   -12.3    -9.1    -9.0     2.9     3.37 C    -6.6   -15.2   -10.0    88.4    77.8    83.2 -99.000 -99.000 -99.000 -99.000 -99.000 -9999.0 -9999.0 -9999.0 -9999.0 -9999.0
96407 20240225  2.515 -159.00   66.56   -10.2   -16.5   -13.4   -12.3     1.7     3.22 C   -10.0   -18.4   -12.4    84.5    79.5    81.8 -99.000 -99.000 -99.000 -99.000 -99.000 -9999.0 -9999.0 -9999.0 -9999.0 -9999.0
96407 20240226  2.515 -159.00   66.56   -13.9   -30.2   -22.1   -19.0     0.0     4.32 C   -14.4   -42.9   -22.5    83.0    63.5    74.8 -99.000 -99.000 -99.000 -99.000 -99.000 -9999.0 -9999.0 -9999.0 -9999.0 -9999.0
96407 20240227  2.515 -159.00   66.56   -21.9   -30.3   -26.1   -24.1     0.0     4.46 C   -24.2   -46.0   -28.0    84.0    71.8    74.1 -99.000 -99.000 -99.000 -99.000 -99.000 -9999.0 -9999.0 -9999.0 -9999.0 -9999.0
96407 20240228  2.515 -159.00   66.56   -25.8   -29.3   -27.6   -27.5     0.0     4.62 C   -27.3 -9999.0   -34.9    72.5    68.6    70.7 -99.000 -99.000 -99.000 -99.000 -99.000 -9999.0 -9999.0 -9999.0 -9999.0 -9999.0
96407 20240229  2.515 -159.00   66.56   -28.0   -37.8   -32.9   -31.0     0.0     5.22 C   -32.0   -54.0   -36.3    74.3    67.3    70.6 -99.000 -99.000 -99.000 -99.000 -99.000 -9999.0 -9999.0 -9999.0 -9999.0 -9999.0
96407 20240301  2.515 -159.00   66.56 -9999.0 -9999.0 -9999.0 -9999.0 -9999.0 -9999.00 U -9999.0 -9999.0 -9999.0 -9999.0 -9999.0 -9999.0 -99.000 -99.000 -99.000 -99.000 -99.000 -9999.0 -9999.0 -9999.0 -9999.0 -9999.0
96407 20240302  2.515 -159.00   66.56 -9999.0 -9999.0 -9999.0 -9999.0 -9999.0 -9999.00 U -9999.0 -9999.0 -9999.0 -9999.0 -9999.0 -9999.0 -99.000 -99.000 -99.000 -99.000 -99.000 -9999.0 -9999.0 -9999.0 -9999.0 -9999.0
96407 20240303  2.515 -159.00   66.56 -9999.0 -9999.0 -9999.0 -9999.0 -9999.0 -9999.00 U -9999.0 -9999.0 -9999.0 -9999.0 -9999.0 -9999.0 -99.000 -99.000 -99.000 -99.000 -99.000 -9999.0 -9999.0 -9999.0 -9999.0 -9999.0
96407 20240304  2.515 -159.00   66.56     0.0   -11.1    -5.5    -8.0 -9999.0     3.21 C     0.0   -11.4    -8.6 -9999.0 -9999.0 -9999.0 -99.000 -99.000 -99.000 -99.000 -99.000 -9999.0 -9999.0 -9999.0 -9999.0 -9999.0
96407 20240305  2.515 -159.00   66.56 -9999.0 -9999.0 -9999.0 -9999.0 -9999.0 -9999.00 U -9999.0 -9999.0 -9999.0 -9999.0 -9999.0 -9999.0 -99.000 -99.000 -99.000 -99.000 -99.000 -9999.0 -9999.0 -9999.0 -9999.0 -9999.0
96407 20240306  2.515 -159.00   66.56 -9999.0 -9999.0 -9999.0 -9999.0 -9999.0 -9999.00 U -9999.0 -9999.0 -9999.0 -9999.0 -9999.0 -9999.0 -99.000 -99.000 -99.000 -99.000 -99.000 -9999.0 -9999.0 -9999.0 -9999.0 -9999.0
96407 20240307  2.515 -159.00   66.56   -15.9   -28.8   -22.4   -22.1     0.0     6.55 C   -19.6   -48.4   -27.6    82.0    62.5    71.6 -99.000 -99.000 -99.000 -99.000 -99.000 -9999.0 -9999.0 -9999.0 -9999.0 -9999.0
96407 20240308  2.515 -159.00   66.56     0.0   -36.2   -18.1   -29.3 -9999.0     6.92 U -9999.0 -9999.0 -9999.0 -9999.0 -9999.0 -9999.0 -99.000 -99.000 -99.000 -99.000 -99.000 -9999.0 -9999.0 -9999.0 -9999.0 -9999.0
96407 20240309  2.515 -159.00   66.56     0.0   -34.3   -17.2   -27.8 -9999.0     7.40 U -9999.0 -9999.0 -9999.0 -9999.0 -9999.0 -9999.0 -99.000 -99.000 -99.000 -99.000 -99.000 -9999.0 -9999.0 -9999.0 -9999.0 -9999.0
96407 20240310  2.515 -159.00   66.56 -9999.0 -9999.0 -9999.0 -9999.0 -9999.0 -9999.00 U -9999.0 -9999.0 -9999.0 -9999.0 -9999.0 -9999.0 -99.000 -99.000 -99.000 -99.000 -99.000 -9999.0 -9999.0 -9999.0 -9999.0 -9999.0
96407 20240311  2.515 -159.00   66.56 -9999.0 -9999.0 -9999.0 -9999.0 -9999.0 -9999.00 U -9999.0 -9999.0 -9999.0 -9999.0 -9999.0 -9999.0 -99.000 -99.000 -99.000 -99.000 -99.000 -9999.0 -9999.0 -9999.0 -9999.0 -9999.0
96407 20240312  2.515 -159.00   66.56 -9999.0 -9999.0 -9999.0 -9999.0 -9999.0 -9999.00 U -9999.0 -9999.0 -9999.0 -9999.0 -9999.0 -9999.0 -99.000 -99.000 -99.000 -99.000 -99.000 -9999.0 -9999.0 -9999.0 -9999.0 -9999.0
96407 20240313  2.515 -159.00   66.56 -9999.0 -9999.0 -9999.0 -9999.0 -9999.0 -9999.00 U -9999.0 -9999.0 -9999.0 -9999.0 -9999.0 -9999.0 -99.000 -99.000 -99.000 -99.000 -99.000 -9999.0 -9999.0 -9999.0 -9999.0 -9999.0
96407 20240314  2.515 -159.00   66.56 -9999.0 -9999.0 -9999.0 -9999.0 -9999.0 -9999.00 U -9999.0 -9999.0 -9999.0 -9999.0 -9999.0 -9999.0 -99.000 -99.000 -99.000 -99.000 -99.000 -9999.0 -9999.0 -9999.0 -9999.0 -9999.0
96407 20240315  2.515 -159.00   66.56 -9999.0 -9999.0 -9999.0 -9999.0 -9999.0 -9999.00 U -9999.0 -9999.0 -9999.0 -9999.0 -9999.0 -9999.0 -99.000 -99.000 -99.000 -99.000 -99.000 -9999.0 -9999.0 -9999.0 -9999.0 -9999.0
96407 20240316  2.515 -159.00   66.56 -9999.0 -9999.0 -9999.0 -9999.0 -9999.0 -9999.00 U -9999.0 -9999.0 -9999.0 -9999.0 -9999.0 -9999.0 -99.000 -99.000 -99.000 -99.000 -99.000 -9999.0 -9999.0 -9999.0 -9999.0 -9999.0
96407 20240317  2.515 -159.00   66.56   -14.7   -29.3   -22.0   -17.9     0.3     5.84 C   -14.9   -28.9   -20.6    74.1    55.7    66.3 -99.000 -99.000 -99.000 -99.000 -99.000 -9999.0 -9999.0 -9999.0 -9999.0 -9999.0
96407 20240318  2.515 -159.00   66.56     0.0   -20.7   -10.4   -14.3 -9999.0     7.03 C     0.0   -28.8   -18.7 -9999.0 -9999.0 -9999.0 -99.000 -99.000 -99.000 -99.000 -99.000 -9999.0 -9999.0 -9999.0 -9999.0 -9999.0
96407 20240319  2.515 -159.00   66.56     0.0   -11.3    -5.6    -6.4     0.0     6.18 C     0.0   -14.2    -8.9    70.1    52.1    62.9 -99.000 -99.000 -99.000 -99.000 -99.000 -9999.0 -9999.0 -9999.0 -9999.0 -9999.0
96407 20240320  2.515 -159.00   66.56     0.5    -4.9    -2.2    -2.5     0.6     5.60 C    -1.3    -6.9    -4.0    88.2    63.6    75.7 -99.000 -99.000 -99.000 -99.000 -99.000 -9999.0 -9999.0 -9999.0 -9999.0 -9999.0
96407 20240321  2.515 -159.00   66.56     2.5    -1.6     0.4     1.1     1.4     3.35 C     0.0    -2.4    -0.5    91.5    74.8    82.8 -99.000 -99.000 -99.000 -99.000 -99.000 -9999.0 -9999.0 -9999.0 -9999.0 -9999.0
96407 20240322  2.515 -159.00   66.56     2.8    -1.9     0.5     1.3     0.2     6.18 C     0.1    -2.0    -0.4    87.7    65.3    77.4 -99.000 -99.000 -99.000 -99.000 -99.000 -9999.0 -9999.0 -9999.0 -9999.0 -9999.0
96407 20240323  2.515 -159.00   66.56    -1.8    -8.9    -5.3    -6.6     0.0     8.59 C    -1.7   -10.1    -5.8    91.5    73.1    85.7 -99.000 -99.000 -99.000 -99.000 -99.000 -9999.0 -9999.0 -9999.0 -9999.0 -9999.0
96407 20240324  2.515 -159.00   66.56    -0.9    -8.0    -4.4    -3.7     2.6     6.97 C    -0.3   -10.9    -3.9    91.0    75.8    86.8 -99.000 -99.000 -99.000 -99.000 -99.000 -9999.0 -9999.0 -9999.0 -9999.0 -9999.0
96407 20240325  2.515 -159.00   66.56    -2.1    -5.5    -3.8    -3.8     0.0     7.48 C    -2.6    -7.4    -4.5    84.0    64.2    72.3 -99.000 -99.000 -99.000 -99.000 -99.000 -9999.0 -9999.0 -9999.0 -9999.0 -9999.0
96407 20240326  2.515 -159.00   66.56    -0.1    -6.1    -3.1    -3.6     0.0     7.63 C    -1.0    -7.7    -4.5    83.8    66.7    73.5 -99.000 -99.000 -99.000 -99.000 -99.000 -9999.0 -9999.0 -9999.0 -9999.0 -9999.0
96407 20240327  2.515 -159.00   66.56    -0.9   -14.5    -7.7    -4.5     2.4     7.66 C    -2.2   -18.6    -5.1    92.4    69.7    83.3 -99.000 -99.000 -99.000 -99.000 -99.000 -9999.0 -9999.0 -9999.0 -9999.0 -9999.0
96407 20240328  2.515 -159.00   66.56    -7.4   -17.5   -12.5   -12.4     0.0     9.06 C    -7.7   -18.8   -12.3    87.7    79.5    83.6 -99.000 -99.000 -99.000 -99.000 -99.000 -9999.0 -9999.0 -9999.0 -9999.0 -9999.0
96407 20240329  2.515 -159.00   66.56    -0.7    -7.4    -4.1    -4.2     0.0    11.83 C    -2.0   -10.9    -6.1    88.2    68.3    77.1 -99.000 -99.000 -99.000 -99.000 -99.000 -9999.0 -9999.0 -9999.0 -9999.0 -9999.0
96407 20240330  2.515 -159.00   66.56     1.1    -5.1    -2.0    -1.2     0.6     8.96 C    -0.1    -7.6    -2.3    89.8    67.0    80.2 -99.000 -99.000 -99.000 -99.000 -99.000 -9999.0 -9999.0 -9999.0 -9999.0 -9999.0
96407 20240331  2.515 -159.00   66.56    -2.8   -18.5   -10.6   -11.1     0.4     8.18 C    -4.5   -19.5   -11.0    86.6    61.2    77.6 -99.000 -99.000 -99.000 -99.000 -99.000 -9999.0 -9999.0 -9999.0 -9999.0 -9999.0
96407 20240401  2.515 -159.00   66.56   -18.2   -23.0   -20.6   -19.9     0.6    11.23 C   -18.0   -35.6   -20.5    78.5    68.4    74.0 -99.000 -99.000 -99.000 -99.000 -99.000 -9999.0 -9999.0 -9999.0 -9999.0 -9999.0
96407 20240402  2.515 -159.00   66.56   -14.9   -26.1   -20.5   -21.0     0.0    13.71 C   -16.0   -36.0   -23.2    75.2    54.5    65.9 -99.000 -99.000 -99.000 -99.000 -99.000 -9999.0 -9999.0 -9999.0 -9999.0 -9999.0
96407 20240403  2.515 -159.00   66.56     0.0   -15.0    -7.5    -8.4     4.0     7.04 C    -0.8   -16.0    -9.0    91.2    52.5    79.2 -99.000 -99.000 -99.000 -99.000 -99.000 -9999.0 -9999.0 -9999.0 -9999.0 -9999.0
96407 20240404  2.515 -159.00   66.56     0.4    -4.9    -2.3    -2.0     1.5     8.66 C    -0.5    -7.0    -3.2    91.7    76.7    85.0 -99.000 -99.000 -99.000 -99.000 -99.000 -9999.0 -9999.0 -9999.0 -9999.0 -9999.0
96407 20240405  2.515 -159.00   66.56     1.1    -6.8    -2.8    -1.8     0.0     9.67 C     0.1    -7.2    -2.8    88.7    68.9    81.8 -99.000 -99.000 -99.000 -99.000 -99.000 -9999.0 -9999.0 -9999.0 -9999.0 -9999.0
96407 20240406  2.515 -159.00   66.56    -6.8   -15.0   -10.9    -9.9     0.0    11.55 C    -5.8   -16.8    -9.5    86.5    78.7    82.4 -99.000 -99.000 -99.000 -99.000 -99.000 -9999.0 -9999.0 -9999.0 -9999.0 -9999.0
96407 20240407  2.515 -159.00   66.56   -11.9   -16.9   -14.4   -14.8     0.0    11.53 C   -11.3   -16.6   -14.1    83.0    75.0    78.7 -99.000 -99.000 -99.000 -99.000 -99.000 -9999.0 -9999.0 -9999.0 -9999.0 -9999.0
96407 20240408  2.515 -159.00   66.56   -15.2   -23.2   -19.2   -19.3     0.0    15.37 C   -13.4   -27.4   -20.3    79.7    67.4    73.6 -99.000 -99.000 -99.000 -99.000 -99.000 -9999.0 -9999.0 -9999.0 -9999.0 -9999.0
96407 20240409  2.515 -159.00   66.56   -19.0   -27.6   -23.3   -22.5     0.0    16.14 C   -17.3   -36.9   -24.2    79.1    65.9    72.3 -99.000 -99.000 -99.000 -99.000 -99.000 -9999.0 -9999.0 -9999.0 -9999.0 -9999.0
96407 20240410  2.515 -159.00   66.56    -0.3   -28.5   -14.4   -12.7     0.0    12.34 C    -3.4   -42.3   -15.8    77.5    47.7    66.0 -99.000 -99.000 -99.000 -99.000 -99.000 -9999.0 -9999.0 -9999.0 -9999.0 -9999.0
96407 20240411  2.515 -159.00   66.56     1.6    -3.6    -1.0    -0.8     0.4     8.52 C     0.1    -4.3    -1.8    90.1    62.2    84.2 -99.000 -99.000 -99.000 -99.000 -99.000 -9999.0 -9999.0 -9999.0 -9999.0 -9999.0
96407 20240412  2.515 -159.00   66.56     0.4   -15.6    -7.6    -9.4     0.8    11.91 C    -0.4   -18.1    -9.5    88.9    75.2    80.7 -99.000 -99.000 -99.000 -99.000 -99.000 -9999.0 -9999.0 -9999.0 -9999.0 -9999.0
96407 20240413  2.515 -159.00   66.56    -6.6   -16.1   -11.3   -12.3     0.0    15.38 C    -5.1   -19.2   -13.8    81.1    53.6    73.6 -99.000 -99.000 -99.000 -99.000 -99.000 -9999.0 -9999.0 -9999.0 -9999.0 -9999.0
96407 20240414  2.515 -159.00   66.56    -3.5   -16.2    -9.9    -9.8     0.2    13.17 C    -4.8   -18.4   -10.7    83.9    63.0    76.0 -99.000 -99.000 -99.000 -99.000 -99.000 -9999.0 -9999.0 -9999.0 -9999.0 -9999.0
96407 20240415  2.515 -159.00   66.56     1.7    -3.7    -1.0    -1.1     0.0    11.13 C    -0.6    -5.0    -2.8    83.3    62.6    72.4 -99.000 -99.000 -99.000 -99.000 -99.000 -9999.0 -9999.0 -9999.0 -9999.0 -9999.0
96407 20240416  2.515 -159.00   66.56     3.1     0.8     1.9     1.9     0.0     8.94 C     0.2    -1.0    -0.2    85.0    64.3    75.5 -99.000 -99.000 -99.000 -99.000 -99.000 -9999.0 -9999.0 -9999.0 -9999.0 -9999.0
96407 20240417  2.515 -159.00   66.56     3.7    -0.9     1.4     1.9     0.0    11.52 C     0.1    -2.6    -0.4    81.9    63.3    72.7 -99.000 -99.000 -99.000 -99.000 -99.000 -9999.0 -9999.0 -9999.0 -9999.0 -9999.0
96407 20240418  2.515 -159.00   66.56     6.4     2.1     4.3     3.9     0.0     9.78 C     0.3    -0.2     0.0    77.8    54.7    67.6 -99.000 -99.000 -99.000 -99.000 -99.000 -9999.0 -9999.0 -9999.0 -9999.0 -9999.0
96407 20240419  2.515 -159.00   66.56     4.0    -1.3     1.4     0.6     0.0    14.09 C     0.2    -1.1    -0.2    90.7    70.6    84.4 -99.000 -99.000 -99.000 -99.000 -99.000 -9999.0 -9999.0 -9999.0 -9999.0 -9999.0
96407 20240420  2.515 -159.00   66.56     0.6    -5.7    -2.6    -1.8     0.0    16.72 C     0.2    -6.7    -2.0    94.4    83.9    88.7 -99.000 -99.000 -99.000 -99.000 -99.000 -9999.0 -9999.0 -9999.0 -9999.0 -9999.0
96407 20240421  2.515 -159.00   66.56    -0.9    -9.3    -5.1    -5.0     0.0    18.04 C    -1.0   -10.2    -5.4    91.7    81.0    85.6 -99.000 -99.000 -99.000 -99.000 -99.000 -9999.0 -9999.0 -9999.0 -9999.0 -9999.0
96407 20240422  2.515 -159.00   66.56     1.1    -9.5    -4.2    -4.2     2.1    15.83 C     0.0   -10.4    -4.2    92.4    60.3    78.7 -99.000 -99.000 -99.000 -99.000 -99.000 -9999.0 -9999.0 -9999.0 -9999.0 -9999.0
96407 20240423  2.515 -159.00   66.56     5.4    -1.7     1.8     1.8     0.0    16.14 C     0.7    -4.0    -1.1    93.3    56.5    75.0 -99.000 -99.000 -99.000 -99.000 -99.000 -9999.0 -9999.0 -9999.0 -9999.0 -9999.0
96407 20240424  2.515 -159.00   66.56     7.5    -0.3     3.6     3.6     0.0    17.17 C     0.8    -3.2    -0.2    82.5    53.2    68.2 -99.000 -99.000 -99.000 -99.000 -99.000 -9999.0 -9999.0 -9999.0 -9999.0 -9999.0
96407 20240425  2.515 -159.00   66.56     7.1    -0.6     3.2     4.0     0.0    14.84 C     1.1    -2.7     0.1    84.1    51.8    66.5 -99.000 -99.000 -99.000 -99.000 -99.000 -9999.0 -9999.0 -9999.0 -9999.0 -9999.0
96407 20240426  2.515 -159.00   66.56     5.7     0.0     2.8     2.7     0.0    19.09 C     3.6    -1.5     0.7    90.5    60.1    75.1 -99.000 -99.000 -99.000 -99.000 -99.000 -9999.0 -9999.0 -9999.0 -9999.0 -9999.0
96407 20240427  2.515 -159.00   66.56     0.6    -2.6    -1.0    -1.0     0.0    15.52 C     2.7    -4.1    -0.3    94.9    83.5    91.4 -99.000 -99.000 -99.000 -99.000 -99.000 -9999.0 -9999.0 -9999.0 -9999.0 -9999.0
96407 20240428  2.515 -159.00   66.56    -0.7    -4.2    -2.5    -2.7     0.0    13.97 C     3.6    -3.2    -0.7    94.3    80.9    88.4 -99.000 -99.000 -99.000 -99.000 -99.000 -9999.0 -9999.0 -9999.0 -9999.0 -9999.0
96407 20240429  2.515 -159.00   66.56    -1.7    -5.8    -3.7    -3.4     0.0    16.18 C     3.6    -4.6    -1.2    93.4    78.5    86.3 -99.000 -99.000 -99.000 -99.000 -99.000 -9999.0 -9999.0 -9999.0 -9999.0 -9999.0
96407 20240430  2.515 -159.00   66.56    -0.3    -7.1    -3.7    -4.2     0.0    21.16 C     4.5    -6.7    -2.2    91.8    40.6    70.1 -99.000 -99.000 -99.000 -99.000 -99.000 -9999.0 -9999.0 -9999.0 -9999.0 -9999.0
96407 20240501  2.515 -159.00   66.56     4.1    -7.2    -1.6    -1.7     0.0    22.56 C     6.8    -7.6    -1.0    67.9    42.6    54.9 -99.000 -99.000 -99.000 -99.000 -99.000 -9999.0 -9999.0 -9999.0 -9999.0 -9999.0
96407 20240502  2.515 -159.00   66.56     1.9    -6.1    -2.1    -1.8     0.0    22.94 C     6.7    -6.4    -0.7    70.6    46.4    58.7 -99.000 -99.000 -99.000 -99.000 -99.000 -9999.0 -9999.0 -9999.0 -9999.0 -9999.0
96407 20240503  2.515 -159.00   66.56     3.1    -6.2    -1.6    -1.2     0.0    22.60 C     7.8    -6.1     0.0    73.1    48.7    59.3 -99.000 -99.000 -99.000 -99.000 -99.000 -9999.0 -9999.0 -9999.0 -9999.0 -9999.0
96407 20240504  2.515 -159.00   66.56    -2.6    -7.7    -5.2    -4.8     0.0    16.72 C     1.3    -6.1    -2.8    60.5    45.7    53.5 -99.000 -99.000 -99.000 -99.000 -99.000 -9999.0 -9999.0 -9999.0 -9999.0 -9999.0
96407 20240505  2.515 -159.00   66.56    -6.3   -10.0    -8.2    -8.4     0.5    11.06 C    -1.5    -8.3    -5.6    79.1    48.2    57.4 -99.000 -99.000 -99.000 -99.000 -99.000 -9999.0 -9999.0 -9999.0 -9999.0 -9999.0
96407 20240506  2.515 -159.00   66.56    -5.5   -11.8    -8.6    -7.8     1.3    13.24 C    -1.8   -13.4    -6.3    89.7    69.7    79.8 -99.000 -99.000 -99.000 -99.000 -99.000 -9999.0 -9999.0 -9999.0 -9999.0 -9999.0
96407 20240507  2.515 -159.00   66.56     0.2   -14.7    -7.3    -6.2     0.0    21.24 C     8.3   -15.4    -3.4    86.4    64.0    75.1 -99.000 -99.000 -99.000 -99.000 -99.000 -9999.0 -9999.0 -9999.0 -9999.0 -9999.0
96407 20240508  2.515 -159.00   66.56     0.6    -7.2    -3.3    -2.9     0.0    19.15 C     7.3    -6.2    -0.3    89.7    69.9    80.8 -99.000 -99.000 -99.000 -99.000 -99.000 -9999.0 -9999.0 -9999.0 -9999.0 -9999.0
96407 20240509  2.515 -159.00   66.56     1.0    -5.3    -2.2    -1.6     0.0    18.84 C     9.1    -5.3     1.5    92.9    72.2    85.6 -99.000 -99.000 -99.000 -99.000 -99.000 -9999.0 -9999.0 -9999.0 -9999.0 -9999.0
96407 20240510  2.515 -159.00   66.56     2.1    -4.8    -1.4    -0.8     0.0    21.46 C    10.7    -4.8     2.4    91.7    65.2    79.1 -99.000 -99.000 -99.000 -99.000 -99.000 -9999.0 -9999.0 -9999.0 -9999.0 -9999.0
96407 20240511  2.515 -159.00   66.56    -1.0    -6.2    -3.6    -3.6     0.0    22.49 C     4.8    -5.3    -0.9    92.8    76.1    84.8 -99.000 -99.000 -99.000 -99.000 -99.000 -9999.0 -9999.0 -9999.0 -9999.0 -9999.0
96407 20240512  2.515 -159.00   66.56     0.3    -8.1    -3.9    -3.9     0.0    24.83 C     6.7    -7.2    -1.2    88.3    67.0    79.1 -99.000 -99.000 -99.000 -99.000 -99.000 -9999.0 -9999.0 -9999.0 -9999.0 -9999.0
96407 20240513  2.515 -159.00   66.56    -3.1    -7.1    -5.1    -4.3     0.0    10.06 C     0.8    -6.8    -2.4    90.6    80.4    85.7 -99.000 -99.000 -99.000 -99.000 -99.000 -9999.0 -9999.0 -9999.0 -9999.0 -9999.0
96407 20240514  2.515 -159.00   66.56     6.6    -7.4    -0.4    -0.3     0.0    22.59 C    14.1    -5.0     2.9    92.3    45.0    71.7 -99.000 -99.000 -99.000 -99.000 -99.000 -9999.0 -9999.0 -9999.0 -9999.0 -9999.0
96407 20240515  2.515 -159.00   66.56     6.9     0.1     3.5     3.9     0.0     8.49 C    10.0    -2.0     3.5    74.7    55.2    66.2 -99.000 -99.000 -99.000 -99.000 -99.000 -9999.0 -9999.0 -9999.0 -9999.0 -9999.0
96407 20240516  2.515 -159.00   66.56     6.9     0.2     3.6     3.7     1.1    16.44 C    13.7    -4.2     4.6    90.0    49.1    68.3 -99.000 -99.000 -99.000 -99.000 -99.000 -9999.0 -9999.0 -9999.0 -9999.0 -9999.0
96407 20240517  2.515 -159.00   66.56     7.7    -3.7     2.0     2.7     0.0    22.86 C    16.3    -6.7     4.5    86.5    40.2    61.4 -99.000 -99.000 -99.000 -99.000 -99.000 -9999.0 -9999.0 -9999.0 -9999.0 -9999.0
96407 20240518  2.515 -159.00   66.56    12.4     1.6     7.0     6.6     1.2    13.71 C    17.9     0.3     6.9    70.9    37.6    55.7 -99.000 -99.000 -99.000 -99.000 -99.000 -9999.0 -9999.0 -9999.0 -9999.0 -9999.0
96407 20240519  2.515 -159.00   66.56    12.0     0.5     6.3     6.5     0.2    23.47 C    18.3    -0.8     7.9    88.2    49.9    65.9 -99.000 -99.000 -99.000 -99.000 -99.000 -9999.0 -9999.0 -9999.0 -9999.0 -9999.0
96407 20240520  2.515 -159.00   66.56    12.7    -0.1     6.3     5.9     0.0    23.78 C    21.8    -0.8     8.9    91.9    41.5    67.3 -99.000 -99.000 -99.000 -99.000 -99.000 -9999.0 -9999.0 -9999.0 -9999.0 -9999.0
96407 20240521  2.515 -159.00   66.56    16.2     4.4    10.3     9.1     4.5     8.75 C    16.6     2.2     8.3    94.1    28.7    62.8 -99.000 -99.000 -99.000 -99.000 -99.000 -9999.0 -9999.0 -9999.0 -9999.0 -9999.0
96407 20240522  2.515 -159.00   66.56    13.1     2.6     7.8     8.3     3.6    15.37 C    22.4    -0.8     9.0    94.9    51.4    75.9 -99.000 -99.000 -99.000 -99.000 -99.000 -9999.0 -9999.0 -9999.0 -9999.0 -9999.0
96407 20240523  2.515 -159.00   66.56    10.5     1.6     6.0     4.9     1.9    15.65 C    16.9    -2.7     6.4    93.3    61.7    82.2 -99.000 -99.000 -99.000 -99.000 -99.000 -9999.0 -9999.0 -9999.0 -9999.0 -9999.0
96407 20240524  2.515 -159.00   66.56    11.7     0.3     6.0     6.7     0.0    26.24 C    18.6    -4.0     7.4    94.4    41.1    60.1 -99.000 -99.000 -99.000 -99.000 -99.000 -9999.0 -9999.0 -9999.0 -9999.0 -9999.0
96407 20240525  2.515 -159.00   66.56    10.6    -1.0     4.8     5.2     0.0    26.91 C    16.9    -3.9     5.6    75.4    29.2    45.6 -99.000 -99.000 -99.000 -99.000 -99.000 -9999.0 -9999.0 -9999.0 -9999.0 -9999.0
96407 20240526  2.515 -159.00   66.56     3.8    -1.6     1.1     1.0     0.0    17.71 C    10.3    -6.1     1.9    68.2    41.9    54.0 -99.000 -99.000 -99.000 -99.000 -99.000 -9999.0 -9999.0 -9999.0 -9999.0 -9999.0
96407 20240527  2.515 -159.00   66.56    12.4    -3.5     4.5     5.0     0.0    27.54 C    20.4    -8.6     6.8    90.9    29.8    51.5 -99.000 -99.000 -99.000 -99.000 -99.000 -9999.0 -9999.0 -9999.0 -9999.0 -9999.0
96407 20240528  2.515 -159.00   66.56    14.1    -0.2     6.9     7.5     0.0    26.76 C    22.4    -2.4     9.2    81.1    27.1    49.0 -99.000 -99.000 -99.000 -99.000 -99.000 -9999.0 -9999.0 -9999.0 -9999.0 -9999.0
96407 20240529  2.515 -159.00   66.56    21.6     1.5    11.5    13.2     0.0    23.61 C    27.4    -3.7    12.4    78.6    21.8    41.0 -99.000 -99.000 -99.000 -99.000 -99.000 -9999.0 -9999.0 -9999.0 -9999.0 -9999.0
96407 20240530  2.515 -159.00   66.56    20.6     7.9    14.2    13.1     4.7    14.83 C    27.7     5.6    13.1    91.4    35.3    59.3 -99.000 -99.000 -99.000 -99.000 -99.000 -9999.0 -9999.0 -9999.0 -9999.0 -9999.0
96407 20240531  2.515 -159.00   66.56    16.2     6.8    11.5    11.2     0.0    13.16 C    24.1     1.4    12.1    92.8    51.8    72.0 -99.000 -99.000 -99.000 -99.000 -99.000 -9999.0 -9999.0 -9999.0 -9999.0 -9999.0
96407 20240601  2.515 -159.00   66.56    16.3     2.6     9.4    10.0     0.0    27.46 C    22.3    -1.8    11.3    94.8    44.5    68.1 -99.000 -99.000 -99.000 -99.000 -99.000 -9999.0 -9999.0 -9999.0 -9999.0 -9999.0
96407 20240602  2.515 -159.00   66.56    13.4     0.4     6.9     6.8     0.0    26.40 C    18.4    -0.2     8.4    94.3    39.1    67.8 -99.000 -99.000 -99.000 -99.000 -99.000 -9999.0 -9999.0 -9999.0 -9999.0 -9999.0
96407 20240603  2.515 -159.00   66.56    10.1    -0.4     4.8     5.3     0.0    19.41 C    18.4    -2.8     6.3    82.0    44.1    59.9 -99.000 -99.000 -99.000 -99.000 -99.000 -9999.0 -9999.0 -9999.0 -9999.0 -9999.0
96407 20240604  2.515 -159.00   66.56     6.8     3.0     4.9     4.3     5.3     7.01 C    10.2     2.4     4.9    92.6    59.2    78.8 -99.000 -99.000 -99.000 -99.000 -99.000 -9999.0 -9999.0 -9999.0 -9999.0 -9999.0
96407 20240605  2.515 -159.00   66.56    11.1     2.8     7.0     6.8     0.0    24.69 C    17.5     1.6     8.9    92.1    61.8    75.9 -99.000 -99.000 -99.000 -99.000 -99.000 -9999.0 -9999.0 -9999.0 -9999.0 -9999.0
96407 20240606  2.515 -159.00   66.56     6.8     2.2     4.5     4.6     0.0    12.09 C    12.8     1.6     6.3    86.4    67.0    77.6 -99.000 -99.000 -99.000 -99.000 -99.000 -9999.0 -9999.0 -9999.0 -9999.0 -9999.0
96407 20240607  2.515 -159.00   66.56    17.4     2.5    10.0    11.6     0.0    22.04 C    26.9    -0.9    12.3    92.1    35.5    62.7 -99.000 -99.000 -99.000 -99.000 -99.000 -9999.0 -9999.0 -9999.0 -9999.0 -9999.0
96407 20240608  2.515 -159.00   66.56    24.7     7.1    15.9    16.8     0.0    26.21 C    28.6     1.5    16.3    85.8    22.6    48.8 -99.000 -99.000 -99.000 -99.000 -99.000 -9999.0 -9999.0 -9999.0 -9999.0 -9999.0
96407 20240609  2.515 -159.00   66.56    25.5    12.1    18.8    19.2     0.0    17.65 C    28.2     9.5    18.0    63.0    25.0    42.1 -99.000 -99.000 -99.000 -99.000 -99.000 -9999.0 -9999.0 -9999.0 -9999.0 -9999.0
96407 20240610  2.515 -159.00   66.56    25.2    10.8    18.0    18.4     0.0    21.92 C    29.6     5.0    17.9    80.4    27.0    50.0 -99.000 -99.000 -99.000 -99.000 -99.000 -9999.0 -9999.0 -9999.0 -9999.0 -9999.0
96407 20240611  2.515 -159.00   66.56    25.6     5.1    15.3    15.8     0.0    23.14 C    33.9     0.9    17.0    93.3    20.6    59.2 -99.000 -99.000 -99.000 -99.000 -99.000 -9999.0 -9999.0 -9999.0 -9999.0 -9999.0
96407 20240612  2.515 -159.00   66.56    21.6     7.5    14.5    14.7     0.0    25.04 C    27.3     4.7    15.9    91.9    45.3    66.7 -99.000 -99.000 -99.000 -99.000 -99.000 -9999.0 -9999.0 -9999.0 -9999.0 -9999.0
96407 20240613  2.515 -159.00   66.56    13.2     5.6     9.4     9.0     0.0    13.23 C    15.3     1.5     9.5    85.4    58.5    72.6 -99.000 -99.000 -99.000 -99.000 -99.000 -9999.0 -9999.0 -9999.0 -9999.0 -9999.0
96407 20240614  2.515 -159.00   66.56    14.4     6.4    10.4    10.9     0.0    24.00 C    20.9    -1.2    11.1    92.0    44.6    64.3 -99.000 -99.000 -99.000 -99.000 -99.000 -9999.0 -9999.0 -9999.0 -9999.0 -9999.0
96407 20240615  2.515 -159.00   66.56    18.3     5.8    12.0    13.2     0.0    27.60 C    23.8    -0.2    13.9    90.3    43.6    60.2 -99.000 -99.000 -99.000 -99.000 -99.000 -9999.0 -9999.0 -9999.0 -9999.0 -9999.0
96407 20240616  2.515 -159.00   66.56    19.9     9.3    14.6    14.9     0.0    25.85 C    25.3     3.8    15.4    84.9    32.3    56.9 -99.000 -99.000 -99.000 -99.000 -99.000 -9999.0 -9999.0 -9999.0 -9999.0 -9999.0
96407 20240617  2.515 -159.00   66.56    18.6     8.9    13.8    14.0     0.0    28.60 C    24.1     5.6    15.0    88.3    36.9    59.7 -99.000 -99.000 -99.000 -99.000 -99.000 -9999.0 -9999.0 -9999.0 -9999.0 -9999.0
96407 20240618  2.515 -159.00   66.56    17.8     8.4    13.1    12.8     0.0    18.66 C    25.7     4.8    14.0    90.3    51.3    71.0 -99.000 -99.000 -99.000 -99.000 -99.000 -9999.0 -9999.0 -9999.0 -9999.0 -9999.0
96407 20240619  2.515 -159.00   66.56    20.6     9.4    15.0    14.1     0.0    14.26 C    27.9     7.6    14.8    90.5    34.0    66.5 -99.000 -99.000 -99.000 -99.000 -99.000 -9999.0 -9999.0 -9999.0 -9999.0 -9999.0
96407 20240620  2.515 -159.00   66.56    21.3    11.3    16.3    16.4     0.0    23.60 C    27.2     6.6    17.0    83.8    39.4    62.4 -99.000 -99.000 -99.000 -99.000 -99.000 -9999.0 -9999.0 -9999.0 -9999.0 -9999.0
96407 20240621  2.515 -159.00   66.56    22.1     9.7    15.9    16.1     0.0    26.88 C    27.8     6.5    17.4    90.4    38.2    64.5 -99.000 -99.000 -99.000 -99.000 -99.000 -9999.0 -9999.0 -9999.0 -9999.0 -9999.0
96407 20240622  2.515 -159.00   66.56    18.5     9.7    14.1    13.8     0.0    27.59 C    24.1     8.3    15.4    89.2    51.3    69.8 -99.000 -99.000 -99.000 -99.000 -99.000 -9999.0 -9999.0 -9999.0 -9999.0 -9999.0
96407 20240623  2.515 -159.00   66.56    17.5     9.1    13.3    13.0     0.0    23.73 C    22.8     8.1    14.2    80.6    46.4    65.4 -99.000 -99.000 -99.000 -99.000 -99.000 -9999.0 -9999.0 -9999.0 -9999.0 -9999.0
96407 20240624  2.515 -159.00   66.56    19.0     9.1    14.1    14.2     0.0    27.38 C    24.2     4.8    14.9    85.9    33.7    60.5 -99.000 -99.000 -99.000 -99.000 -99.000 -9999.0 -9999.0 -9999.0 -9999.0 -9999.0
96407 20240625  2.515 -159.00   66.56    26.2     7.8    17.0    18.1     0.0    21.50 C    32.2    -0.1    16.8    88.4    27.2    52.4 -99.000 -99.000 -99.000 -99.000 -99.000 -9999.0 -9999.0 -9999.0 -9999.0 -9999.0
96407 20240626  2.515 -159.00   66.56    28.2    14.7    21.5    21.6     0.0    24.79 C    34.7    11.0    21.8    76.0    27.1    50.1 -99.000 -99.000 -99.000 -99.000 -99.000 -9999.0 -9999.0 -9999.0 -9999.0 -9999.0
96407 20240627  2.515 -159.00   66.56    27.1    14.5    20.8    20.9     0.0    21.26 C    32.8     8.1    20.6    88.6    30.9    56.4 -99.000 -99.000 -99.000 -99.000 -99.000 -9999.0 -9999.0 -9999.0 -9999.0 -9999.0
96407 20240628  2.515 -159.00   66.56    22.6    15.1    18.9    18.1     0.0    16.53 C    30.9    12.7    18.4    75.3    39.5    60.0 -99.000 -99.000 -99.000 -99.000 -99.000 -9999.0 -9999.0 -9999.0 -9999.0 -9999.0
96407 20240629  2.515 -159.00   66.56    23.8    13.6    18.7    19.3     0.0    24.16 C    31.0    10.8    20.0    88.0    38.6    59.1 -99.000 -99.000 -99.000 -99.000 -99.000 -9999.0 -9999.0 -9999.0 -9999.0 -9999.0
96407 20240630  2.515 -159.00   66.56    26.3    13.9    20.1    20.5     0.0    24.46 C    33.8    10.9    21.6    88.4    29.1    57.7 -99.000 -99.000 -99.000 -99.000 -99.000 -9999.0 -9999.0 -9999.0 -9999.0 -9999.0
96407 20240701  2.515 -159.00   66.56    25.5    14.1    19.8    20.2     0.0    23.77 C    29.9     9.1    20.5    89.7    33.3    58.7 -99.000 -99.000 -99.000 -99.000 -99.000 -9999.0 -9999.0 -9999.0 -9999.0 -9999.0
96407 20240702  2.515 -159.00   66.56 -9999.0 -9999.0 -9999.0 -9999.0 -9999.0 -9999.00 U -9999.0 -9999.0 -9999.0 -9999.0 -9999.0 -9999.0 -99.000 -99.000 -99.000 -99.000 -99.000 -9999.0 -9999.0 -9999.0 -9999.0 -9999.0
