23906 20240101  2.622  -96.82   28.30    19.3    10.4    14.9    13.7     0.0     3.67 C    19.8     9.6    13.8   100.0    74.9    89.5   0.072   0.072   0.040   0.062   0.080    14.9    15.1    15.6    16.1    17.7
23906 20240102  2.622  -96.82   28.30    16.6    11.4    14.0    14.0    41.8     3.07 C    17.6    11.1    14.0   100.0    80.3    90.3   0.085   0.081   0.040   0.064   0.080    15.0    15.2    15.9    16.4    17.8
23906 20240103  2.622  -96.82   28.30    11.6     7.0     9.3    10.5     0.0     2.59 C    12.6     5.6    10.4   100.0    84.4    93.4   0.113   0.114   0.060   0.096   0.103    14.5    15.1    16.0    16.5    17.8
23906 20240104  2.622  -96.82   28.30    18.5     6.4    12.5    13.4     0.3    10.13 C    21.5     5.2    13.6   100.0    72.9    90.7   0.092   0.097   0.061   0.095   0.123    14.2    14.7    15.6    16.3    17.8
23906 20240105  2.622  -96.82   28.30    21.1     3.5    12.3    13.8    26.6    11.00 C    25.3     2.0    14.2   100.0    42.4    87.5   0.116   0.114   0.067   0.105   0.130    15.4    15.6    16.0    16.4    17.7
23906 20240106  2.622  -96.82   28.30    20.4     0.5    10.4     9.1     0.0    12.93 C    25.9    -1.1     9.7   100.0    46.9    85.3   0.097   0.100   0.064   0.104   0.136    13.2    14.0    15.5    16.3    17.6
23906 20240107  2.622  -96.82   28.30    20.2     4.9    12.6    14.3     0.0    11.03 C    23.5     3.1    14.1   100.0    66.8    86.4   0.087   0.093   0.059   0.095   0.129    13.7    14.0    15.1    15.9    17.5
23906 20240108  2.622  -96.82   28.30    24.6    13.1    18.8    19.3     0.0     8.12 C    26.5    12.3    19.4    95.3    45.0    85.0   0.083   0.087   0.056   0.091   0.123    16.7    16.2    15.9    16.2    17.4
23906 20240109  2.622  -96.82   28.30    17.6    -1.9     7.9     9.4     0.0    14.68 C    20.6    -3.3     9.8    98.2    23.2    50.8   0.080   0.084   0.053   0.087   0.117    14.3    15.2    16.2    16.6    17.6
23906 20240110  2.622  -96.82   28.30    21.6    -2.1     9.7    10.9     0.0    12.15 C    24.6    -3.5    10.7   100.0    48.6    83.9   0.077   0.081   0.051   0.084   0.111    12.8    13.4    15.2    16.1    17.6
23906 20240111  2.622  -96.82   28.30    23.8     9.2    16.5    17.7     0.0     8.64 C    26.1     7.9    17.9   100.0    81.2    95.0   0.076   0.079   0.049   0.081   0.108    15.4    15.1    15.4    15.9    17.4
23906 20240112  2.622  -96.82   28.30    20.6     1.7    11.2    14.3     0.0    11.49 C    20.5    -0.6    14.2    97.2    21.1    53.2   0.074   0.077   0.048   0.079   0.107    16.0    16.2    16.4    16.6    17.5
23906 20240113  2.622  -96.82   28.30    20.4    -2.0     9.2    10.2     0.0    13.71 C    24.3    -3.6    10.2    99.8    45.8    75.9   0.077   0.075   0.047   0.077   0.106    13.4    14.0    15.7    16.4    17.6
23906 20240114  2.622  -96.82   28.30    12.6     0.7     6.6     6.7     0.0    11.74 C    16.8     1.0     7.4   100.0    56.4    79.8   0.085   0.074   0.046   0.076   0.104    13.5    13.9    15.4    16.0    17.5
23906 20240115  2.622  -96.82   28.30     0.7    -4.1    -1.7    -2.5     0.3     1.61 C     1.0    -3.9    -2.2   100.0    77.4    92.0   0.085   0.073   0.045   0.074   0.102    10.6    12.0    14.6    15.6    17.3
23906 20240116  2.622  -96.82   28.30     3.3    -5.6    -1.1    -1.9     0.0    14.12 C     7.1    -6.5    -1.2    84.8    35.3    53.8   0.081   0.072   0.045   0.073   0.102     8.6    10.2    13.0    14.5    16.8
23906 20240117  2.622  -96.82   28.30     8.3    -8.2     0.0     1.8     0.0     6.59 C    10.5    -9.9     1.9    81.8    53.8    71.0   0.081   0.072   0.044   0.072   0.100     8.2     9.5    12.1    13.7    16.4
23906 20240118  2.622  -96.82   28.30    22.5     5.8    14.1    12.7     0.0    10.19 C    25.4     6.1    13.4   100.0    61.1    83.3   0.078   0.070   0.044   0.072   0.099    11.7    11.7    12.5    13.5    15.9
23906 20240119  2.622  -96.82   28.30    15.0     3.5     9.2     9.4     0.0    14.33 C    18.9     2.8     9.9   100.0    37.8    65.3   0.069   0.069   0.044   0.071   0.098    12.3    12.6    13.4    14.1    15.9
23906 20240120  2.622  -96.82   28.30     7.9    -0.4     3.7     4.5     0.0     6.68 C    10.0    -0.9     4.9    68.6    45.9    55.8   0.077   0.068   0.043   0.070   0.098    10.9    11.6    13.4    14.1    15.9
23906 20240121  2.622  -96.82   28.30    13.8     7.0    10.4     8.9    15.4     1.60 C    13.6     7.0     8.8   100.0    58.7    87.3   0.089   0.072   0.043   0.069   0.097    11.4    11.8    13.2    14.0    15.8
23906 20240122  2.622  -96.82   28.30    19.9    13.3    16.6    16.0    18.3     3.64 C    21.2    13.2    16.0   100.0    89.3    99.1   0.148   0.108   0.044   0.086   0.099    13.6    13.2    13.6    14.1    15.7
23906 20240123  2.622  -96.82   28.30    22.1    16.3    19.2    19.0     0.0     3.54 C    23.6    16.3    19.2   100.0    92.0    98.9   0.124   0.102   0.053   0.088   0.107    16.0    15.1    14.8    14.8    15.8
23906 20240124  2.622  -96.82   28.30    20.6    15.0    17.8    16.8    26.7     1.09 C    20.5    14.7    16.7   100.0   100.0   100.0   0.140   0.111   0.056   0.093   0.110    16.7    16.1    15.8    15.7    16.2
23906 20240125  2.622  -96.82   28.30    22.9     9.1    16.0    15.5     4.4    14.75 C    29.1     7.8    16.6   100.0    57.6    90.1   0.135   0.113   0.065   0.106   0.135    16.4    15.9    16.1    16.1    16.6
23906 20240126  2.622  -96.82   28.30    18.6    10.4    14.5    15.4     3.2     4.36 C    22.1     9.8    15.5   100.0    82.8    98.0   0.098   0.099   0.061   0.099   0.134    16.0    15.8    16.2    16.2    16.8
23906 20240127  2.622  -96.82   28.30    20.7     2.9    11.8    13.8     0.0    14.88 C    24.4     1.5    14.4   100.0    56.1    84.0   0.092   0.095   0.058   0.093   0.128    16.0    16.0    16.3    16.4    17.0
23906 20240128  2.622  -96.82   28.30    20.7     0.2    10.4    10.1     0.0    16.47 C    26.0    -1.3    10.9   100.0    32.8    75.3   0.104   0.090   0.055   0.090   0.122    14.2    14.4    15.8    16.2    17.1
23906 20240129  2.622  -96.82   28.30 -9999.0 -9999.0 -9999.0 -9999.0 -9999.0 -9999.00 U -9999.0 -9999.0 -9999.0 -9999.0 -9999.0 -9999.0 -99.000 -99.000 -99.000 -99.000 -99.000 -9999.0 -9999.0 -9999.0 -9999.0 -9999.0
23906 20240130  2.622  -96.82   28.30    21.6     2.2    11.9    10.1     0.0    13.61 C    37.5    -0.3    11.9   100.0    40.8    80.8   0.096   0.083   0.052   0.085   0.113    13.5    13.2    14.6    15.2    16.6
23906 20240131  2.622  -96.82   28.30    20.6     0.8    10.7    10.0     0.0    13.46 C    37.1    -1.3    11.9   100.0    48.5    84.7   0.091   0.081   0.050   0.082   0.110    13.3    13.1    14.5    15.0    16.5
23906 20240201  2.622  -96.82   28.30    23.9     8.4    16.1    15.8     0.0    11.46 C    38.0     6.4    17.0   100.0    64.2    89.8   0.090   0.079   0.049   0.080   0.108    14.9    14.1    14.7    15.0    16.3
23906 20240202  2.622  -96.82   28.30    23.4    15.8    19.6    19.0     9.2    10.22 C    40.0    11.9    20.4   100.0    78.4    94.3   0.088   0.078   0.048   0.079   0.108    16.9    15.7    15.6    15.6    16.4
23906 20240203  2.622  -96.82   28.30    23.8     9.4    16.6    17.1    24.4    14.82 C    36.8     6.2    18.7   100.0    47.0    89.1   0.135   0.114   0.051   0.089   0.110    17.6    16.7    16.5    16.3    16.7
23906 20240204  2.622  -96.82   28.30    23.9     6.3    15.1    15.5     0.0    17.59 C    34.1     2.0    14.8   100.0    29.3    66.1   0.097   0.103   0.059   0.096   0.125    15.7    15.7    16.5    16.5    17.0
23906 20240205  2.622  -96.82   28.30    18.1     5.3    11.7    13.3     0.0    11.07 C    31.8     0.6    12.7    98.3    55.3    72.8   0.088   0.095   0.057   0.093   0.124    14.6    14.9    16.0    16.3    17.0
23906 20240206  2.622  -96.82   28.30    20.6    -0.3    10.1     9.2     0.0    17.69 C    38.6    -2.4    11.2   100.0    42.3    82.1   0.084   0.090   0.054   0.090   0.121    13.6    14.0    15.4    15.9    17.0
23906 20240207  2.622  -96.82   28.30    23.1     1.3    12.2    14.7     0.0    12.08 C    36.2    -0.7    15.4   100.0    62.3    84.2   0.081   0.086   0.053   0.087   0.118    14.0    14.0    15.0    15.5    16.8
23906 20240208  2.622  -96.82   28.30    25.3    17.1    21.2    19.9     0.0     7.67 C    41.4    13.3    20.8    99.2    70.7    87.4   0.080   0.083   0.051   0.085   0.116    16.9    16.1    15.8    15.9    16.7
23906 20240209  2.622  -96.82   28.30    25.8    17.7    21.7    20.7     0.0    12.55 C    42.1    15.2    22.5   100.0    67.5    92.8   0.077   0.081   0.050   0.083   0.114    18.3    17.4    16.8    16.6    17.0
23906 20240210  2.622  -96.82   28.30    22.9    19.3    21.1    20.8     0.0     4.62 C    28.5    16.3    21.1   100.0    88.8    97.2   0.075   0.079   0.049   0.081   0.112    19.0    18.2    17.6    17.3    17.4
23906 20240211  2.622  -96.82   28.30    28.0    11.7    19.8    20.6     0.6    13.23 C    41.4     8.9    22.0   100.0    37.5    80.2   0.073   0.077   0.048   0.080   0.110    19.5    18.8    18.2    17.8    17.7
23906 20240212  2.622  -96.82   28.30    18.4     0.3     9.4    10.3     0.0    19.02 C    34.8    -1.9    12.7    98.2    36.1    67.0   0.080   0.075   0.048   0.078   0.110    16.9    17.0    17.9    17.9    18.0
23906 20240213  2.622  -96.82   28.30    18.9    -0.6     9.1    10.3     0.0    15.78 C    37.7    -2.4    12.3   100.0    48.7    75.3   0.084   0.074   0.047   0.077   0.109    15.2    15.2    16.8    17.2    18.0
23906 20240214  2.622  -96.82   28.30    19.1     4.5    11.8    14.5     0.0     5.01 C    27.3     1.4    14.5   100.0    75.4    87.4   0.081   0.073   0.047   0.076   0.109    15.6    15.4    16.5    16.7    17.7
23906 20240215  2.622  -96.82   28.30    23.3    16.0    19.7    18.7     0.0     7.29 C    38.4    14.2    20.5   100.0    77.0    92.9   0.079   0.070   0.046   0.075   0.108    17.6    16.8    16.8    16.8    17.5
23906 20240216  2.622  -96.82   28.30    18.1    14.3    16.2    17.0     4.2     1.52 C    20.9    13.4    17.1   100.0    98.0    99.8   0.078   0.069   0.046   0.075   0.108    18.1    17.5    17.5    17.3    17.7
23906 20240217  2.622  -96.82   28.30    15.8     5.0    10.4     9.0     0.5     2.19 C    15.9     2.0     8.4   100.0    69.4    77.7   0.086   0.073   0.046   0.074   0.108    15.3    16.0    17.2    17.4    17.9
23906 20240218  2.622  -96.82   28.30    14.6    -1.7     6.4     6.0     0.0    19.47 C    33.4    -3.6     8.8   100.0    35.5    67.0   0.087   0.073   0.045   0.074   0.108    13.0    13.8    15.7    16.6    17.8
23906 20240219  2.622  -96.82   28.30    19.3    -2.1     8.6     8.8     0.0    19.53 C    38.8    -3.7    11.4   100.0    47.6    81.7   0.086   0.073   0.045   0.073   0.108    13.1    13.1    14.9    15.8    17.4
23906 20240220  2.622  -96.82   28.30    24.7     4.0    14.3    15.0     0.0    19.47 C    41.1     2.7    17.9   100.0    60.7    88.1   0.084   0.072   0.045   0.073   0.108    15.2    14.3    15.1    15.6    17.1
23906 20240221  2.622  -96.82   28.30    24.7    15.5    20.1    19.4     0.0    16.11 C    37.4    10.2    20.4   100.0    66.1    88.8   0.081   0.070   0.045   0.072   0.108    17.4    16.3    16.1    16.1    17.0
23906 20240222  2.622  -96.82   28.30    24.9    14.0    19.4    19.8     0.0     9.37 C    38.7     9.1    20.4   100.0    70.2    88.0   0.079   0.069   0.045   0.072   0.107    18.4    17.4    17.0    16.8    17.2
23906 20240223  2.622  -96.82   28.30    27.0     8.4    17.7    17.5     0.0    19.65 C    43.7     5.2    19.5   100.0    28.2    67.3   0.078   0.068   0.044   0.071   0.107    18.0    17.3    17.4    17.2    17.5
23906 20240224  2.622  -96.82   28.30    24.8     4.8    14.8    15.4     0.0    20.37 C    43.9     1.2    16.7   100.0    31.3    71.2   0.075   0.067   0.044   0.071   0.107    17.4    16.6    17.3    17.3    17.7
23906 20240225  2.622  -96.82   28.30    25.3     6.1    15.7    17.7     0.0    19.49 C    41.3     2.5    19.3   100.0    66.8    87.8   0.071   0.066   0.044   0.070   0.107    17.7    16.7    17.2    17.1    17.7
23906 20240226  2.622  -96.82   28.30    25.5    18.1    21.8    20.9     0.0    15.57 C    38.8    16.2    22.6   100.0    72.8    91.4   0.067   0.065   0.044   0.069   0.107    19.6    18.2    17.8    17.5    17.7
23906 20240227  2.622  -96.82   28.30    25.7    20.3    23.0    22.0     0.0    12.77 C    39.2    19.8    23.8    99.1    73.7    90.7   0.065   0.065   0.044   0.068   0.106    20.6    19.2    18.5    18.1    18.0
23906 20240228  2.622  -96.82   28.30    21.9    12.0    16.9    18.3     0.2     6.96 C    29.9    11.7    19.3   100.0    38.9    70.7   0.064   0.064   0.044   0.068   0.106    20.0    19.2    19.0    18.5    18.3
23906 20240229  2.622  -96.82   28.30    14.6    10.4    12.5    12.2     0.0     3.21 C    20.6     9.9    13.7    82.9    46.1    60.9   0.064   0.063   0.043   0.067   0.106    17.2    17.4    18.4    18.4    18.5
23906 20240301  2.622  -96.82   28.30    18.3     7.3    12.8    12.2     0.0     8.67 C    33.4     5.8    14.9    99.9    64.1    81.1   0.063   0.063   0.043   0.067   0.105    16.8    16.8    17.7    17.9    18.4
23906 20240302  2.622  -96.82   28.30    20.3     6.6    13.4    15.5     0.0     8.21 C    33.6     5.4    18.4   100.0    78.6    93.8   0.061   0.062   0.043   0.067   0.105    17.4    16.8    17.5    17.6    18.2
23906 20240303  2.622  -96.82   28.30    22.9    17.1    20.0    19.4     0.0     6.21 C    34.5    16.2    21.6   100.0    88.9    98.7   0.061   0.062   0.043   0.067   0.105    19.1    18.0    18.0    17.8    18.2
23906 20240304  2.622  -96.82   28.30    25.1    18.9    22.0    21.4     0.0     7.26 C    38.8    18.9    23.6   100.0    87.1    97.5   0.060   0.061   0.043   0.067   0.105    20.3    19.0    18.6    18.2    18.3
23906 20240305  2.622  -96.82   28.30    32.3    19.4    25.8    23.4     0.0    20.10 C    53.0    15.0    27.7   100.0    43.4    86.9   0.058   0.060   0.043   0.067   0.105    21.8    20.0    19.3    18.7    18.6
23906 20240306  2.622  -96.82   28.30    24.8    19.2    22.0    21.1     0.0    17.57 C    44.9    17.9    25.4   100.0    67.2    90.0   0.055   0.059   0.043   0.067   0.104    22.0    20.3    19.8    19.2    18.9
23906 20240307  2.622  -96.82   28.30    24.4    19.2    21.8    21.4     0.0     7.89 C    35.3    16.4    22.7   100.0    84.3    96.0   0.053   0.058   0.042   0.067   0.104    21.7    20.3    20.1    19.5    19.1
23906 20240308  2.622  -96.82   28.30    31.8    15.7    23.7    23.5     1.2    12.18 C    43.4    11.3    24.2   100.0    35.5    79.0   0.051   0.057   0.042   0.066   0.103    22.2    20.7    20.3    19.7    19.3
23906 20240309  2.622  -96.82   28.30    20.4     5.9    13.1    14.9     0.0    18.67 C    40.1     1.7    17.7    90.7    47.1    67.7   0.049   0.056   0.042   0.066   0.103    20.2    19.6    20.1    19.7    19.5
23906 20240310  2.622  -96.82   28.30    19.4     4.6    12.0    13.1     0.0    18.37 C    40.9     0.0    15.6    98.9    38.8    73.2   0.047   0.055   0.042   0.066   0.102    18.6    18.2    19.3    19.2    19.4
23906 20240311  2.622  -96.82   28.30    22.8    11.7    17.3    17.7     0.7    20.44 C    42.3     7.7    21.3   100.0    61.2    81.3   0.045   0.054   0.041   0.065   0.102    19.4    18.4    19.0    18.8    19.2
23906 20240312  2.622  -96.82   28.30    25.1    10.7    17.9    19.8     0.0    16.74 C    42.9     8.3    22.6   100.0    70.5    88.0   0.042   0.053   0.041   0.065   0.102    20.4    19.0    19.3    18.9    19.1
23906 20240313  2.622  -96.82   28.30    26.8    19.3    23.1    22.4     0.0    11.67 C    39.8    16.8    24.9   100.0    75.4    93.6   0.040   0.052   0.041   0.065   0.102    21.6    20.0    19.7    19.2    19.1
23906 20240314  2.622  -96.82   28.30    25.3    21.6    23.5    22.7     0.0     5.78 C    36.6    20.3    24.1   100.0    84.1    96.2   0.038   0.051   0.041   0.064   0.101    22.1    20.7    20.3    19.6    19.3
23906 20240315  2.622  -96.82   28.30    27.3    21.1    24.2    23.5     0.4    12.88 C    47.8    21.0    26.9   100.0    79.1    94.3   0.036   0.050   0.041   0.064   0.101    22.9    21.2    20.6    20.0    19.5
23906 20240316  2.622  -96.82   28.30    29.1    20.0    24.5    23.5     9.9    19.42 C    45.4    18.2    26.2   100.0    54.5    83.0   0.046   0.064   0.040   0.064   0.100    23.1    21.5    21.0    20.3    19.8
23906 20240317  2.622  -96.82   28.30    24.0    19.0    21.5    21.3    11.4     5.10 C    31.8    19.1    22.9   100.0    74.0    91.0   0.101   0.083   0.040   0.063   0.100    22.5    21.4    21.2    20.6    20.0
23906 20240318  2.622  -96.82   28.30    21.2    13.4    17.3    18.2     0.0     9.53 C    34.4     9.0    19.6    93.7    38.0    64.4   0.102   0.086   0.040   0.066   0.099    20.4    20.2    20.8    20.5    20.1
23906 20240319  2.622  -96.82   28.30    14.4    10.9    12.6    13.0     1.8     2.95 C    18.1     6.0    13.4    99.6    64.7    81.4   0.099   0.084   0.040   0.068   0.099    18.1    18.3    19.7    19.9    20.0
23906 20240320  2.622  -96.82   28.30    21.0    12.9    17.0    17.1     0.5     7.88 C    29.7    13.4    18.8   100.0    72.1    89.0   0.098   0.084   0.041   0.069   0.099    18.4    18.2    19.0    19.2    19.8
23906 20240321  2.622  -96.82   28.30    21.2    18.3    19.7    19.6    23.9     4.20 C    30.6    18.0    22.2   100.0    98.9    99.9   0.130   0.105   0.042   0.077   0.100    19.8    19.2    19.3    19.2    19.6
23906 20240322  2.622  -96.82   28.30    29.9    17.1    23.5    21.7     0.0    21.64 C    46.8    13.6    25.7   100.0    38.1    79.7   0.116   0.102   0.048   0.085   0.105    21.3    20.0    19.8    19.5    19.6
23906 20240323  2.622  -96.82   28.30    24.4    14.7    19.6    19.1     0.0    23.10 C    45.0    11.7    23.1    90.7    49.5    76.5   0.105   0.094   0.051   0.085   0.106    20.9    19.8    20.0    19.7    19.7
23906 20240324  2.622  -96.82   28.30    25.1    17.8    21.4    21.2     0.0    13.74 C    40.0    14.6    22.9    92.9    67.7    84.1   0.099   0.089   0.050   0.084   0.106    20.9    19.9    20.1    19.7    19.7
23906 20240325  2.622  -96.82   28.30    29.4    13.1    21.3    22.5     0.0    17.49 C    48.0     9.2    24.8    97.3    37.5    75.7   0.095   0.085   0.049   0.082   0.106    22.0    20.6    20.4    19.9    19.8
23906 20240326  2.622  -96.82   28.30    22.9    13.0    17.9    17.5     0.0    24.11 C    45.1     9.6    21.6    98.3    41.1    67.9   0.090   0.081   0.048   0.080   0.106    20.9    19.8    20.3    20.0    19.9
23906 20240327  2.622  -96.82   28.30    23.5     7.8    15.6    15.7     0.0    19.73 C    45.2     4.9    18.8    99.9    40.2    69.5   0.086   0.078   0.047   0.079   0.105    20.2    19.2    20.0    19.8    19.9
23906 20240328  2.622  -96.82   28.30    24.8     5.5    15.2    16.6     0.0    23.79 C    46.4     3.6    20.5   100.0    57.6    80.8   0.081   0.076   0.046   0.077   0.105    19.8    18.6    19.6    19.4    19.7
23906 20240329  2.622  -96.82   28.30    26.1    17.6    21.8    21.0     0.0    22.78 C    44.8    14.3    23.8    94.5    55.4    75.6   0.075   0.073   0.046   0.076   0.105    21.2    19.6    19.9    19.4    19.6
23906 20240330  2.622  -96.82   28.30    26.8    18.1    22.5    22.0     0.0    18.59 C    43.5    13.9    24.6    98.1    68.6    86.0   0.068   0.070   0.045   0.075   0.104    21.9    20.2    20.3    19.7    19.6
23906 20240331  2.622  -96.82   28.30    27.3    21.3    24.3    23.2     0.0    11.02 C    40.8    20.2    25.3   100.0    76.5    93.6   0.064   0.069   0.044   0.073   0.104    22.7    21.0    20.8    20.1    19.7
23906 20240401  2.622  -96.82   28.30    26.2    22.5    24.4    23.8     0.0    11.66 C    34.4    21.8    25.6   100.0    81.0    92.7   0.061   0.067   0.044   0.072   0.104    23.2    21.6    21.3    20.5    20.0
23906 20240402  2.622  -96.82   28.30    31.0    16.4    23.7    24.6     0.0    23.71 C    50.1    13.0    28.1    99.8    21.0    51.0   0.056   0.065   0.044   0.071   0.103    23.7    21.8    21.5    20.8    20.2
23906 20240403  2.622  -96.82   28.30    27.4     6.4    16.9    17.6     0.0    25.77 C    48.3     2.2    20.4    92.9    21.9    59.2   0.051   0.063   0.043   0.069   0.102    22.1    20.6    21.4    20.8    20.4
23906 20240404  2.622  -96.82   28.30    26.2     5.9    16.0    16.8     0.0    25.27 C    46.3     2.4    19.6   100.0    39.9    76.5   0.046   0.061   0.043   0.067   0.102    20.9    19.8    20.8    20.3    20.3
23906 20240405  2.622  -96.82   28.30    27.6     9.7    18.6    20.2     0.0    25.01 C    45.5     5.7    22.2   100.0    48.6    80.4   0.043   0.059   0.042   0.067   0.102    21.1    19.8    20.6    20.1    20.1
23906 20240406  2.622  -96.82   28.30    25.5    19.7    22.6    22.3     0.0    10.36 C    36.0    16.9    23.2    98.7    73.7    88.4   0.041   0.058   0.042   0.066   0.101    21.9    20.6    20.8    20.2    20.0
23906 20240407  2.622  -96.82   28.30    27.9    22.0    24.9    23.9     0.0    16.15 C    45.7    20.9    27.2   100.0    80.6    93.8   0.039   0.056   0.041   0.065   0.101    22.9    21.4    21.2    20.5    20.1
23906 20240408  2.622  -96.82   28.30    26.7    22.0    24.3    23.7     0.0     7.42 C    37.5    21.0    25.2   100.0    84.4    97.1   0.038   0.054   0.041   0.065   0.101    23.2    21.9    21.6    20.9    20.3
23906 20240409  2.622  -96.82   28.30    28.6    22.8    25.7    24.7     0.3    15.23 C    41.9    22.1    27.1   100.0    74.7    92.8   0.036   0.052   0.041   0.064   0.100    23.7    22.4    21.9    21.2    20.6
23906 20240410  2.622  -96.82   28.30    24.8    13.3    19.1    20.1    24.0    23.05 C    37.9     7.9    22.1   100.0    41.4    73.7   0.110   0.092   0.041   0.064   0.099    22.3    21.6    21.9    21.3    20.8
23906 20240411  2.622  -96.82   28.30    29.9     9.0    19.4    19.4     0.0    26.16 C    48.9     6.8    22.4   100.0    26.3    63.4   0.089   0.092   0.045   0.066   0.099    21.0    20.3    21.1    20.9    20.8
23906 20240412  2.622  -96.82   28.30    26.6     7.5    17.0    18.7     0.0    25.05 C    44.9     5.4    22.3   100.0    53.8    80.2   0.080   0.085   0.046   0.068   0.098    20.7    19.8    20.7    20.5    20.6
23906 20240413  2.622  -96.82   28.30    26.7    17.8    22.3    22.6     0.0    23.57 C    44.6    14.0    26.0   100.0    68.3    83.4   0.074   0.080   0.045   0.067   0.098    22.3    20.9    21.0    20.5    20.5
23906 20240414  2.622  -96.82   28.30    27.1    19.3    23.2    23.0     0.0    15.86 C    41.3    15.0    24.9   100.0    69.3    86.4   0.070   0.075   0.045   0.067   0.098    22.7    21.5    21.5    20.8    20.5
23906 20240415  2.622  -96.82   28.30    27.0    21.1    24.1    23.7     0.0    11.45 C    39.9    19.0    25.4    99.6    78.5    90.9   0.064   0.071   0.044   0.066   0.098    23.1    22.0    21.8    21.1    20.6
23906 20240416  2.622  -96.82   28.30    28.2    23.0    25.6    24.7     0.0    13.93 C    42.3    22.0    27.1    99.1    78.6    92.3   0.061   0.069   0.044   0.066   0.097    23.7    22.5    22.1    21.4    20.8
23906 20240417  2.622  -96.82   28.30    27.0    23.1    25.1    24.6     0.0    10.02 C    40.3    22.2    26.5    99.8    82.1    93.6   0.058   0.067   0.044   0.066   0.097    24.2    23.0    22.6    21.7    21.0
23906 20240418  2.622  -96.82   28.30    28.8    23.3    26.1    25.0     0.0    18.77 C    46.1    22.0    28.2   100.0    72.6    91.5   0.055   0.065   0.043   0.065   0.096    24.7    23.3    22.9    22.0    21.2
23906 20240419  2.622  -96.82   28.30    29.3    21.6    25.5    25.1     0.0    19.64 C    46.6    18.1    28.3   100.0    76.9    92.3   0.051   0.062   0.042   0.064   0.095    25.1    23.6    23.2    22.3    21.4
23906 20240420  2.622  -96.82   28.30    28.9    18.6    23.7    25.0     0.0    17.27 C    46.3    18.9    27.9   100.0    72.9    89.4   0.047   0.059   0.042   0.063   0.094    25.4    23.9    23.5    22.5    21.6
23906 20240421  2.622  -96.82   28.30    22.7    14.0    18.4    18.5     0.0    17.93 C    39.4    12.6    21.6    92.4    56.5    75.6   0.044   0.057   0.041   0.061   0.093    23.8    22.9    23.4    22.6    21.7
23906 20240422  2.622  -96.82   28.30    23.1    12.9    18.0    18.0     0.5    15.43 C    39.9     9.0    19.7    94.3    57.0    74.8   0.040   0.054   0.040   0.060   0.092    22.4    21.7    22.7    22.1    21.7
23906 20240423  2.622  -96.82   28.30    25.8    13.4    19.6    21.4     0.0    11.43 C    37.1    10.2    22.4   100.0    70.8    87.8   0.038   0.051   0.040   0.059   0.092    22.3    21.5    22.2    21.7    21.5
23906 20240424  2.622  -96.82   28.30    27.9    20.8    24.3    23.8     0.0    16.49 C    44.6    17.0    26.7   100.0    76.1    92.8   0.036   0.049   0.040   0.058   0.091    23.7    22.4    22.3    21.7    21.4
23906 20240425  2.622  -96.82   28.30    28.3    22.9    25.6    24.7     0.0    12.14 C    41.3    21.7    26.7   100.0    77.3    93.5   0.034   0.046   0.039   0.057   0.090    24.3    23.0    22.8    22.0    21.4
23906 20240426  2.622  -96.82   28.30    28.9    23.5    26.2    25.0     0.0    12.90 C    40.4    22.3    26.4    99.7    74.4    92.6   0.033   0.043   0.039   0.056   0.089    24.5    23.3    23.0    22.2    21.5
23906 20240427  2.622  -96.82   28.30    27.8    24.0    25.9    25.4     0.0    11.01 C    36.1    23.1    27.2    99.5    84.7    92.9   0.032   0.040   0.038   0.056   0.088    24.9    23.6    23.3    22.5    21.7
23906 20240428  2.622  -96.82   28.30    26.7    24.3    25.5    25.1     1.0     7.42 C    32.5    23.3    25.8   100.0    86.4    95.1   0.031   0.039   0.038   0.055   0.088    24.8    23.7    23.4    22.7    21.8
23906 20240429  2.622  -96.82   28.30    29.8    23.4    26.6    25.7     0.0    20.55 C    48.8    23.0    31.6   100.0    77.5    91.1   0.030   0.038   0.038   0.054   0.087    25.5    24.1    23.6    22.8    22.0
23906 20240430  2.622  -96.82   28.30    28.2    23.0    25.6    25.2     0.0    22.85 C    48.2    23.2    31.7    96.1    77.1    89.1   0.028   0.036   0.037   0.052   0.085    25.6    24.2    23.8    23.0    22.1
23906 20240501  2.622  -96.82   28.30    29.3    24.5    26.9    25.9     0.0    13.01 C    47.8    27.0    32.3    99.3    80.1    93.8   0.027   0.035   0.037   0.051   0.084    25.9    24.4    24.1    23.1    22.2
23906 20240502  2.622  -96.82   28.30    29.5    24.7    27.1    26.0     0.0     9.72 C    45.2    24.8    30.7   100.0    75.4    92.9   0.026   0.034   0.036   0.050   0.083    25.8    24.6    24.2    23.3    22.3
23906 20240503  2.622  -96.82   28.30    28.3    24.4    26.4    25.7     4.1     9.87 C    38.3    23.5    27.2    98.0    84.4    93.1   0.026   0.033   0.036   0.050   0.082    25.6    24.5    24.2    23.4    22.4
23906 20240504  2.622  -96.82   28.30    29.0    24.1    26.6    25.9     0.0    15.44 C    39.3    22.9    27.8    99.1    81.0    92.9   0.025   0.032   0.036   0.048   0.082    25.7    24.5    24.2    23.4    22.5
23906 20240505  2.622  -96.82   28.30    28.1    24.5    26.3    25.6     0.0     7.31 C    38.3    23.1    26.4    97.6    83.6    94.2   0.025   0.032   0.036   0.048   0.081    25.5    24.6    24.3    23.5    22.6
23906 20240506  2.622  -96.82   28.30    30.2    24.4    27.3    26.6     0.0    19.17 C    45.0    23.1    29.6   100.0    72.6    90.5   0.024   0.031   0.035   0.047   0.080    25.9    24.7    24.2    23.5    22.7
23906 20240507  2.622  -96.82   28.30    28.6    25.6    27.1    26.8     0.0     8.74 C    35.1    25.0    28.3    99.9    81.5    94.0   0.024   0.030   0.035   0.046   0.079    26.3    25.1    24.5    23.6    22.7
23906 20240508  2.622  -96.82   28.30    29.4    25.3    27.4    27.0     0.0     8.48 C    36.5    24.5    28.3   100.0    82.9    94.0   0.023   0.030   0.034   0.045   0.078    26.3    25.2    24.6    23.8    22.8
23906 20240509  2.622  -96.82   28.30    29.9    25.4    27.7    27.3     0.0     9.58 C    40.1    23.8    28.6   100.0    85.3    95.9   0.023   0.029   0.034   0.045   0.078    26.5    25.3    24.7    23.9    22.9
23906 20240510  2.622  -96.82   28.30    33.4    24.9    29.1    27.6     0.0    16.28 C    49.4    22.8    29.9   100.0    63.3    87.5   0.022   0.029   0.034   0.044   0.074    26.9    25.6    24.9    24.0    23.0
23906 20240511  2.622  -96.82   28.30    28.6    23.6    26.1    25.7     0.0    10.39 C    37.9    21.6    27.1    99.2    79.4    88.0   0.022   0.028   0.033   0.043   0.069    26.3    25.3    25.0    24.1    23.1
23906 20240512  2.622  -96.82   28.30    30.7    25.6    28.2    27.4     0.0    15.76 C    44.1    24.8    29.8   100.0    76.5    91.7   0.021   0.027   0.033   0.042   0.068    26.8    25.4    24.9    24.1    23.1
23906 20240513  2.622  -96.82   28.30    32.1    18.6    25.3    25.3     0.3    11.90 C    49.0    15.0    26.9   100.0    71.8    93.1   0.020   0.026   0.032   0.041   0.067    26.8    25.6    25.1    24.2    23.1
23906 20240514  2.622  -96.82   28.30    34.5    14.6    24.5    23.9     0.0    27.13 C    52.3    12.0    27.4   100.0    39.6    79.6   0.020   0.026   0.032   0.040   0.065    25.9    24.6    24.8    24.1    23.2
23906 20240515  2.622  -96.82   28.30    30.9    12.7    21.8    24.0     0.0    25.37 C    48.5    10.5    27.7   100.0    64.3    83.9   0.021   0.024   0.031   0.037   0.063    25.9    24.3    24.6    23.9    23.1
23906 20240516  2.622  -96.82   28.30    30.2    22.1    26.2    26.8     0.0     8.54 C    36.6    21.6    27.9    94.9    84.8    90.1   0.024   0.024   0.031   0.036   0.062    26.7    25.1    24.8    23.8    23.0
23906 20240517  2.622  -96.82   28.30    23.3    20.8    22.1    21.8     4.5     3.42 C    24.8    10.5    20.1   100.0    91.8    97.2   0.024   0.024   0.030   0.035   0.061    25.2    24.5    24.8    23.9    23.1
23906 20240518  2.622  -96.82   28.30    30.4    18.9    24.7    25.1     0.0    22.28 C    45.6    16.8    29.4   100.0    76.7    92.1   0.022   0.024   0.030   0.035   0.062    25.4    24.2    24.3    23.7    23.1
23906 20240519  2.622  -96.82   28.30    31.8    25.0    28.4    27.6     0.0    25.82 C    54.0    23.1    34.3   100.0    62.2    86.1   0.025   0.023   0.030   0.035   0.060    27.2    25.3    24.7    23.8    23.0
23906 20240520  2.622  -96.82   28.30    32.3    25.1    28.7    28.1     0.0    24.11 C    54.4    22.6    33.3   100.0    74.8    90.0   0.026   0.023   0.029   0.034   0.057    27.7    25.8    25.1    24.0    23.1
23906 20240521  2.622  -96.82   28.30    32.2    26.6    29.4    28.7     0.0    17.29 C    50.3    25.7    33.4   100.0    72.2    89.9   0.026   0.022   0.029   0.033   0.054    28.2    26.3    25.5    24.3    23.2
23906 20240522  2.622  -96.82   28.30    32.3    26.7    29.5    28.7     0.0    15.09 C    51.4    26.3    33.2    97.7    77.0    89.7   0.025   0.022   0.028   0.032   0.051    28.2    26.5    25.7    24.6    23.3
23906 20240523  2.622  -96.82   28.30    31.7    27.5    29.6    28.9     0.0    17.73 C    49.2    27.8    34.5    95.7    73.0    87.3   0.025   0.021   0.028   0.032   0.047    28.3    26.6    25.8    24.7    23.5
23906 20240524  2.622  -96.82   28.30    32.8    27.0    29.9    29.1     0.0    21.09 C    50.7    27.4    35.3    97.7    73.2    88.1   0.024   0.021   0.027   0.031   0.043    28.7    26.8    25.9    24.9    23.6
23906 20240525  2.622  -96.82   28.30    32.8    27.3    30.0    29.2     0.0    23.41 C    49.7    29.7    36.9    98.8    74.4    88.0   0.024   0.023   0.027   0.030   0.038    29.1    27.1    26.1    25.0    23.7
23906 20240526  2.622  -96.82   28.30    32.8    27.4    30.1    29.1     0.0    13.33 C    47.4    25.9    33.4   100.0    75.1    88.5   0.023   0.023   0.026   0.029   0.035    29.0    27.2    26.3    25.2    23.8
23906 20240527  2.622  -96.82   28.30    33.7    27.3    30.5    29.8     0.0    20.37 C    48.0    25.4    33.3   100.0    75.5    89.9   0.023   0.025   0.026   0.029   0.030    29.3    27.3    26.4    25.3    23.8
23906 20240528  2.622  -96.82   28.30    33.5    25.7    29.6    29.3     0.0    23.62 C    50.2    23.0    32.9    98.4    70.8    83.0   0.022   0.027   0.025   0.029   0.023    29.6    27.5    26.5    25.4    23.9
23906 20240529  2.622  -96.82   28.30    33.0    22.7    27.9    28.1     1.0    21.30 C    48.2    21.9    30.6   100.0    62.0    86.7   0.022   0.027   0.025   0.028   0.019    28.9    27.2    26.6    25.5    24.0
23906 20240530  2.622  -96.82   28.30    32.7    27.2    29.9    29.4     0.0    18.95 C    45.9    25.5    32.1    94.8    71.6    82.9   0.021   0.027   0.024   0.028   0.018    29.1    27.3    26.6    25.5    24.1
23906 20240531  2.622  -96.82   28.30    30.9    20.3    25.6    27.6     0.8    20.16 C    44.2    20.1    29.8    98.8    66.0    83.0   0.021   0.028   0.024   0.027   0.017    28.6    27.2    26.6    25.5    24.1
23906 20240601  2.622  -96.82   28.30    31.5    23.9    27.7    28.2     1.0    15.97 C    40.8    23.3    29.6   100.0    77.4    92.3   0.032   0.028   0.023   0.026   0.016    28.2    26.9    26.5    25.5    24.2
23906 20240602  2.622  -96.82   28.30    33.4    27.8    30.6    29.8     0.0    23.30 C    49.2    26.9    33.2   100.0    68.3    86.2   0.020   0.027   0.023   0.026   0.015    29.0    27.2    26.4    25.5    24.2
23906 20240603  2.622  -96.82   28.30    33.2    28.1    30.7    29.9     0.0    21.13 C    47.7    27.1    32.8    94.0    67.6    84.1   0.031   0.027   0.023   0.026   0.013    29.5    27.6    26.6    25.6    24.2
23906 20240604  2.622  -96.82   28.30    33.2    28.3    30.8    30.1     0.0    21.54 C    45.7    27.4    32.9    94.1    72.8    85.9   0.019   0.027   0.022   0.025   0.013    29.7    27.8    26.8    25.7    24.3
23906 20240605  2.622  -96.82   28.30    32.0    22.0    27.0    28.3    27.4    11.54 C    40.6    12.6    27.9   100.0    74.7    88.5   0.069   0.044   0.022   0.024   0.012    28.4    27.3    26.8    25.8    24.4
23906 20240606  2.622  -96.82   28.30    33.2    22.0    27.6    28.0     0.0    25.22 C    47.4    20.0    30.4   100.0    61.3    84.9   0.085   0.069   0.021   0.026   0.012    27.9    26.7    26.5    25.7    24.5
23906 20240607  2.622  -96.82   28.30    33.0    19.7    26.4    28.0     0.0    27.13 C    48.7    18.0    31.3   100.0    61.6    81.5   0.076   0.066   0.021   0.028   0.012    28.1    26.6    26.5    25.7    24.5
23906 20240608  2.622  -96.82   28.30    32.9    21.7    27.3    28.2     0.0    26.36 C    48.7    19.2    31.3   100.0    65.6    81.9   0.066   0.062   0.021   0.029   0.011    28.5    26.9    26.6    25.7    24.5
23906 20240609  2.622  -96.82   28.30    33.2    23.7    28.4    29.1     0.0    21.83 C    48.3    20.8    31.3   100.0    67.9    82.5   0.059   0.057   0.021   0.031   0.011    28.7    27.1    26.9    25.9    24.6
23906 20240610  2.622  -96.82   28.30    33.0    23.9    28.5    28.7     0.0    15.95 C    46.7    21.3    30.0   100.0    69.1    84.5   0.054   0.052   0.021   0.032 -99.000    28.7    27.2    27.0    26.0 -9999.0
23906 20240611  2.622  -96.82   28.30    33.7    22.1    27.9    28.6     0.0    26.28 C    49.8    20.3    32.1   100.0    64.1    83.0   0.047   0.045   0.021   0.033   0.010    28.9    27.2    27.0    26.0    24.7
23906 20240612  2.622  -96.82   28.30    33.6    22.8    28.2    27.8    12.9    18.18 C    50.8    18.0    29.5   100.0    62.6    88.2   0.054   0.047   0.022   0.032   0.010    28.8    27.3    27.2    26.1    24.8
23906 20240613  2.622  -96.82   28.30    33.9    23.9    28.9    29.6     0.0    25.85 C    50.3    22.1    32.0   100.0    62.2    80.6   0.078   0.068   0.022   0.032 -99.000 -9999.0 -9999.0 -9999.0 -9999.0 -9999.0
23906 20240614  2.622  -96.82   28.30    34.3    24.6    29.4    30.0     0.0    27.00 C    49.8    23.0    33.5   100.0    59.8    78.0   0.069 -99.000   0.022   0.031 -99.000 -9999.0 -9999.0 -9999.0 -9999.0 -9999.0
23906 20240615  2.622  -96.82   28.30    33.5    27.4    30.5    30.3     0.0    26.75 C    48.5    25.4    33.7    88.1    62.5    76.4   0.059   0.055   0.023   0.029   0.010    29.6    27.9    27.5    26.4    25.0
23906 20240616  2.622  -96.82   28.30    33.9    26.5    30.2    30.2     0.0    26.86 C    49.8    23.5    33.4    90.5    65.6    78.8   0.050   0.045   0.023   0.027 -99.000    29.8    28.0    27.7    26.5    25.1
23906 20240617  2.622  -96.82   28.30    33.3    26.8    30.0    29.6     2.6    23.25 C    48.1    25.7    31.8    95.7    69.2    81.1   0.042   0.039   0.023   0.027 -99.000    29.8    28.2    27.9    26.6    25.2
23906 20240618  2.622  -96.82   28.30    33.1    25.1    29.1    28.5     3.9    21.55 C    44.8    23.9    29.7   100.0    59.5    81.8   0.036   0.037   0.023   0.026 -99.000    28.7    27.6    27.8    26.7    25.2
23906 20240619  2.622  -96.82   28.30    28.1    25.2    26.7    26.2   144.5     0.43 C    27.1    24.7    25.6   100.0    93.1    99.1   0.149   0.116   0.055   0.076 -99.000    26.9    26.6    27.2    26.5    25.4
23906 20240620  2.622  -96.82   28.30    32.0    26.0    29.0    28.9     3.6    22.69 C    41.8    24.3    29.6   100.0    79.7    89.3   0.101   0.104   0.067   0.105   0.151    27.7    26.9    26.7    26.3    25.6
23906 20240621  2.622  -96.82   28.30    32.2    27.3    29.7    29.1     0.7    26.04 C    44.7    25.8    31.5    94.9    72.5    84.3   0.081   0.086   0.053   0.088   0.125    28.5    27.3    27.1    26.4    25.5
23906 20240622  2.622  -96.82   28.30    32.1    25.8    29.0    28.9     0.0    26.13 C    47.3    24.0    31.8   100.0    63.4    80.7   0.072   0.075   0.049   0.080   0.112    28.7    27.5    27.3    26.5    25.5
23906 20240623  2.622  -96.82   28.30    31.7    25.7    28.7    28.3    15.1    21.82 C    41.9    24.4    30.1   100.0    77.0    90.6   0.085   0.083   0.046   0.076   0.107    28.9    27.5    27.4    26.6    25.5
23906 20240624  2.622  -96.82   28.30    32.8    24.1    28.5    28.4     0.0    24.08 C    46.5    23.1    31.3   100.0    74.5    89.3   0.085   0.089   0.046   0.075   0.106    29.2    27.7    27.6    26.6    25.6
23906 20240625  2.622  -96.82   28.30    33.5    24.6    29.1    29.3     0.0    23.34 C    48.2    23.5    31.9   100.0    72.9    86.6   0.076   0.081   0.045   0.074   0.104    29.4    27.9    27.7    26.7    25.6
23906 20240626  2.622  -96.82   28.30    33.6    26.5    30.0    29.5     0.0    23.28 C    47.5    24.1    31.8    97.9    71.1    84.3   0.068   0.073   0.045   0.072   0.103    29.5    28.1    27.8    26.8    25.7
23906 20240627  2.622  -96.82   28.30    33.8    23.8    28.8    29.2     0.0    22.23 C    46.9    22.2    31.5   100.0    70.8    86.4   0.060   0.066   0.044   0.068   0.102    29.6    28.0    27.9    26.9    25.8
23906 20240628  2.622  -96.82   28.30    33.5    23.9    28.7    29.6     0.0    21.29 C    44.5    22.3    31.4   100.0    72.9    85.9   0.053   0.062   0.043   0.067   0.101    29.9 -9999.0    28.0    27.1 -9999.0
23906 20240629  2.622  -96.82   28.30    33.7    28.4    31.0    30.5     0.0    26.24 C    47.1    27.1    33.5    93.7    71.0    83.2   0.045   0.055   0.042   0.065   0.099    30.2    28.4    28.2    27.0    25.8
23906 20240630  2.622  -96.82   28.30    33.6    27.5    30.5    30.3     0.0    26.22 C    46.8    25.2    33.3    94.0    68.7    81.3   0.038   0.048   0.040   0.063   0.097    30.4    28.6    28.4    27.2    25.9
23906 20240701  2.622  -96.82   28.30    33.7    22.5    28.1    28.4     0.0    24.45 C    47.5    20.1    31.0   100.0    66.1    86.6   0.033   0.041   0.039   0.061   0.094    30.4    28.5    28.5    27.3    25.9
23906 20240702  2.622  -96.82   28.30 -9999.0 -9999.0 -9999.0 -9999.0 -9999.0 -9999.00 U -9999.0 -9999.0 -9999.0 -9999.0 -9999.0 -9999.0 -99.000 -99.000 -99.000 -99.000 -99.000 -9999.0 -9999.0 -9999.0 -9999.0 -9999.0
