04138 20240101  2.622 -112.54   41.62     5.1    -6.3    -0.6    -1.5     0.0     8.71 C     8.1    -7.5    -1.9    84.7    56.7    77.1 -99.000 -99.000 -99.000   0.248   0.276    -1.5    -0.9    -0.4     0.8     2.5
04138 20240102  2.622 -112.54   41.62     3.6    -8.1    -2.3    -2.4     0.0     8.50 C     7.2    -8.1    -2.5    86.2    58.9    78.2 -99.000 -99.000 -99.000   0.249   0.276    -1.8    -1.1    -0.6     0.7     2.4
04138 20240103  2.622 -112.54   41.62     4.5    -5.7    -0.6    -1.0     0.0     4.39 C     4.7    -7.0    -2.0    83.2    43.1    69.4 -99.000 -99.000 -99.000   0.275   0.277    -1.7    -1.2    -0.7     0.5     2.3
04138 20240104  2.622 -112.54   41.62     1.8    -5.6    -1.9    -0.8     0.0     3.14 C     2.3    -5.9    -1.4    79.9    62.8    72.9 -99.000 -99.000 -99.000   0.276   0.276    -1.1    -0.8    -0.6     0.5     2.3
04138 20240105  2.622 -112.54   41.62     0.1    -7.6    -3.8    -2.5     1.1     3.55 C     0.7   -11.3    -4.0    86.4    53.7    74.4 -99.000 -99.000 -99.000   0.275   0.275    -1.3    -0.9    -0.6     0.6     2.2
04138 20240106  2.622 -112.54   41.62    -0.1   -10.8    -5.4    -4.4     3.1     6.42 C    -0.7   -12.6    -5.8    87.8    45.6    68.2 -99.000 -99.000 -99.000   0.275   0.276    -1.8    -1.2    -0.7     0.5     2.2
04138 20240107  2.622 -112.54   41.62    -2.9    -7.6    -5.3    -4.8     1.7     2.75 C    -3.1   -13.3    -7.1    88.6    58.6    71.6 -99.000 -99.000 -99.000   0.273   0.276    -1.4    -1.0    -0.8     0.4     2.1
04138 20240108  2.622 -112.54   41.62    -3.7   -13.1    -8.4    -7.7     0.0     9.09 C    -1.9   -18.0   -11.8    81.0    50.7    66.2 -99.000 -99.000 -99.000   0.274   0.276    -1.8    -1.2    -0.8     0.3     2.0
04138 20240109  2.622 -112.54   41.62    -1.0   -12.7    -6.8    -5.4     4.3     4.03 C     0.4   -16.6    -6.8    85.9    52.0    72.5 -99.000 -99.000 -99.000   0.274   0.276    -1.9    -1.4    -0.9     0.3     1.9
04138 20240110  2.622 -112.54   41.62    -1.7   -13.8    -7.7    -5.7     4.4     2.76 C    -3.1   -20.9    -9.0    83.8    56.7    68.3 -99.000 -99.000 -99.000   0.274   0.275    -1.6    -1.2    -0.9     0.2     1.9
04138 20240111  2.622 -112.54   41.62    -3.5   -14.3    -8.9    -7.1     0.0     6.54 C    -3.5   -22.6   -11.2    78.7    51.4    65.5 -99.000 -99.000 -99.000   0.274   0.278    -1.5    -1.1    -0.8     0.2     1.8
04138 20240112  2.622 -112.54   41.62     0.1    -6.5    -3.2    -3.9     2.1     4.76 C    -1.7    -9.9    -5.7    84.2    58.1    66.6 -99.000 -99.000 -99.000   0.274   0.280    -1.4    -1.1    -0.8     0.2     1.8
04138 20240113  2.622 -112.54   41.62    -5.5   -13.0    -9.3    -7.6     6.7     4.55 C    -5.3   -18.2    -8.9    86.0    47.4    70.6 -99.000 -99.000 -99.000   0.276   0.275    -1.4    -1.1    -0.8     0.2     1.8
04138 20240114  2.622 -112.54   41.62    -1.0    -7.8    -4.4    -3.3     2.2     5.10 C     0.2   -14.0    -5.0    89.3    64.9    77.0 -99.000 -99.000 -99.000   0.279   0.273    -1.3    -1.0    -0.8     0.2     1.8
04138 20240115  2.622 -112.54   41.62    -3.1   -18.2   -10.7    -9.3     0.0    10.15 C    -6.7   -25.2   -14.6    78.3    50.2    62.1 -99.000 -99.000 -99.000   0.280   0.275    -1.2    -0.9    -0.7     0.2     1.7
04138 20240116  2.622 -112.54   41.62    -7.1   -18.7   -12.9   -12.7     0.0    10.26 C    -6.8   -25.2   -17.3    67.9    42.0    56.9 -99.000 -99.000 -99.000   0.280   0.272    -1.4    -1.0    -0.7     0.2     1.7
04138 20240117  2.622 -112.54   41.62     1.8    -9.6    -3.9    -3.5     9.5     3.25 C     0.8   -10.6    -4.0    89.3    61.3    81.5 -99.000 -99.000 -99.000   0.280   0.272    -1.4    -1.1    -0.8     0.2     1.7
04138 20240118  2.622 -112.54   41.62     5.0    -2.9     1.0     1.2     0.0     9.93 C     1.8    -8.4    -2.2    80.8    49.3    66.3 -99.000 -99.000 -99.000   0.279   0.275    -1.2    -1.0    -0.8     0.1     1.7
04138 20240119  2.622 -112.54   41.62     3.7    -1.8     0.9     0.8     0.0     6.63 C     2.2    -4.5    -1.0    79.3    55.5    69.4 -99.000 -99.000 -99.000   0.280   0.275    -1.0    -0.8    -0.7     0.2     1.6
04138 20240120  2.622 -112.54   41.62     4.2    -5.4    -0.6     0.2     2.0     5.17 C     2.1    -8.8    -2.4    91.4    50.7    75.3 -99.000 -99.000 -99.000   0.280   0.276    -0.9    -0.8    -0.6     0.2     1.7
04138 20240121  2.622 -112.54   41.62     4.1    -3.9     0.1     0.6     0.0     5.28 C     2.5    -6.2    -1.2    92.2    77.7    87.0 -99.000 -99.000 -99.000   0.281   0.275    -0.8    -0.6    -0.6     0.3     1.7
04138 20240122  2.622 -112.54   41.62     4.3     0.6     2.4     1.9     0.0     5.49 C     2.5     0.0     0.6    92.5    71.4    86.9 -99.000 -99.000 -99.000   0.281   0.276    -0.7    -0.5    -0.5     0.3     1.7
04138 20240123  2.622 -112.54   41.62     4.9     0.9     2.9     2.3     0.8     5.00 C     2.1    -0.2     0.5    90.4    72.1    83.6 -99.000 -99.000 -99.000   0.282   0.276    -0.5    -0.5    -0.4     0.4     1.7
04138 20240124  2.622 -112.54   41.62     2.9    -1.9     0.5     0.5     0.0     7.02 C     2.3    -3.8    -0.3    93.3    78.1    87.2 -99.000 -99.000 -99.000   0.282   0.276    -0.4    -0.4    -0.4     0.4     1.7
04138 20240125  2.622 -112.54   41.62     1.6    -0.9     0.3     0.5     7.3     4.81 C     1.7    -1.2    -0.2    92.4    64.7    86.2 -99.000 -99.000 -99.000   0.272   0.277    -0.4    -0.4    -0.3     0.5     1.8
04138 20240126  2.622 -112.54   41.62     4.1    -5.9    -0.9     0.3     0.0    10.36 C     2.2    -7.7    -2.0    85.3    56.0    69.3 -99.000 -99.000 -99.000   0.253   0.277    -0.4    -0.3    -0.2     0.6     1.8
04138 20240127  2.622 -112.54   41.62     3.7    -3.4     0.2     0.5     0.0     5.39 C     2.1    -4.8    -0.8    86.6    64.3    77.7 -99.000 -99.000 -99.000   0.248   0.277    -0.4    -0.3    -0.2     0.6     1.8
04138 20240128  2.622 -112.54   41.62     5.9    -4.0     1.0     0.9     0.0     7.37 C     2.9    -6.5    -1.7    80.1    53.6    70.4 -99.000 -99.000 -99.000   0.238   0.276    -0.4    -0.2    -0.1     0.7     1.8
04138 20240129  2.622 -112.54   41.62     8.9    -3.4     2.7     2.1     0.0    11.59 C     3.5    -6.8    -2.2    83.9    53.8    73.2 -99.000 -99.000 -99.000   0.238   0.278    -0.3    -0.2    -0.1     0.7     1.9
04138 20240130  2.622 -112.54   41.62     8.0    -3.0     2.5     1.6     0.0    11.80 C     3.6    -6.7    -2.5    89.4    62.1    80.0 -99.000 -99.000 -99.000   0.239   0.278    -0.3    -0.2     0.0     0.8     1.9
04138 20240131  2.622 -112.54   41.62     8.1    -3.4     2.4     2.5     0.0    11.96 C     3.4    -6.6    -2.0    87.3    53.0    71.4 -99.000 -99.000 -99.000   0.240   0.277    -0.3    -0.1     0.0     0.8     1.9
04138 20240201  2.622 -112.54   41.62    12.1     0.7     6.4     5.8     4.7     6.18 C     3.5    -3.4     0.1    82.5    36.9    61.9 -99.000 -99.000 -99.000   0.240   0.279    -0.3    -0.1     0.0     0.8     1.9
04138 20240202  2.622 -112.54   41.62     5.9     0.4     3.2     2.6     9.1     3.02 C     2.1    -0.5     0.8    93.7    71.6    86.6 -99.000 -99.000 -99.000   0.244   0.278    -0.2     0.0     0.1     0.8     1.9
04138 20240203  2.622 -112.54   41.62     4.8    -1.1     1.9     0.6     0.0     6.53 C     3.5    -2.4    -0.5    93.7    50.9    77.4 -99.000   0.286 -99.000   0.277   0.280    -0.1     0.1     0.1     0.8     1.9
04138 20240204  2.622 -112.54   41.62     3.7    -3.8     0.0     0.3     0.0    11.16 C     4.0    -6.4    -1.7    81.3    39.7    60.8 -99.000   0.266   0.228   0.283   0.284    -0.1     0.2     0.2     0.8     2.0
04138 20240205  2.622 -112.54   41.62     6.9     0.9     3.9     4.6     5.2     1.67 C     2.4    -0.2     1.2    85.6    48.8    69.0 -99.000   0.261   0.225   0.289   0.294     0.2     0.3     0.2     0.9     2.0
04138 20240206  2.622 -112.54   41.62     8.7     1.7     5.2     4.3    11.4     5.08 C     7.5     0.7     2.3    96.6    46.7    79.9   0.290   0.304   0.268   0.303   0.306     1.4     0.9     0.5     1.1     2.1
04138 20240207  2.622 -112.54   41.62     4.2    -2.9     0.7     1.6     1.5     1.98 C     4.1    -1.9     1.0    97.5    70.9    83.8   0.297   0.327   0.312   0.324   0.317     1.7     1.2     1.1     1.6     2.4
04138 20240208  2.622 -112.54   41.62     2.8    -1.8     0.5    -0.5     1.2     5.40 C     9.2    -1.1     0.3    93.1    70.8    86.2   0.266   0.298   0.294   0.338   0.347     1.0     0.9     1.0     1.7     2.6
04138 20240209  2.622 -112.54   41.62     1.6    -4.3    -1.4    -1.8     0.2     6.63 C     6.7    -3.7    -0.6    87.7    48.1    74.2   0.252   0.288   0.287   0.342   0.365     0.6     0.7     0.9     1.6     2.6
04138 20240210  2.622 -112.54   41.62     0.7    -5.2    -2.3    -2.7     0.0     9.05 C     4.9    -5.4    -1.8    78.1    53.4    65.9 -99.000   0.261   0.281   0.331   0.373     0.2     0.5     0.8     1.5     2.6
04138 20240211  2.622 -112.54   41.62     1.3    -8.0    -3.3    -3.2     0.0    12.23 C     9.0    -7.4    -1.6    83.0    51.6    68.1 -99.000   0.244   0.216   0.332   0.382    -0.1     0.3     0.6     1.4     2.4
04138 20240212  2.622 -112.54   41.62     3.2    -7.1    -2.0    -2.1     0.0    11.61 C     8.4    -6.3    -0.7    83.9    46.7    71.4 -99.000 -99.000   0.202   0.326   0.388    -0.1     0.2     0.5     1.3     2.3
04138 20240213  2.622 -112.54   41.62     5.6    -3.8     0.9     0.6     0.0    10.35 C    10.5    -3.3     1.0    80.3    40.6    64.5 -99.000 -99.000   0.199   0.325   0.383     0.2     0.2     0.5     1.2     2.3
04138 20240214  2.622 -112.54   41.62     7.0    -1.7     2.6     3.0     0.0    10.97 C    13.0    -1.7     2.9    83.6    43.0    61.3 -99.000 -99.000   0.196   0.323   0.377     0.7     0.2     0.6     1.3     2.2
04138 20240215  2.622 -112.54   41.62     7.0    -1.4     2.8     2.6    12.1     7.77 C     2.7    -1.8     0.7    90.3    44.7    73.8   0.241   0.229   0.195   0.322   0.375     0.7     0.4     0.7     1.4     2.3
04138 20240216  2.622 -112.54   41.62     5.5    -3.2     1.2     1.3     1.4     6.12 C     5.9    -2.9     0.3    79.0    47.9    66.0   0.258   0.265   0.197   0.320   0.376     0.5     0.4     0.6     1.4     2.3
04138 20240217  2.622 -112.54   41.62     2.4    -6.5    -2.0    -1.6     0.0    13.21 C     9.2    -6.4    -0.9    70.1    47.3    56.6 -99.000   0.262   0.203   0.321   0.377     0.2     0.4     0.7     1.4     2.3
04138 20240218  2.622 -112.54   41.62     3.8    -5.6    -0.9    -0.6     7.1     6.59 C     1.7    -6.8    -1.4    89.7    49.1    80.7 -99.000   0.255   0.207   0.318   0.373     0.1     0.4     0.7     1.3     2.3
04138 20240219  2.622 -112.54   41.62     3.9    -5.5    -0.8    -0.1     6.0     4.21 C     1.5    -6.9    -1.8    99.8    56.6    82.2 -99.000   0.259   0.200   0.321   0.373     0.0     0.3     0.6     1.3     2.2
04138 20240220  2.622 -112.54   41.62     4.9     0.5     2.7     2.0     0.2     5.65 C     4.8    -0.4     0.8    92.6    71.4    87.4 -99.000   0.277   0.204   0.317   0.369     0.1     0.4     0.6     1.2     2.2
04138 20240221  2.622 -112.54   41.62     3.9    -0.3     1.8     1.1    17.6     5.91 C     2.8    -1.4     0.4    98.7    81.1    91.6   0.284   0.311   0.230   0.323   0.374     0.2     0.5     0.6     1.2     2.1
04138 20240222  2.622 -112.54   41.62     5.8    -1.8     2.0     1.2     0.0     9.78 C    15.0    -1.8     2.3    92.8    63.7    85.4   0.278   0.299   0.239   0.334   0.386     0.8     0.6     0.6     1.2     2.1
04138 20240223  2.622 -112.54   41.62     7.8    -3.5     2.2     1.3     0.0    16.02 C    18.5    -3.2     3.0    87.7    50.4    74.0   0.267   0.297   0.264   0.336   0.398     1.8     1.0     1.0     1.4     2.2
04138 20240224  2.622 -112.54   41.62     8.8    -3.4     2.7     2.0     0.0    15.95 C    16.2    -3.3     3.0    85.0    40.9    67.8   0.254   0.296   0.289   0.333   0.400     2.2     1.4     1.4     1.8     2.4
04138 20240225  2.622 -112.54   41.62    11.1    -1.6     4.7     4.7     0.0    16.27 C    16.1    -2.6     3.4    74.4    31.3    54.2   0.241   0.288   0.270   0.326   0.392     2.5     1.7     1.7     2.0     2.6
04138 20240226  2.622 -112.54   41.62     9.2    -2.4     3.4     4.5     1.1     7.12 C    12.8    -3.5     2.1    82.3    36.7    53.9   0.232   0.280   0.263   0.328   0.401     2.4     2.1     2.0     2.3     2.7
04138 20240227  2.622 -112.54   41.62    -1.4    -7.1    -4.3    -3.7     0.3    10.24 C     1.1    -8.0    -3.9    72.0    39.5    52.7   0.221   0.272   0.256   0.325   0.393     0.9     1.4     1.8     2.3     2.8
04138 20240228  2.622 -112.54   41.62     4.7    -8.6    -1.9    -2.0     0.0    15.77 C    13.6    -8.4    -0.1    74.4    29.6    59.5   0.210   0.263   0.262   0.321   0.397     0.6     0.8     1.3     2.0     2.7
04138 20240229  2.622 -112.54   41.62    11.8    -3.8     4.0     4.3     0.0    12.76 C    14.5    -4.2     3.8    73.4    24.1    47.6   0.210   0.258   0.249   0.318   0.391     1.7     1.1     1.4     1.9     2.6
04138 20240301  2.622 -112.54   41.62    11.5     3.7     7.6     8.2     1.4     9.58 C    14.0     0.1     5.5    71.2    32.8    44.4   0.212   0.259   0.248   0.318   0.387     3.5     2.8     2.2     2.3     2.7
04138 20240302  2.622 -112.54   41.62     9.2    -6.1     1.5     2.7     3.7     3.41 C     7.9    -9.0    -0.3    88.6    29.5    51.8   0.206   0.256   0.248   0.319   0.392     2.4     2.7     2.7     2.7     3.0
04138 20240303  2.622 -112.54   41.62     0.0   -10.3    -5.1    -3.5     1.9    11.90 C    -0.3   -15.4    -6.1    86.0    37.3    61.3   0.202   0.252   0.245   0.315   0.384     0.9     1.5     1.9     2.5     3.0
04138 20240304  2.622 -112.54   41.62     0.5   -10.4    -4.9    -3.7     2.6    12.94 C     0.2   -15.3    -6.3    85.0    35.9    59.4   0.194   0.248   0.243   0.317   0.387     0.5     1.0     1.5     2.2     2.9
04138 20240305  2.622 -112.54   41.62     4.0    -7.7    -1.8    -1.1     0.3     8.48 C     1.6   -12.3    -3.2    87.1    46.4    68.0 -99.000   0.245   0.242   0.317   0.388     0.3     0.8     1.3     2.0     2.8
04138 20240306  2.622 -112.54   41.62     7.3     1.5     4.4     3.9     0.2    10.07 C    13.9     0.0     3.4    78.8    46.8    65.1 -99.000   0.254   0.241   0.315   0.385     1.4     1.2     1.4     1.9     2.7
04138 20240307  2.622 -112.54   41.62     2.9    -4.6    -0.9    -0.1     2.6    12.83 C    12.9    -4.6     2.1    88.7    38.7    68.9   0.248   0.275   0.245   0.314   0.385     2.3     2.1     2.1     2.2     2.8
04138 20240308  2.622 -112.54   41.62     3.2    -7.5    -2.2    -2.4     0.0    19.09 C    13.9    -8.2     0.0    70.9    31.6    54.2   0.227   0.268   0.247   0.312   0.373     1.2     1.3     2.0     2.4     2.9
04138 20240309  2.622 -112.54   41.62     5.3    -7.6    -1.1    -1.2     0.0    18.59 C    15.2    -8.4     0.6    73.3    38.1    61.0   0.215   0.260   0.245   0.313   0.380     1.1     1.0     1.7     2.3     2.9
04138 20240310  2.622 -112.54   41.62    10.9    -4.9     3.0     3.9     0.0    15.39 C    17.1    -5.6     3.4    72.8    26.7    51.2   0.212   0.256   0.244   0.312   0.375     2.0     1.5     1.8     2.3     2.9
04138 20240311  2.622 -112.54   41.62    10.2    -0.5     4.8     4.8     0.0    14.33 C    20.8    -2.7     4.1    69.6    34.7    52.9   0.209   0.254   0.243   0.312   0.376     3.0     2.5     2.4     2.5     3.0
04138 20240312  2.622 -112.54   41.62     6.7    -1.4     2.6     2.8     2.5     5.74 C    14.7    -2.6     3.1    87.7    65.1    76.0   0.206   0.252   0.242   0.311   0.380     3.0     2.9     2.8     2.8     3.1
04138 20240313  2.622 -112.54   41.62     3.3    -3.4     0.0     0.2     0.0    10.88 C    11.7    -4.7     0.8    82.3    40.1    61.2   0.206   0.250   0.241   0.310   0.374     2.4     2.5     2.7     2.9     3.2
04138 20240314  2.622 -112.54   41.62     8.8    -3.2     2.8     3.2     0.0    16.54 C    19.4    -4.7     3.3    70.4    35.0    51.2   0.200   0.247   0.240   0.310   0.378     2.2     2.2     2.5     2.9     3.3
04138 20240315  2.622 -112.54   41.62    11.0    -1.4     4.8     4.9     0.0    20.41 C    24.4    -4.2     6.0    64.0    26.8    46.2   0.196   0.244   0.239   0.309   0.377     3.3     2.8     2.8     2.9     3.3
04138 20240316  2.622 -112.54   41.62    13.2    -0.5     6.4     7.0     0.0    20.64 C    25.8    -3.8     7.4    62.3    24.0    39.4   0.192   0.241   0.239   0.307   0.371     4.1     3.4     3.4     3.3     3.5
04138 20240317  2.622 -112.54   41.62    14.4     1.8     8.1     7.6     0.0    20.72 C    30.0    -4.0     8.5    57.2    23.8    42.1   0.188   0.239   0.238   0.307   0.370     5.1     4.2     4.0     3.8     3.7
04138 20240318  2.622 -112.54   41.62    16.0    -1.0     7.5     7.6     0.0    20.89 C    35.2    -4.5    10.0    65.1    25.9    46.4   0.184   0.236   0.237   0.308   0.372     5.9     4.8     4.6     4.2     4.0
04138 20240319  2.622 -112.54   41.62    15.9    -0.3     7.8     8.0     0.0    21.33 C    34.0    -4.5    10.4    68.4    23.0    45.3   0.181   0.233   0.236   0.309   0.374     6.5     5.4     5.2     4.8     4.4
04138 20240320  2.622 -112.54   41.62    17.6    -0.8     8.4     8.6     0.0    21.15 C    35.8    -4.1    11.2    73.4    23.6    47.4   0.177   0.230   0.236   0.309   0.371     7.1     6.0     5.7     5.2     4.7
04138 20240321  2.622 -112.54   41.62    15.9     0.9     8.4     8.5     0.0    17.15 C    30.8    -2.6     9.3    67.7    20.3    44.4   0.172   0.226   0.235   0.308   0.372     6.9     6.3     6.0     5.6     5.0
04138 20240322  2.622 -112.54   41.62    15.7    -0.9     7.4     8.7     0.0    18.12 C    35.0    -4.3    10.8    73.5    23.5    49.6   0.169   0.223   0.233   0.308   0.370     7.2     6.4     6.1     5.8     5.3
04138 20240323  2.622 -112.54   41.62    13.7     0.4     7.1     6.8     9.9     7.52 C    20.8    -0.1     6.4    92.1    24.4    57.9   0.167   0.220   0.232   0.309   0.372     6.8     6.7     6.5     6.2     5.5
04138 20240324  2.622 -112.54   41.62     5.9    -0.8     2.6     2.2     1.5    11.23 C    17.4    -0.6     3.9    92.4    57.1    76.5   0.195   0.218   0.231   0.307   0.369     5.1     5.3     5.6     5.9     5.6
04138 20240325  2.622 -112.54   41.62     6.2    -0.2     3.0     2.4     1.2    13.07 C    19.3    -0.9     4.5    78.4    47.3    66.2   0.200   0.223   0.230   0.308   0.371     4.9     4.8     5.2     5.6     5.5
04138 20240326  2.622 -112.54   41.62     7.1    -3.8     1.7     1.0     1.5    14.44 C    17.5    -2.9     2.8    90.9    41.0    71.0   0.199   0.226   0.230   0.308   0.370     4.3     4.6     5.0     5.4     5.4
04138 20240327  2.622 -112.54   41.62     8.8    -4.8     2.0     3.7     0.0    16.49 C    16.9    -4.4     3.8    85.8    34.7    56.7   0.196   0.227   0.232   0.307   0.367     4.2     4.3     4.7     5.1     5.3
04138 20240328  2.622 -112.54   41.62     8.5    -0.6     3.9     3.3     6.2     5.99 C    11.5    -1.2     3.1    88.4    37.5    75.6   0.204   0.228   0.231   0.306   0.364     4.2     4.6     4.8     5.1     5.2
04138 20240329  2.622 -112.54   41.62     8.1    -0.9     3.6     3.7     0.7    16.01 C    21.5    -1.2     5.2    88.8    40.4    65.7   0.214   0.233   0.230   0.306   0.364     4.7     4.6     4.6     4.9     5.2
04138 20240330  2.622 -112.54   41.62     8.8     3.1     5.9     5.2     1.4    11.00 C    16.1     2.6     6.0    88.4    57.8    77.1   0.214   0.238   0.249   0.305   0.364     5.6     5.4     5.1     5.1     5.2
04138 20240331  2.622 -112.54   41.62     6.2     0.1     3.2     3.4     6.7     8.00 C    13.8    -0.6     4.4    90.8    65.7    81.7   0.224   0.243   0.254   0.305   0.364     5.1     5.4     5.3     5.3     5.3
04138 20240401  2.622 -112.54   41.62     9.0    -0.2     4.4     4.1     0.2    18.20 C    18.5    -1.1     5.9    89.9    39.5    66.3   0.236   0.256   0.243   0.305   0.365     5.4     5.2     5.1     5.3     5.4
04138 20240402  2.622 -112.54   41.62    12.8    -1.1     5.9     6.2     0.0    23.71 C    24.7    -2.6     8.3    77.4    35.2    58.5   0.223   0.255   0.235   0.305   0.364     6.2     5.6     5.5     5.4     5.4
04138 20240403  2.622 -112.54   41.62    16.6    -0.5     8.0     9.4     0.0    23.88 C    30.3    -2.1    11.1    83.5    31.4    56.8   0.212   0.252   0.234   0.304   0.365     7.5     6.6     6.3     5.9     5.6
04138 20240404  2.622 -112.54   41.62    17.3     9.6    13.4    14.3     0.0    14.86 C    25.1     5.0    12.1    46.5    11.6    22.4   0.202   0.248   0.244   0.306   0.364     8.3     7.6     7.1     6.5     5.9
04138 20240405  2.622 -112.54   41.62    13.9    -2.1     5.9     5.6     4.7     8.07 C    20.6    -2.1     5.4    89.6    19.6    58.1   0.193   0.241   0.252   0.306   0.368     6.8     7.0     7.1     6.9     6.3
04138 20240406  2.622 -112.54   41.62     4.0    -2.9     0.5     0.3     0.8    13.07 C    15.3    -4.1     1.5    81.3    49.4    64.9   0.193   0.236   0.250   0.305   0.367     4.2     5.0     5.7     6.4     6.3
04138 20240407  2.622 -112.54   41.62     6.7    -5.0     0.9     0.6     0.0    17.42 C    20.7    -5.1     3.2    92.9    42.7    65.8   0.192   0.234   0.251   0.306   0.368     4.2     4.6     5.1     5.8     6.0
04138 20240408  2.622 -112.54   41.62     7.7    -4.2     1.8     1.8     0.0    14.84 C    23.9    -4.9     4.3    93.7    37.2    64.2   0.190   0.232   0.242   0.305   0.368     4.8     4.8     5.2     5.6     5.9
04138 20240409  2.622 -112.54   41.62    12.0    -4.3     3.9     4.5     0.0    22.72 C    30.9    -5.8     8.2    70.8    34.8    53.2   0.187   0.230   0.248   0.306   0.368     5.5     5.1     5.2     5.6     5.8
04138 20240410  2.622 -112.54   41.62    14.9     0.7     7.8     8.0     0.0    25.62 C    37.6    -3.2    12.1    75.7    26.6    49.8   0.185   0.229   0.261   0.305   0.365     7.6     6.6     6.2     5.9     5.9
04138 20240411  2.622 -112.54   41.62    17.8    -0.3     8.7     9.9     0.0    25.20 C    36.7    -3.5    13.3    75.4    12.9    43.6   0.180   0.226   0.234   0.305   0.364     8.5     7.6     7.2     6.6     6.2
04138 20240412  2.622 -112.54   41.62    23.2     6.0    14.6    15.7     0.0    24.43 C    42.1     1.5    18.2    53.8     7.3    27.6   0.176   0.224   0.252   0.305   0.363    10.6     9.2     8.3     7.3     6.5
04138 20240413  2.622 -112.54   41.62    21.4     6.2    13.8    15.5     0.0    25.04 C    40.9     1.9    18.0    55.5    11.4    25.5   0.171   0.221   0.259   0.306   0.366    11.9    10.6     9.6     8.2     7.1
04138 20240414  2.622 -112.54   41.62    17.6     3.3    10.5    12.8     0.0    22.94 C    34.5    -0.3    14.7    54.6    14.9    27.4   0.163   0.215   0.246   0.306   0.369    10.9    10.3     9.8     8.8     7.6
04138 20240415  2.622 -112.54   41.62    10.3     2.8     6.5     6.6     5.1     4.44 C    16.0     1.3     7.0    91.2    40.0    71.3   0.158   0.210   0.251   0.306   0.367     9.1     9.3     9.4     9.0     7.9
04138 20240416  2.622 -112.54   41.62    15.1     1.1     8.1     8.9     0.0    23.58 C    28.8     0.1    12.3    93.1    29.9    63.2   0.160   0.208   0.254   0.306   0.369     9.6     9.0     8.7     8.6     7.9
04138 20240417  2.622 -112.54   41.62    12.8     0.0     6.4     6.9     0.0    20.66 C    23.0    -3.3     8.5    69.5    12.8    38.7   0.159   0.206   0.253   0.306   0.369     9.3     9.2     9.2     8.9     8.0
04138 20240418  2.622 -112.54   41.62     9.7    -4.3     2.7     3.2     0.0    26.95 C    36.0    -7.2     9.3    67.5    25.9    45.1   0.156   0.203   0.252   0.306   0.370     8.2     8.0     8.3     8.6     8.1
04138 20240419  2.622 -112.54   41.62    15.2    -2.2     6.5     7.1     0.0    24.51 C    40.1    -5.6    11.7    58.6    11.1    34.5   0.155   0.201   0.250   0.304   0.366     8.9     8.4     8.5     8.5     8.1
04138 20240420  2.622 -112.54   41.62    17.7     2.3    10.0    10.1     0.0    23.88 C    40.4    -0.3    15.1    55.9    20.1    36.4   0.154   0.200   0.249   0.304   0.366    10.5     9.6     9.2     8.8     8.2
04138 20240421  2.622 -112.54   41.62    21.7     2.5    12.1    13.0     0.0    25.63 C    41.0    -1.3    16.9    61.9    16.4    37.9   0.151   0.199   0.248   0.306   0.370    11.5    10.5     9.9     9.2     8.4
04138 20240422  2.622 -112.54   41.62    18.2     4.3    11.3    12.0     0.0    26.49 C    42.1     2.8    17.7    51.0    15.1    27.1   0.149   0.197   0.248   0.304   0.372    12.7    11.6    10.8     9.8     8.7
04138 20240423  2.622 -112.54   41.62    20.4     4.3    12.3    13.1     0.0    19.33 C    42.8     0.2    16.7    50.6    16.8    30.9   0.146   0.194   0.245   0.305   0.372    12.3    11.6    11.0    10.2     9.0
04138 20240424  2.622 -112.54   41.62    22.2     6.7    14.5    15.7     0.0    26.50 C    43.0     3.5    20.9    60.5    15.4    37.5   0.145   0.193   0.244   0.304   0.374    14.1    12.8    11.8    10.6     9.3
04138 20240425  2.622 -112.54   41.62    17.6     7.9    12.7    11.8     0.0    15.73 C    40.1     5.4    15.5    79.5    36.1    55.3   0.142   0.190   0.243   0.308   0.375    13.7    13.1    12.4    11.3     9.8
04138 20240426  2.622 -112.54   41.62    11.1     6.3     8.7     8.0     6.0     7.83 C    22.3     6.3     9.5    86.1    59.5    74.2   0.139   0.187   0.241   0.306   0.375    11.3    11.6    11.7    11.3    10.0
04138 20240427  2.622 -112.54   41.62    11.0     4.6     7.8     7.3    13.9     9.91 C    14.7     4.2     8.6    86.0    54.2    75.3   0.175   0.187   0.240   0.305   0.374     9.7    10.1    10.4    10.7     9.9
04138 20240428  2.622 -112.54   41.62    14.4     1.9     8.1     8.4     0.0    20.16 C    26.3     1.4    10.6    85.3    32.6    60.1   0.202   0.201   0.239   0.304   0.374    10.3    10.1    10.1    10.2     9.7
04138 20240429  2.622 -112.54   41.62    17.0     2.1     9.6     9.0     1.1    20.74 C    29.4    -0.4    10.1    85.0    28.9    57.3   0.192   0.209   0.240   0.306   0.367    10.3    10.3    10.3    10.2     9.7
04138 20240430  2.622 -112.54   41.62    11.8    -3.1     4.3     5.7     0.0    26.93 C    31.2    -3.6    10.0    69.2    20.3    41.0   0.181   0.209   0.240   0.305   0.372     9.3     9.4     9.7    10.1     9.6
04138 20240501  2.622 -112.54   41.62    10.0    -1.9     4.0     5.0     0.0    24.27 C    29.3    -4.1     8.9    53.4    15.8    32.4   0.174   0.208   0.241   0.303   0.366     8.8     9.1     9.6    10.0     9.6
04138 20240502  2.622 -112.54   41.62    12.1    -5.3     3.4     4.9     0.0    16.67 C    31.0    -7.0     7.8    72.2    25.0    45.0   0.168   0.206   0.240   0.304   0.369     7.8     8.3     8.9     9.6     9.4
04138 20240503  2.622 -112.54   41.62    11.5    -0.8     5.4     6.1     0.0    21.46 C    36.1    -2.9    10.8    81.1    31.0    55.0   0.166   0.205   0.241   0.304   0.367     9.3     9.1     9.2     9.4     9.2
04138 20240504  2.622 -112.54   41.62    20.0    -1.1     9.4    12.0     0.0    24.78 C    36.1    -4.1    14.6    70.9    15.5    36.4   0.162   0.203   0.229   0.303   0.369    10.1     9.6     9.4     9.5     9.2
04138 20240505  2.622 -112.54   41.62    18.0     0.7     9.4     6.3     1.2     7.91 C    15.4     0.8     8.1    88.3    18.9    64.9   0.156   0.202   0.224   0.303   0.364     9.9    10.3    10.3     9.9     9.4
04138 20240506  2.622 -112.54   41.62    12.0     0.7     6.3     5.3     2.1    13.71 C    20.1     0.7     5.7    89.6    32.7    62.4   0.152   0.197   0.233   0.304   0.367     7.4     8.3     9.0     9.5     9.4
04138 20240507  2.622 -112.54   41.62     7.6     0.0     3.8     3.8     0.6    13.80 C    18.2    -3.6     4.2    74.4    32.8    52.9   0.150   0.195   0.239   0.302   0.366     6.5     7.6     8.2     9.0     9.1
04138 20240508  2.622 -112.54   41.62     9.6    -1.5     4.0     4.9     0.0    13.03 C    28.6    -4.1     7.1    69.1    39.6    53.1   0.149   0.192   0.238   0.302   0.363     6.6     7.1     7.6     8.5     8.8
04138 20240509  2.622 -112.54   41.62    15.5     4.5    10.0     9.6     0.5    24.33 C    35.6     2.2    12.9    65.2    29.6    47.9   0.150   0.193   0.238   0.303   0.364     9.5     8.8     8.5     8.5     8.6
04138 20240510  2.622 -112.54   41.62    18.2     3.5    10.8    12.0     0.0    26.20 C    39.6     1.8    15.5    68.2    24.4    40.7   0.150   0.193   0.238   0.302   0.367    11.0    10.1     9.5     9.1     8.8
04138 20240511  2.622 -112.54   41.62    22.5     2.3    12.4    14.1     0.0    25.58 C    45.6     0.0    17.9    71.3    17.5    38.5   0.148   0.192   0.238   0.302   0.366    12.4    11.3    10.6     9.7     9.1
04138 20240512  2.622 -112.54   41.62    23.5     4.3    13.9    15.0     0.0    29.31 C    47.0     1.9    21.2    81.2    21.9    44.7   0.148   0.191   0.236   0.304   0.367    14.4    12.9    11.8    10.5     9.5
04138 20240513  2.622 -112.54   41.62    23.0     5.9    14.4    14.3     0.9    18.65 C    48.5     3.9    16.8    73.8    30.2    50.9   0.145   0.189   0.235   0.304   0.369    14.2    13.4    12.7    11.4    10.1
04138 20240514  2.622 -112.54   41.62    20.6     4.2    12.4    13.3     0.6    26.26 C    43.2     1.1    16.7    76.9    17.5    46.7   0.142   0.187   0.216   0.303   0.372    13.7    13.0    12.5    11.6    10.4
04138 20240515  2.622 -112.54   41.62    22.5     5.7    14.1    14.1     0.0    23.53 C    48.0     2.7    18.8    70.9    21.1    42.3   0.142   0.185   0.228   0.303   0.370    14.3    13.4    12.7    11.9    10.7
04138 20240516  2.622 -112.54   41.62    23.2     4.2    13.7    15.3     0.0    29.06 C    46.6     1.7    21.3    67.3    16.7    37.8   0.141   0.184   0.217   0.304   0.371    15.3    14.3    13.4    12.3    10.8
04138 20240517  2.622 -112.54   41.62    24.0     7.5    15.8    16.5     0.0    29.47 C    44.3     4.9    21.1    63.3    15.1    31.8   0.140   0.183   0.221   0.302   0.372    15.9    15.0    14.1    12.9    11.3
04138 20240518  2.622 -112.54   41.62    22.2     1.4    11.8    14.5     0.0    30.22 C    47.0    -1.1    20.7    41.4    12.0    21.5   0.138   0.181   0.219   0.304   0.378    15.6    14.9    14.3    13.2    11.6
04138 20240519  2.622 -112.54   41.62    19.5     9.7    14.6    14.5     0.0    28.86 C    42.9     6.6    21.2    53.5    10.9    24.6   0.137   0.180   0.221   0.304   0.382    16.3    15.5    14.8    13.5    11.9
04138 20240520  2.622 -112.54   41.62    14.9     3.6     9.2     9.8     0.0    20.93 C    41.0    -0.3    14.5    52.5    19.8    30.2   0.134   0.178   0.189   0.303   0.377    14.6    14.6    14.5    13.7    12.2
04138 20240521  2.622 -112.54   41.62    15.7     0.0     7.8     9.0     0.0    30.11 C    42.1    -2.7    16.1    63.1    17.7    36.2   0.132   0.176   0.193   0.302   0.384    13.8    13.7    13.6    13.3    12.2
04138 20240522  2.622 -112.54   41.62    19.8     2.4    11.1    10.7     0.0    19.24 C    42.3     0.3    15.2    64.7    12.6    39.2   0.131   0.175   0.202   0.300   0.382    13.7    13.7    13.5    13.2    12.2
04138 20240523  2.622 -112.54   41.62    13.4     0.1     6.7     6.8     0.0    25.61 C    37.6    -3.1    13.3    57.4    22.3    38.9   0.130   0.174   0.185   0.302   0.388    13.2    13.3    13.4    13.1    12.2
04138 20240524  2.622 -112.54   41.62    18.6    -1.8     8.4    10.7     0.0    28.73 C    42.7    -4.7    16.9    68.0    18.6    38.9   0.130   0.173   0.215   0.301   0.384    13.6    13.3    13.0    12.9    12.1
04138 20240525  2.622 -112.54   41.62    14.9     3.9     9.4    10.8     0.5    12.81 C    39.2     2.6    13.1    85.2    41.1    60.4   0.129   0.173   0.205   0.302   0.388    13.8    13.9    13.6    13.1    12.1
04138 20240526  2.622 -112.54   41.62    21.2     1.9    11.6    12.7     0.0    30.21 C    46.9    -0.5    19.6    89.0    15.0    45.9   0.129   0.173   0.215   0.302   0.388    14.6    14.0    13.4    12.9    12.1
04138 20240527  2.622 -112.54   41.62    24.2     4.9    14.5    15.8     0.0    30.67 C    50.9     1.2    22.3    50.0    13.9    30.3   0.130   0.174   0.209   0.304   0.387    16.4    15.3    14.3    13.4    12.2
04138 20240528  2.622 -112.54   41.62    28.3     8.1    18.2    20.0     0.0    29.69 C    50.2     3.7    25.2    47.5    10.0    25.8   0.130   0.174   0.188   0.302   0.388    17.6    16.4    15.2    14.0    12.6
04138 20240529  2.622 -112.54   41.62    21.1     4.7    12.9    15.6     0.0    21.94 C    42.5     2.7    20.0    55.3    27.1    36.5   0.127   0.174   0.213   0.302   0.390    17.5    16.9    16.1    14.5    13.0
04138 20240530  2.622 -112.54   41.62    20.1     3.4    11.7    13.0     0.0    30.65 C    47.8    -0.1    20.3    49.5    15.7    27.5   0.125   0.172   0.187   0.301   0.390    16.5    16.0    15.5    14.6    13.3
04138 20240531  2.622 -112.54   41.62    23.4     6.9    15.2    15.4     0.0    31.14 C    49.4     2.5    22.4    45.7    10.3    23.6   0.124   0.173   0.199   0.303   0.398    17.3    16.4    15.8    14.7    13.5
04138 20240601  2.622 -112.54   41.62    26.5     8.3    17.4    18.2     0.0    23.70 C    47.1     5.2    23.1    50.7    12.5    28.1   0.123   0.172   0.185   0.309   0.393    17.8    17.0    16.3    15.0    13.7
04138 20240602  2.622 -112.54   41.62    26.2    11.8    19.0    19.2     0.0    19.14 C    47.7     9.1    22.8    48.1    17.8    29.4   0.121   0.172   0.182   0.311   0.396    18.3    17.6    16.6    15.3    13.8
04138 20240603  2.622 -112.54   41.62    18.9    11.2    15.1    16.0     0.6     6.60 C    23.4     8.9    15.4    81.7    36.5    54.7   0.119   0.171   0.193   0.312   0.409    16.6    16.8    16.5    15.5    14.1
04138 20240604  2.622 -112.54   41.62    23.2     9.0    16.1    16.3     0.2    30.89 C    49.9     5.8    22.9    85.0    26.6    46.8   0.119   0.171   0.188   0.307   0.399    17.7    16.8    16.1    15.2    14.1
04138 20240605  2.622 -112.54   41.62    29.7     8.1    18.9    19.9     0.0    30.90 C    57.6     5.2    27.1    69.5    19.8    38.8   0.120   0.172   0.182   0.311   0.403    19.4    18.1    16.9    15.5    14.3
04138 20240606  2.622 -112.54   41.62    31.0    10.3    20.7    23.0     0.4    29.26 C    55.9     7.0    29.1    59.0    16.2    29.5   0.119   0.173   0.182   0.320   0.405    20.9    19.4    17.9    16.2    14.6
04138 20240607  2.622 -112.54   41.62    30.7    16.6    23.7    22.3     0.2    22.40 C    55.2    14.0    27.2    66.0    21.0    43.4   0.118   0.173   0.186   0.323   0.412    21.9    20.6    19.0    16.9    15.1
04138 20240608  2.622 -112.54   41.62    30.3    10.7    20.5    22.0     0.0    28.50 C    55.9     8.5    28.6    71.3    12.2    37.8   0.116   0.173   0.183   0.327   0.418    21.8    20.6    19.2    17.2    15.5
04138 20240609  2.622 -112.54   41.62    32.0    16.6    24.3    24.2     0.0    26.84 C    55.6    15.5    29.9    57.8    14.9    32.5   0.115   0.173   0.191   0.333   0.424    22.7    21.3    19.9    17.8    15.9
04138 20240610  2.622 -112.54   41.62    29.0    10.2    19.6    21.8     0.0    30.08 C    56.1     8.9    30.0    59.3    14.7    31.8   0.113   0.173   0.189   0.336   0.429    23.0    21.6    20.3    18.1    16.3
04138 20240611  2.622 -112.54   41.62    30.3     7.6    18.9    21.4     0.0    30.77 C    55.5     6.3    28.4    52.4    13.3    27.7   0.110   0.171   0.184   0.333   0.430    22.7    21.5    20.3    18.5    16.5
04138 20240612  2.622 -112.54   41.62    32.9    12.8    22.8    24.5     0.0    29.34 C    57.6     9.7    31.1    48.4    11.0    25.2   0.109   0.171   0.190   0.340   0.437    23.5    22.1    20.6    18.7    16.8
04138 20240613  2.622 -112.54   41.62    33.5    14.1    23.8    25.9     0.0    30.19 C    57.7    12.8    31.8    39.8     4.5    18.2   0.107   0.171   0.192   0.346   0.441    24.3    22.8    21.3    19.2    17.2
04138 20240614  2.622 -112.54   41.62    32.2    16.0    24.1    25.6     0.0    25.19 C    59.7    13.1    31.9    38.9     6.7    19.2   0.105   0.171   0.197   0.346   0.442    25.0    23.4    21.9    19.6    17.3
04138 20240615  2.622 -112.54   41.62    28.3    14.6    21.4    21.5     0.0    25.34 C    49.4    12.4    26.3    43.2     5.4    20.7   0.100   0.169   0.202   0.332   0.433    23.2    22.5    21.9    19.8    17.9
04138 20240616  2.622 -112.54   41.62    24.2    11.4    17.8    17.5     0.0    29.91 C    54.0     8.4    26.9    32.9     9.2    16.9   0.098   0.167   0.187   0.339   0.439    22.6    21.7    21.2    19.8    18.0
04138 20240617  2.622 -112.54   41.62    18.0     2.7    10.4    11.4     0.0    19.22 C    45.1     0.0    16.7    49.3    26.0    34.2   0.095   0.165   0.192   0.339   0.441    20.0    20.4    20.6    19.7    18.0
04138 20240618  2.622 -112.54   41.62    18.1    -2.7     7.7     9.4     0.0    31.27 C    48.6    -4.3    18.6    58.4     7.9    27.7   0.094   0.162   0.187   0.335   0.438    18.2    18.4    18.8    18.9    17.8
04138 20240619  2.622 -112.54   41.62    24.9     5.1    15.0    15.8     0.0    30.44 C    54.5     0.4    23.3    27.1     3.1    12.8   0.095   0.163   0.187   0.346   0.432    19.5    18.9    18.7    18.4    17.4
04138 20240620  2.622 -112.54   41.62    29.3     9.3    19.3    21.1     0.0    25.85 C    55.7     6.6    27.1    34.5     5.8    14.7   0.096   0.164   0.188   0.339   0.434    21.2    20.2    19.2    18.5    17.3
04138 20240621  2.622 -112.54   41.62    31.8    14.2    23.0    22.9     0.0    24.24 C    59.7     9.4    27.9    32.2    10.2    21.6   0.095   0.165   0.189   0.343   0.429    22.2    21.1    19.9    18.6    17.4
04138 20240622  2.622 -112.54   41.62    33.2    13.3    23.2    24.8     0.0    29.90 C    57.6     9.5    30.0    42.1     5.8    21.2   0.095   0.165   0.198   0.339   0.429    23.2    21.8    20.5    19.0    17.6
04138 20240623  2.622 -112.54   41.62    35.6    13.6    24.6    26.6     0.0    30.13 C    57.9     9.7    31.3    46.8     3.6    17.4   0.095   0.166   0.191   0.347   0.434    24.2    22.8    21.2    19.5    17.9
04138 20240624  2.622 -112.54   41.62    34.5    15.2    24.8    26.5     0.0    29.66 C    57.8    11.5    31.8    45.0     5.4    17.9   0.094   0.166   0.192   0.352   0.433    24.7    23.3    21.8    19.9    18.3
04138 20240625  2.622 -112.54   41.62    34.9    15.2    25.1    26.3     0.0    25.28 C    62.0    11.5    31.4    29.4     5.1    15.4   0.093   0.164   0.191   0.333   0.435    24.8    23.4    22.1    20.2    18.6
04138 20240626  2.622 -112.54   41.62    32.4    19.1    25.7    26.0     0.0    21.42 C    59.3    18.0    31.6    53.2    13.5    26.6   0.092   0.165   0.193   0.352   0.433    25.5    23.9    22.6    20.7    18.8
04138 20240627  2.622 -112.54   41.62    30.4    15.8    23.1    22.8     0.8    25.54 C    52.1    14.1    27.8    72.6    13.9    36.5   0.091   0.163   0.195   0.347   0.440    24.5    23.6    22.6    20.9    19.2
04138 20240628  2.622 -112.54   41.62    27.8    10.3    19.1    20.2     0.0    29.61 C    57.6     6.8    28.0    36.8     8.0    18.4   0.090   0.163   0.193   0.341   0.440    23.5    22.8    22.1    20.8    19.2
04138 20240629  2.622 -112.54   41.62    32.9    12.6    22.8    24.8     0.0    29.62 C    56.1     8.1    30.1    30.3     4.4    16.0   0.089   0.162   0.194   0.342   0.442    24.0    22.9    22.0    20.8    19.2
04138 20240630  2.622 -112.54   41.62    34.3    15.5    24.9    26.4     0.0    30.61 C    57.2    11.2    31.8    40.6     1.6    17.2   0.089   0.163   0.198   0.351   0.438    25.4    24.0    22.7    21.0    19.3
04138 20240701  2.622 -112.54   41.62    28.3    11.7    20.0    21.1     0.4    26.00 C    55.4     9.4    27.7    62.8     6.7    28.4   0.088   0.163   0.199   0.355   0.438    24.6    23.8    23.0    21.3    19.6
04138 20240702  2.622 -112.54   41.62 -9999.0 -9999.0 -9999.0 -9999.0 -9999.0 -9999.00 U -9999.0 -9999.0 -9999.0 -9999.0 -9999.0 -9999.0 -99.000 -99.000 -99.000 -99.000 -99.000 -9999.0 -9999.0 -9999.0 -9999.0 -9999.0
