53878 20240101  2.622  -82.56   35.42     2.9    -2.7     0.1     0.2     0.0     7.79 C    10.6    -4.9    -0.1    91.7    59.5    73.1   0.268   0.281   0.298   0.290   0.390     4.4     5.0     5.8     7.5     9.4
53878 20240102  2.622  -82.56   35.42     8.7    -2.1     3.3     2.1     0.0    11.78 C    13.9    -5.0     1.6    80.9    38.5    58.8   0.266   0.279   0.296   0.287   0.389     4.0     4.4     5.2     7.2     9.3
53878 20240103  2.622  -82.56   35.42     6.7    -6.8    -0.1     1.1     0.0     5.57 C    10.7    -8.7     0.2    91.8    40.7    65.8   0.265   0.278   0.294   0.285   0.388     3.5     4.0     4.8     6.9     9.1
53878 20240104  2.622  -82.56   35.42     4.7    -3.5     0.6     0.8     0.0     9.22 C    13.7    -8.3    -0.2    83.3    47.8    65.6   0.263   0.275   0.293   0.282   0.388     3.7     4.2     4.8     6.6     9.0
53878 20240105  2.622  -82.56   35.42     5.6    -8.9    -1.6    -1.1     0.0    10.63 C    11.7   -10.9    -1.3    91.6    39.7    65.0   0.261   0.272   0.291   0.280   0.387     2.6     3.2     4.1     6.4     8.8
53878 20240106  2.622  -82.56   35.42    11.1    -0.1     5.5     4.1    24.2     6.98 C    13.0    -0.6     4.3    95.3    52.0    86.6   0.296   0.303   0.315   0.312   0.389     4.0     4.0     4.3     6.0     8.6
53878 20240107  2.622  -82.56   35.42     9.2    -0.5     4.3     3.7     0.0    10.50 C    16.8    -3.8     2.1    95.7    39.0    68.3   0.287   0.296   0.311   0.321   0.391     4.4     4.6     4.9     6.1     8.4
53878 20240108  2.622  -82.56   35.42     7.4    -4.4     1.5     2.2     0.5    10.98 C    13.0    -7.1     1.4    88.6    40.9    63.1   0.281   0.291   0.306   0.309   0.391     3.7     4.1     4.6     6.1     8.3
53878 20240109  2.622  -82.56   35.42    10.9     0.8     5.8     4.6   102.6     0.96 C    10.9     0.6     3.5    96.0    59.9    86.1   0.398   0.405   0.400   0.410   0.395     3.9     4.1     4.5     5.7     8.0
53878 20240110  2.622  -82.56   35.42     6.2    -3.6     1.3     2.2     0.0    10.59 C    12.0    -6.5     1.2    91.9    53.7    63.8   0.308   0.313   0.341   0.436   0.397     4.0     4.2     4.6     5.7     7.8
53878 20240111  2.622  -82.56   35.42 -9999.0 -9999.0 -9999.0 -9999.0     0.0 -9999.00 U -9999.0 -9999.0 -9999.0 -9999.0 -9999.0 -9999.0 -99.000 -99.000 -99.000 -99.000 -99.000 -9999.0 -9999.0 -9999.0 -9999.0 -9999.0
53878 20240112  2.622  -82.56   35.42     6.2    -4.0     1.1     1.9    21.2     1.85 C     7.4    -7.2     0.5    97.0    72.8    88.9   0.306   0.321   0.331   0.349   0.397     2.7     3.1     3.8     5.5     7.7
53878 20240113  2.622  -82.56   35.42     6.1    -4.4     0.8     1.6     0.0    11.71 C    11.6    -8.1     0.5    99.9    35.4    65.4   0.306   0.320   0.334   0.405   0.399     3.5     3.7     4.0     5.3     7.5
53878 20240114  2.622  -82.56   35.42    12.1    -7.5     2.3     1.3     0.0    11.44 C    17.5    -9.5     0.7    91.7    27.9    64.9   0.293   0.301   0.313   0.329   0.399     2.6     3.0     3.6     5.2     7.4
53878 20240115  2.622  -82.56   35.42     5.7    -0.4     2.7     2.6     0.0     1.96 C     7.9    -2.7     2.5    89.1    63.0    75.3   0.288   0.298   0.307   0.312   0.398     3.3     3.5     3.9     5.1     7.4
53878 20240116  2.622  -82.56   35.42     3.6   -11.0    -3.7    -3.6     0.8     5.63 C     2.7   -11.5    -2.8    94.4    61.4    78.5   0.287   0.296   0.305   0.302   0.396     3.3     3.7     4.1     5.2     7.3
53878 20240117  2.622  -82.56   35.42     1.1   -13.0    -6.0    -7.0     0.0    12.13 C     7.3   -13.4    -6.6    78.9    29.3    57.2   0.276   0.291   0.303   0.297   0.395     1.2     1.9     2.9     5.0     7.2
53878 20240118  2.622  -82.56   35.42     8.4   -10.8    -1.2    -1.0     0.0     8.58 C    13.7   -12.3    -1.5    89.5    11.1    48.2   0.265   0.289   0.301   0.294   0.394     0.7     1.2     2.2     4.5     7.1
53878 20240119  2.622  -82.56   35.42     2.6    -7.9    -2.7    -0.9     0.0     4.66 C     6.4    -9.0    -1.1    85.7    51.8    71.4   0.264   0.286   0.299   0.291   0.393     1.0     1.4     2.1     4.2     6.9
53878 20240120  2.622  -82.56   35.42    -6.3   -12.4    -9.3    -9.8     0.0    12.33 C     2.5   -13.8    -8.5    77.1    44.8    63.1   0.263   0.285   0.298   0.289   0.392     0.8     1.3     2.0     4.0     6.8
53878 20240121  2.622  -82.56   35.42     3.8   -11.5    -3.9    -5.5     0.0    12.28 C    11.2   -13.4    -5.5    64.4    20.9    47.4 -99.000   0.279   0.296   0.286   0.392     0.2     0.7     1.6     3.8     6.6
53878 20240122  2.622  -82.56   35.42     9.7   -10.0    -0.1    -0.4     0.0    11.92 C    15.7   -11.8    -1.4    83.5    10.4    58.2 -99.000   0.276   0.295   0.284   0.391     0.0     0.5     1.3     3.5     6.4
53878 20240123  2.622  -82.56   35.42     8.3    -1.8     3.2     4.4     3.1     1.62 C    10.9    -3.7     4.0    97.2    51.7    83.4 -99.000   0.274   0.293   0.282   0.390     0.5     0.7     1.4     3.3     6.3
53878 20240124  2.622  -82.56   35.42    12.9     5.4     9.1    10.0     6.6     2.46 C    13.3     4.9     9.4    97.8    93.2    95.9   0.288   0.302   0.300   0.280   0.389     3.2     2.7     2.6     3.4     6.1
53878 20240125  2.622  -82.56   35.42    17.7    11.9    14.8    14.7    39.9     0.94 C    16.5    10.9    13.4    97.6    84.4    94.8   0.340   0.362   0.359   0.357   0.390     7.5     6.7     5.5     4.3     6.0
53878 20240126  2.622  -82.56   35.42    21.2     9.7    15.4    14.6     0.0     8.77 C    25.7     5.8    13.4    97.8    50.6    83.0   0.314   0.333   0.349   0.431   0.396     9.6     8.8     7.7     5.7     6.1
53878 20240127  2.622  -82.56   35.42    11.8     5.2     8.5     9.4    34.6     1.12 C    13.0     3.4     8.7    97.7    88.3    95.0   0.324   0.341   0.344   0.394   0.397     8.5     8.3     7.9     6.6     6.5
53878 20240128  2.622  -82.56   35.42    13.0     4.0     8.5     7.5     1.2     9.21 C    18.7     2.0     7.6    94.8    51.9    72.5   0.343   0.356   0.369   0.432   0.399     8.4     8.3     8.0     7.1     6.8
53878 20240129  2.622  -82.56   35.42     7.8    -0.3     3.8     3.8     0.2    12.73 C    15.8    -4.0     4.2    86.6    54.6    71.7   0.301   0.314   0.321   0.366   0.399     6.8     7.0     7.2     7.2     7.1
53878 20240130  2.622  -82.56   35.42    10.9    -5.1     2.9     3.1     0.2    12.47 C    18.7    -7.6     3.4    96.0    40.8    70.9   0.294   0.306   0.313   0.321   0.398     5.3     5.6     6.1     6.9     7.3
53878 20240131  2.622  -82.56   35.42     6.7     0.8     3.7     3.7     0.8     8.58 C    13.0    -3.6     3.4    92.4    55.1    71.7   0.294   0.306   0.310   0.309   0.397     5.7     5.9     6.1     6.7     7.3
53878 20240201  2.622  -82.56   35.42    14.9    -4.6     5.1     4.4     0.0    13.88 C    21.7    -7.1     3.2    94.6    28.5    63.1   0.290   0.300   0.308   0.301   0.396     4.9     5.1     5.5     6.5     7.4
53878 20240202  2.622  -82.56   35.42    17.9    -1.2     8.4     7.6     0.0    12.46 C    25.1    -3.8     6.4    87.9    36.5    62.3   0.287   0.298   0.306   0.297   0.395     5.7     5.6     5.7     6.3     7.3
53878 20240203  2.622  -82.56   35.42    12.3    -2.2     5.0     3.9     0.0    14.00 C    21.6    -5.3     3.6    95.3    35.9    70.4   0.283   0.294   0.303   0.294   0.393     5.6     5.7     5.9     6.4     7.3
53878 20240204  2.622  -82.56   35.42    10.1    -4.7     2.7     2.7     0.0     9.21 C    16.6    -7.1     1.9    94.4    30.2    65.0   0.279   0.292   0.301   0.291   0.392     4.7     5.1     5.5     6.4     7.3
53878 20240205  2.622  -82.56   35.42    16.2    -0.3     7.9     6.7     0.0    13.15 C    24.1    -4.4     5.5    79.4    20.1    49.0   0.277   0.289   0.300   0.289   0.392     5.3     5.3     5.5     6.2     7.3
53878 20240206  2.622  -82.56   35.42    15.4    -4.7     5.3     4.8     0.0    14.58 C    23.5    -7.3     3.4    92.0    22.6    57.8   0.273   0.287   0.299   0.287   0.391     5.0     5.2     5.5     6.2     7.3
53878 20240207  2.622  -82.56   35.42    15.5    -5.5     5.0     3.4     0.0    14.84 C    23.6    -8.6     2.9    92.1    20.7    60.7   0.270   0.285   0.297   0.284   0.390     4.8     5.0     5.3     6.2     7.3
53878 20240208  2.622  -82.56   35.42    14.0    -4.6     4.7     4.4     0.0    10.29 C    23.4    -7.3     3.9    91.6    27.1    59.7   0.268   0.281   0.296   0.283   0.390     4.8     4.9     5.2     6.1     7.3
53878 20240209  2.622  -82.56   35.42    14.2     3.1     8.7     8.5     0.0     3.05 C    15.8     1.6     7.6    77.7    43.6    61.8   0.265   0.284   0.295   0.281   0.389     5.8     5.7     5.7     6.1     7.3
53878 20240210  2.622  -82.56   35.42    21.6     4.0    12.8    12.1     0.6     7.48 C    29.5     2.1    11.8    93.8    46.5    75.4   0.263   0.283   0.294   0.279   0.388     7.6     7.2     6.7     6.4     7.2
53878 20240211  2.622  -82.56   35.42    14.7    10.7    12.7    12.5     7.4     3.72 C    18.1     9.9    12.2    96.0    77.0    88.1   0.287   0.295   0.294   0.278   0.387     9.4     8.9     8.1     7.0     7.3
53878 20240212  2.622  -82.56   35.42    13.4     9.8    11.6    11.8    17.4     0.90 C    13.3     7.6    11.1    95.2    82.8    90.7   0.307   0.314   0.307   0.277   0.387     9.6     9.4     8.8     7.7     7.5
53878 20240213  2.622  -82.56   35.42    10.6     1.5     6.0     5.8     0.0    15.89 C    17.3    -3.3     5.4    95.0    34.5    56.3   0.310   0.320   0.324   0.319   0.388     8.4     8.6     8.6     8.1     7.7
53878 20240214  2.622  -82.56   35.42    15.1    -3.0     6.1     5.4     0.0    15.63 C    24.1    -5.4     4.9    88.8    28.3    57.7   0.298   0.308   0.314   0.310   0.388     6.8     7.0     7.3     7.9     7.9
53878 20240215  2.622  -82.56   35.42    18.7    -3.6     7.5     7.1     0.0    15.68 C    27.3    -5.7     6.5    94.1    18.0    59.8   0.292   0.302   0.310   0.303   0.388     6.7     6.8     7.0     7.6     8.0
53878 20240216  2.622  -82.56   35.42    15.9     1.7     8.8     9.8     0.0     8.94 C    24.1    -0.7     8.7    90.4    38.7    64.0   0.287   0.301   0.308   0.298   0.388     7.6     7.5     7.4     7.5     8.0
53878 20240217  2.622  -82.56   35.42    11.3    -2.8     4.3     1.9     0.0     8.97 C    11.3    -4.2     3.0    81.2    52.2    64.3   0.283   0.297   0.306   0.294   0.388     7.0     7.3     7.5     7.7     8.0
53878 20240218  2.622  -82.56   35.42     9.1    -4.4     2.3     0.9     0.0    12.97 C    19.3    -5.7     1.6    66.5    25.7    46.7   0.279   0.294   0.304   0.291   0.388     5.0     5.4     6.0     7.4     8.1
53878 20240219  2.622  -82.56   35.42    13.9    -2.9     5.5     4.8     0.0    16.80 C    24.6    -6.7     3.8    72.4    14.4    35.5   0.275   0.291   0.302   0.288   0.387     5.1     5.3     5.7     7.0     8.0
53878 20240220  2.622  -82.56   35.42    13.8    -6.4     3.7     3.1     0.0    16.35 C    27.5    -9.0     3.1    88.3    20.9    55.6   0.271   0.288   0.300   0.286   0.387     5.1     5.3     5.7     6.7     7.9
53878 20240221  2.622  -82.56   35.42    14.1    -5.0     4.6     4.4     0.0    16.26 C    25.2    -7.7     4.4    89.4    30.2    58.7   0.267   0.284   0.299   0.283   0.386     5.4     5.5     5.8     6.6     7.8
53878 20240222  2.622  -82.56   35.42    17.7    -2.1     7.8     9.0     0.0    12.38 C    25.0    -4.4     8.3    88.3    29.1    54.4   0.263   0.281   0.297   0.281   0.386     6.3     6.2     6.2     6.6     7.8
53878 20240223  2.622  -82.56   35.42    14.4     5.7    10.0    10.2     2.8    11.37 C    24.1     0.9     9.4    96.5    34.3    66.6   0.261   0.278   0.296   0.280   0.385     8.2     7.9     7.4     7.0     7.8
53878 20240224  2.622  -82.56   35.42    11.7    -0.4     5.7     4.6     0.0     9.80 C    24.7    -3.7     4.3    79.9    37.8    58.0   0.260   0.275   0.295   0.278   0.385     6.8     7.0     7.2     7.4     7.8
53878 20240225  2.622  -82.56   35.42    15.1    -5.7     4.7     4.9     0.0    16.97 C    25.5    -8.7     5.9    86.4    20.8    50.5   0.258   0.272   0.293   0.277   0.385     6.2     6.3     6.5     7.3     7.9
53878 20240226  2.622  -82.56   35.42    20.8    -0.1    10.3     9.8     0.0    16.42 C    31.6    -2.3     9.6    81.5    25.8    51.8   0.255   0.267   0.292   0.275   0.385     7.6     7.4     7.1     7.2     7.9
53878 20240227  2.622  -82.56   35.42    16.0     9.7    12.8    13.0     0.0     3.06 C    19.2     2.9    11.2    90.4    38.8    70.8   0.251   0.265   0.290   0.273   0.385     8.3     8.1     7.8     7.5     7.9
53878 20240228  2.622  -82.56   35.42    19.6     0.7    10.2    12.4     5.8     5.84 C    23.5    -1.7    11.5    91.5    33.9    69.7   0.257   0.265   0.289   0.272   0.384    10.2     9.9     9.1     8.0     8.0
53878 20240229  2.622  -82.56   35.42     9.8    -1.5     4.1     3.9     0.0    13.42 C    18.5    -3.5     4.7    58.7    18.4    37.5   0.270   0.271   0.286   0.271   0.384     7.4     7.8     8.1     8.3     8.1
53878 20240301  2.622  -82.56   35.42     4.7     1.5     3.1     3.3    41.5     1.11 C     4.8     0.5     3.5    95.9    45.3    79.8   0.300   0.305   0.319   0.325   0.385     6.2     6.6     7.1     8.0     8.3
53878 20240302  2.622  -82.56   35.42    19.2     4.6    11.9    10.1     0.7    14.43 C    30.3     4.8    11.9    97.2    56.2    85.5   0.309   0.319   0.328   0.412   0.392     8.2     7.6     7.2     7.6     8.2
53878 20240303  2.622  -82.56   35.42    19.0     4.6    11.8    10.9     0.0    16.22 C    29.9     2.3    12.3    97.7    50.7    82.2   0.298   0.309   0.316   0.331   0.393    10.1     9.6     8.9     8.0     8.2
53878 20240304  2.622  -82.56   35.42    20.3     3.8    12.1    12.0     0.0    17.21 C    32.0     1.7    14.2    98.2    50.4    76.7   0.292   0.305   0.311   0.315   0.393    10.9    10.4     9.6     8.6     8.3
53878 20240305  2.622  -82.56   35.42    19.8     6.6    13.2    14.2     1.9    11.77 C    28.6     4.2    14.6    93.9    46.1    70.7   0.285   0.302   0.308   0.305   0.392    12.0    11.5    10.7     9.2     8.5
53878 20240306  2.622  -82.56   35.42    12.9     9.7    11.3    11.3    30.8     3.13 C    16.5     8.6    11.8    96.2    89.6    93.4   0.327   0.343   0.355   0.385   0.394    11.7    11.5    11.0     9.7     8.8
53878 20240307  2.622  -82.56   35.42    21.2     9.6    15.4    14.8     0.0    16.89 C    30.6     5.7    15.3    90.6    36.3    68.5   0.314   0.327   0.329   0.394   0.396    12.3    11.9    11.2    10.0     9.0
53878 20240308  2.622  -82.56   35.42    15.1     9.7    12.4    12.1     6.0     3.68 C    21.1     7.6    11.9    92.3    72.3    85.4   0.306   0.317   0.318   0.328   0.396    12.1    11.9    11.5    10.4     9.3
53878 20240309  2.622  -82.56   35.42    16.1     7.4    11.7    11.3    19.2     6.66 C    24.1     6.2    12.2    95.1    74.0    88.1   0.336   0.367   0.356   0.410   0.397    12.0    11.7    11.3    10.5     9.5
53878 20240310  2.622  -82.56   35.42    10.3     2.1     6.2     5.9     0.0    20.43 C    23.0    -1.0     7.6    84.6    22.7    48.5   0.313   0.327   0.324   0.370   0.398    10.6    10.8    10.9    10.6     9.7
53878 20240311  2.622  -82.56   35.42    15.7     0.9     8.3     7.0     0.0    19.37 C    26.5    -2.4     7.2    63.4    15.7    30.2   0.303   0.316   0.315   0.320   0.397     8.9     9.1     9.5    10.2     9.8
53878 20240312  2.622  -82.56   35.42    19.6    -3.2     8.2     8.2     0.0    20.20 C    30.5    -5.3     9.1    83.1    14.1    48.0   0.294   0.311   0.311   0.307   0.396     9.1     9.0     9.2     9.8     9.8
53878 20240313  2.622  -82.56   35.42    21.8    -0.8    10.5    10.8     0.0    19.92 C    33.2    -2.3    11.5    87.4    20.1    53.7   0.285   0.303   0.308   0.301   0.395    10.2     9.9     9.7     9.7     9.8
53878 20240314  2.622  -82.56   35.42    24.8     1.5    13.1    13.7     0.0    19.36 C    35.0    -0.1    14.2    93.3    22.9    59.0   0.274   0.297   0.306   0.297   0.395    11.2    10.8    10.4     9.9     9.8
53878 20240315  2.622  -82.56   35.42    18.7    10.1    14.4    14.1    14.5     5.62 C    23.9     7.4    13.4    95.4    58.8    82.5   0.296   0.312   0.317   0.296   0.393    12.2    11.9    11.4    10.3     9.8
53878 20240316  2.622  -82.56   35.42    21.4    10.7    16.0    14.9     0.0    19.17 C    32.2     7.2    16.2    94.6    39.1    68.0   0.306   0.319   0.319   0.303   0.392    13.3    12.7    12.0    10.8    10.0
53878 20240317  2.622  -82.56   35.42    19.7     9.2    14.4    13.7     0.0    14.67 C    32.1     4.4    14.2    74.6    37.0    53.7   0.296   0.312   0.314   0.301   0.392    13.2    12.9    12.4    11.2    10.1
53878 20240318  2.622  -82.56   35.42    11.0    -1.1     5.0     5.2     0.0    14.29 C    25.5    -3.1     6.8    48.0    26.0    39.7   0.288   0.307   0.310   0.297   0.391    11.1    11.4    11.7    11.4    10.3
53878 20240319  2.622  -82.56   35.42    15.1    -3.8     5.7     4.3     0.0    21.46 C    26.7    -6.3     6.6    61.0    14.9    39.3   0.280   0.302   0.307   0.294   0.390     9.3     9.6    10.0    10.9    10.4
53878 20240320  2.622  -82.56   35.42    20.5    -0.4    10.1    10.5     0.0    21.28 C    32.1    -2.4    10.9    69.1    17.3    37.3   0.270   0.295   0.304   0.290   0.390    10.1    10.0    10.0    10.5    10.5
53878 20240321  2.622  -82.56   35.42    20.3     1.0    10.6    10.7     0.0    19.98 C    33.0    -1.5    11.4    85.7    20.8    49.1   0.258   0.285   0.301   0.287   0.389    10.9    10.6    10.5    10.5    10.4
53878 20240322  2.622  -82.56   35.42    15.3     4.2     9.7     9.0    24.6     7.87 C    27.0     2.5    10.2    94.8    61.5    81.4   0.260   0.288   0.301   0.285   0.389    10.9    10.8    10.8    10.6    10.4
53878 20240323  2.622  -82.56   35.42    14.4     3.2     8.8     9.4     4.2     8.65 C    22.3     0.5     9.9    95.8    57.0    75.7   0.319   0.335   0.329   0.323   0.390    11.1    11.0    10.9    10.7    10.4
53878 20240324  2.622  -82.56   35.42    14.8    -0.1     7.3     7.4     0.0    21.49 C    27.0    -2.0     9.4    77.5    17.8    45.5   0.304   0.321   0.320   0.315   0.389    10.2    10.1    10.2    10.6    10.5
53878 20240325  2.622  -82.56   35.42    12.8     1.0     6.9     7.5     0.0    16.10 C    23.7    -1.3     9.0    64.6    23.3    44.0   0.295   0.315   0.315   0.309   0.390     9.9     9.9    10.0    10.5    10.5
53878 20240326  2.622  -82.56   35.42     9.8     6.2     8.0     7.5    15.8     1.67 C    12.0     7.0     8.1    95.9    60.7    88.4   0.309   0.326   0.319   0.303   0.389     9.7     9.8     9.9    10.3    10.5
53878 20240327  2.622  -82.56   35.42    20.1     7.7    13.9    12.8     0.6    17.09 C    31.4     6.0    14.1    96.5    42.8    70.1   0.321   0.334   0.330   0.323   0.390    11.6    10.9    10.4    10.2    10.4
53878 20240328  2.622  -82.56   35.42    14.2     5.6     9.9    10.0     0.0    20.65 C    27.3     0.3    10.9    66.8    26.8    43.8   0.305   0.322   0.321   0.317   0.390    11.7    11.5    11.2    10.6    10.4
53878 20240329  2.622  -82.56   35.42    19.3    -2.4     8.4     8.8     0.0    23.04 C    30.5    -3.6    10.2    86.5    17.2    47.6   0.294   0.315   0.316   0.309   0.390    10.9    10.8    10.7    10.8    10.5
53878 20240330  2.622  -82.56   35.42    24.1     0.3    12.2    12.1     0.0    22.11 C    34.5    -0.3    13.2    88.5    16.0    50.5   0.283   0.307   0.312   0.303   0.390    11.6    11.3    11.0    10.8    10.5
53878 20240331  2.622  -82.56   35.42    25.4     5.1    15.2    16.2     0.0    19.32 C    37.2     2.9    16.4    85.1    32.7    56.8   0.270   0.295   0.308   0.298   0.389    13.1    12.5    11.9    11.0    10.6
53878 20240401  2.622  -82.56   35.42    25.3     8.3    16.8    17.0     0.0    13.90 C    35.8     6.9    17.4    93.9    43.3    71.0   0.256   0.285   0.305   0.295   0.388    14.2    13.7    12.9    11.5    10.7
53878 20240402  2.622  -82.56   35.42    27.9    14.7    21.3    20.5     0.0    15.76 C    38.5    13.1    20.6    89.1    32.3    65.4   0.242   0.272   0.301   0.291   0.388    15.8    15.1    14.1    12.1    10.9
53878 20240403  2.622  -82.56   35.42    19.3     4.4    11.8    13.4    10.5    20.50 C    29.4     3.9    15.3    95.9    21.8    62.0   0.277   0.279   0.298   0.288   0.388    15.8    15.5    14.7    12.8    11.1
53878 20240404  2.622  -82.56   35.42    10.0     4.3     7.1     6.5     0.0     7.81 C    20.8     2.2     7.5    72.2    43.5    50.1   0.272   0.270   0.294   0.285   0.387    12.3    12.9    13.1    13.0    11.4
53878 20240405  2.622  -82.56   35.42     9.5     1.1     5.3     5.1     0.0    20.24 C    22.8     0.6     8.8    83.0    47.8    63.2   0.263   0.266   0.292   0.282   0.387    11.6    11.8    11.8    12.4    11.5
53878 20240406  2.622  -82.56   35.42    13.6     1.8     7.7     7.3     0.0    24.55 C    27.2    -0.3    10.1    75.3    33.1    50.3   0.251   0.253   0.290   0.280   0.387    11.6    11.8    11.5    12.0    11.5
53878 20240407  2.622  -82.56   35.42    19.1    -1.8     8.7     9.5     0.0    22.83 C    31.6    -3.0    11.8    92.8    29.8    57.1   0.238   0.244   0.285   0.277   0.386    11.8    11.9    11.5    11.8    11.5
53878 20240408  2.622  -82.56   35.42    22.5     4.9    13.7    14.6     0.0    13.65 C    34.2     3.3    14.1    81.2    34.5    55.6   0.224   0.230   0.282   0.275   0.386    12.8    12.6    12.2    11.8    11.5
53878 20240409  2.622  -82.56   35.42    15.7    11.9    13.8    13.4    11.5     3.41 C    16.5     9.4    12.9    93.4    62.3    78.6   0.241   0.255   0.280   0.273   0.386    13.0    12.9    12.6    12.1    11.5
53878 20240410  2.622  -82.56   35.42    18.5    11.5    15.0    14.8     1.7     6.08 C    25.3     9.4    15.0    94.2    73.1    85.2   0.275   0.280   0.279   0.272   0.385    13.4    13.1    12.7    12.2    11.6
53878 20240411  2.622  -82.56   35.42    20.2    11.0    15.6    16.1    11.6     4.65 C    24.0     9.4    15.5    94.1    59.1    83.5   0.297   0.316   0.285   0.271   0.384    14.5    14.1    13.5    12.4    11.7
53878 20240412  2.622  -82.56   35.42    16.4     7.1    11.8    11.6     0.9    20.34 C    29.1     6.5    13.2    76.2    30.8    49.5   0.312   0.327   0.303   0.270   0.385    14.0    14.1    13.6    12.8    11.7
53878 20240413  2.622  -82.56   35.42    20.4     5.9    13.2    14.1     0.0    25.45 C    33.4     3.9    15.5    69.0    17.7    34.0   0.306   0.318   0.307   0.271   0.384    13.9    13.9    13.3    12.8    11.9
53878 20240414  2.622  -82.56   35.42    27.5     2.6    15.1    14.8     0.0    20.10 C    38.6     1.9    16.3    91.4    15.3    51.8   0.299   0.316   0.306   0.272   0.384    14.2    14.1    13.5    12.9    12.0
53878 20240415  2.622  -82.56   35.42    28.1     7.6    17.8    18.7     2.7    20.57 C    42.2     6.1    20.0    94.4    29.1    57.3   0.294   0.307   0.305   0.272   0.384    15.9    15.3    14.4    13.2    12.1
53878 20240416  2.622  -82.56   35.42    26.8     9.5    18.2    18.0     0.0    15.14 C    39.3     8.8    18.9    97.1    42.6    73.1   0.293   0.307   0.304   0.272   0.383    16.5    16.1    15.3    13.7    12.2
53878 20240417  2.622  -82.56   35.42    23.0    11.4    17.2    18.6     0.0     8.72 C    30.7     9.2    17.6    87.9    37.8    59.5   0.290   0.303   0.303   0.272   0.383    16.5    16.2    15.7    14.1    12.4
53878 20240418  2.622  -82.56   35.42    28.6     8.1    18.3    19.1     0.0    24.49 C    42.6     6.7    21.6    95.4    20.6    59.7   0.287   0.307   0.302   0.271   0.383    17.0    16.4    15.6    14.3    12.6
53878 20240419  2.622  -82.56   35.42    25.3    11.3    18.3    18.5     7.9    15.96 C    34.3     9.9    19.8    93.4    45.8    74.1   0.306   0.325   0.307   0.271   0.383    18.1    17.5    16.6    14.7    12.8
53878 20240420  2.622  -82.56   35.42    20.3    12.9    16.6    16.3     0.0    19.83 C    36.6    10.9    19.0    88.5    49.2    71.0   0.310   0.326   0.311   0.271   0.383    18.3    17.8    17.1    15.2    13.1
53878 20240421  2.622  -82.56   35.42    13.4     4.0     8.7     8.4    12.9     6.51 C    15.9     4.1     9.8    92.8    44.7    75.4   0.327   0.338   0.324   0.273   0.382    15.1    15.6    15.8    15.4    13.3
53878 20240422  2.622  -82.56   35.42    15.7     2.1     8.9     8.8     0.0    26.51 C    30.2     1.3    12.1    82.0    16.9    47.2   0.318   0.333   0.323   0.293   0.382    14.0    14.3    14.1    14.7    13.5
53878 20240423  2.622  -82.56   35.42    20.9    -0.7    10.1    11.1     0.0    25.61 C    37.4    -0.5    14.8    93.9    22.7    56.7   0.310   0.329   0.318   0.293   0.382    14.4    14.4    14.0    14.3    13.4
53878 20240424  2.622  -82.56   35.42    19.6     5.0    12.3    12.8     0.0    21.70 C    37.7     4.5    15.7    90.2    37.2    63.9   0.304   0.325   0.316   0.291   0.383    15.2    15.1    14.5    14.2    13.4
53878 20240425  2.622  -82.56   35.42    22.2     3.0    12.6    13.2     0.0    25.44 C    39.7     2.1    17.4    96.0    28.4    61.6   0.299   0.322   0.314   0.289   0.383    15.9    15.6    14.9    14.3    13.4
53878 20240426  2.622  -82.56   35.42    13.2     7.0    10.1    11.4     1.6     4.01 C    16.9     6.3    12.3    90.4    73.8    86.7   0.293   0.317   0.311   0.286   0.382    14.9    15.1    15.0    14.5    13.5
53878 20240427  2.622  -82.56   35.42    21.8    11.2    16.5    16.0     0.0    19.74 C    36.7    10.2    19.2    91.6    37.1    71.2   0.293   0.316   0.310   0.285   0.382    16.5    15.9    15.1    14.4    13.5
53878 20240428  2.622  -82.56   35.42    22.4    13.5    17.9    17.9     0.0    24.57 C    38.2    11.7    21.3    89.3    46.1    66.9   0.291   0.314   0.308   0.283   0.382    18.3    17.6    16.5    14.8    13.6
53878 20240429  2.622  -82.56   35.42    24.4    11.8    18.1    17.7     0.0    26.23 C    40.3    10.1    21.3    91.3    28.2    64.7   0.287   0.313   0.308   0.281   0.382    18.8    18.2    17.2    15.4    13.7
53878 20240430  2.622  -82.56   35.42    22.6    10.4    16.5    15.3    25.0     9.35 C    34.7    10.0    16.5    96.6    51.5    85.3   0.302   0.323   0.316   0.291   0.382    17.7    17.6    17.2    15.8    13.9
53878 20240501  2.622  -82.56   35.42    25.6     8.6    17.1    16.8     0.0    26.61 C    39.4     8.3    20.5    97.6    27.5    70.3   0.320   0.335   0.325   0.318   0.383    18.4    17.9    17.1    15.9    14.1
53878 20240502  2.622  -82.56   35.42    26.6     8.4    17.5    17.9     0.0    25.55 C    41.6     8.1    21.9    96.5    35.3    66.8   0.308   0.328   0.319   0.310   0.385    19.3    18.7    17.8    16.2    14.3
53878 20240503  2.622  -82.56   35.42    22.4    10.9    16.6    17.3     0.3     8.30 C    30.3    10.9    18.6    95.0    61.4    79.8   0.301   0.324   0.316   0.303   0.385    18.4    18.3    17.9    16.5    14.5
53878 20240504  2.622  -82.56   35.42    23.9    15.3    19.6    18.1     9.4    11.36 C    39.2    14.9    20.1    95.7    59.7    88.7   0.302   0.323   0.314   0.298   0.385    19.0    18.7    18.0    16.6    14.7
53878 20240505  2.622  -82.56   35.42    25.4    15.6    20.5    18.6     0.5    16.61 C    39.4    15.2    21.6    96.2    54.8    85.0   0.324   0.337   0.328   0.298   0.385    19.9    19.4    18.5    16.8    14.8
53878 20240506  2.622  -82.56   35.42    23.0    13.7    18.4    17.9     9.4    10.69 C    33.5    13.5    19.9    95.9    66.1    87.3   0.317   0.329   0.322   0.302   0.384    19.8    19.5    18.9    17.2    15.0
53878 20240507  2.622  -82.56   35.42    27.3    13.0    20.1    19.7     0.4    18.44 C    41.0    12.9    22.1    96.7    55.4    79.7   0.329   0.334   0.329   0.319   0.385    20.1    19.8    18.9    17.4    15.2
53878 20240508  2.622  -82.56   35.42    27.2    16.1    21.6    19.8    11.3    15.22 C    40.9    16.0    22.0    94.2    47.5    81.1   0.323   0.329   0.323   0.314   0.385    20.5    20.3    19.5    17.7    15.4
53878 20240509  2.622  -82.56   35.42    25.8    12.8    19.3    17.6    25.7    12.26 C    31.7    12.5    18.6    95.7    43.0    82.0   0.347   0.356   0.351   0.418   0.393    19.4    19.5    19.1    18.0    15.7
53878 20240510  2.622  -82.56   35.42    24.0    10.4    17.2    17.5     0.0    20.47 C    36.6     9.2    19.4    82.3    39.6    62.2   0.321   0.334   0.325   0.332   0.396    19.3    19.4    18.9    17.9    16.0
53878 20240511  2.622  -82.56   35.42    21.6     6.4    14.0    14.4     0.0    24.45 C    35.1     6.0    17.9    95.1    34.6    64.2   0.309   0.329   0.318   0.311   0.395    18.4    18.6    18.2    17.8    16.1
53878 20240512  2.622  -82.56   35.42    22.4     6.4    14.4    15.2     0.0    26.59 C    35.9     6.1    18.7    94.4    31.5    62.2   0.301   0.328   0.316   0.305   0.395    18.7    18.7    18.2    17.6    16.1
53878 20240513  2.622  -82.56   35.42    18.1     8.0    13.0    13.5     0.4     7.49 C    23.6     8.2    14.9    95.5    52.9    77.8   0.295   0.322   0.313   0.302   0.394    17.3    17.8    17.8    17.6    16.2
53878 20240514  2.622  -82.56   35.42    19.5    13.1    16.3    15.8     6.8     6.82 C    24.0    13.9    16.9    95.6    81.6    92.1   0.307   0.321   0.311   0.298   0.393    17.4    17.5    17.3    17.2    16.2
53878 20240515  2.622  -82.56   35.42    22.6    14.1    18.4    17.3    12.4    14.88 C    35.5    13.3    19.1    96.3    62.6    87.1   0.338   0.342   0.331   0.310   0.392    18.7    18.5    17.9    17.1    16.1
53878 20240516  2.622  -82.56   35.42    24.2    12.2    18.2    17.9     0.0    21.47 C    34.0    12.0    20.1    96.4    49.7    77.1   0.327   0.336   0.326   0.320   0.392    19.4    19.1    18.5    17.4    16.1
53878 20240517  2.622  -82.56   35.42    21.7    11.2    16.5    16.6     1.1     7.25 C    25.9    11.3    17.6    96.0    70.0    87.9   0.320   0.329   0.321   0.314   0.392    18.6    18.7    18.4    17.6    16.2
53878 20240518  2.622  -82.56   35.42    24.8    15.5    20.1    18.7    18.9    15.71 C    32.3    15.2    20.9    95.6    60.4    84.8   0.326   0.335   0.327   0.330   0.392    19.8    19.5    18.9    17.7    16.3
53878 20240519  2.622  -82.56   35.42    23.6    15.2    19.4    18.3     6.9    16.29 C    32.6    15.5    20.3    96.6    53.9    85.4   0.341   0.345   0.336   0.337   0.396    20.3    20.1    19.4    18.0    16.4
53878 20240520  2.622  -82.56   35.42    26.5    13.7    20.1    19.0     0.6    21.91 C    37.4    15.0    22.4    97.2    46.8    81.0   0.328   0.336   0.328   0.325   0.396    21.4    21.0    20.0    18.3    16.5
53878 20240521  2.622  -82.56   35.42    26.6    14.2    20.4    20.4     0.0    22.84 C    39.5    14.0    23.3    96.0    48.2    76.7   0.320   0.328   0.322   0.315   0.396    22.2    21.8    20.8    18.8    16.7
53878 20240522  2.622  -82.56   35.42    27.6    13.8    20.7    20.7     0.0    24.41 C    39.9    13.9    23.9    96.7    43.7    72.2   0.312   0.324   0.319   0.307   0.395    22.3    22.0    21.1    19.2    16.9
53878 20240523  2.622  -82.56   35.42    26.2    14.8    20.5    19.1    11.4    15.00 C    39.5    14.6    21.4    95.7    46.8    84.1   0.320   0.322   0.318   0.303   0.395    21.8    21.8    21.1    19.4    17.1
53878 20240524  2.622  -82.56   35.42    27.4    16.0    21.7    20.8     4.1    22.83 C    38.2    16.1    23.9    96.3    50.2    78.6   0.338   0.332   0.336   0.317   0.394    22.4    22.0    21.2    19.6    17.3
53878 20240525  2.622  -82.56   35.42    25.3    15.9    20.6    19.9     0.0    15.92 C    33.9    15.4    21.9    95.8    53.9    79.6   0.323   0.322   0.325   0.315   0.394    22.2    21.9    21.4    19.8    17.5
53878 20240526  2.622  -82.56   35.42    27.7    13.5    20.6    19.9     0.0    17.89 C    39.9    13.5    22.6    96.6    49.8    80.8   0.316   0.323   0.321   0.309   0.393    22.0    21.8    21.2    19.9    17.7
53878 20240527  2.622  -82.56   35.42    27.2    15.2    21.2    20.0    10.9    19.77 C    37.2    15.3    21.8    95.6    39.9    76.0   0.332   0.332   0.331   0.312   0.393    21.9    21.7    21.2    19.9    17.8
53878 20240528  2.622  -82.56   35.42    25.6    13.1    19.4    19.4     0.0    27.13 C    38.5    13.5    22.6    94.8    36.3    65.8   0.324   0.327   0.326   0.317   0.392    22.1    21.9    21.3    20.0    17.9
53878 20240529  2.622  -82.56   35.42    25.1    11.3    18.2    18.7     0.0    27.01 C    41.0    11.0    22.2    90.4    29.6    56.3   0.314   0.323   0.321   0.309   0.393    22.0    21.8    21.2    20.1    18.0
53878 20240530  2.622  -82.56   35.42    23.1    11.2    17.1    17.3     0.0    26.79 C    39.4    10.6    21.4    87.8    33.1    56.4   0.305   0.322   0.317   0.304   0.392    21.6    21.3    21.0    20.1    18.1
53878 20240531  2.622  -82.56   35.42    21.4     8.1    14.8    15.4     0.0    21.11 C    33.0     8.7    19.3    95.5    55.0    74.6   0.296   0.318   0.314   0.300   0.392    20.6    20.6    20.6    20.0    18.2
53878 20240601  2.622  -82.56   35.42    22.1     8.7    15.4    16.0     0.0    22.35 C    38.1     8.9    20.4    96.3    33.9    66.0   0.288   0.314   0.310   0.296   0.391    20.3    20.1    20.0    19.7    18.2
53878 20240602  2.622  -82.56   35.42    21.1    14.8    17.9    17.4     3.9     6.88 C    23.7    14.8    18.2    95.7    66.8    84.7   0.283   0.310   0.307   0.293   0.391    19.7    19.6    19.9    19.6    18.2
53878 20240603  2.622  -82.56   35.42    25.2    13.9    19.6    19.2    10.3    18.50 C    35.9    13.8    21.9    96.6    53.4    85.1   0.309   0.319   0.309   0.290   0.390    21.0    20.4    20.0    19.3    18.2
53878 20240604  2.622  -82.56   35.42    26.4    16.5    21.5    20.8     0.0    18.58 C    36.7    16.6    23.1    96.7    55.1    81.2   0.326   0.332   0.316   0.290   0.389    22.3    21.8    21.1    19.6    18.2
53878 20240605  2.622  -82.56   35.42    25.3    19.0    22.1    21.3     1.1    12.88 C    33.0    18.4    22.5    91.3    65.5    82.4   0.317   0.329   0.315   0.290   0.389    22.1    21.8    21.3    20.0    18.3
53878 20240606  2.622  -82.56   35.42    27.3    16.5    21.9    22.0     0.4    17.96 C    39.8    16.2    23.9    96.0    52.2    77.0   0.313   0.325   0.313   0.289   0.388    22.6    22.1    21.5    20.1    18.4
53878 20240607  2.622  -82.56   35.42    26.1    15.4    20.8    21.0     0.7    28.18 C    39.2    14.1    24.2    96.1    29.5    59.3   0.309   0.320   0.312   0.287   0.388    23.3    22.8    22.1    20.4    18.5
53878 20240608  2.622  -82.56   35.42    27.1    10.3    18.7    19.7     0.0    27.23 C    41.5    10.5    23.6    91.5    33.0    62.0   0.300   0.316   0.308   0.286   0.387    23.0    22.5    22.0    20.6    18.6
53878 20240609  2.622  -82.56   35.42    25.7    13.0    19.4    19.2    21.4    15.67 C    39.0    13.3    21.9    94.0    58.3    80.7   0.305   0.320   0.315   0.294   0.387    22.6    22.4    22.1    20.8    18.7
53878 20240610  2.622  -82.56   35.42    24.5    13.4    19.0    19.0     0.0    26.27 C    35.6    13.3    21.9    93.5    36.0    65.5   0.323   0.333   0.325   0.316   0.387    22.6    22.3    21.9    20.9    18.9
53878 20240611  2.622  -82.56   35.42    25.6    10.9    18.2    18.8     0.0    26.01 C    39.4    10.8    22.5    94.7    38.2    67.6   0.312   0.327   0.320   0.307   0.388    22.7    22.1    21.8    20.8    18.9
53878 20240612  2.622  -82.56   35.42    25.9    12.3    19.1    19.9     0.0    19.21 C    41.0    12.3    22.9    93.2    48.8    73.4   0.302   0.322   0.316   0.302   0.388    23.0    22.4    22.1    20.9    19.0
53878 20240613  2.622  -82.56   35.42    28.3    15.6    21.9    21.7     0.0    26.23 C    43.1    15.5    25.9    94.9    42.4    71.6   0.296   0.315   0.313   0.298   0.388    24.5    23.5    22.7    21.0    19.1
53878 20240614  2.622  -82.56   35.42    29.8    15.0    22.4    22.9     0.0    25.43 C    41.8    14.9    26.2    95.8    46.1    72.7   0.286   0.311   0.311   0.294   0.387    25.3    24.4    23.6    21.5    19.3
53878 20240615  2.622  -82.56   35.42    29.6    16.4    23.0    23.6     0.0    24.73 C    45.4    16.2    27.3    95.1    45.7    73.1   0.279   0.304   0.309   0.291   0.387    26.0    25.2    24.3    21.9    19.4
53878 20240616  2.622  -82.56   35.42    27.1    19.9    23.5    22.4    11.2    18.30 C    38.1    19.7    24.9    95.3    61.4    83.7   0.302   0.314   0.310   0.289   0.387    25.6    25.1    24.5    22.4    19.6
53878 20240617  2.622  -82.56   35.42    28.7    19.7    24.2    24.0     1.1    22.56 C    38.9    19.6    26.2    96.1    57.0    79.2   0.314   0.319   0.312   0.288   0.387    25.9    25.3    24.5    22.5    19.8
53878 20240618  2.622  -82.56   35.42    26.7    17.8    22.2    22.4     0.0    19.78 C    37.2    17.6    24.4    96.2    55.1    78.9   0.305   0.316   0.311   0.286   0.386    25.4    25.1    24.6    22.8    20.0
53878 20240619  2.622  -82.56   35.42    26.2    17.0    21.6    21.2     0.0    22.34 C    37.1    16.4    23.8    95.7    50.2    74.4   0.297   0.309   0.309   0.284   0.386    25.2    24.6    24.2    22.7    20.2
53878 20240620  2.622  -82.56   35.42    27.8    15.0    21.4    21.6     0.0    22.74 C    40.8    14.8    24.2    95.4    48.0    73.1   0.289   0.305   0.307   0.281   0.386    25.0    24.4    24.1    22.7    20.3
53878 20240621  2.622  -82.56   35.42    29.2    14.9    22.1    22.1     0.0    24.26 C    42.2    14.4    24.8    95.7    46.8    72.7   0.281   0.301   0.305   0.279   0.385    25.6    24.9    24.3    22.7    20.4
53878 20240622  2.622  -82.56   35.42    30.5    14.3    22.4    23.1     0.0    27.62 C    42.1    14.0    26.2    95.9    28.8    68.3   0.273   0.298   0.303   0.277   0.385    26.2    25.5    24.7    22.9    20.5
53878 20240623  2.622  -82.56   35.42    31.8    16.8    24.3    24.4     0.0    20.66 C    43.1    16.4    26.4    95.3    35.9    68.0   0.263   0.299   0.301   0.275   0.384    26.5    26.0    25.2    23.2    20.6
53878 20240624  2.622  -82.56   35.42    29.5    16.5    23.0    23.9     1.6    28.16 C    38.7    15.4    25.9    95.4    33.1    63.0   0.257   0.295   0.298   0.273   0.385    26.8    26.3    25.5    23.4    20.8
53878 20240625  2.622  -82.56   35.42    31.7    13.8    22.7    22.6     0.0    27.92 C    42.3    13.0    25.7    94.6    32.7    64.9   0.251   0.289   0.295   0.271   0.384    26.6    25.9    25.2    23.5    20.9
53878 20240626  2.622  -82.56   35.42    32.4    15.6    24.0    24.1     0.0    26.25 C    42.4    15.3    26.6    93.9    30.4    63.3   0.242   0.281   0.292   0.269   0.384    27.0    26.4    25.6    23.7    21.0
53878 20240627  2.622  -82.56   35.42    25.8    18.9    22.4    21.6     1.3    10.26 C    30.9    18.2    22.3    95.3    65.0    82.7   0.234   0.273   0.289   0.268   0.383    25.0    25.2    25.1    23.8    21.2
53878 20240628  2.622  -82.56   35.42    28.9    17.9    23.4    23.1     0.0    15.91 C    37.2    17.1    24.4    96.0    56.5    79.4   0.233   0.268   0.285   0.267   0.383    25.0    24.7    24.3    23.4    21.3
53878 20240629  2.622  -82.56   35.42    28.8    21.1    25.0    24.3    24.4    15.45 C    37.0    21.0    25.9    95.0    65.7    83.5   0.243   0.275   0.292   0.273   0.383    25.9    25.5    24.9    23.4    21.3
53878 20240630  2.622  -82.56   35.42    31.1    20.0    25.6    24.9     1.7    21.25 C    37.6    19.6    26.1    96.7    53.2    80.7   0.276   0.303   0.313   0.298   0.383    26.5    26.0    25.3    23.6    21.3
53878 20240701  2.622  -82.56   35.42    29.1    18.5    23.8    23.5     0.0    27.21 C    38.6    17.5    25.9    94.2    41.3    68.1   0.273   0.301   0.309   0.291   0.384    26.6    26.1    25.4    23.7    21.4
53878 20240702  2.622  -82.56   35.42 -9999.0 -9999.0 -9999.0 -9999.0 -9999.0 -9999.00 U -9999.0 -9999.0 -9999.0 -9999.0 -9999.0 -9999.0 -99.000 -99.000 -99.000 -99.000 -99.000 -9999.0 -9999.0 -9999.0 -9999.0 -9999.0
