64757 20240101  2.424  -79.78   44.23    -2.1    -4.4    -3.3    -3.3     0.4     1.44 C    -1.4    -4.2    -3.1    95.4    71.4    82.3 -99.000 -99.000 -99.000 -99.000 -99.000 -9999.0 -9999.0 -9999.0 -9999.0 -9999.0
64757 20240102  2.424  -79.78   44.23     0.2    -3.1    -1.5    -1.3     0.0     2.90 C     0.7    -3.3    -1.6    84.8    72.3    77.5 -99.000 -99.000 -99.000 -99.000 -99.000 -9999.0 -9999.0 -9999.0 -9999.0 -9999.0
64757 20240103  2.424  -79.78   44.23     1.7    -0.8     0.4     0.1     0.0     1.41 C     3.3    -3.0    -0.1    94.3    80.0    88.9 -99.000 -99.000 -99.000 -99.000 -99.000 -9999.0 -9999.0 -9999.0 -9999.0 -9999.0
64757 20240104  2.424  -79.78   44.23    -0.6    -9.1    -4.8    -5.9     0.2     3.47 C    -1.0    -8.9    -5.4    89.4    64.1    76.7 -99.000 -99.000 -99.000 -99.000 -99.000 -9999.0 -9999.0 -9999.0 -9999.0 -9999.0
64757 20240105  2.424  -79.78   44.23    -1.0    -4.4    -2.7    -2.5     0.0     0.93 C    -1.2    -4.5    -2.7    81.1    66.8    73.7 -99.000 -99.000 -99.000 -99.000 -99.000 -9999.0 -9999.0 -9999.0 -9999.0 -9999.0
64757 20240106  2.424  -79.78   44.23    -1.3    -6.0    -3.6    -2.9     0.0     0.32 C    -0.9    -5.1    -2.7    86.7    79.1    83.3 -99.000 -99.000 -99.000 -99.000 -99.000 -9999.0 -9999.0 -9999.0 -9999.0 -9999.0
64757 20240107  2.424  -79.78   44.23    -1.0    -6.3    -3.6    -3.7     0.2     3.11 C     2.9    -6.3    -3.0    86.5    72.0    82.0 -99.000 -99.000 -99.000 -99.000 -99.000 -9999.0 -9999.0 -9999.0 -9999.0 -9999.0
64757 20240108  2.424  -79.78   44.23     1.2    -1.9    -0.4     0.1     0.0     0.96 C     1.8    -2.1    -0.5    88.6    74.2    82.8 -99.000 -99.000 -99.000 -99.000 -99.000 -9999.0 -9999.0 -9999.0 -9999.0 -9999.0
64757 20240109  2.424  -79.78   44.23     4.1    -0.3     1.9     1.0    13.2     0.70 C     1.0    -1.1    -0.2    95.7    74.0    89.3 -99.000 -99.000 -99.000 -99.000 -99.000 -9999.0 -9999.0 -9999.0 -9999.0 -9999.0
64757 20240110  2.424  -79.78   44.23     4.8    -3.1     0.9     0.3     0.0     0.85 C     2.2    -2.3    -0.4    95.6    69.4    80.8 -99.000 -99.000 -99.000 -99.000 -99.000 -9999.0 -9999.0 -9999.0 -9999.0 -9999.0
64757 20240111  2.424  -79.78   44.23     0.4    -2.2    -0.9    -0.6     3.5     2.26 C     0.0    -3.5    -1.1    96.2    76.6    90.3 -99.000 -99.000 -99.000 -99.000 -99.000 -9999.0 -9999.0 -9999.0 -9999.0 -9999.0
64757 20240112  2.424  -79.78   44.23     0.8    -3.4    -1.3    -2.4     6.5     2.20 C     0.0    -4.8    -2.7    92.8    81.2    86.5 -99.000 -99.000 -99.000 -99.000 -99.000 -9999.0 -9999.0 -9999.0 -9999.0 -9999.0
64757 20240113  2.424  -79.78   44.23     3.1    -5.8    -1.4    -1.2     5.1     1.56 C     0.3    -7.6    -2.4    94.7    66.6    81.1 -99.000 -99.000 -99.000 -99.000 -99.000 -9999.0 -9999.0 -9999.0 -9999.0 -9999.0
64757 20240114  2.424  -79.78   44.23    -5.2   -11.5    -8.3    -7.2     0.3     4.42 C    -5.2   -14.3    -8.7    83.0    63.3    73.8 -99.000 -99.000 -99.000 -99.000 -99.000 -9999.0 -9999.0 -9999.0 -9999.0 -9999.0
64757 20240115  2.424  -79.78   44.23   -10.5   -14.6   -12.6   -11.7     0.0     4.17 C    -8.0   -16.8   -11.8    75.0    64.5    69.5 -99.000 -99.000 -99.000 -99.000 -99.000 -9999.0 -9999.0 -9999.0 -9999.0 -9999.0
64757 20240116  2.424  -79.78   44.23    -8.3   -12.4   -10.4   -10.6     1.8     3.63 C    -8.2   -15.4   -10.7    85.4    60.6    73.7 -99.000 -99.000 -99.000 -99.000 -99.000 -9999.0 -9999.0 -9999.0 -9999.0 -9999.0
64757 20240117  2.424  -79.78   44.23    -9.8   -17.0   -13.4   -12.7     0.0     6.60 C    -9.4   -21.1   -14.0    74.6    61.9    68.5 -99.000 -99.000 -99.000 -99.000 -99.000 -9999.0 -9999.0 -9999.0 -9999.0 -9999.0
64757 20240118  2.424  -79.78   44.23    -5.3   -11.7    -8.5    -7.5     0.0     2.73 C    -5.0   -15.9    -8.4    87.2    64.9    73.7 -99.000 -99.000 -99.000 -99.000 -99.000 -9999.0 -9999.0 -9999.0 -9999.0 -9999.0
64757 20240119  2.424  -79.78   44.23    -8.0   -18.3   -13.2   -13.1     0.0     5.20 C    -8.6   -20.6   -13.2    85.7    58.6    72.7 -99.000 -99.000 -99.000 -99.000 -99.000 -9999.0 -9999.0 -9999.0 -9999.0 -9999.0
64757 20240120  2.424  -79.78   44.23    -8.8   -18.9   -13.8   -14.2     3.0     4.39 C    -8.8   -21.2   -13.3    86.0    75.4    81.1 -99.000 -99.000 -99.000 -99.000 -99.000 -9999.0 -9999.0 -9999.0 -9999.0 -9999.0
64757 20240121  2.424  -79.78   44.23    -3.6   -13.8    -8.7    -9.9     0.8     7.05 C    -4.9   -22.6   -12.6    87.4    69.2    79.0 -99.000 -99.000 -99.000 -99.000 -99.000 -9999.0 -9999.0 -9999.0 -9999.0 -9999.0
64757 20240122  2.424  -79.78   44.23    -1.8   -10.2    -6.0    -4.8     0.0     1.34 C    -2.6   -21.4    -6.7    87.3    60.1    73.1 -99.000 -99.000 -99.000 -99.000 -99.000 -9999.0 -9999.0 -9999.0 -9999.0 -9999.0
64757 20240123  2.424  -79.78   44.23    -0.3    -2.3    -1.3    -1.1     3.1     2.06 C    -0.1    -3.0    -1.6    94.7    86.1    90.0 -99.000 -99.000 -99.000 -99.000 -99.000 -9999.0 -9999.0 -9999.0 -9999.0 -9999.0
64757 20240124  2.424  -79.78   44.23     0.5    -1.9    -0.7    -0.5    10.2     1.71 C     0.1    -1.9    -0.5    98.7    94.0    97.1 -99.000 -99.000 -99.000 -99.000 -99.000 -9999.0 -9999.0 -9999.0 -9999.0 -9999.0
64757 20240125  2.424  -79.78   44.23     2.0     0.1     1.0     0.8     3.5     2.39 C     0.7     0.0     0.1    98.6    94.8    97.6 -99.000 -99.000 -99.000 -99.000 -99.000 -9999.0 -9999.0 -9999.0 -9999.0 -9999.0
64757 20240126  2.424  -79.78   44.23     1.4     0.3     0.8     0.8    13.4     2.45 C     1.3    -0.5     0.2    98.4    94.1    96.2 -99.000 -99.000 -99.000 -99.000 -99.000 -9999.0 -9999.0 -9999.0 -9999.0 -9999.0
64757 20240127  2.424  -79.78   44.23     1.3     0.0     0.6     0.5     0.0     1.77 C     2.5    -0.3     0.4    99.0    84.6    93.4 -99.000 -99.000 -99.000 -99.000 -99.000 -9999.0 -9999.0 -9999.0 -9999.0 -9999.0
64757 20240128  2.424  -79.78   44.23     1.3    -0.6     0.4     0.4     0.0     2.88 C     2.8    -1.7     0.2    93.7    80.9    89.0 -99.000 -99.000 -99.000 -99.000 -99.000 -9999.0 -9999.0 -9999.0 -9999.0 -9999.0
64757 20240129  2.424  -79.78   44.23     1.6    -3.6    -1.0    -1.0     0.0     6.18 C     7.1    -5.6    -1.0    91.3    72.9    84.2 -99.000 -99.000 -99.000 -99.000 -99.000 -9999.0 -9999.0 -9999.0 -9999.0 -9999.0
64757 20240130  2.424  -79.78   44.23     0.8    -2.3    -0.7    -0.2     0.0     1.01 C     0.7    -4.0    -0.5    92.1    80.5    87.0 -99.000 -99.000 -99.000 -99.000 -99.000 -9999.0 -9999.0 -9999.0 -9999.0 -9999.0
64757 20240131  2.424  -79.78   44.23     2.5    -0.7     0.9     0.9     0.0     2.05 C     3.7    -2.7     0.5    95.4    80.1    87.8 -99.000 -99.000 -99.000 -99.000 -99.000 -9999.0 -9999.0 -9999.0 -9999.0 -9999.0
64757 20240201  2.424  -79.78   44.23     3.7     1.2     2.5     2.3     0.0     0.88 C     3.9     0.4     1.3    98.1    80.0    88.4 -99.000 -99.000 -99.000 -99.000 -99.000 -9999.0 -9999.0 -9999.0 -9999.0 -9999.0
64757 20240202  2.424  -79.78   44.23     1.3    -5.5    -2.1    -1.7     0.0     4.67 C     9.4    -7.5    -1.4    98.1    72.3    84.3 -99.000 -99.000 -99.000 -99.000 -99.000 -9999.0 -9999.0 -9999.0 -9999.0 -9999.0
64757 20240203  2.424  -79.78   44.23     2.6    -7.2    -2.3    -2.9     0.0     9.72 C     8.0    -8.5    -3.0    94.9    54.6    81.3 -99.000 -99.000 -99.000 -99.000 -99.000 -9999.0 -9999.0 -9999.0 -9999.0 -9999.0
64757 20240204  2.424  -79.78   44.23     1.6    -4.4    -1.4    -1.6     0.0     4.65 C     5.9    -7.8    -1.2    94.8    78.2    89.8 -99.000 -99.000 -99.000 -99.000 -99.000 -9999.0 -9999.0 -9999.0 -9999.0 -9999.0
64757 20240205  2.424  -79.78   44.23     0.7    -4.0    -1.7    -1.8     0.0     3.03 C     3.4    -8.1    -2.8    96.5    66.8    86.0 -99.000 -99.000 -99.000 -99.000 -99.000 -9999.0 -9999.0 -9999.0 -9999.0 -9999.0
64757 20240206  2.424  -79.78   44.23     3.7    -7.2    -1.8    -2.0     0.0    10.13 C     9.1    -9.7    -2.9    97.0    40.2    73.9 -99.000 -99.000 -99.000 -99.000 -99.000 -9999.0 -9999.0 -9999.0 -9999.0 -9999.0
64757 20240207  2.424  -79.78   44.23     5.6    -3.6     1.0     0.6     0.0     5.32 C    10.1    -5.6     0.0    89.0    55.6    73.8 -99.000 -99.000 -99.000 -99.000 -99.000 -9999.0 -9999.0 -9999.0 -9999.0 -9999.0
64757 20240208  2.424  -79.78   44.23     7.5    -3.3     2.1     1.5     0.0     5.44 C    10.1    -5.6     0.1    96.7    57.4    81.2 -99.000 -99.000 -99.000 -99.000 -99.000 -9999.0 -9999.0 -9999.0 -9999.0 -9999.0
64757 20240209  2.424  -79.78   44.23    13.7     2.7     8.2     8.3     0.6     6.78 C    13.8    -1.1     4.7    81.7    59.7    73.5 -99.000 -99.000 -99.000 -99.000 -99.000 -9999.0 -9999.0 -9999.0 -9999.0 -9999.0
64757 20240210  2.424  -79.78   44.23     7.5     0.0     3.7     3.5     0.3     2.73 C     5.7    -2.6     1.0    93.9    62.0    74.6 -99.000 -99.000 -99.000 -99.000 -99.000 -9999.0 -9999.0 -9999.0 -9999.0 -9999.0
64757 20240211  2.424  -79.78   44.23     0.7    -0.7     0.0    -0.2     0.2     1.91 C     1.9    -1.4    -0.6    94.2    70.4    77.9 -99.000 -99.000 -99.000 -99.000 -99.000 -9999.0 -9999.0 -9999.0 -9999.0 -9999.0
64757 20240212  2.424  -79.78   44.23     3.5    -4.3    -0.4    -0.1     0.0     6.68 C    10.8    -7.6    -0.8    80.1    42.4    65.6 -99.000 -99.000 -99.000 -99.000 -99.000 -9999.0 -9999.0 -9999.0 -9999.0 -9999.0
64757 20240213  2.424  -79.78   44.23     2.5    -7.6    -2.5    -3.0     0.4     4.89 C     6.3    -8.4    -3.1    87.8    60.0    75.4 -99.000 -99.000 -99.000 -99.000 -99.000 -9999.0 -9999.0 -9999.0 -9999.0 -9999.0
64757 20240214  2.424  -79.78   44.23    -3.0    -9.7    -6.3    -6.6     0.0     9.14 C     3.8   -11.5    -5.9    78.9    54.0    69.5 -99.000 -99.000 -99.000 -99.000 -99.000 -9999.0 -9999.0 -9999.0 -9999.0 -9999.0
64757 20240215  2.424  -79.78   44.23    -1.1    -9.5    -5.3    -4.2     6.7     1.41 C    -1.7    -9.7    -4.3    95.1    65.7    83.7 -99.000 -99.000 -99.000 -99.000 -99.000 -9999.0 -9999.0 -9999.0 -9999.0 -9999.0
64757 20240216  2.424  -79.78   44.23    -1.4    -6.5    -4.0    -3.9     2.1     6.66 C    -1.6    -8.1    -5.3    90.8    51.1    74.4 -99.000 -99.000 -99.000 -99.000 -99.000 -9999.0 -9999.0 -9999.0 -9999.0 -9999.0
64757 20240217  2.424  -79.78   44.23    -6.5   -12.2    -9.3    -8.3     1.0    10.02 C    -7.0   -24.1   -10.6    92.5    42.2    70.7 -99.000 -99.000 -99.000 -99.000 -99.000 -9999.0 -9999.0 -9999.0 -9999.0 -9999.0
64757 20240218  2.424  -79.78   44.23    -0.5    -7.9    -4.2    -4.7     0.0     6.20 C    -1.6    -9.3    -5.7    85.9    56.8    74.0 -99.000 -99.000 -99.000 -99.000 -99.000 -9999.0 -9999.0 -9999.0 -9999.0 -9999.0
64757 20240219  2.424  -79.78   44.23    -2.6   -14.7    -8.7    -7.7     0.5    10.51 C    -1.1   -22.5   -10.3    81.2    46.8    60.7 -99.000 -99.000 -99.000 -99.000 -99.000 -9999.0 -9999.0 -9999.0 -9999.0 -9999.0
64757 20240220  2.424  -79.78   44.23     2.5   -10.2    -3.9    -3.7     0.0    12.10 C     1.6   -15.6    -7.0    84.5    50.7    68.9 -99.000 -99.000 -99.000 -99.000 -99.000 -9999.0 -9999.0 -9999.0 -9999.0 -9999.0
64757 20240221  2.424  -79.78   44.23     8.0    -5.1     1.4     2.5     2.7     7.83 C     8.1    -7.8     0.4    86.0    55.5    69.1 -99.000 -99.000 -99.000 -99.000 -99.000 -9999.0 -9999.0 -9999.0 -9999.0 -9999.0
64757 20240222  2.424  -79.78   44.23     8.1    -1.6     3.3     4.4     0.0     8.93 C    11.5    -5.1     1.9    84.7    55.9    67.6 -99.000 -99.000 -99.000 -99.000 -99.000 -9999.0 -9999.0 -9999.0 -9999.0 -9999.0
64757 20240223  2.424  -79.78   44.23     5.4   -10.7    -2.6    -1.2     0.0    10.73 C     8.2    -8.8    -1.4    87.9    45.8    66.8 -99.000 -99.000 -99.000 -99.000 -99.000 -9999.0 -9999.0 -9999.0 -9999.0 -9999.0
64757 20240224  2.424  -79.78   44.23    -7.5   -15.4   -11.5   -11.2     0.0    13.27 C     2.5   -13.2    -7.7    78.1    39.1    55.9 -99.000 -99.000 -99.000 -99.000 -99.000 -9999.0 -9999.0 -9999.0 -9999.0 -9999.0
64757 20240225  2.424  -79.78   44.23     4.4    -9.9    -2.8    -0.8     0.0     8.74 C     8.3   -10.9    -1.5    78.3    42.3    61.5 -99.000 -99.000 -99.000 -99.000 -99.000 -9999.0 -9999.0 -9999.0 -9999.0 -9999.0
64757 20240226  2.424  -79.78   44.23     7.8    -0.5     3.6     2.9     0.0    13.31 C    15.1    -5.1     2.3    84.2    34.4    59.9 -99.000 -99.000 -99.000 -99.000 -99.000 -9999.0 -9999.0 -9999.0 -9999.0 -9999.0
64757 20240227  2.424  -79.78   44.23    12.8    -0.7     6.1     6.8     7.2     4.04 C    13.8    -4.5     4.2    92.6    53.1    76.3 -99.000 -99.000 -99.000 -99.000 -99.000 -9999.0 -9999.0 -9999.0 -9999.0 -9999.0
64757 20240228  2.424  -79.78   44.23    14.4    -7.8     3.3     2.5     8.9     2.55 C    13.4    -7.6     2.0    94.9    58.3    81.7 -99.000 -99.000 -99.000 -99.000 -99.000 -9999.0 -9999.0 -9999.0 -9999.0 -9999.0
64757 20240229  2.424  -79.78   44.23    -5.6   -11.6    -8.6    -8.4     1.4    10.55 C    -3.7   -15.6    -9.3    83.8    52.5    69.6 -99.000 -99.000 -99.000 -99.000 -99.000 -9999.0 -9999.0 -9999.0 -9999.0 -9999.0
64757 20240301  2.424  -79.78   44.23     8.9    -7.5     0.7     0.8     0.0    14.00 C    10.3   -13.3    -1.6    77.8    33.9    57.7 -99.000 -99.000 -99.000 -99.000 -99.000 -9999.0 -9999.0 -9999.0 -9999.0 -9999.0
64757 20240302  2.424  -79.78   44.23     5.5     0.6     3.0     3.7     0.4     2.18 C     7.0    -1.4     2.7   100.0    59.1    84.7 -99.000 -99.000 -99.000 -99.000 -99.000 -9999.0 -9999.0 -9999.0 -9999.0 -9999.0
64757 20240303  2.424  -79.78   44.23     8.7     3.4     6.0     5.6     0.0     3.68 C    10.7     1.7     5.3   100.0    80.1    94.1 -99.000 -99.000 -99.000 -99.000 -99.000 -9999.0 -9999.0 -9999.0 -9999.0 -9999.0
64757 20240304  2.424  -79.78   44.23    16.9     1.0     8.9     8.7     0.0    11.52 C    20.2    -1.8     7.5    98.4    56.4    83.1 -99.000 -99.000 -99.000 -99.000 -99.000 -9999.0 -9999.0 -9999.0 -9999.0 -9999.0
64757 20240305  2.424  -79.78   44.23    17.2     3.6    10.4     9.9     2.0     7.17 C    25.7     3.8     9.5    98.1    58.7    78.2 -99.000 -99.000 -99.000 -99.000 -99.000 -9999.0 -9999.0 -9999.0 -9999.0 -9999.0
64757 20240306  2.424  -79.78   44.23     5.0     2.2     3.6     3.6     0.6     2.62 C     7.9     2.2     4.2    99.0    75.6    93.1 -99.000 -99.000 -99.000 -99.000 -99.000 -9999.0 -9999.0 -9999.0 -9999.0 -9999.0
64757 20240307  2.424  -79.78   44.23    10.2    -2.6     3.8     3.3     0.0    15.79 C    18.1    -6.1     3.6    80.9    32.1    59.9 -99.000 -99.000 -99.000 -99.000 -99.000 -9999.0 -9999.0 -9999.0 -9999.0 -9999.0
64757 20240308  2.424  -79.78   44.23    12.6    -3.1     4.7     5.0     0.8    12.54 C    19.3    -6.3     4.5    79.1    19.8    56.3 -99.000 -99.000 -99.000 -99.000 -99.000 -9999.0 -9999.0 -9999.0 -9999.0 -9999.0
64757 20240309  2.424  -79.78   44.23     9.8     1.5     5.7     5.8     7.5     2.18 C    10.6    -0.4     5.5    92.9    76.8    88.7 -99.000 -99.000 -99.000 -99.000 -99.000 -9999.0 -9999.0 -9999.0 -9999.0 -9999.0
64757 20240310  2.424  -79.78   44.23     1.6    -4.5    -1.4    -2.2     1.8     2.70 C     1.5    -4.6    -2.2    93.8    56.2    82.5 -99.000 -99.000 -99.000 -99.000 -99.000 -9999.0 -9999.0 -9999.0 -9999.0 -9999.0
64757 20240311  2.424  -79.78   44.23     6.2    -2.5     1.8     1.6     0.0    15.17 C    12.1    -7.9    -0.5    68.7    34.2    52.7 -99.000 -99.000 -99.000 -99.000 -99.000 -9999.0 -9999.0 -9999.0 -9999.0 -9999.0
64757 20240312  2.424  -79.78   44.23    16.0    -2.6     6.7     6.6     0.0    14.33 C    24.7    -5.7     6.3    87.1    27.2    62.6 -99.000 -99.000 -99.000 -99.000 -99.000 -9999.0 -9999.0 -9999.0 -9999.0 -9999.0
64757 20240313  2.424  -79.78   44.23    15.3     1.2     8.2     9.6     0.0    16.09 C    23.5    -2.4     8.3    86.2    45.8    63.5 -99.000 -99.000 -99.000 -99.000 -99.000 -9999.0 -9999.0 -9999.0 -9999.0 -9999.0
64757 20240314  2.424  -79.78   44.23     9.3     0.3     4.8     4.8    15.9     1.66 C     9.5    -1.9     4.0    93.7    61.0    82.9 -99.000 -99.000 -99.000 -99.000 -99.000 -9999.0 -9999.0 -9999.0 -9999.0 -9999.0
64757 20240315  2.424  -79.78   44.23     4.7    -1.6     1.5     2.4     0.0     9.91 C    13.4    -5.7     3.7    96.8    79.8    89.4 -99.000 -99.000 -99.000 -99.000 -99.000 -9999.0 -9999.0 -9999.0 -9999.0 -9999.0
64757 20240316  2.424  -79.78   44.23     9.9    -2.5     3.7     3.1     2.9     6.16 C    14.1    -6.1     3.0    95.0    54.4    82.1 -99.000 -99.000 -99.000 -99.000 -99.000 -9999.0 -9999.0 -9999.0 -9999.0 -9999.0
64757 20240317  2.424  -79.78   44.23     3.5    -2.1     0.7     1.1     1.8     7.67 C     9.0    -3.3     1.3    91.5    50.4    74.1 -99.000 -99.000 -99.000 -99.000 -99.000 -9999.0 -9999.0 -9999.0 -9999.0 -9999.0
64757 20240318  2.424  -79.78   44.23    -0.4    -2.6    -1.5    -1.9     0.0     5.19 C     3.3    -4.2    -1.0    88.3    57.9    72.3 -99.000 -99.000 -99.000 -99.000 -99.000 -9999.0 -9999.0 -9999.0 -9999.0 -9999.0
64757 20240319  2.424  -79.78   44.23     0.4    -3.1    -1.3    -1.1     0.0     5.49 C     3.7    -3.5    -0.7    79.0    64.4    74.1 -99.000 -99.000 -99.000 -99.000 -99.000 -9999.0 -9999.0 -9999.0 -9999.0 -9999.0
64757 20240320  2.424  -79.78   44.23    -0.2    -6.6    -3.4    -3.5     5.7    11.65 C     5.2    -7.2    -3.1    87.0    54.7    75.0 -99.000 -99.000 -99.000 -99.000 -99.000 -9999.0 -9999.0 -9999.0 -9999.0 -9999.0
64757 20240321  2.424  -79.78   44.23    -4.5    -9.0    -6.7    -6.9     2.6    14.55 C    -3.4   -13.3    -8.4    88.3    43.1    66.5 -99.000 -99.000 -99.000 -99.000 -99.000 -9999.0 -9999.0 -9999.0 -9999.0 -9999.0
64757 20240322  2.424  -79.78   44.23    -4.0   -11.2    -7.6    -6.7     3.1     7.65 C    -3.0   -17.0    -7.3    87.9    69.4    80.4 -99.000 -99.000 -99.000 -99.000 -99.000 -9999.0 -9999.0 -9999.0 -9999.0 -9999.0
64757 20240323  2.424  -79.78   44.23     0.0    -9.6    -4.8    -4.8     0.0    16.26 C     0.4   -17.2    -7.0    91.0    49.1    69.9 -99.000 -99.000 -99.000 -99.000 -99.000 -9999.0 -9999.0 -9999.0 -9999.0 -9999.0
64757 20240324  2.424  -79.78   44.23    -0.4   -11.5    -6.0    -4.4     0.0    17.64 C    11.5   -15.9    -3.9    74.9    27.4    56.4 -99.000 -99.000 -99.000 -99.000 -99.000 -9999.0 -9999.0 -9999.0 -9999.0 -9999.0
64757 20240325  2.424  -79.78   44.23     8.6    -3.4     2.6     2.5     0.0    15.03 C    15.1    -4.7     2.6    72.2    42.8    59.1 -99.000 -99.000 -99.000 -99.000 -99.000 -9999.0 -9999.0 -9999.0 -9999.0 -9999.0
64757 20240326  2.424  -79.78   44.23     9.1     4.5     6.8     6.6     5.5     2.84 C     9.7     1.4     5.3    93.6    48.9    61.7 -99.000 -99.000 -99.000 -99.000 -99.000 -9999.0 -9999.0 -9999.0 -9999.0 -9999.0
64757 20240327  2.424  -79.78   44.23     8.2     1.0     4.6     5.3     0.0     5.29 C    12.3     0.5     5.3    95.1    64.2    78.3 -99.000 -99.000 -99.000 -99.000 -99.000 -9999.0 -9999.0 -9999.0 -9999.0 -9999.0
64757 20240328  2.424  -79.78   44.23     7.8    -3.1     2.4     2.5     0.0    19.26 C    17.0    -6.6     3.5    81.4    34.5    56.4 -99.000 -99.000 -99.000 -99.000 -99.000 -9999.0 -9999.0 -9999.0 -9999.0 -9999.0
64757 20240329  2.424  -79.78   44.23     3.4    -3.0     0.2     0.3     0.0     9.20 C    16.1    -6.8     1.3    85.9    49.9    67.5 -99.000 -99.000 -99.000 -99.000 -99.000 -9999.0 -9999.0 -9999.0 -9999.0 -9999.0
64757 20240330  2.424  -79.78   44.23     8.2    -4.6     1.8     1.6     0.0    15.64 C    22.5    -7.7     4.0    89.2    39.5    65.4 -99.000 -99.000 -99.000 -99.000 -99.000 -9999.0 -9999.0 -9999.0 -9999.0 -9999.0
64757 20240331  2.424  -79.78   44.23     8.7    -0.1     4.3     2.7     0.0    13.33 C    25.0    -1.8     5.3    87.0    49.0    70.7 -99.000 -99.000 -99.000 -99.000 -99.000 -9999.0 -9999.0 -9999.0 -9999.0 -9999.0
64757 20240401  2.424  -79.78   44.23     9.3    -2.5     3.4     3.2     0.0    17.62 C    22.6    -5.7     5.9    87.4    49.0    69.8 -99.000 -99.000 -99.000 -99.000 -99.000 -9999.0 -9999.0 -9999.0 -9999.0 -9999.0
64757 20240402  2.424  -79.78   44.23     9.0     1.8     5.4     5.8     1.0     4.81 C     9.5     1.2     5.2    92.6    45.1    62.3 -99.000 -99.000 -99.000 -99.000 -99.000 -9999.0 -9999.0 -9999.0 -9999.0 -9999.0
64757 20240403  2.424  -79.78   44.23     6.3     0.2     3.2     4.2    30.2     1.48 C     6.4     0.0     4.1    96.8    90.1    92.7 -99.000 -99.000 -99.000 -99.000 -99.000 -9999.0 -9999.0 -9999.0 -9999.0 -9999.0
64757 20240404  2.424  -79.78   44.23     1.5    -0.9     0.3     0.3     7.2     6.94 C     0.6    -1.3    -0.1    97.4    86.4    92.5 -99.000 -99.000 -99.000 -99.000 -99.000 -9999.0 -9999.0 -9999.0 -9999.0 -9999.0
64757 20240405  2.424  -79.78   44.23     3.8    -0.9     1.4     1.5     0.9     9.81 C     9.7    -1.3     2.2    94.7    78.8    89.3 -99.000 -99.000 -99.000 -99.000 -99.000 -9999.0 -9999.0 -9999.0 -9999.0 -9999.0
64757 20240406  2.424  -79.78   44.23     9.2     0.9     5.1     4.9     0.0    21.20 C    18.9    -2.9     5.9    90.5    41.5    69.0 -99.000 -99.000 -99.000 -99.000 -99.000 -9999.0 -9999.0 -9999.0 -9999.0 -9999.0
64757 20240407  2.424  -79.78   44.23    15.0    -1.4     6.8     7.3     0.0    21.35 C    26.6    -5.4     7.4    91.7    28.1    57.3 -99.000 -99.000 -99.000 -99.000 -99.000 -9999.0 -9999.0 -9999.0 -9999.0 -9999.0
64757 20240408  2.424  -79.78   44.23    13.7     2.1     7.9     7.7     0.0     6.77 C    17.6    -1.0     5.7    69.4    37.6    52.9 -99.000 -99.000 -99.000 -99.000 -99.000 -9999.0 -9999.0 -9999.0 -9999.0 -9999.0
64757 20240409  2.424  -79.78   44.23    22.4     3.9    13.1    13.2    14.6    16.41 C    27.4    -0.2    12.2    92.9    33.1    59.6 -99.000 -99.000 -99.000 -99.000 -99.000 -9999.0 -9999.0 -9999.0 -9999.0 -9999.0
64757 20240410  2.424  -79.78   44.23    15.4     4.6    10.0    10.4     0.0    15.72 C    27.1     1.0    10.2    92.0    33.4    63.5 -99.000 -99.000 -99.000 -99.000 -99.000 -9999.0 -9999.0 -9999.0 -9999.0 -9999.0
64757 20240411  2.424  -79.78   44.23    14.4     5.4     9.9    10.3    14.7     2.03 C    13.4     3.1     9.7    91.3    62.3    82.0 -99.000 -99.000 -99.000 -99.000 -99.000 -9999.0 -9999.0 -9999.0 -9999.0 -9999.0
64757 20240412  2.424  -79.78   44.23    14.1     2.7     8.4     8.6    19.4     3.91 C    13.2     3.1     9.1    91.7    87.5    90.0 -99.000 -99.000 -99.000 -99.000 -99.000 -9999.0 -9999.0 -9999.0 -9999.0 -9999.0
64757 20240413  2.424  -79.78   44.23    10.0     2.7     6.3     5.3     5.5    10.21 C    14.8     0.2     5.2    89.9    45.1    70.3 -99.000 -99.000 -99.000 -99.000 -99.000 -9999.0 -9999.0 -9999.0 -9999.0 -9999.0
64757 20240414  2.424  -79.78   44.23    16.0     4.1    10.0     8.7    10.4    12.44 C    26.3     2.5     9.9    85.5    52.5    70.0 -99.000 -99.000 -99.000 -99.000 -99.000 -9999.0 -9999.0 -9999.0 -9999.0 -9999.0
64757 20240415  2.424  -79.78   44.23    14.1     5.4     9.8     9.3     0.0    16.71 C    27.4     0.2    10.8    86.4    29.0    61.2 -99.000 -99.000 -99.000 -99.000 -99.000 -9999.0 -9999.0 -9999.0 -9999.0 -9999.0
64757 20240416  2.424  -79.78   44.23    14.3     1.1     7.7     8.0     0.0    21.86 C    26.9    -2.0     9.1    70.6    21.6    46.4 -99.000 -99.000 -99.000 -99.000 -99.000 -9999.0 -9999.0 -9999.0 -9999.0 -9999.0
64757 20240417  2.424  -79.78   44.23     8.5     2.6     5.5     6.4    14.7     1.74 C     8.8    -0.1     6.1    88.4    55.5    78.4 -99.000 -99.000 -99.000 -99.000 -99.000 -9999.0 -9999.0 -9999.0 -9999.0 -9999.0
64757 20240418  2.424  -79.78   44.23    12.2     6.4     9.3     8.7     0.0     5.90 C    22.0     4.3     9.7    89.5    71.9    81.5 -99.000 -99.000 -99.000 -99.000 -99.000 -9999.0 -9999.0 -9999.0 -9999.0 -9999.0
64757 20240419  2.424  -79.78   44.23    12.7     3.5     8.1     8.2     5.4    11.49 C    21.5     1.0     9.2    88.1    41.1    71.3 -99.000 -99.000 -99.000 -99.000 -99.000 -9999.0 -9999.0 -9999.0 -9999.0 -9999.0
64757 20240420  2.424  -79.78   44.23     5.3     0.8     3.0     3.4     1.2     9.02 C    17.1     0.8     5.0    79.1    46.1    63.7 -99.000 -99.000 -99.000 -99.000 -99.000 -9999.0 -9999.0 -9999.0 -9999.0 -9999.0
64757 20240421  2.424  -79.78   44.23     9.3     0.7     5.0     4.9     0.0    18.45 C    21.5    -1.3     6.8    75.5    30.6    50.2 -99.000 -99.000 -99.000 -99.000 -99.000 -9999.0 -9999.0 -9999.0 -9999.0 -9999.0
64757 20240422  2.424  -79.78   44.23    14.5    -3.5     5.5     6.7     0.0    23.20 C    25.9    -5.8     8.9    68.4    25.0    46.1 -99.000 -99.000 -99.000 -99.000 -99.000 -9999.0 -9999.0 -9999.0 -9999.0 -9999.0
64757 20240423  2.424  -79.78   44.23    14.6     6.8    10.7    10.6     0.0     5.27 C    16.6     3.8     9.3    71.5    40.1    54.3 -99.000 -99.000 -99.000 -99.000 -99.000 -9999.0 -9999.0 -9999.0 -9999.0 -9999.0
64757 20240424  2.424  -79.78   44.23     8.3    -2.1     3.1     3.7     0.0    19.94 C    21.6    -4.2     6.9    84.5    29.3    62.2 -99.000 -99.000 -99.000 -99.000 -99.000 -9999.0 -9999.0 -9999.0 -9999.0 -9999.0
64757 20240425  2.424  -79.78   44.23     9.7    -4.8     2.5     2.6     0.0    24.54 C    25.9    -7.7     6.9    76.3    22.7    49.3 -99.000 -99.000 -99.000 -99.000 -99.000 -9999.0 -9999.0 -9999.0 -9999.0 -9999.0
64757 20240426  2.424  -79.78   44.23    14.1    -3.5     5.3     6.4     0.0    23.98 C    25.0    -5.5     8.2    79.3    20.0    42.0 -99.000 -99.000 -99.000 -99.000 -99.000 -9999.0 -9999.0 -9999.0 -9999.0 -9999.0
64757 20240427  2.424  -79.78   44.23    15.7     3.2     9.4    10.6     4.9     5.75 C    17.8     0.4     9.6    89.2    29.9    71.7 -99.000 -99.000 -99.000 -99.000 -99.000 -9999.0 -9999.0 -9999.0 -9999.0 -9999.0
64757 20240428  2.424  -79.78   44.23    20.2     8.6    14.4    13.5     7.0     8.27 C    28.5     9.6    13.9    87.7    60.3    80.2 -99.000 -99.000 -99.000 -99.000 -99.000 -9999.0 -9999.0 -9999.0 -9999.0 -9999.0
64757 20240429  2.424  -79.78   44.23    11.8     8.3    10.0     9.7    17.9     5.07 C    15.0     9.1    10.8    94.0    82.5    89.0 -99.000 -99.000 -99.000 -99.000 -99.000 -9999.0 -9999.0 -9999.0 -9999.0 -9999.0
64757 20240430  2.424  -79.78   44.23    19.0     6.3    12.6    11.5     6.9    12.80 C    29.2     4.2    13.0    90.2    64.9    82.1 -99.000 -99.000 -99.000 -99.000 -99.000 -9999.0 -9999.0 -9999.0 -9999.0 -9999.0
64757 20240501  2.424  -79.78   44.23    19.8     2.8    11.3    12.4     0.0    17.22 C    27.4     2.6    13.4    87.8    54.2    70.8 -99.000 -99.000 -99.000 -99.000 -99.000 -9999.0 -9999.0 -9999.0 -9999.0 -9999.0
64757 20240502  2.424  -79.78   44.23    18.2     7.3    12.8    12.2     0.0    22.21 C    29.8     5.1    14.6    82.8    38.6    64.6 -99.000 -99.000 -99.000 -99.000 -99.000 -9999.0 -9999.0 -9999.0 -9999.0 -9999.0
64757 20240503  2.424  -79.78   44.23    16.8     9.2    13.0    13.0     2.6     7.90 C    22.3     6.5    13.3    82.6    56.0    73.8 -99.000 -99.000 -99.000 -99.000 -99.000 -9999.0 -9999.0 -9999.0 -9999.0 -9999.0
64757 20240504  2.424  -79.78   44.23    23.3     9.2    16.3    16.0     0.0    20.61 C    33.2     7.8    18.0    88.0    47.9    70.9 -99.000 -99.000 -99.000 -99.000 -99.000 -9999.0 -9999.0 -9999.0 -9999.0 -9999.0
64757 20240505  2.424  -79.78   44.23    18.6     5.8    12.2    13.4     0.0     8.14 C    23.6     2.8    13.7    87.2    56.4    74.6 -99.000 -99.000 -99.000 -99.000 -99.000 -9999.0 -9999.0 -9999.0 -9999.0 -9999.0
64757 20240506  2.424  -79.78   44.23    16.3     4.2    10.3    10.6     0.0    23.89 C    27.8     0.8    12.0    80.1    30.4    54.7 -99.000 -99.000 -99.000 -99.000 -99.000 -9999.0 -9999.0 -9999.0 -9999.0 -9999.0
64757 20240507  2.424  -79.78   44.23    21.2     2.2    11.7    13.1     2.1    22.86 C    32.6     0.6    15.2    78.4    28.4    51.0 -99.000 -99.000 -99.000 -99.000 -99.000 -9999.0 -9999.0 -9999.0 -9999.0 -9999.0
64757 20240508  2.424  -79.78   44.23    17.1     6.1    11.6    11.7     4.2     7.04 C    22.6     4.4    12.4    88.5    62.2    79.7 -99.000 -99.000 -99.000 -99.000 -99.000 -9999.0 -9999.0 -9999.0 -9999.0 -9999.0
64757 20240509  2.424  -79.78   44.23    16.4     3.2     9.8     9.9     0.0    17.85 C    31.2     3.3    12.9    89.6    38.6    67.7 -99.000 -99.000 -99.000 -99.000 -99.000 -9999.0 -9999.0 -9999.0 -9999.0 -9999.0
64757 20240510  2.424  -79.78   44.23    15.7     7.1    11.4    11.3     0.7    14.04 C    32.1     5.0    13.9    77.5    35.1    57.7 -99.000 -99.000 -99.000 -99.000 -99.000 -9999.0 -9999.0 -9999.0 -9999.0 -9999.0
64757 20240511  2.424  -79.78   44.23    16.3     5.6    11.0    10.6     1.5    12.93 C    23.9     3.8    11.2    84.9    38.8    67.3 -99.000 -99.000 -99.000 -99.000 -99.000 -9999.0 -9999.0 -9999.0 -9999.0 -9999.0
64757 20240512  2.424  -79.78   44.23    17.4     8.4    12.9    12.4     0.0    19.22 C    31.0     8.3    16.2    89.1    37.0    68.1 -99.000 -99.000 -99.000 -99.000 -99.000 -9999.0 -9999.0 -9999.0 -9999.0 -9999.0
64757 20240513  2.424  -79.78   44.23    23.6    10.1    16.9    15.7     6.6    12.88 C    30.4     8.5    16.8    83.2    52.3    68.1 -99.000 -99.000 -99.000 -99.000 -99.000 -9999.0 -9999.0 -9999.0 -9999.0 -9999.0
64757 20240514  2.424  -79.78   44.23    15.1     8.7    11.9    11.6     4.0     4.74 C    18.7     8.3    13.5    86.1    79.5    82.7 -99.000 -99.000 -99.000 -99.000 -99.000 -9999.0 -9999.0 -9999.0 -9999.0 -9999.0
64757 20240515  2.424  -79.78   44.23    20.1     6.5    13.3    12.9     0.0    17.07 C    29.6     6.4    15.3    84.5    49.1    68.1 -99.000 -99.000 -99.000 -99.000 -99.000 -9999.0 -9999.0 -9999.0 -9999.0 -9999.0
64757 20240516  2.424  -79.78   44.23    23.3     5.1    14.2    15.4     0.0    22.18 C    34.6     4.9    17.9    80.6    35.8    60.5 -99.000 -99.000 -99.000 -99.000 -99.000 -9999.0 -9999.0 -9999.0 -9999.0 -9999.0
64757 20240517  2.424  -79.78   44.23    19.8    10.9    15.4    16.0     1.0     8.10 C    22.7     9.9    16.0    86.5    64.9    78.5 -99.000 -99.000 -99.000 -99.000 -99.000 -9999.0 -9999.0 -9999.0 -9999.0 -9999.0
64757 20240518  2.424  -79.78   44.23    23.3    11.8    17.5    17.7     0.0    20.12 C    34.9     9.7    20.2    87.6    45.9    70.9 -99.000 -99.000 -99.000 -99.000 -99.000 -9999.0 -9999.0 -9999.0 -9999.0 -9999.0
64757 20240519  2.424  -79.78   44.23    26.6    10.8    18.7    19.2     0.0    19.97 C    36.2    10.0    20.6    88.6    46.9    69.3 -99.000 -99.000 -99.000 -99.000 -99.000 -9999.0 -9999.0 -9999.0 -9999.0 -9999.0
64757 20240520  2.424  -79.78   44.23    28.1     8.6    18.3    18.8     1.0    21.12 C    36.0     6.6    20.2    85.1    28.7    64.9 -99.000 -99.000 -99.000 -99.000 -99.000 -9999.0 -9999.0 -9999.0 -9999.0 -9999.0
64757 20240521  2.424  -79.78   44.23    26.1    14.6    20.4    19.3     5.2    14.15 C    33.4    13.3    20.3    89.3    53.8    75.7 -99.000 -99.000 -99.000 -99.000 -99.000 -9999.0 -9999.0 -9999.0 -9999.0 -9999.0
64757 20240522  2.424  -79.78   44.23    27.7    14.0    20.9    21.1    38.3    16.84 C    33.9    13.7    21.3   100.0    51.2    75.3 -99.000 -99.000 -99.000 -99.000 -99.000 -9999.0 -9999.0 -9999.0 -9999.0 -9999.0
64757 20240523  2.424  -79.78   44.23    23.6    11.9    17.7    18.1     0.0    23.67 C    31.0     9.9    18.6   100.0    30.6    63.8 -99.000 -99.000 -99.000 -99.000 -99.000 -9999.0 -9999.0 -9999.0 -9999.0 -9999.0
64757 20240524  2.424  -79.78   44.23    19.3     7.6    13.5    13.9     0.0    25.82 C    30.7     7.6    16.9    73.3    43.3    55.4 -99.000 -99.000 -99.000 -99.000 -99.000 -9999.0 -9999.0 -9999.0 -9999.0 -9999.0
64757 20240525  2.424  -79.78   44.23    17.7     7.4    12.6    13.0     2.7    10.55 C    23.9     7.4    14.5    84.6    71.7    79.4 -99.000 -99.000 -99.000 -99.000 -99.000 -9999.0 -9999.0 -9999.0 -9999.0 -9999.0
64757 20240526  2.424  -79.78   44.23    21.8     9.6    15.7    15.9     0.0    15.91 C    31.1     8.2    18.0    90.0    44.9    73.8 -99.000 -99.000 -99.000 -99.000 -99.000 -9999.0 -9999.0 -9999.0 -9999.0 -9999.0
64757 20240527  2.424  -79.78   44.23    23.2    14.0    18.6    17.2    24.4     8.39 C    29.0    14.8    18.0    99.0    66.1    89.0 -99.000 -99.000 -99.000 -99.000 -99.000 -9999.0 -9999.0 -9999.0 -9999.0 -9999.0
64757 20240528  2.424  -79.78   44.23    18.0    12.2    15.1    14.8     0.0    13.82 C    24.4    12.8    16.8    89.9    60.2    78.9 -99.000 -99.000 -99.000 -99.000 -99.000 -9999.0 -9999.0 -9999.0 -9999.0 -9999.0
64757 20240529  2.424  -79.78   44.23    15.2     6.7    11.0    12.0     0.0    26.65 C    26.4     5.1    15.6    87.2    35.5    59.6 -99.000 -99.000 -99.000 -99.000 -99.000 -9999.0 -9999.0 -9999.0 -9999.0 -9999.0
64757 20240530  2.424  -79.78   44.23    16.0     4.0    10.0    10.9     0.0    27.14 C    27.2     2.6    13.5    84.7    32.6    55.0 -99.000 -99.000 -99.000 -99.000 -99.000 -9999.0 -9999.0 -9999.0 -9999.0 -9999.0
64757 20240531  2.424  -79.78   44.23    22.8     3.7    13.3    14.5     0.0    26.57 C    31.6     2.7    15.8    81.1    26.5    48.7 -99.000 -99.000 -99.000 -99.000 -99.000 -9999.0 -9999.0 -9999.0 -9999.0 -9999.0
64757 20240601  2.424  -79.78   44.23    24.6     7.7    16.1    17.2     0.0    21.08 C    32.1     5.4    17.7    73.8    29.2    49.7 -99.000 -99.000 -99.000 -99.000 -99.000 -9999.0 -9999.0 -9999.0 -9999.0 -9999.0
64757 20240602  2.424  -79.78   44.23    19.7    13.3    16.5    16.1     0.4     6.00 C    23.5    13.0    16.7    83.9    49.2    70.8 -99.000 -99.000 -99.000 -99.000 -99.000 -9999.0 -9999.0 -9999.0 -9999.0 -9999.0
64757 20240603  2.424  -79.78   44.23    24.5    15.3    19.9    19.1     0.0    16.47 C    32.7    13.4    20.6    88.2    51.7    74.2 -99.000 -99.000 -99.000 -99.000 -99.000 -9999.0 -9999.0 -9999.0 -9999.0 -9999.0
64757 20240604  2.424  -79.78   44.23    28.1    13.3    20.7    21.1     0.0    19.93 C    34.7    11.3    21.8    89.1    46.4    68.8 -99.000 -99.000 -99.000 -99.000 -99.000 -9999.0 -9999.0 -9999.0 -9999.0 -9999.0
64757 20240605  2.424  -79.78   44.23    25.7    15.4    20.6    21.1     0.3    13.31 C    30.6    13.3    21.1    84.6    60.0    72.7 -99.000 -99.000 -99.000 -99.000 -99.000 -9999.0 -9999.0 -9999.0 -9999.0 -9999.0
64757 20240606  2.424  -79.78   44.23    24.2    14.0    19.1    19.5     0.6    19.04 C    30.8    13.2    20.3    88.9    33.8    63.6 -99.000 -99.000 -99.000 -99.000 -99.000 -9999.0 -9999.0 -9999.0 -9999.0 -9999.0
64757 20240607  2.424  -79.78   44.23    17.9    11.9    14.9    14.3     3.3     8.60 C    25.6    12.4    15.7    85.1    61.9    76.4 -99.000 -99.000 -99.000 -99.000 -99.000 -9999.0 -9999.0 -9999.0 -9999.0 -9999.0
64757 20240608  2.424  -79.78   44.23    19.7    11.3    15.5    14.4     2.8    12.36 C    27.6    10.5    15.3    85.5    42.7    70.2 -99.000 -99.000 -99.000 -99.000 -99.000 -9999.0 -9999.0 -9999.0 -9999.0 -9999.0
64757 20240609  2.424  -79.78   44.23    15.6    10.2    12.9    12.6     3.3    10.94 C    21.2     8.2    13.2    87.9    59.3    77.5 -99.000 -99.000 -99.000 -99.000 -99.000 -9999.0 -9999.0 -9999.0 -9999.0 -9999.0
64757 20240610  2.424  -79.78   44.23    12.3     8.9    10.6    10.5     0.0    11.42 C    19.2     9.5    12.4    84.2    61.9    73.7 -99.000 -99.000 -99.000 -99.000 -99.000 -9999.0 -9999.0 -9999.0 -9999.0 -9999.0
64757 20240611  2.424  -79.78   44.23    18.2     8.7    13.5    13.7     0.0    17.36 C    31.5     7.5    16.4    76.9    46.1    62.6 -99.000 -99.000 -99.000 -99.000 -99.000 -9999.0 -9999.0 -9999.0 -9999.0 -9999.0
64757 20240612  2.424  -79.78   44.23    24.6     9.1    16.9    17.2     0.0    20.34 C    32.9     6.9    18.2    84.3    34.5    61.0 -99.000 -99.000 -99.000 -99.000 -99.000 -9999.0 -9999.0 -9999.0 -9999.0 -9999.0
64757 20240613  2.424  -79.78   44.23    29.6    15.2    22.4    21.7     7.7    14.20 C    32.9    12.3    20.8    91.5    40.7    63.3 -99.000 -99.000 -99.000 -99.000 -99.000 -9999.0 -9999.0 -9999.0 -9999.0 -9999.0
64757 20240614  2.424  -79.78   44.23    20.8    10.4    15.6    16.5     0.3    26.75 C    32.2     8.4    19.0    91.7    42.5    67.8 -99.000 -99.000 -99.000 -99.000 -99.000 -9999.0 -9999.0 -9999.0 -9999.0 -9999.0
64757 20240615  2.424  -79.78   44.23    18.4     8.8    13.6    13.6     0.0    27.98 C    32.2     6.3    17.1    86.3    38.7    61.0 -99.000 -99.000 -99.000 -99.000 -99.000 -9999.0 -9999.0 -9999.0 -9999.0 -9999.0
64757 20240616  2.424  -79.78   44.23    23.6     7.7    15.7    16.4     0.0    24.10 C    32.6     6.3    18.6    85.1    29.2    57.4 -99.000 -99.000 -99.000 -99.000 -99.000 -9999.0 -9999.0 -9999.0 -9999.0 -9999.0
64757 20240617  2.424  -79.78   44.23    30.8    13.5    22.2    23.5     1.4    22.64 C    37.8    13.6    24.7    83.4    41.8    63.3 -99.000 -99.000 -99.000 -99.000 -99.000 -9999.0 -9999.0 -9999.0 -9999.0 -9999.0
64757 20240618  2.424  -79.78   44.23    31.9    22.3    27.1    25.6     2.4    16.75 C    40.1    19.2    26.3    81.1    50.5    72.0 -99.000 -99.000 -99.000 -99.000 -99.000 -9999.0 -9999.0 -9999.0 -9999.0 -9999.0
64757 20240619  2.424  -79.78   44.23    33.4    21.4    27.4    26.8     0.0    19.45 C    38.9    19.6    26.7    77.6    39.7    60.5 -99.000 -99.000 -99.000 -99.000 -99.000 -9999.0 -9999.0 -9999.0 -9999.0 -9999.0
64757 20240620  2.424  -79.78   44.23    27.5    18.9    23.2    22.9     0.8    16.03 C    37.6    19.3    25.2    84.9    53.2    72.1 -99.000 -99.000 -99.000 -99.000 -99.000 -9999.0 -9999.0 -9999.0 -9999.0 -9999.0
64757 20240621  2.424  -79.78   44.23    25.7    17.6    21.6    21.3    12.6     8.54 C    38.5    17.2    23.2    87.6    66.5    83.5 -99.000 -99.000 -99.000 -99.000 -99.000 -9999.0 -9999.0 -9999.0 -9999.0 -9999.0
64757 20240622  2.424  -79.78   44.23    24.2    19.5    21.8    20.7    33.1     6.81 C    29.9    19.7    22.2    96.9    75.8    87.5 -99.000 -99.000 -99.000 -99.000 -99.000 -9999.0 -9999.0 -9999.0 -9999.0 -9999.0
64757 20240623  2.424  -79.78   44.23    25.1    15.9    20.5    20.0     1.1     9.62 C    29.9    14.6    20.5    97.0    67.7    84.1 -99.000 -99.000 -99.000 -99.000 -99.000 -9999.0 -9999.0 -9999.0 -9999.0 -9999.0
64757 20240624  2.424  -79.78   44.23    25.3    14.6    19.9    19.8     0.0    26.70 C    34.1    11.9    21.7    84.4    38.7    63.3 -99.000 -99.000 -99.000 -99.000 -99.000 -9999.0 -9999.0 -9999.0 -9999.0 -9999.0
64757 20240625  2.424  -79.78   44.23    24.1    13.4    18.8    19.8     0.7     8.96 C    27.0    11.8    19.5    82.9    60.7    74.1 -99.000 -99.000 -99.000 -99.000 -99.000 -9999.0 -9999.0 -9999.0 -9999.0 -9999.0
64757 20240626  2.424  -79.78   44.23    24.8    14.4    19.6    19.0     9.2    11.64 C    32.8    12.7    20.0    89.4    53.5    78.9 -99.000 -99.000 -99.000 -99.000 -99.000 -9999.0 -9999.0 -9999.0 -9999.0 -9999.0
64757 20240627  2.424  -79.78   44.23    19.2     9.0    14.1    14.9     0.0    24.30 C    30.9     7.8    17.7    89.5    30.4    62.9 -99.000 -99.000 -99.000 -99.000 -99.000 -9999.0 -9999.0 -9999.0 -9999.0 -9999.0
64757 20240628  2.424  -79.78   44.23    22.0     6.8    14.4    15.4     0.0    17.48 C    31.8     5.7    17.1    84.7    37.3    61.6 -99.000 -99.000 -99.000 -99.000 -99.000 -9999.0 -9999.0 -9999.0 -9999.0 -9999.0
64757 20240629  2.424  -79.78   44.23    27.5    14.7    21.1    20.8     5.7    14.87 C    32.8    15.2    21.4    87.9    60.0    74.9 -99.000 -99.000 -99.000 -99.000 -99.000 -9999.0 -9999.0 -9999.0 -9999.0 -9999.0
64757 20240630  2.424  -79.78   44.23    21.4    10.6    16.0    15.2     0.0     9.44 C    22.9     8.5    16.4    86.2    66.2    75.1 -99.000 -99.000 -99.000 -99.000 -99.000 -9999.0 -9999.0 -9999.0 -9999.0 -9999.0
64757 20240701  2.424  -79.78   44.23    23.4     7.3    15.3    16.6     0.0    26.08 C    34.1     5.6    19.0    86.2    36.2    61.1 -99.000 -99.000 -99.000 -99.000 -99.000 -9999.0 -9999.0 -9999.0 -9999.0 -9999.0
64757 20240702  2.424  -79.78   44.23 -9999.0 -9999.0 -9999.0 -9999.0 -9999.0 -9999.00 U -9999.0 -9999.0 -9999.0 -9999.0 -9999.0 -9999.0 -99.000 -99.000 -99.000 -99.000 -99.000 -9999.0 -9999.0 -9999.0 -9999.0 -9999.0
