63838 20240101  2.622  -84.75   38.09     2.2    -1.1     0.6     0.7     0.0     1.52 C     4.3    -2.5     0.9    90.4    73.0    83.0   0.337   0.313   0.339   0.252   0.093     4.8     5.4     6.1     7.2     8.5
63838 20240102  2.622  -84.75   38.09     2.7    -2.3     0.2     0.4     0.0     2.54 C     4.9    -4.3     0.2    89.3    66.4    81.0   0.334   0.311   0.337   0.251   0.094     4.6     5.2     5.9     6.9     8.3
63838 20240103  2.622  -84.75   38.09     3.0    -4.3    -0.7    -0.3     0.0     5.66 C     6.3    -7.5    -1.2    94.4    67.1    82.5   0.331   0.308   0.336   0.251   0.095     3.4     4.2     5.2     6.6     8.1
63838 20240104  2.622  -84.75   38.09     3.5    -5.2    -0.8    -0.1     0.0     4.86 C    13.1    -7.7    -0.2    81.7    51.7    72.0   0.328   0.306   0.335   0.250   0.094     3.9     4.4     5.1     6.2     7.8
63838 20240105  2.622  -84.75   38.09     6.2    -6.6    -0.2    -0.2     0.0     7.94 C    11.7    -8.4    -0.7    85.2    44.4    67.3   0.324   0.303   0.333   0.248   0.095     2.8     3.6     4.5     5.9     7.6
63838 20240106  2.622  -84.75   38.09     4.0     0.8     2.4     2.6    18.4     1.31 C     6.3     0.7     2.9    96.6    54.3    89.9   0.369   0.338   0.350   0.283   0.094     3.8     4.2     4.6     5.7     7.3
63838 20240107  2.622  -84.75   38.09     3.7     1.4     2.5     2.4     1.1     1.30 C     4.8     1.1     2.2    95.6    77.2    86.5   0.371   0.342   0.357   0.294   0.094     4.3     4.7     5.1     5.9     7.2
63838 20240108  2.622  -84.75   38.09     5.6    -4.6     0.5     1.8     4.1     7.64 C     9.6    -5.2     1.2    94.8    62.1    78.3   0.358   0.331   0.353   0.288   0.094     3.7     4.2     4.9     5.8     7.1
63838 20240109  2.622  -84.75   38.09    10.1     0.9     5.5     5.9    34.5     0.99 C    10.2     0.0     5.3    94.1    77.2    88.3   0.401   0.365   0.368   0.317   0.159     4.9     5.1     5.2     5.8     7.0
63838 20240110  2.622  -84.75   38.09     1.7    -0.3     0.7     0.8     1.6     0.84 C     1.7    -2.1     0.1    91.3    75.8    84.6   0.377   0.347   0.361   0.296   0.180     3.9     4.5     5.2     5.9     7.0
63838 20240111  2.622  -84.75   38.09    10.1    -0.2     5.0     4.2     0.0    10.47 C    11.6    -3.3     1.8    83.2    43.9    64.2   0.361   0.336   0.356   0.290   0.174     3.6     4.1     4.7     5.7     7.0
63838 20240112  2.622  -84.75   38.09     9.8    -1.0     4.4     5.6    23.7     0.44 C     8.0    -3.6     3.9    93.0    46.5    75.9   0.379   0.350   0.361   0.302   0.177     4.0     4.3     4.7     5.6     6.8
63838 20240113  2.622  -84.75   38.09     2.2    -4.6    -1.2    -2.7     0.6     2.86 C     2.0    -6.1    -2.6    89.9    64.5    74.1   0.373   0.348   0.361   0.297   0.178     2.8     3.7     4.6     5.5     6.7
63838 20240114  2.622  -84.75   38.09    -3.7   -12.2    -7.9    -8.5     1.5     8.46 C    -1.2   -11.2    -6.2    86.2    47.6    65.9   0.356   0.336   0.355   0.287   0.170     1.2     2.2     3.4     4.9     6.6
63838 20240115  2.622  -84.75   38.09    -9.4   -13.6   -11.5   -11.7     0.6     5.45 C    -5.3   -15.9    -9.8    83.9    60.4    76.0   0.345   0.328   0.350   0.283   0.169     0.8     1.6     2.7     4.4     6.2
63838 20240116  2.622  -84.75   38.09    -9.3   -14.0   -11.7   -11.7     0.0     7.39 C    -6.3   -16.6   -12.1    72.7    60.1    66.8   0.331   0.324   0.347   0.280   0.169     0.6     1.4     2.5     4.0     5.9
63838 20240117  2.622  -84.75   38.09    -5.0   -17.2   -11.1   -10.9     0.0    10.94 C    -5.0   -19.1   -12.3    79.5    42.5    61.2 -99.000   0.318   0.344   0.276   0.167     0.3     1.2     2.2     3.7     5.6
63838 20240118  2.622  -84.75   38.09     0.5    -8.4    -4.0    -3.7     3.5     3.40 C     0.8   -11.1    -4.5    95.4    38.3    60.3 -99.000   0.311   0.341   0.276   0.164     0.1     0.9     1.9     3.5     5.4
63838 20240119  2.622  -84.75   38.09    -2.7   -11.5    -7.1    -6.1     2.5     5.82 C    -3.0   -11.7    -6.4    94.9    66.2    81.2 -99.000   0.309   0.339   0.275   0.162     0.2     0.9     1.8     3.3     5.2
63838 20240120  2.622  -84.75   38.09   -10.2   -18.7   -14.4   -14.2     0.0    11.08 C    -9.2   -21.3   -16.0    82.2    60.8    71.8 -99.000   0.309   0.338   0.272   0.162     0.2     0.9     1.8     3.2     5.0
63838 20240121  2.622  -84.75   38.09    -5.4   -21.2   -13.3   -12.1     0.0    10.85 C    -0.9   -22.5   -13.0    93.1    54.4    74.8 -99.000   0.306   0.336   0.271   0.161     0.1     0.8     1.7     3.1     4.8
63838 20240122  2.622  -84.75   38.09     6.3   -10.9    -2.3    -0.6     0.0     9.31 C    14.0   -13.7    -2.7    73.9    29.3    52.6 -99.000   0.304   0.335   0.270   0.161     0.1     0.8     1.7     3.0     4.7
63838 20240123  2.622  -84.75   38.09    10.3     3.4     6.8     6.7     3.0     1.06 C     7.6     0.1     4.4    90.9    67.1    77.9 -99.000   0.318   0.337   0.270   0.160     0.3     0.8     1.6     2.9     4.6
63838 20240124  2.622  -84.75   38.09    14.6     8.7    11.7    12.0    26.9     1.38 C    13.0     6.5    10.1    97.6    80.8    90.6   0.399   0.368   0.364   0.305   0.166     3.8     3.1     2.7     3.1     4.5
63838 20240125  2.622  -84.75   38.09    16.8    12.9    14.9    14.7     8.8     2.04 C    17.6    11.6    13.9    98.0    84.9    95.6   0.389   0.367   0.368   0.310   0.181     8.0     7.2     5.8     4.7     4.7
63838 20240126  2.622  -84.75   38.09    16.0     7.3    11.7    10.8     0.2     2.78 C    14.2     6.2    10.2    94.6    78.1    86.4   0.375   0.357   0.363   0.300   0.176     9.0     8.6     7.6     6.3     5.5
63838 20240127  2.622  -84.75   38.09     8.9     5.8     7.4     7.3     8.1     1.30 C     9.4     5.9     7.4    96.3    88.0    93.3   0.376   0.353   0.361   0.291   0.167     7.6     7.6     7.4     6.8     6.3
63838 20240128  2.622  -84.75   38.09     8.6     2.5     5.6     4.3    10.3     1.71 C     8.0     2.8     4.4    94.6    84.9    92.0   0.394   0.370   0.370   0.310   0.175     6.5     6.9     7.0     6.8     6.7
63838 20240129  2.622  -84.75   38.09     3.6     0.6     2.1     1.8     0.0     1.72 C     4.9     0.6     2.2    92.3    78.4    85.1   0.375   0.356   0.363   0.298   0.173     5.2     5.6     6.1     6.5     6.8
63838 20240130  2.622  -84.75   38.09     4.8    -1.0     1.9     1.9     1.1     3.12 C     7.9    -0.5     2.5    92.3    80.3    87.3   0.368   0.347   0.359   0.289   0.168     4.6     5.0     5.5     6.0     6.7
63838 20240131  2.622  -84.75   38.09     5.8     1.7     3.7     3.8     0.0     4.67 C    13.5     1.0     4.0    92.2    63.3    79.5   0.365   0.344   0.357   0.287   0.166     5.2     5.4     5.6     5.9     6.6
63838 20240201  2.622  -84.75   38.09    12.8    -1.3     5.7     5.7     0.0    11.04 C    15.2    -2.9     4.3    88.0    47.2    69.3   0.359   0.340   0.354   0.284   0.165     5.0     5.3     5.5     5.9     6.6
63838 20240202  2.622  -84.75   38.09    11.4     2.1     6.8     6.4     0.0     8.00 C    18.8    -1.1     4.6    82.8    54.4    69.7   0.353   0.335   0.352   0.281   0.164     5.5     5.7     5.8     6.0     6.6
63838 20240203  2.622  -84.75   38.09    11.4    -2.8     4.3     4.1     0.0    12.93 C    14.7    -3.5     3.4    91.5    42.7    70.2   0.348   0.331   0.351   0.280   0.161     4.8     5.2     5.6     6.0     6.6
63838 20240204  2.622  -84.75   38.09    13.8    -0.8     6.5     6.1     0.0    10.68 C    17.1    -2.7     4.8    82.1    33.5    59.6   0.342   0.327   0.348   0.277   0.160     4.9     5.2     5.4     5.9     6.6
63838 20240205  2.622  -84.75   38.09    14.1    -0.4     6.8     6.1     0.0    13.22 C    17.9    -2.4     4.9    77.7    29.8    54.1   0.335   0.323   0.346   0.276   0.160     5.1     5.4     5.6     5.9     6.6
63838 20240206  2.622  -84.75   38.09     9.0     0.1     4.6     3.4     0.0    11.59 C    17.2    -3.7     3.7    92.1    48.2    72.0   0.330   0.319   0.344   0.275   0.159     5.1     5.4     5.6     6.0     6.6
63838 20240207  2.622  -84.75   38.09    16.8    -3.6     6.6     7.0     0.0    12.88 C    25.0    -5.2     5.1    87.4    20.3    53.0   0.324   0.316   0.342   0.273   0.162     4.9     5.2     5.4     5.9     6.6
63838 20240208  2.622  -84.75   38.09    17.2     5.7    11.4    11.1     0.0     8.63 C    18.7     0.5     8.2    62.8    29.3    43.1   0.319   0.313   0.341   0.272   0.161     5.9     6.0     5.9     6.1     6.6
63838 20240209  2.622  -84.75   38.09    14.5     8.8    11.7    12.1     0.0     4.08 C    15.3     5.2    10.8    93.7    57.0    73.1   0.314   0.310   0.340   0.269   0.159     7.5     7.3     6.8     6.5     6.7
63838 20240210  2.622  -84.75   38.09    14.9     7.3    11.1    12.6    11.5     3.43 C    16.3     7.2    11.8    95.6    71.1    87.9   0.363   0.333   0.343   0.269   0.155     9.4     9.0     8.2     7.3     7.1
63838 20240211  2.622  -84.75   38.09    10.6     3.5     7.1     6.0     2.4     6.39 C    16.0     2.6     6.8    92.9    68.6    86.5   0.384   0.353   0.356   0.271   0.154     8.5     8.6     8.4     7.9     7.5
63838 20240212  2.622  -84.75   38.09    10.0     1.2     5.6     5.4     7.6     8.73 C    12.7     0.5     5.3    87.2    57.3    73.3   0.374   0.350   0.356   0.278   0.157     7.3     7.6     7.8     7.8     7.8
63838 20240213  2.622  -84.75   38.09    10.4    -1.1     4.6     4.9     0.0    13.98 C    13.9    -2.5     3.6    77.5    32.1    56.4   0.378   0.358   0.364   0.293   0.161     6.3     6.7     7.1     7.5     7.8
63838 20240214  2.622  -84.75   38.09    13.0     0.6     6.8     5.7     0.0    14.06 C    20.4    -2.7     5.0    78.4    45.7    63.5   0.363   0.344   0.359   0.289   0.167     6.1     6.4     6.7     7.1     7.7
63838 20240215  2.622  -84.75   38.09    16.3     2.8     9.5     8.7     0.0    11.28 C    18.7    -0.8     6.1    75.2    43.6    59.1   0.355   0.338   0.355   0.285   0.166     6.5     6.7     6.8     7.1     7.6
63838 20240216  2.622  -84.75   38.09     7.1    -1.9     2.6     1.5    10.0     5.58 C    11.8    -4.0     0.9    94.9    49.3    77.3   0.364   0.339   0.355   0.282   0.164     5.2     5.8     6.4     7.0     7.5
63838 20240217  2.622  -84.75   38.09    -1.8    -7.8    -4.8    -4.4     0.0    10.80 C    -0.4   -10.4    -4.9    88.6    49.3    72.2   0.381   0.356   0.362   0.284   0.163     3.9     4.7     5.5     6.5     7.4
63838 20240218  2.622  -84.75   38.09     6.4    -9.4    -1.5    -2.0     0.0    15.61 C     7.7   -10.8    -3.2    76.5    33.7    56.5   0.374   0.351   0.360   0.286   0.165     2.6     3.3     4.4     5.7     7.1
63838 20240219  2.622  -84.75   38.09    10.6    -5.4     2.6     2.6     0.0    15.80 C    16.9    -7.3     1.5    79.7    30.1    54.5   0.367   0.346   0.359   0.285   0.166     3.0     3.5     4.1     5.2     6.6
63838 20240220  2.622  -84.75   38.09    13.7    -2.4     5.6     5.8     0.0    15.81 C    20.6    -5.5     3.9    75.0    25.9    49.1   0.361   0.341   0.356   0.284   0.165     4.1     4.4     4.6     5.3     6.4
63838 20240221  2.622  -84.75   38.09    18.3     2.4    10.3    10.3     0.0    14.94 C    20.7    -3.4     6.9    54.2    31.5    42.9   0.354   0.335   0.354   0.282   0.166     5.1     5.2     5.1     5.6     6.4
63838 20240222  2.622  -84.75   38.09    15.0     9.5    12.2    12.7    16.3     1.09 C    15.2     8.6    11.1    95.4    40.4    70.7   0.372   0.347   0.357   0.285   0.164     7.4     7.1     6.5     6.2     6.5
63838 20240223  2.622  -84.75   38.09    14.6     5.5    10.1     9.4     0.0    14.97 C    17.9     1.9     8.9    92.0    32.0    69.5   0.383   0.360   0.367   0.302   0.173     8.4     8.3     7.6     7.0     6.9
63838 20240224  2.622  -84.75   38.09     6.8    -4.6     1.1     2.5     0.0     7.69 C    11.8    -6.1     2.4    83.7    53.7    67.6   0.367   0.345   0.360   0.290   0.170     6.5     7.0     7.3     7.3     7.2
63838 20240225  2.622  -84.75   38.09    14.5    -4.9     4.8     5.1     0.0    14.25 C    18.2    -6.8     3.7    85.9    34.3    59.4   0.359   0.338   0.356   0.285   0.166     5.0     5.5     6.0     6.7     7.3
63838 20240226  2.622  -84.75   38.09    21.5     8.3    14.9    14.8     0.5    15.56 C    23.9     2.9    12.1    67.5    31.4    49.7   0.351   0.333   0.353   0.281   0.165     7.5     7.3     6.8     6.7     7.1
63838 20240227  2.622  -84.75   38.09    20.3    12.2    16.2    16.2    19.5     2.57 C    18.7    10.7    13.9    86.8    47.1    68.8   0.387   0.360   0.364   0.301   0.171     9.8     9.4     8.5     7.7     7.4
63838 20240228  2.622  -84.75   38.09    20.7    -2.1     9.3     7.9    39.0     4.92 C    17.9    -3.6     7.0    92.5    51.2    68.9   0.398   0.370   0.373   0.310   0.185    10.1    10.3     9.8     8.8     8.0
63838 20240229  2.622  -84.75   38.09     5.6    -5.6     0.0    -0.2     0.0    16.06 C    15.6    -6.9     1.2    79.6    32.2    53.9   0.378   0.352   0.364   0.293   0.175     6.4     7.0     7.8     8.3     8.3
63838 20240301  2.622  -84.75   38.09     6.7    -2.5     2.1     3.0     3.3     2.15 C     7.5    -4.5     2.3    95.7    51.9    75.6   0.376   0.347   0.360   0.288   0.169     5.5     6.1     6.8     7.5     8.1
63838 20240302  2.622  -84.75   38.09    11.5     6.7     9.1     8.6     0.4     5.00 C    15.2     6.2     9.0    98.1    76.8    91.7   0.386   0.356   0.363   0.287   0.164     7.5     7.4     7.1     7.3     7.8
63838 20240303  2.622  -84.75   38.09    19.4     2.8    11.1    11.1     0.0    12.40 C    22.8     1.6    10.3    98.8    47.6    80.3   0.378   0.350   0.361   0.288   0.164     8.9     8.7     8.2     7.8     7.9
63838 20240304  2.622  -84.75   38.09    23.7    12.6    18.1    17.7     0.0    15.10 C    28.3     9.1    15.9    90.8    48.1    69.7   0.368   0.342   0.358   0.284   0.167    11.1    10.7     9.5     8.6     8.1
63838 20240305  2.622  -84.75   38.09    18.8    13.6    16.2    15.6     3.0     4.87 C    22.8    10.2    14.4    95.5    69.1    82.2   0.359   0.336   0.354   0.280   0.169    11.9    11.6    10.7     9.6     8.6
63838 20240306  2.622  -84.75   38.09    16.2     8.7    12.4    13.0    21.0     5.44 C    18.6     8.9    13.4    97.0    82.5    92.4   0.402   0.368   0.370   0.301   0.179    12.5    12.3    11.4    10.2     9.2
63838 20240307  2.622  -84.75   38.09    11.7     6.9     9.3     9.4     0.0     4.90 C    15.1     7.5    10.0    95.6    78.7    87.6   0.387   0.358   0.365   0.292   0.177    11.4    11.5    11.2    10.5     9.6
63838 20240308  2.622  -84.75   38.09    16.5     8.7    12.6    12.6     3.7     3.55 C    19.2     8.1    12.1    92.3    74.0    86.5   0.386   0.354   0.362   0.287   0.173    11.4    11.3    10.9    10.4     9.8
63838 20240309  2.622  -84.75   38.09    14.1     4.5     9.3     9.6     8.4     2.79 C    12.4     2.4     9.3    95.2    75.6    85.8   0.404   0.371   0.373   0.300   0.176    11.3    11.5    11.2    10.6    10.0
63838 20240310  2.622  -84.75   38.09     8.3     0.1     4.2     4.2     0.0    19.28 C    11.8    -3.0     3.7    76.2    30.8    51.8   0.382   0.352   0.363   0.291   0.176     8.8     9.4     9.9    10.2    10.1
63838 20240311  2.622  -84.75   38.09    13.4    -3.7     4.9     5.4     0.0    19.49 C    19.6    -6.6     4.7    81.4    25.8    49.3   0.368   0.342   0.358   0.285   0.171     7.9     8.3     8.8     9.4     9.8
63838 20240312  2.622  -84.75   38.09    18.5     3.7    11.1    11.3     0.0    18.96 C    24.1    -0.2     8.8    57.1    24.0    40.8   0.355   0.333   0.354   0.281   0.168     8.9     9.0     9.0     9.2     9.5
63838 20240313  2.622  -84.75   38.09    21.5     8.8    15.1    15.1     0.0    17.58 C    25.7     2.3    12.2    65.8    37.4    47.4   0.341   0.325   0.349   0.277   0.168    10.3    10.2     9.7     9.4     9.4
63838 20240314  2.622  -84.75   38.09    24.8    12.9    18.9    18.7     8.8    13.49 C    25.7     8.6    16.4    83.5    50.2    62.3   0.327   0.317   0.345   0.274   0.167    12.0    11.7    10.8    10.1     9.6
63838 20240315  2.622  -84.75   38.09    14.9     4.9     9.9    11.7     9.3     1.66 C    15.0     1.7    11.0    95.8    84.8    91.6   0.401   0.366   0.362   0.281   0.168    12.4    12.5    11.8    10.9    10.0
63838 20240316  2.622  -84.75   38.09    16.3     0.6     8.5     8.5     0.0    18.60 C    20.0     0.2     8.6    99.0    38.6    72.7   0.385   0.356   0.363   0.289   0.169    11.0    11.2    11.0    10.7    10.3
63838 20240317  2.622  -84.75   38.09    11.9     1.2     6.5     7.8     0.0    20.27 C    16.6    -2.3     7.3    70.7    33.8    49.7   0.368   0.343   0.358   0.285   0.171    10.7    11.0    10.9    10.7    10.4
63838 20240318  2.622  -84.75   38.09     3.0    -2.9     0.0     0.2     0.0     9.39 C    11.4    -4.4     0.3    74.0    44.3    58.7   0.354   0.333   0.353   0.281   0.169     8.0     8.7     9.6    10.2    10.3
63838 20240319  2.622  -84.75   38.09    11.0    -3.7     3.6     4.1     0.0    20.74 C    14.7    -5.4     4.3    72.3    29.6    47.8   0.344   0.327   0.350   0.280   0.167     7.3     7.8     8.4     9.2     9.9
63838 20240320  2.622  -84.75   38.09    15.6     2.3     8.9     8.8     0.0    18.91 C    19.4    -1.1     7.4    60.8    24.5    39.8   0.328   0.319   0.345   0.277   0.167     8.1     8.4     8.5     9.0     9.6
63838 20240321  2.622  -84.75   38.09     8.6    -4.3     2.2     2.9     0.0    20.53 C    17.2    -6.1     4.2    62.1    28.5    43.5   0.313   0.311   0.341   0.275   0.167     7.6     8.2     8.5     8.9     9.4
63838 20240322  2.622  -84.75   38.09    11.8     1.1     6.5     7.2     0.8     3.12 C    11.4    -1.0     6.1    90.3    40.7    62.7   0.305   0.306   0.339   0.272   0.166     7.6     8.1     8.4     8.8     9.3
63838 20240323  2.622  -84.75   38.09     8.5    -1.6     3.4     4.8     0.0    20.49 C    14.3    -3.7     5.6    91.2    39.7    66.7   0.303   0.302   0.337   0.271   0.164     8.3     8.8     8.8     8.9     9.2
63838 20240324  2.622  -84.75   38.09    13.2    -3.6     4.8     4.6     0.0    18.14 C    17.5    -5.3     4.7    75.5    30.0    52.9   0.292   0.296   0.333   0.269   0.164     7.4     8.1     8.4     8.8     9.2
63838 20240325  2.622  -84.75   38.09    20.6     6.3    13.4    13.8     0.0    17.38 C    23.8     1.9    12.0    48.2    17.3    32.4   0.276   0.289   0.329   0.267   0.164     9.0     9.1     8.8     8.9     9.1
63838 20240326  2.622  -84.75   38.09    16.0     9.0    12.5    12.5     7.8     5.44 C    16.9     7.5    11.2    89.7    49.2    76.9   0.279   0.284   0.328   0.264   0.163    10.0    10.1     9.7     9.3     9.2
63838 20240327  2.622  -84.75   38.09     9.7     1.4     5.6     6.7     0.0    16.75 C    17.0    -1.9     6.4    80.3    53.0    67.3   0.291   0.286   0.326   0.263   0.163     9.9    10.0     9.9     9.6     9.4
63838 20240328  2.622  -84.75   38.09    13.2    -1.8     5.7     6.6     0.0    22.09 C    21.8    -4.5     6.6    83.1    33.0    54.9   0.285   0.285   0.325   0.261   0.164     9.4     9.5     9.5     9.5     9.6
63838 20240329  2.622  -84.75   38.09    20.6     4.0    12.3    12.4     0.0    21.30 C    22.9     0.1    10.2    67.6    25.1    44.8   0.274   0.282   0.323   0.260   0.160    10.2    10.1     9.9     9.6     9.6
63838 20240330  2.622  -84.75   38.09    23.3     9.0    16.1    16.8     0.9    16.30 C    24.5     4.2    14.3    84.8    37.8    47.3   0.259   0.275   0.319   0.257   0.158    11.2    11.0    10.5    10.0     9.7
63838 20240331  2.622  -84.75   38.09    20.5    12.7    16.6    16.9     3.5     8.63 C    26.1    10.6    16.4    96.2    63.4    79.6   0.258   0.271   0.317   0.255   0.158    13.1    12.8    11.7    10.7    10.0
63838 20240401  2.622  -84.75   38.09    24.4    18.6    21.5    20.8     0.0     9.14 C    27.1    16.2    19.5    76.9    60.8    69.5   0.258   0.269   0.315   0.253   0.161    14.6    14.2    12.9    11.6    10.4
63838 20240402  2.622  -84.75   38.09    23.4    10.6    17.0    18.5    37.1     7.08 C    23.3     9.6    17.7    93.2    62.7    79.8   0.345   0.318   0.322   0.260   0.159    15.4    15.1    13.9    12.4    11.0
63838 20240403  2.622  -84.75   38.09    11.2     3.4     7.3     6.9     0.5    12.30 C    14.3     3.0     7.0    86.5    46.5    68.1   0.384   0.360   0.363   0.297   0.163    13.1    13.4    13.4    12.7    11.5
63838 20240404  2.622  -84.75   38.09     7.1     2.2     4.6     4.2     0.9     9.01 C    12.5     0.9     4.3    87.6    56.5    75.3   0.369   0.347   0.359   0.286   0.167    10.6    11.0    11.6    11.9    11.6
63838 20240405  2.622  -84.75   38.09     7.5     1.9     4.7     4.5     0.9     5.05 C    11.3     0.4     4.5    90.3    68.7    83.5   0.362   0.341   0.356   0.284   0.167     9.6    10.0    10.5    11.0    11.3
63838 20240406  2.622  -84.75   38.09    13.2    -0.1     6.5     6.6     0.0    23.42 C    22.3    -2.3     7.2    97.1    41.1    67.8   0.356   0.336   0.353   0.281   0.167    10.1    10.4    10.3    10.6    10.9
63838 20240407  2.622  -84.75   38.09    18.5     1.1     9.8    10.7     0.0    19.00 C    20.4    -1.2     9.5    79.3    35.1    55.1   0.340   0.327   0.348   0.278   0.167    10.6    10.9    10.7    10.7    10.8
63838 20240408  2.622  -84.75   38.09    22.6    11.2    16.9    17.3     0.0    15.17 C    26.2     5.9    15.3    80.3    40.3    62.8   0.321   0.317   0.344   0.276   0.166    12.5    12.3    11.6    11.1    10.8
63838 20240409  2.622  -84.75   38.09    16.7    12.9    14.8    14.7     0.2     2.58 C    15.9    11.3    13.6    92.5    70.0    82.3   0.312   0.311   0.341   0.274   0.166    12.9    12.9    12.4    11.7    11.1
63838 20240410  2.622  -84.75   38.09    19.8    13.0    16.4    15.7    21.2     6.92 C    22.4    11.8    15.4    95.7    74.2    89.3   0.376   0.352   0.356   0.277   0.166    13.5    13.4    12.7    11.9    11.3
63838 20240411  2.622  -84.75   38.09    18.8    10.8    14.8    15.0    41.8     5.68 C    22.2     9.5    14.7    96.0    79.5    89.2   0.415   0.385   0.379   0.315   0.185    14.5    14.4    13.6    12.6    11.7
63838 20240412  2.622  -84.75   38.09    12.5     7.8    10.1    10.0     3.0     5.25 C    13.0     5.9     8.9    85.7    62.0    76.1   0.393   0.368   0.370   0.296   0.180    12.8    13.0    13.2    12.8    12.1
63838 20240413  2.622  -84.75   38.09    19.9     7.0    13.5    13.6     0.0    24.84 C    21.9     3.0    11.6    71.0    29.1    49.6   0.377   0.355   0.365   0.290   0.177    12.8    12.7    12.5    12.3    12.1
63838 20240414  2.622  -84.75   38.09    26.3    12.0    19.2    19.5     0.0    23.93 C    26.1     9.0    17.2    65.1    23.3    43.1   0.350   0.337   0.357   0.283   0.172    13.9    13.8    13.1    12.6    12.1
63838 20240415  2.622  -84.75   38.09    28.0    14.6    21.3    21.3     0.7    23.01 C    28.5    11.1    19.5    70.1    41.2    56.5   0.320   0.320   0.348   0.277   0.169    15.6    15.2    14.1    13.1    12.2
63838 20240416  2.622  -84.75   38.09    26.7    16.4    21.5    22.0     0.0    16.29 C    29.5    13.7    20.4    78.5    39.9    58.5   0.301   0.308   0.342   0.274   0.168    17.0    16.7    15.4    14.0    12.6
63838 20240417  2.622  -84.75   38.09    25.7    16.1    20.9    21.1     3.2    17.52 C    26.8    12.7    19.6    87.0    39.2    65.8   0.291   0.298   0.337   0.270   0.167    17.3    17.0    16.0    14.6    13.1
63838 20240418  2.622  -84.75   38.09    25.6    10.9    18.3    19.4     0.0    24.35 C    31.7     7.7    18.8    84.4    40.4    59.4   0.283   0.291   0.333   0.267   0.167    17.6    17.3    16.2    14.9    13.5
63838 20240419  2.622  -84.75   38.09    22.2    10.5    16.3    14.4     4.8     6.85 C    20.3     9.1    14.3    93.7    53.0    78.0   0.282   0.286   0.329   0.264   0.167    16.8    16.9    16.4    15.3    13.8
63838 20240420  2.622  -84.75   38.09    15.2     5.5    10.3    10.5     0.0    23.33 C    20.9     2.6    10.5    75.1    32.2    51.3   0.282   0.284   0.327   0.262   0.166    15.2    15.4    15.3    14.8    14.0
63838 20240421  2.622  -84.75   38.09    10.8     3.7     7.3     7.1     0.0    20.50 C    21.5     0.3     8.5    68.3    44.5    54.5   0.272   0.279   0.323   0.260   0.167    13.9    14.3    14.5    14.4    13.9
63838 20240422  2.622  -84.75   38.09    16.4     0.5     8.4     9.1     0.0    25.95 C    25.8    -2.3     9.7    89.4    29.0    55.6   0.261   0.272   0.318   0.257   0.166    13.7    13.9    13.9    13.9    13.7
63838 20240423  2.622  -84.75   38.09    20.5     6.2    13.3    13.7     1.4    21.53 C    22.9     2.8    12.8    89.3    28.5    50.5   0.247   0.262   0.314   0.253   0.165    14.0    14.2    14.0    13.9    13.5
63838 20240424  2.622  -84.75   38.09    19.0     6.2    12.6    13.5     1.8    20.33 C    26.4     5.0    14.2    96.3    44.6    70.7   0.240   0.254   0.309   0.249   0.164    15.2    15.2    14.5    14.0    13.4
63838 20240425  2.622  -84.75   38.09    15.4     1.4     8.4     8.6     0.0    26.04 C    25.3     0.4    10.6    90.5    39.1    67.4   0.234   0.248   0.305   0.247   0.164    14.4    14.7    14.5    14.1    13.5
63838 20240426  2.622  -84.75   38.09    21.9     6.0    14.0    14.0     0.0    17.54 C    27.5     4.2    14.1    77.1    50.3    67.0   0.226   0.241   0.300   0.245   0.161    14.8    14.9    14.5    14.1    13.6
63838 20240427  2.622  -84.75   38.09    24.9    15.8    20.3    20.1     0.0    15.91 C    28.5    14.2    19.1    78.4    53.6    66.2   0.216   0.233   0.295   0.242   0.160    16.4    16.1    15.2    14.4    13.7
63838 20240428  2.622  -84.75   38.09    26.4    15.9    21.2    20.9     0.0    21.04 C    30.1    14.0    20.0    79.3    47.9    63.8   0.206   0.222   0.288   0.238   0.160    17.6    17.1    16.1    14.9    13.9
63838 20240429  2.622  -84.75   38.09    25.9    15.7    20.8    21.0     0.0    21.32 C    29.5    13.2    20.2    76.3    49.8    62.2   0.194   0.209   0.279   0.233   0.159    18.1    17.7    16.7    15.5    14.2
63838 20240430  2.622  -84.75   38.09    23.4    14.2    18.8    18.6    20.1    19.51 C    28.9    10.5    18.6    95.0    44.4    73.4   0.308   0.204   0.273   0.231   0.158    18.6    18.3    17.3    15.9    14.6
63838 20240501  2.622  -84.75   38.09    27.4    11.2    19.3    20.4     0.0    25.72 C    32.3     8.8    19.9    89.2    38.6    63.4   0.289   0.209   0.272   0.228   0.157    19.0    18.6    17.6    16.3    14.9
63838 20240502  2.622  -84.75   38.09    28.5    15.4    22.0    22.9     0.0    25.19 C    33.7    12.6    21.9    81.1    36.8    56.4   0.263   0.209   0.269   0.226   0.156    20.2    19.7    18.4    16.9    15.2
63838 20240503  2.622  -84.75   38.09    21.4    17.4    19.4    19.5     4.7     6.48 C    22.8    16.3    19.1    91.3    67.0    82.5   0.251   0.208   0.268   0.225   0.155    19.7    19.5    18.7    17.3    15.6
63838 20240504  2.622  -84.75   38.09    24.4    17.4    20.9    20.3     0.0    12.50 C    29.9    16.1    20.3    94.2    64.4    83.2   0.253   0.209   0.268   0.224   0.155    19.9    19.6    18.6    17.4    15.9
63838 20240505  2.622  -84.75   38.09    25.5    16.5    21.0    20.5     0.0    18.46 C    31.9    15.1    20.9    93.9    56.0    77.1   0.248   0.208   0.267   0.223   0.154    20.4    20.0    18.9    17.6    16.1
63838 20240506  2.622  -84.75   38.09    24.3    16.6    20.4    19.5    26.9    12.43 C    27.7    16.2    19.5    92.6    66.0    85.2   0.345   0.251   0.267   0.221   0.154    20.0    19.9    19.1    17.9    16.3
63838 20240507  2.622  -84.75   38.09    25.9    16.8    21.3    21.4     8.2    12.36 C    27.9    15.7    21.2    95.2    69.5    84.4   0.388   0.331   0.296   0.221   0.153    20.4    20.2    19.3    18.0    16.5
63838 20240508  2.622  -84.75   38.09    24.7    16.6    20.7    20.0    15.1    16.17 C    29.4    16.0    20.6    93.9    67.3    84.2   0.395   0.357   0.334   0.223   0.153    20.9    20.7    19.7    18.3    16.7
63838 20240509  2.622  -84.75   38.09    24.2    15.9    20.1    19.8     4.2    17.07 C    26.3    14.8    19.4    93.2    50.6    75.9   0.391   0.360   0.362   0.279   0.153    20.2    20.2    19.7    18.5    17.0
63838 20240510  2.622  -84.75   38.09    19.7    10.6    15.1    14.6     0.0    16.55 C    28.1     8.1    15.7    89.8    43.6    70.4   0.370   0.340   0.355   0.279   0.158    18.9    19.1    18.9    18.3    17.1
63838 20240511  2.622  -84.75   38.09    21.3     9.3    15.3    15.3     0.0    23.55 C    26.9     7.6    14.9    88.5    33.0    61.4   0.352   0.327   0.348   0.273   0.159    17.9    18.2    18.1    17.8    17.0
63838 20240512  2.622  -84.75   38.09    23.6     7.7    15.6    16.8     0.0    27.19 C    32.4     5.2    17.4    86.0    34.3    56.2   0.330   0.312   0.339   0.269   0.160    18.5    18.5    18.0    17.5    16.8
63838 20240513  2.622  -84.75   38.09    25.0    13.0    19.0    18.4     0.0    17.24 C    32.5     9.3    17.8    91.3    42.3    61.4   0.309   0.298   0.332   0.264   0.161    18.9    19.0    18.5    17.7    16.8
63838 20240514  2.622  -84.75   38.09    20.8    15.1    18.0    17.4     8.5     7.90 C    24.5    15.0    17.5    94.4    77.5    87.2   0.318   0.292   0.328   0.261   0.161    18.6    18.7    18.4    17.8    16.9
63838 20240515  2.622  -84.75   38.09    22.6    15.5    19.0    18.2   100.3    15.15 C    28.9    15.2    18.8    95.2    68.2    87.0   0.402   0.368   0.369   0.315   0.297    18.6    18.6    18.2    17.7    17.1
63838 20240516  2.622  -84.75   38.09    24.8    13.3    19.0    19.5     0.0    23.27 C    31.3    12.8    20.7    96.9    58.8    78.5   0.380   0.351   0.363   0.287   0.180    20.5    20.1    19.2    18.0    17.1
63838 20240517  2.622  -84.75   38.09    20.2    14.8    17.5    18.2     4.7     6.96 C    22.2    14.2    18.4    96.3    81.7    88.7   0.379   0.346   0.359   0.281   0.177    20.3    20.3    19.7    18.6    17.4
63838 20240518  2.622  -84.75   38.09    25.0    14.2    19.6    19.3     0.0    20.11 C    31.5    14.7    20.7    97.4    58.4    82.1   0.380   0.349   0.361   0.280   0.175    20.7    20.6    19.7    18.7    17.5
63838 20240519  2.622  -84.75   38.09    28.3    14.1    21.2    22.1     0.0    26.40 C    36.1    13.4    23.0    96.4    40.7    68.5   0.361   0.334   0.355   0.276   0.176    21.9    21.7    20.5    19.1    17.7
63838 20240520  2.622  -84.75   38.09    28.8    14.8    21.8    22.8     0.0    27.65 C    35.8    13.5    23.2    87.5    38.5    62.5   0.338   0.318   0.347   0.272   0.174    22.8    22.6    21.3    19.7    18.0
63838 20240521  2.622  -84.75   38.09    29.2    17.7    23.4    23.8     0.0    24.58 C    34.9    15.4    23.3    77.0    48.5    62.7   0.315   0.304   0.339   0.267   0.172    23.0    22.9    21.9    20.2    18.4
63838 20240522  2.622  -84.75   38.09    25.7    17.0    21.4    21.8     2.6    11.19 C    29.9    16.1    21.4    90.4    63.8    73.2   0.297   0.291   0.332   0.263   0.171    22.1    22.1    21.6    20.4    18.8
63838 20240523  2.622  -84.75   38.09    24.1    16.8    20.4    19.2    30.0    11.34 C    30.7    16.1    19.8    91.9    65.6    84.5   0.321   0.305   0.335   0.270   0.169    21.5    21.5    21.0    20.1    18.9
63838 20240524  2.622  -84.75   38.09    26.2    14.9    20.6    20.7    19.0    23.28 C    31.1    14.7    21.9    94.8    57.9    80.3   0.386   0.358   0.363   0.298   0.186    22.4    22.2    21.3    20.1    18.9
63838 20240525  2.622  -84.75   38.09    26.8    18.5    22.7    22.1     0.0    17.11 C    33.1    17.4    22.5    91.1    61.8    78.4   0.388   0.360   0.370   0.294   0.188    22.9    22.7    21.9    20.6    19.1
63838 20240526  2.622  -84.75   38.09    25.4    17.5    21.5    20.7    16.6    10.54 C    25.8    16.8    20.1    94.7    65.3    81.8   0.396   0.361   0.369   0.289   0.180    22.2    22.4    21.9    20.8    19.4
63838 20240527  2.622  -84.75   38.09    25.7    15.2    20.4    20.2     6.7    25.03 C    28.3    14.3    19.9    92.6    51.4    73.4   0.401   0.365   0.374   0.298   0.187    21.7    21.8    21.3    20.6    19.5
63838 20240528  2.622  -84.75   38.09    25.1    14.1    19.6    19.8     0.0    25.20 C    29.4    12.6    19.3    88.5    39.5    64.2   0.375   0.341   0.362   0.283   0.178    21.5    21.7    21.3    20.5    19.4
63838 20240529  2.622  -84.75   38.09    19.9    12.5    16.2    16.6     0.0    20.89 C    26.4    10.9    16.6    85.5    53.9    69.6   0.358   0.328   0.353   0.276   0.176    20.2    20.7    20.6    20.2    19.4
63838 20240530  2.622  -84.75   38.09    23.1    11.3    17.2    17.4     0.0    26.77 C    29.9     9.5    18.4    91.4    39.7    67.9   0.345   0.315   0.346   0.273   0.176    20.8    20.9    20.4    19.8    19.2
63838 20240531  2.622  -84.75   38.09    23.8    10.4    17.1    17.6     0.0    28.10 C    27.7     8.5    17.6    83.0    35.8    58.1   0.325   0.302   0.338   0.269   0.172    20.7    20.9    20.6    20.0    19.2
63838 20240601  2.622  -84.75   38.09    23.6    14.1    18.8    18.5     1.5    13.41 C    25.9    12.1    17.8    89.3    53.4    67.2   0.305   0.290   0.331   0.265   0.168    20.2    20.5    20.4    19.9    19.1
63838 20240602  2.622  -84.75   38.09    24.7    16.6    20.6    19.9     0.0    12.90 C    28.7    16.2    19.9    95.5    68.4    83.5   0.301   0.285   0.328   0.263   0.168    20.7    20.8    20.3    19.7    19.0
63838 20240603  2.622  -84.75   38.09    27.6    16.3    21.9    22.1     0.0    23.84 C    31.2    15.7    22.3    97.0    45.8    74.3   0.293   0.280   0.323   0.260   0.168    22.4    22.3    21.2    20.0    19.0
63838 20240604  2.622  -84.75   38.09    29.2    17.1    23.1    21.8    11.3    17.99 C    33.2    15.6    21.8    90.5    56.6    80.3   0.302   0.271   0.318   0.255   0.166    22.8    22.8    21.9    20.6    19.3
63838 20240605  2.622  -84.75   38.09    26.6    19.9    23.3    22.9    17.6    15.26 C    28.9    19.3    22.9    91.3    66.2    81.8   0.345   0.274   0.317   0.254   0.166    23.0    22.9    22.1    20.9    19.5
63838 20240606  2.622  -84.75   38.09    27.4    18.2    22.8    23.1     1.4    25.05 C    29.4    15.3    22.7    93.0    42.7    67.8   0.401   0.343   0.347   0.253   0.167    23.7    23.5    22.6    21.2    19.7
63838 20240607  2.622  -84.75   38.09    25.3    13.9    19.6    20.3     0.0    28.77 C    27.5    12.1    19.6    77.5    36.3    54.1   0.371   0.322   0.341   0.255   0.167    22.5    22.6    22.2    21.3    19.9
63838 20240608  2.622  -84.75   38.09    25.0    13.4    19.2    20.1     0.0    13.24 C    26.8    11.3    19.4    80.2    52.6    67.7   0.347   0.308   0.335   0.254   0.165    21.6    21.7    21.5    21.0    20.0
63838 20240609  2.622  -84.75   38.09    23.4    16.7    20.1    20.8     0.0    18.53 C    26.9    15.4    20.7    84.2    47.0    68.1   0.333   0.298   0.330   0.254   0.165    22.2    22.2    21.6    20.9    19.9
63838 20240610  2.622  -84.75   38.09    22.2    12.4    17.3    17.3     0.0    23.62 C    26.2    10.1    17.7    88.6    52.7    69.7   0.316   0.285   0.323   0.253   0.165    21.3    21.5    21.3    20.8    19.8
63838 20240611  2.622  -84.75   38.09    23.2     8.6    15.9    16.9     0.0    29.29 C    28.2     7.3    17.6    94.2    38.2    63.5   0.297   0.273   0.317   0.249   0.163    21.1    21.2    20.9    20.4    19.7
63838 20240612  2.622  -84.75   38.09    26.9    11.7    19.3    20.1     0.0    29.10 C    30.3     9.7    20.3    86.5    33.7    57.9   0.279   0.262   0.308   0.247   0.163    22.0    22.0    21.3    20.5    19.7
63838 20240613  2.622  -84.75   38.09    29.7    13.7    21.7    22.8     0.0    28.68 C    31.5    12.3    22.4    86.6    35.7    58.0   0.259   0.248   0.300   0.243   0.162    22.8    22.8    22.0    20.9    19.7
63838 20240614  2.622  -84.75   38.09    30.7    17.0    23.8    23.8     0.0    22.12 C    32.6    16.3    23.4    85.1    39.3    66.7   0.240   0.235   0.290   0.239   0.161    23.5    23.4    22.5    21.2    19.9
63838 20240615  2.622  -84.75   38.09    28.4    17.6    23.0    23.1     0.0    28.85 C    30.5    15.3    22.7    82.1    29.1    52.9   0.222   0.220   0.277   0.235   0.158    23.5    23.4    22.7    21.6    20.1
63838 20240616  2.622  -84.75   38.09    32.4    14.5    23.5    25.0     0.0    27.70 C    35.0    12.6    25.0    71.9     7.0    42.6   0.206   0.203   0.262   0.230   0.157    23.8    23.6    22.6    21.6    20.3
63838 20240617  2.622  -84.75   38.09    33.1    23.3    28.2    28.4     0.0    25.24 C    35.7    22.1    28.1    65.4    22.8    44.8   0.192   0.189   0.247   0.224   0.156    25.5    25.2    23.8    22.2    20.5
63838 20240618  2.622  -84.75   38.09    31.8    23.3    27.6    27.5     0.0    18.26 C    34.3    21.8    27.2    66.4    33.4    49.7   0.182   0.178   0.236   0.217   0.152    25.7    25.5    24.3    22.6    20.9
63838 20240619  2.622  -84.75   38.09    29.5    21.0    25.2    26.0     0.0    16.73 C    32.6    20.1    25.7    66.4    36.8    50.8   0.176   0.170   0.228   0.212   0.150    25.3    25.2    24.3    22.9    21.1
63838 20240620  2.622  -84.75   38.09    31.8    19.3    25.6    26.3     0.0    25.80 C    35.9    18.4    26.7    81.1    23.2    51.1   0.170   0.163   0.219   0.207   0.150    25.9    25.6    24.4    22.9    21.3
63838 20240621  2.622  -84.75   38.09    33.2    19.9    26.6    27.3     0.0    25.94 C    36.8    19.0    27.7    77.4    27.3    48.4   0.162   0.156   0.209   0.199   0.146    26.5    26.2    24.9    23.2    21.5
63838 20240622  2.622  -84.75   38.09    33.1    20.5    26.8    27.5     0.0    24.42 C    36.3    19.7    27.6    78.7    32.1    52.9   0.156   0.149   0.201   0.191   0.142    26.6    26.5    25.2    23.6    21.7
63838 20240623  2.622  -84.75   38.09    29.8    21.8    25.8    25.5     0.0    14.02 C    31.2    20.7    25.3    71.0    42.2    57.5   0.150   0.145   0.195   0.183   0.138    25.2    25.4    24.8    23.6    21.9
63838 20240624  2.622  -84.75   38.09    29.1    17.7    23.4    23.4     0.0    28.09 C    33.1    16.7    24.4    80.7    30.6    53.9   0.147   0.141   0.191   0.176   0.136    25.2    25.1    24.3    23.2    21.9
63838 20240625  2.622  -84.75   38.09    32.1    18.5    25.3    24.3     3.2    22.51 C    35.4    16.7    24.2    73.3    23.3    52.9   0.143   0.137   0.186   0.167   0.131    24.6    24.9    24.2    23.1    21.9
63838 20240626  2.622  -84.75   38.09    28.7    19.9    24.3    23.2    11.4    15.09 C    30.3    19.2    23.2    80.8    47.6    68.6   0.160   0.136   0.184   0.163   0.127    24.6    24.7    24.1    23.0    21.8
63838 20240627  2.622  -84.75   38.09    28.7    18.6    23.6    23.1     0.0    26.74 C    31.6    17.3    23.4    81.5    32.4    58.8   0.199   0.138   0.185   0.163   0.125    25.3    25.0    24.2    23.0    21.8
63838 20240628  2.622  -84.75   38.09    32.1    17.2    24.7    25.4     0.0    24.25 C    34.4    15.9    25.5    70.3    28.0    52.5   0.182   0.138   0.185   0.161   0.122    25.3    25.1    24.2    23.1    21.9
63838 20240629  2.622  -84.75   38.09    33.2    24.5    28.8    28.6     0.0    20.62 C    35.7    23.6    28.5    62.3    39.6    51.3   0.164   0.138   0.184   0.158   0.121    26.3    26.2    25.0    23.5    22.0
63838 20240630  2.622  -84.75   38.09    30.7    17.9    24.3    26.1     0.0    24.04 C    35.3    16.1    26.7    70.4    36.5    53.3   0.150   0.136   0.182   0.154   0.120    26.5    26.5    25.4    23.9    22.2
63838 20240701  2.622  -84.75   38.09    25.2    13.9    19.5    19.3     0.0    29.33 C    28.7    12.7    19.9    72.3    28.3    49.4   0.140   0.132   0.179   0.148   0.117    24.4    24.5    24.2    23.5    22.3
63838 20240702  2.622  -84.75   38.09 -9999.0 -9999.0 -9999.0 -9999.0 -9999.0 -9999.00 U -9999.0 -9999.0 -9999.0 -9999.0 -9999.0 -9999.0 -99.000 -99.000 -99.000 -99.000 -99.000 -9999.0 -9999.0 -9999.0 -9999.0 -9999.0
