63855 20240101  2.622  -85.13   36.01     0.6    -1.9    -0.6    -0.9     0.0     2.32 C     6.2    -1.2     0.7    89.1    67.6    79.9   0.313   0.282 -99.000   0.282   0.313     5.8     6.5     7.5     8.8     9.6
63855 20240102  2.622  -85.13   36.01     6.3    -5.3     0.5     0.5     0.0     9.47 C    14.1    -7.3     1.8    94.8    50.3    72.4   0.302   0.280 -99.000   0.279   0.304     5.8     6.4     7.3     8.5     9.5
63855 20240103  2.622  -85.13   36.01     2.1    -7.1    -2.5    -1.9     0.0     2.14 C     3.9    -8.1    -2.3    95.7    69.3    85.6   0.296   0.281 -99.000   0.276   0.299     4.2     5.0     6.5     8.2     9.3
63855 20240104  2.622  -85.13   36.01     3.7    -3.9    -0.1    -0.4     0.0     7.27 C    11.6    -7.3     0.1    92.3    52.6    76.0   0.294   0.278 -99.000   0.274   0.293     4.6     5.3     6.3     7.8     9.0
63855 20240105  2.622  -85.13   36.01     6.3    -4.2     1.0     1.5     2.0     7.39 C    12.2    -7.9     0.9    85.3    42.0    61.3   0.291   0.277 -99.000   0.271   0.290     4.1     4.7     5.9     7.6     8.8
63855 20240106  2.622  -85.13   36.01     7.0     2.5     4.7     4.7    11.1     1.41 C     7.7     2.2     4.8    99.5    85.7    96.9   0.353   0.294 -99.000   0.379   0.299     6.0     6.1 -9999.0     7.6     8.6
63855 20240107  2.622  -85.13   36.01     3.1    -5.0    -1.0     1.0     1.5     1.94 C     5.6    -5.9     0.8    99.2    71.8    89.1   0.351   0.297 -99.000   0.445   0.373     5.7     6.1 -9999.0     7.8     8.6
63855 20240108  2.622  -85.13   36.01     8.2    -5.1     1.5     2.9     3.0     8.06 C    12.0    -7.1     2.0    98.2    37.3    69.8   0.333   0.299 -99.000   0.378   0.391     4.5     5.0     6.1     7.6     8.6
63855 20240109  2.622  -85.13   36.01     9.0    -0.9     4.1     5.3    58.8     1.99 C     8.9    -1.1     4.9    98.3    66.7    89.1   0.523   0.462 -99.000   0.512   0.482     6.6     6.7     6.9     7.5     8.4
63855 20240110  2.622  -85.13   36.01     3.9    -1.1     1.4     0.2     0.0     4.48 C     7.3    -4.3    -0.6    88.6    65.5    79.9   0.422   0.399 -99.000   0.516   0.494     5.0     5.6     6.7     7.7     8.4
63855 20240111  2.622  -85.13   36.01    11.4    -0.5     5.4     4.5     0.0    10.69 C    15.3    -3.4     2.4    86.3    29.7    61.2   0.370   0.350 -99.000   0.519   0.495     4.9     5.3     6.1     7.4     8.3
63855 20240112  2.622  -85.13   36.01     8.7     0.6     4.6     6.3    14.8     0.67 C     7.1    -0.1     4.7    93.4    61.5    81.3   0.450   0.429 -99.000   0.520   0.497     5.6     5.9     6.4     7.4     8.1
63855 20240113  2.622  -85.13   36.01     2.1    -4.6    -1.3    -1.7     0.0     9.16 C     7.8    -5.1    -0.6    80.7    50.8    69.5   0.428   0.407 -99.000   0.523   0.499     4.8     5.4     6.3     7.4     8.1
63855 20240114  2.622  -85.13   36.01     0.3    -7.2    -3.5    -3.1     4.1     7.98 C     6.9    -6.6    -1.7    90.5    44.3    69.4   0.363   0.352 -99.000   0.525   0.500     3.7     4.4     5.5     7.1     8.0
63855 20240115  2.622  -85.13   36.01    -6.3   -10.1    -8.2    -7.7     9.8     2.41 C    -5.0    -9.5    -6.8    92.2    85.1    88.6   0.357   0.344 -99.000   0.527   0.502     3.9     4.5     5.4     6.9     7.8
63855 20240116  2.622  -85.13   36.01   -10.1   -20.3   -15.2   -13.6     0.0     9.04 C    -8.6   -29.3   -15.7    93.1    64.2    81.1   0.354   0.341 -99.000   0.530   0.503     4.2     4.7     5.5     6.8     7.7
63855 20240117  2.622  -85.13   36.01    -5.2   -24.3   -14.8   -13.3     0.0    11.55 C    -5.8   -31.0   -18.9    89.1    30.5    64.3   0.350   0.337 -99.000   0.532   0.504     3.8     4.4     5.4     6.7     7.6
63855 20240118  2.622  -85.13   36.01     1.0   -14.3    -6.7    -3.4     4.7     4.55 C     0.1   -21.5    -7.2    99.6    34.1    67.7   0.356   0.336 -99.000   0.532   0.504     3.9     4.3     5.3     6.6     7.5
63855 20240119  2.622  -85.13   36.01     1.0   -12.7    -5.9    -5.9     1.1     3.12 C     0.1   -12.5    -5.4   100.0    73.7    85.2   0.391   0.361 -99.000   0.534   0.506     4.1     4.5     5.4     6.5     7.4
63855 20240120  2.622  -85.13   36.01   -11.7   -18.9   -15.3   -15.1     0.0    11.44 C   -10.1   -24.7   -17.1    88.3    61.8    75.0   0.369   0.350 -99.000   0.536   0.507     3.8     4.3     5.2     6.4     7.3
63855 20240121  2.622  -85.13   36.01    -2.5   -18.8   -10.6   -10.3     0.0    10.33 C    -3.1   -23.6   -14.0    87.0    43.1    67.6   0.354   0.341 -99.000   0.537   0.508     3.1     3.8     4.8     6.3     7.2
63855 20240122  2.622  -85.13   36.01     5.2    -7.9    -1.4     0.8     0.0    10.47 C     1.2   -14.5    -4.2    68.3    30.5    51.8   0.363   0.342 -99.000   0.537   0.508     3.3     3.8     4.7     6.1     7.0
63855 20240123  2.622  -85.13   36.01     9.7     3.8     6.7     7.2     0.0     2.27 C     9.3     0.2     5.3    95.9    61.9    83.0   0.446   0.409 -99.000   0.536   0.509     4.8     4.6     5.1     5.9     6.9
63855 20240124  2.622  -85.13   36.01    14.0     9.0    11.5    12.4    26.4     0.60 C    13.1     7.2    11.2    99.2    94.3    96.6   0.498   0.466 -99.000   0.535   0.509     8.1     7.6     7.0     6.6     7.0
63855 20240125  2.622  -85.13   36.01    17.1    13.5    15.3    15.3    17.7     1.43 C    17.2    12.2    14.2   100.0    89.7    96.9   0.557   0.517 -99.000   0.535   0.509    10.9    10.4     9.4     8.0     7.6
63855 20240126  2.622  -85.13   36.01    15.7     6.8    11.3    12.1     0.0     6.98 C    20.4     4.9    11.4    98.8    66.4    87.9   0.541   0.503 -99.000   0.534   0.508    11.3    10.7    10.3     9.1     8.5
63855 20240127  2.622  -85.13   36.01    14.1     3.8     8.9     9.6    20.4     1.02 C    13.0     4.1     9.3    99.8    85.4    96.4   0.504   0.479 -99.000   0.535   0.507    10.0     9.9    10.1     9.5     9.2
63855 20240128  2.622  -85.13   36.01     3.8     1.2     2.5     2.1    12.7     4.80 C     6.5     1.8     3.3    96.3    91.2    95.4   0.545   0.516 -99.000   0.537   0.507     8.0     8.4     9.3     9.4     9.4
63855 20240129  2.622  -85.13   36.01     2.2    -1.0     0.6     0.7     0.2     4.39 C     7.9     0.5     2.6    96.0    81.5    90.6   0.537   0.504 -99.000   0.539   0.508     6.8     7.3     8.1     8.7     9.1
63855 20240130  2.622  -85.13   36.01    11.1    -1.7     4.7     3.8     0.2     8.81 C    16.5    -0.4     5.1   100.0    51.6    83.1   0.513   0.463 -99.000   0.539   0.508     7.1     7.3     7.6     8.2     8.8
63855 20240131  2.622  -85.13   36.01     5.6    -3.7     0.9     1.6     0.0     6.14 C    17.2    -4.9     2.5    97.1    61.9    83.0   0.409   0.392 -99.000   0.538   0.508     6.7     7.1     7.7     8.3     8.7
63855 20240201  2.622  -85.13   36.01    12.4    -5.9     3.3     2.8     0.0    12.14 C    18.2    -6.2     2.5    97.0    31.0    72.8   0.376   0.364 -99.000   0.538   0.508     5.5     6.0     6.8     8.0     8.6
63855 20240202  2.622  -85.13   36.01    16.7     0.3     8.5     8.5     0.0    12.32 C    22.2    -0.2     7.4    90.9    46.0    67.8   0.363   0.355 -99.000   0.538   0.507     7.2     7.1     7.3     7.9     8.4
63855 20240203  2.622  -85.13   36.01    15.1    -1.1     7.0     7.3     0.0    12.69 C    22.1    -2.7     6.2   100.0    43.2    73.6   0.355   0.350 -99.000   0.538   0.507     7.5     7.5     7.8     8.2     8.4
63855 20240204  2.622  -85.13   36.01    12.7     3.5     8.1     8.0     0.0     6.83 C    13.3    -0.6     5.2    75.5    24.8    45.0   0.345   0.343 -99.000   0.537   0.507     7.1     7.3     7.8     8.3     8.6
63855 20240205  2.622  -85.13   36.01    16.5     1.3     8.9     8.5     0.0    13.60 C    21.9    -2.2     6.5    64.7    20.6    43.7   0.337   0.341 -99.000   0.538   0.507     7.2     7.4     7.7     8.3     8.6
63855 20240206  2.622  -85.13   36.01    12.6    -2.1     5.3     5.1     0.0    13.66 C    20.5    -4.3     4.5    88.2    35.7    62.6   0.332   0.340 -99.000   0.539   0.508     6.9     7.2     7.7     8.3     8.7
63855 20240207  2.622  -85.13   36.01    17.2    -3.8     6.7     6.6     0.0    13.97 C    23.5    -5.7     5.2    95.4    21.4    58.5   0.329   0.337 -99.000   0.540   0.508     6.8     7.0     7.5     8.2     8.6
63855 20240208  2.622  -85.13   36.01    13.8     5.1     9.5     8.7     0.0     9.01 C    19.8    -0.4     7.2    55.5    30.4    43.9   0.322   0.332 -99.000   0.540   0.506     7.3     7.4     7.8     8.2     8.6
63855 20240209  2.622  -85.13   36.01    12.6     7.0     9.8     9.3    17.6     1.12 C    11.6     6.0     8.8    99.3    48.1    90.8   0.407   0.386 -99.000   0.538   0.508     8.3     8.2     8.3     8.4     8.7
63855 20240210  2.622  -85.13   36.01    15.0     9.3    12.1    12.3    26.7     1.55 C    14.8     9.1    11.7   100.0    90.6    96.3   0.516   0.475 -99.000   0.537   0.509    10.1     9.8     9.4     8.9     8.8
63855 20240211  2.622  -85.13   36.01    11.1     7.8     9.4     9.4    11.7     2.78 C    14.5     7.2     9.9    99.0    89.9    95.5   0.558   0.502 -99.000   0.536   0.508    10.0     9.9     9.8     9.5     9.2
63855 20240212  2.622  -85.13   36.01    12.4     0.6     6.5     9.1    17.8     1.33 C    13.0     1.0     9.5   100.0    91.0    98.6   0.563   0.507 -99.000   0.536   0.507    10.2    10.1    10.0     9.7     9.5
63855 20240213  2.622  -85.13   36.01     7.4    -2.0     2.7     2.2     1.0    14.80 C    14.1    -3.1     3.7    95.9    46.1    77.8   0.559   0.499 -99.000   0.537   0.508     8.1     8.6     9.4     9.7     9.7
63855 20240214  2.622  -85.13   36.01    13.3    -3.1     5.1     4.5     0.0    14.84 C    19.7    -4.0     4.4    96.3    36.7    72.1   0.439   0.399 -99.000   0.538   0.508     7.2     7.6     8.3     9.1     9.5
63855 20240215  2.622  -85.13   36.01    15.8    -0.7     7.6     8.7     0.0    13.41 C    21.4    -2.3     7.3    92.8    43.5    63.9   0.389   0.369 -99.000   0.537   0.508     7.7     7.9     8.2     8.9     9.2
63855 20240216  2.622  -85.13   36.01    14.4     0.2     7.3     7.9    10.3     6.19 C    14.7    -0.9     7.1    96.2    59.3    74.7   0.401   0.377 -99.000   0.537   0.507     8.4     8.5     8.7     9.0     9.2
63855 20240217  2.622  -85.13   36.01     0.2    -6.3    -3.0    -2.8     0.0    11.01 C     9.8    -5.5     0.0    96.3    48.4    75.7   0.486   0.449 -99.000   0.540   0.510     6.5     7.4     8.2     9.0     9.2
63855 20240218  2.622  -85.13   36.01     5.7   -10.3    -2.3    -2.6     0.0    15.86 C    14.6    -9.7    -0.7    91.5    32.9    61.8   0.393   0.370 -99.000   0.540   0.509     4.7     5.6     6.7     8.3     9.0
63855 20240219  2.622  -85.13   36.01    11.7    -7.6     2.1     1.5     0.0    16.07 C    20.5    -8.6     1.8    91.7    25.6    62.9   0.374   0.359 -99.000   0.541   0.509     4.8     5.4     6.2     7.8     8.5
63855 20240220  2.622  -85.13   36.01    13.2    -4.0     4.6     4.1     0.0    13.09 C    22.7    -6.1     3.8    89.8    25.9    58.6   0.364   0.351 -99.000   0.541   0.510     5.6     6.0     6.5     7.6     8.3
63855 20240221  2.622  -85.13   36.01    16.5    -2.8     6.9     8.3     0.0    15.12 C    22.3    -4.8     7.2    87.1    30.1    51.9   0.352   0.345 -99.000   0.541   0.509     6.6     6.7     6.9     7.7     8.2
63855 20240222  2.622  -85.13   36.01    16.7     8.9    12.8    11.7    13.6     8.86 C    21.6     5.4    10.6    97.6    43.6    67.8   0.348   0.346 -99.000   0.540   0.507     8.6     8.3     8.1     8.1     8.3
63855 20240223  2.622  -85.13   36.01    13.9     3.6     8.7     9.4     4.0    14.05 C    19.9    -0.3     9.3   100.0    38.1    67.6   0.473   0.446 -99.000   0.541   0.507     9.7     9.4     9.2     8.8     8.7
63855 20240224  2.622  -85.13   36.01     7.4    -4.4     1.5     3.1     0.0    11.52 C    15.4    -6.1     3.0    90.6    46.8    64.0   0.391   0.368 -99.000   0.541   0.506     7.7     8.1     8.7     9.0     9.0
63855 20240225  2.622  -85.13   36.01    12.6    -6.8     2.9     4.5     0.0     9.86 C    15.8    -7.6     3.5    95.7    34.7    61.2   0.372   0.355 -99.000   0.541   0.505     6.0     6.5     7.4     8.5     9.0
63855 20240226  2.622  -85.13   36.01    21.0     8.0    14.5    14.7     0.0    14.01 C    25.4     3.2    12.6    57.0    39.5    47.2   0.356   0.346 -99.000   0.540   0.505     8.9     8.5     8.2     8.4     8.8
63855 20240227  2.622  -85.13   36.01    18.7    12.6    15.7    15.9     0.0     3.92 C    17.9    10.9    14.4    86.2    46.6    71.3   0.339   0.342 -99.000   0.535   0.504    10.8    10.3     9.7     9.1     9.0
63855 20240228  2.622  -85.13   36.01    18.2    -3.3     7.5     8.4     9.6     3.79 C    16.1    -4.0     7.9    92.0    41.6    72.9   0.375   0.354 -99.000   0.536   0.505    10.9    10.9    10.7     9.9     9.5
63855 20240229  2.622  -85.13   36.01     6.4    -5.2     0.6     1.1     0.0    12.93 C    16.0    -6.1     2.4    71.4    30.2    49.6   0.375   0.354 -99.000   0.538   0.506     7.2     7.9     8.8     9.7     9.7
63855 20240301  2.622  -85.13   36.01     7.7     2.2     4.9     5.2     7.2     2.68 C     9.0     1.1     5.4    98.3    47.2    83.0   0.395   0.359 -99.000   0.539   0.505     7.3     7.7 -9999.0     9.1     9.5
63855 20240302  2.622  -85.13   36.01    14.3     3.5     8.9     9.3     0.9    10.13 C    22.2     2.0     9.7   100.0    67.8    91.0   0.399   0.365 -99.000   0.538   0.505     9.4     9.2     9.0     9.1     9.3
63855 20240303  2.622  -85.13   36.01    19.0     8.1    13.6    13.2     0.0    15.76 C    25.8     8.0    14.2   100.0    57.4    85.5   0.377   0.355 -99.000   0.537   0.505    11.3    10.7    10.1     9.5     9.4
63855 20240304  2.622  -85.13   36.01    18.4    11.3    14.9    15.2     0.0     9.86 C    24.1     7.9    14.8    96.4    70.4    86.8   0.361   0.349 -99.000   0.534   0.504    12.8    12.2    11.5    10.4     9.9
63855 20240305  2.622  -85.13   36.01    17.1    11.3    14.2    13.7    11.6     4.80 C    19.6    10.4    13.1    96.0    72.2    88.5   0.389   0.358 -99.000   0.519   0.504    12.6    12.3    11.9    11.0    10.4
63855 20240306  2.622  -85.13   36.01    13.3    10.3    11.8    11.7    25.2     3.25 C    15.3    10.3    12.0    99.5    86.7    95.9   0.546   0.496 -99.000   0.516   0.504    12.2    12.1    11.9    11.3    10.8
63855 20240307  2.622  -85.13   36.01    18.0     9.9    13.9    12.3     0.0    10.52 C    23.7     8.1    13.3    98.5    55.2    86.9   0.551   0.504 -99.000   0.516   0.503    12.9    12.5    12.1    11.5    11.0
63855 20240308  2.622  -85.13   36.01    16.4     9.5    12.9    13.2     1.1     4.43 C    18.6     8.1    12.3    96.6    68.6    84.5   0.473   0.417 -99.000   0.515   0.503    12.6    12.5    12.3    11.7    11.2
63855 20240309  2.622  -85.13   36.01    13.5     3.2     8.3     9.0     9.2     3.52 C    15.4     2.6     9.7   100.0    76.1    93.8   0.510   0.475 -99.000   0.516   0.503    12.2    12.2    12.2    11.8    11.4
63855 20240310  2.622  -85.13   36.01     8.0    -0.6     3.7     3.2     0.0    19.38 C    15.3    -3.4     4.1    85.6    30.1    58.0   0.485   0.441 -99.000   0.516   0.503    10.0    10.5    11.2    11.5    11.4
63855 20240311  2.622  -85.13   36.01    14.2    -2.6     5.8     4.5     0.0    19.72 C    22.8    -5.0     5.3    80.2    18.7    49.7   0.398   0.379 -99.000   0.518   0.503     9.0     9.3    10.0    10.8    11.0
63855 20240312  2.622  -85.13   36.01    18.2    -2.7     7.7     8.2     0.0    19.09 C    25.1    -4.2     7.7    87.4    18.4    52.4   0.378   0.365 -99.000   0.517   0.502     9.3     9.4     9.8    10.4    10.7
63855 20240313  2.622  -85.13   36.01    20.5     0.9    10.7    11.8     0.0    16.47 C    27.9    -0.4    10.3    88.9    40.5    63.4   0.358   0.354 -99.000   0.509   0.502    10.4    10.3    10.3    10.4    10.5
63855 20240314  2.622  -85.13   36.01    23.2     5.8    14.5    16.2     0.0    13.33 C    25.8     3.4    14.2    94.0    52.2    69.5   0.340   0.344 -99.000   0.387   0.501    11.8    11.4    11.1    10.7    10.6
63855 20240315  2.622  -85.13   36.01    19.1     9.5    14.3    14.6    22.0     6.99 C    22.7    10.2    14.7    99.9    70.9    89.6   0.478   0.449 -99.000   0.518   0.502    13.6    13.1    12.5    11.5    11.0
63855 20240316  2.622  -85.13   36.01    17.4     5.1    11.2    10.6     0.0    18.53 C    25.0     3.7    12.4    99.9    39.5    76.1   0.414   0.392 -99.000   0.546   0.501    13.6    13.2    12.9    12.0    11.4
63855 20240317  2.622  -85.13   36.01    14.2     1.6     7.9     9.7     0.0    14.87 C    21.6     0.1    10.0    88.6    40.0    60.0   0.380   0.370 -99.000   0.546   0.500    12.8    12.8    12.8    12.2    11.7
63855 20240318  2.622  -85.13   36.01     5.2    -3.3     0.9     0.9     0.0    17.90 C    15.5    -4.6     2.8    73.6    34.8    55.3   0.359   0.355 -99.000   0.482   0.500    10.1    10.7    11.5    11.9    11.8
63855 20240319  2.622  -85.13   36.01     9.8    -7.4     1.2     2.9     0.0    20.70 C    17.6    -8.1     4.3    90.0    28.3    51.9   0.342   0.345 -99.000   0.349   0.500     8.5     9.1    10.0    11.1    11.4
63855 20240320  2.622  -85.13   36.01    17.9     3.7    10.8    10.6     0.0    20.19 C    24.1     0.8    10.0    59.7    28.5    44.6   0.326   0.339 -99.000   0.327   0.486    10.3    10.2    10.3    10.7    11.0
63855 20240321  2.622  -85.13   36.01    17.7     2.7    10.2    10.3     0.0    17.99 C    25.4    -0.6     9.7    60.6    27.5    40.2   0.304   0.331 -99.000   0.318   0.456    10.8    10.8 -9999.0    10.8    10.9
63855 20240322  2.622  -85.13   36.01    19.9     7.5    13.7    13.0    12.3    11.36 C    24.4     4.4    12.2    98.3    33.1    59.4   0.303   0.325 -99.000   0.314   0.442    11.7    11.5    11.3    11.1    11.0
63855 20240323  2.622  -85.13   36.01    11.7     1.2     6.5     7.8     0.8    14.65 C    19.2     0.0     9.1    98.0    39.3    73.9   0.384   0.359 -99.000   0.532   0.496    11.9    11.9    11.8    11.4    11.2
63855 20240324  2.622  -85.13   36.01    17.4    -2.3     7.6     8.6     0.0    20.09 C    23.1    -3.0     9.3    81.6    22.3    47.4   0.348   0.346 -99.000   0.516   0.487    10.7    10.8    11.2    11.3    11.3
63855 20240325  2.622  -85.13   36.01    15.9     7.3    11.6    11.5     0.0    14.12 C    19.0     5.8    11.0    64.8    25.3    41.1   0.321   0.337 -99.000   0.342   0.450    10.7    10.9    11.2    11.2    11.2
63855 20240326  2.622  -85.13   36.01    14.7     7.5    11.1    11.5    30.0     5.34 C    18.1     4.9    10.7    97.4    65.2    87.6   0.451   0.426 -99.000   0.487   0.477    11.5    11.4    11.4    11.3    11.2
63855 20240327  2.622  -85.13   36.01    14.2     0.8     7.5     8.0     0.0    18.87 C    21.9     0.2     9.0    98.7    45.1    69.2   0.404   0.404 -99.000   0.540   0.493    11.4    11.3    11.4    11.4    11.3
63855 20240328  2.622  -85.13   36.01    12.9    -0.4     6.2     6.4     0.0    21.99 C    21.4    -1.7     7.2    82.8    30.7    56.9   0.369   0.374 -99.000   0.542   0.493    11.2    11.2    11.4    11.4    11.3
63855 20240329  2.622  -85.13   36.01    17.9    -2.1     7.9     8.8     0.0    21.81 C    24.1    -3.0     8.5    91.4    23.0    55.4   0.343   0.358 -99.000   0.455   0.493    10.6    10.7    11.0    11.2    11.3
63855 20240330  2.622  -85.13   36.01    21.1     6.9    14.0    15.1     0.0    21.06 C    24.1     3.0    13.2    77.3    35.7    48.2   0.315   0.343 -99.000   0.336   0.482    12.0    11.7    11.5    11.3    11.3
63855 20240331  2.622  -85.13   36.01    22.1    10.8    16.4    17.6     0.0    14.39 C    25.3     7.2    15.7    81.2    52.8    65.0   0.284   0.328 -99.000   0.317   0.449    13.5    13.0    12.5    11.8    11.4
63855 20240401  2.622  -85.13   36.01    22.6    16.3    19.4    19.1     0.0     8.11 C    24.7    13.6    18.1    87.9    62.0    77.5   0.263   0.315 -99.000   0.308   0.403    14.9    14.2    13.5    12.4    11.8
63855 20240402  2.622  -85.13   36.01    21.8    13.7    17.7    18.1    31.4     3.32 C    23.7    12.9    16.9    97.1    71.0    86.8   0.323   0.342 -99.000   0.333   0.396    15.4    15.0    14.3    13.2    12.3
63855 20240403  2.622  -85.13   36.01    13.7     4.2     8.9     6.6     1.2    13.12 C    17.3     3.7     7.8    95.4    48.7    76.3   0.426   0.424 -99.000   0.459   0.492    13.8    13.9    14.3    13.6    12.9
63855 20240404  2.622  -85.13   36.01     7.1     1.7     4.4     4.7     0.0     7.75 C    13.0     0.8     5.3    86.2    54.3    65.0   0.378   0.379 -99.000   0.462   0.492    11.3    11.7    12.6    12.9    12.7
63855 20240405  2.622  -85.13   36.01     6.4     0.9     3.6     3.7     0.0     8.00 C    14.0    -0.2     5.0    90.8    60.5    73.8   0.363   0.367 -99.000   0.431   0.494    10.9    11.0    11.7    12.2    12.3
63855 20240406  2.622  -85.13   36.01    13.6    -1.5     6.0     6.2     0.0    23.12 C    22.3    -3.1     7.4    95.2    36.1    63.4   0.345   0.356 -99.000   0.342   0.472    11.0    10.8    11.3    11.7    11.9
63855 20240407  2.622  -85.13   36.01    20.3    -0.2    10.1    12.4     0.0    20.46 C    25.9    -1.4    11.4    88.4    29.9    49.0   0.322   0.343 -99.000   0.320   0.435    11.3    11.3    11.4    11.6    11.7
63855 20240408  2.622  -85.13   36.01    19.2    11.2    15.2    14.7     4.7     6.63 C    20.4    10.0    13.1    92.9    39.7    70.3   0.338   0.331 -99.000   0.312   0.387    12.5    12.3    12.1    11.9    11.8
63855 20240409  2.622  -85.13   36.01    14.9    11.1    13.0    13.2     5.8     3.18 C    14.3    11.1    12.6    95.9    67.0    85.7   0.388   0.353 -99.000   0.360   0.406    12.8    12.7 -9999.0    12.2    12.0
63855 20240410  2.622  -85.13   36.01    17.8    13.4    15.6    15.7     1.2     4.65 C    18.3    12.5    14.8    97.3    77.5    87.6   0.391   0.366 -99.000   0.536   0.451    13.6    13.3    12.9    12.4    12.1
63855 20240411  2.622  -85.13   36.01    20.1     9.0    14.6    14.2    23.3     8.79 C    24.0     8.6    14.1    96.2    65.0    88.2   0.442   0.416 -99.000   0.537   0.473    14.6    14.2    13.8    12.9    12.4
63855 20240412  2.622  -85.13   36.01    12.6     4.0     8.3     8.9     0.2    12.62 C    16.9     0.8     7.7    95.3    47.6    70.5   0.417   0.419 -99.000   0.536   0.491    13.0    13.1    13.5    13.1    12.7
63855 20240413  2.622  -85.13   36.01    19.6     0.8    10.2    11.3     0.0    23.97 C    23.8    -0.7    10.0    97.5    28.3    58.3   0.382   0.383 -99.000   0.538   0.491    12.5    12.2 -9999.0    12.6    12.6
63855 20240414  2.622  -85.13   36.01    25.2     6.6    15.9    18.3     0.0    22.54 C    26.6     4.3    15.4    81.2    26.7    46.7   0.348   0.359 -99.000   0.413   0.493    13.7    13.3    13.1    12.6    12.5
63855 20240415  2.622  -85.13   36.01    26.1    15.2    20.6    20.5     0.0    22.12 C    29.1    10.4    18.7    85.1    46.2    61.1   0.311   0.336 -99.000   0.319   0.462    15.6    14.9    14.2    13.1    12.6
63855 20240416  2.622  -85.13   36.01    26.1    13.1    19.6    20.1     0.0    14.96 C    28.4    10.9    18.3    95.7    36.3    63.2   0.281   0.316 -99.000   0.307   0.403    16.2    15.7    15.0    13.8    13.0
63855 20240417  2.622  -85.13   36.01    20.7    15.4    18.0    17.4     6.3     4.84 C    21.1    14.4    16.5    99.3    48.3    81.1   0.326   0.304 -99.000   0.302   0.361    15.9    15.6    15.2    14.2    13.4
63855 20240418  2.622  -85.13   36.01    26.3    15.6    20.9    20.0     0.0    21.83 C    29.8    12.8    19.8   100.0    31.9    74.3   0.328   0.303 -99.000   0.302   0.350    17.3    16.7    15.7    14.5    13.7
63855 20240419  2.622  -85.13   36.01    21.9    11.5    16.7    16.7     1.4     9.46 C    25.8    12.3    16.9    99.4    66.5    89.2   0.294   0.296 -99.000   0.299   0.336    17.4    16.9    16.3    15.1    14.0
63855 20240420  2.622  -85.13   36.01    16.6     8.6    12.6    12.0     3.9    20.97 C    23.2     8.5    13.9    98.4    40.9    64.2   0.341   0.297 -99.000   0.296   0.326    16.9    16.2    16.1    15.1    14.3
63855 20240421  2.622  -85.13   36.01    11.7     2.1     6.9     7.5     0.0    17.41 C    19.5    -0.4     8.8    79.4    43.2    56.8   0.319   0.291 -99.000   0.294   0.318    15.2    14.8    15.4    15.0    14.4
63855 20240422  2.622  -85.13   36.01    15.7    -0.4     7.7     7.5     0.0    25.56 C    23.8    -2.2     8.3    88.9    31.1    57.5   0.284   0.282 -99.000   0.290   0.307    13.6    13.5    14.1    14.3    14.2
63855 20240423  2.622  -85.13   36.01    20.8     0.2    10.5    12.4     0.0    24.47 C    24.3    -0.9    11.4    90.3    25.1    50.5   0.255   0.269 -99.000   0.286   0.300    13.5    13.3    13.7    13.9    13.9
63855 20240424  2.622  -85.13   36.01    20.2     8.4    14.3    14.7     1.0    21.04 C    26.6     3.5    14.0    96.8    34.9    59.1   0.238   0.253 -99.000   0.283   0.292    14.9    14.6    14.4    14.0    13.8
63855 20240425  2.622  -85.13   36.01    21.6     6.0    13.8    14.0     0.0    24.37 C    27.9     1.9    13.7    88.5    31.7    57.5   0.224   0.240 -99.000   0.279   0.280    14.8    14.5    14.4    14.2    13.9
63855 20240426  2.622  -85.13   36.01    20.3    10.1    15.2    14.3    16.1    10.83 C    22.9     9.9    14.1    97.0    52.1    79.8   0.332   0.258 -99.000   0.288   0.281    15.1    15.0    14.8    14.4    14.0
63855 20240427  2.622  -85.13   36.01    22.1    15.8    19.0    18.1     0.0    17.26 C    24.6    13.9    17.3    82.5    53.4    71.5   0.334   0.259 -99.000   0.280   0.277    16.3    15.9 -9999.0    14.6    14.1
63855 20240428  2.622  -85.13   36.01    23.1    15.2    19.2    18.8     0.0    20.29 C    26.7    13.4    18.0    85.9    50.4    67.6   0.302   0.246 -99.000   0.276   0.269 -9999.0    16.7    16.0    15.0    14.3
63855 20240429  2.622  -85.13   36.01    22.5    14.7    18.6    18.9     0.0    16.79 C    30.9    12.8    18.6    81.1    55.3    68.8   0.267   0.239 -99.000   0.274   0.263    17.4    17.0    16.4    15.5    14.6
63855 20240430  2.622  -85.13   36.01    21.6    11.4    16.5    17.1    27.6    13.06 C    29.8     8.7    17.4   100.0    56.6    82.6   0.380   0.295 -99.000   0.438   0.380    17.6    17.2    16.7    15.7    14.9
63855 20240501  2.622  -85.13   36.01    25.9     9.0    17.5    18.1     0.0    25.47 C    33.5     7.3    20.1   100.0    38.3    72.6   0.350   0.295 -99.000   0.367   0.349    18.2    17.6    17.0    15.9    15.1
63855 20240502  2.622  -85.13   36.01    26.6    11.1    18.9    19.3     0.0    24.13 C    32.4    10.2    19.5   100.0    37.2    68.2   0.318   0.281 -99.000   0.296   0.320    18.6    18.1    17.6    16.3    15.3
63855 20240503  2.622  -85.13   36.01    22.9    15.0    18.9    18.4    46.2    10.48 C    29.2    14.6    18.9    99.2    65.6    88.7   0.411   0.344 -99.000   0.377   0.369    18.6    18.3    17.9    16.7    15.7
63855 20240504  2.622  -85.13   36.01    22.7    14.9    18.8    17.9     7.0    14.39 C    31.4    13.4    19.1   100.0    73.3    93.4   0.485   0.443 -99.000   0.536   0.506    19.4    18.8    18.4    17.1    16.2
63855 20240505  2.622  -85.13   36.01    25.4    13.2    19.3    19.5     2.3    17.85 C    33.1    12.0    20.3   100.0    57.7    84.7   0.429   0.396 -99.000   0.538   0.509    19.8    19.2    18.6    17.2    16.2
63855 20240506  2.622  -85.13   36.01    24.6    14.3    19.4    18.2    15.4    13.29 C    29.5    12.9    18.7   100.0    64.2    90.0   0.458   0.419 -99.000   0.538   0.511    19.9    19.4    18.9    17.5    16.4
63855 20240507  2.622  -85.13   36.01    24.9    13.0    18.9    20.0     0.6    13.93 C    28.4    11.8    19.9   100.0    67.2    87.4   0.497   0.442 -99.000   0.539   0.512    19.6    19.1    18.7    17.6    16.6
63855 20240508  2.622  -85.13   36.01    21.7    15.9    18.8    19.1    65.1     8.99 C    29.0    15.7    19.7   100.0    76.2    91.0   0.504   0.462 -99.000   0.539   0.513    19.8    19.5    19.1    17.9    16.8
63855 20240509  2.622  -85.13   36.01    23.6    14.3    18.9    18.2    20.5    17.53 C    28.6    12.5    18.4    99.8    57.2    86.8   0.525   0.485 -99.000   0.540   0.515    19.4    19.1    18.8    17.9    17.0
63855 20240510  2.622  -85.13   36.01    17.9     7.6    12.8    13.5     0.0    17.41 C    24.9     5.9    14.3    98.8    61.3    82.4   0.481   0.448 -99.000   0.539   0.515    18.8    18.6    18.7    17.8    16.9
63855 20240511  2.622  -85.13   36.01    20.2     5.5    12.8    13.3     0.0    23.10 C    26.9     4.0    13.6    99.7    48.6    76.2   0.424   0.400 -99.000   0.540   0.516    17.6    17.6    17.8    17.4    16.8
63855 20240512  2.622  -85.13   36.01    22.3     4.6    13.4    14.6     0.0    25.58 C    29.8     3.4    15.7    97.9    36.4    68.9   0.398   0.376 -99.000   0.452   0.516    17.9    17.6    17.6    17.1    16.6
63855 20240513  2.622  -85.13   36.01    18.0    10.0    14.0    14.0     0.2     7.76 C    21.2     8.7    14.3    98.4    62.9    86.7   0.384   0.365 -99.000   0.343   0.516    17.2    17.3    17.5    17.1    16.6
63855 20240514  2.622  -85.13   36.01    19.6    13.3    16.4    16.3     8.4     7.81 C    24.1    12.2    16.7    98.6    83.3    92.5   0.403   0.372 -99.000   0.382   0.516    17.5    17.5    17.3    16.9    16.5
63855 20240515  2.622  -85.13   36.01    20.5    11.1    15.8    16.0     1.5    13.02 C    27.4     9.8    16.9   100.0    73.8    93.0   0.425   0.394 -99.000   0.535   0.517    18.2    17.9    17.5    16.9    16.4
63855 20240516  2.622  -85.13   36.01    22.1    13.4    17.7    17.4     0.0    17.29 C    30.3    12.3    19.0   100.0    64.0    87.2   0.408   0.384 -99.000   0.536   0.518    19.4    18.8    18.2    17.1    16.5
63855 20240517  2.622  -85.13   36.01    18.7    14.2    16.4    16.9     5.2     4.32 C    21.9    14.0    17.6   100.0    93.3    97.2   0.431   0.388 -99.000   0.537   0.518    18.6    18.5    18.3    17.4    16.7
63855 20240518  2.622  -85.13   36.01    23.7    14.6    19.1    18.6    16.4    15.27 C    32.7    13.5    19.8   100.0    69.8    91.9   0.478   0.451 -99.000   0.539   0.519    19.9    19.2    18.6    17.6    16.8
63855 20240519  2.622  -85.13   36.01    25.7    14.9    20.3    19.9     0.0    26.26 C    32.1    12.4    20.5   100.0    49.4    78.6   0.457   0.425 -99.000   0.538   0.520    20.8    20.0    19.3    17.9    17.0
63855 20240520  2.622  -85.13   36.01    26.1    12.0    19.0    19.7     0.0    18.98 C    33.2    10.5    19.4   100.0    48.1    81.2   0.413   0.391 -99.000   0.539   0.519    20.5    19.9    19.5    18.2    17.3
63855 20240521  2.622  -85.13   36.01    27.0    13.1    20.1    20.8     0.0    22.47 C    33.3    11.4    20.4    99.6    50.1    76.1   0.389   0.370 -99.000   0.394   0.519    20.6    20.0    19.6    18.4    17.4
63855 20240522  2.622  -85.13   36.01    27.1    15.1    21.1    20.3    15.4    20.15 C    31.8    13.7    20.2   100.0    51.6    79.3   0.391   0.372 -99.000   0.363   0.518    21.0    20.4    20.0    18.6    17.6
63855 20240523  2.622  -85.13   36.01    22.9    15.2    19.1    18.6    14.4    11.20 C    31.5    14.5    19.5   100.0    74.8    94.7   0.459   0.428 -99.000   0.538   0.519    20.4    20.1    19.8    18.8    17.9
63855 20240524  2.622  -85.13   36.01    24.2    13.5    18.9    20.0     0.6    16.93 C    28.2    12.0    20.3   100.0    71.4    88.5   0.483   0.445 -99.000   0.541   0.519    20.7    20.2    19.9    18.9    18.0
63855 20240525  2.622  -85.13   36.01    25.6    15.8    20.7    19.9     8.1    18.30 C    30.0    14.5    20.1   100.0    61.8    88.7   0.479   0.444 -99.000   0.538   0.519    21.1    20.6    20.1    19.0    18.1
63855 20240526  2.622  -85.13   36.01    25.5    15.6    20.5    20.9     0.0     9.48 C    27.4    14.2    20.2   100.0    75.1    88.2   0.445   0.422 -99.000   0.536   0.518    20.6    20.3    20.1    19.1    18.2
63855 20240527  2.622  -85.13   36.01 -9999.0 -9999.0 -9999.0 -9999.0 -9999.0 -9999.00 U -9999.0 -9999.0 -9999.0 -9999.0 -9999.0 -9999.0 -99.000 -99.000 -99.000 -99.000 -99.000 -9999.0 -9999.0 -9999.0 -9999.0 -9999.0
63855 20240528 -9.000  -85.13   36.01 -9999.0 -9999.0 -9999.0 -9999.0 -9999.0 -9999.00 U -9999.0 -9999.0 -9999.0 -9999.0 -9999.0 -9999.0 -99.000 -99.000 -99.000 -99.000 -99.000 -9999.0 -9999.0 -9999.0 -9999.0 -9999.0
63855 20240529  2.622  -85.13   36.01 -9999.0 -9999.0 -9999.0 -9999.0 -9999.0 -9999.00 U -9999.0 -9999.0 -9999.0 -9999.0 -9999.0 -9999.0 -99.000 -99.000 -99.000 -99.000 -99.000 -9999.0 -9999.0 -9999.0 -9999.0 -9999.0
63855 20240530  2.622  -85.13   36.01    22.1     8.1    15.1    15.4     0.0    26.62 C    29.8     5.8    16.0    99.4    43.7    73.7   0.386   0.361 -99.000   0.320   0.518    19.4    19.0    19.2    18.7    18.2
63855 20240531  2.622  -85.13   36.01    22.4     9.3    15.9    16.4     0.0    19.88 C    26.8     7.0    15.9    98.2    55.9    74.9   0.365   0.349 -99.000   0.310   0.506    18.9    18.7    18.8    18.5    18.1
63855 20240601  2.622  -85.13   36.01    19.4    14.5    17.0    16.9     2.5    10.11 C    21.7    12.1    16.1    92.5    63.8    78.3   0.348   0.336 -99.000   0.303   0.468    18.4    18.6    18.6    18.4    18.0
63855 20240602  2.622  -85.13   36.01    25.0    16.2    20.6    19.4     7.0    15.71 C    29.5    14.3    19.4   100.0    60.8    86.0   0.430   0.358 -99.000   0.307   0.465    19.3    19.0    18.6    18.3    17.9
63855 20240603  2.622  -85.13   36.01    26.4    15.1    20.8    20.9     0.0    20.01 C    30.5    13.3    20.6   100.0    62.8    85.9   0.402   0.349 -99.000   0.310   0.441    20.4    19.9    19.3    18.5    17.9
63855 20240604  2.622  -85.13   36.01    25.0    16.0    20.5    20.5     9.4    19.29 C    29.6    14.4    20.5   100.0    71.5    91.3   0.414   0.355 -99.000   0.306   0.402    20.7    20.3    19.9    18.8    18.0
63855 20240605  2.622  -85.13   36.01    25.6    17.3    21.5    21.6     5.5    13.16 C    28.7    15.6    21.4   100.0    72.7    91.0   0.456   0.383 -99.000   0.334   0.446    21.0    20.6    20.2    19.1    18.2
63855 20240606  2.622  -85.13   36.01    25.9    17.7    21.8    20.8     4.0    18.08 C    29.6    14.2    20.7    99.3    62.4    85.6   0.458   0.395 -99.000   0.492   0.483    21.5    20.9    20.5    19.3    18.4
63855 20240607  2.622  -85.13   36.01    24.2    11.6    17.9    18.7     0.0    28.95 C    28.4     9.5    17.9    98.8    35.6    65.4   0.408   0.366 -99.000   0.333   0.443    20.9    20.4    20.4    19.4    18.6
63855 20240608  2.622  -85.13   36.01    25.7    10.2    17.9    19.7     0.0    24.12 C    30.4     8.6    19.2    98.0    43.9    69.9   0.380   0.341 -99.000   0.304   0.368    20.4    19.9    19.9    19.3    18.6
63855 20240609  2.622  -85.13   36.01    22.3    13.5    17.9    19.6     0.5     8.59 C    25.2    11.2    19.3    98.8    65.3    85.3   0.359   0.327 -99.000   0.298   0.345    20.8    20.3    20.2    19.3    18.6
63855 20240610  2.622  -85.13   36.01    23.6    13.0    18.3    17.9     0.0    26.84 C    27.2    10.5    17.8   100.0    39.7    73.5   0.342   0.315 -99.000   0.291   0.333    20.5    20.0    20.0    19.3    18.7
63855 20240611  2.622  -85.13   36.01    22.8     9.5    16.1    16.2     0.0    29.27 C    28.6     6.9    16.9    97.1    40.0    73.8   0.321   0.292 -99.000   0.286   0.315    20.1    19.6    19.8    19.2    18.6
63855 20240612  2.622  -85.13   36.01    25.5     9.5    17.5    18.5     0.0    24.19 C    30.7     7.1    18.2    98.3    49.9    74.6   0.297   0.273 -99.000   0.282   0.288    19.9    19.6    19.6    19.1    18.6
63855 20240613  2.622  -85.13   36.01    28.0    14.1    21.0    21.5     0.0    21.94 C    31.5    12.0    21.0    99.8    58.3    81.0   0.274   0.256 -99.000   0.278   0.274    20.8    20.3    20.0    19.2    18.6
63855 20240614  2.622  -85.13   36.01    29.0    16.0    22.5    22.9     0.0    26.25 C    31.7    14.0    22.3    99.9    49.0    78.1   0.253   0.242 -99.000   0.274   0.265    21.8    21.1 -9999.0    19.4    18.7
63855 20240615  2.622  -85.13   36.01    29.6    16.2    22.9    23.4     0.0    27.02 C    34.4    14.6    23.0    99.8    45.1    74.0   0.237   0.231 -99.000   0.269   0.257 -9999.0    21.7    21.2    19.8    18.9
63855 20240616  2.622  -85.13   36.01    30.3    16.1    23.2    22.8     0.0    18.78 C    33.8    14.1    21.9    99.7    53.2    82.2   0.224   0.221 -99.000   0.264   0.250    22.3    21.8    21.3    20.1    19.2
63855 20240617  2.622  -85.13   36.01    29.4    19.1    24.2    24.5     0.0    25.53 C    33.0    17.3    23.8    99.5    57.2    77.2   0.212   0.211 -99.000   0.257   0.245    22.9    22.3    21.6    20.3    19.4
63855 20240618  2.622  -85.13   36.01    29.0    19.1    24.0    23.8     0.0    20.14 C    32.7    16.8    23.0    97.0    59.1    79.8   0.199   0.202 -99.000   0.251   0.239    22.8    22.4    21.8    20.6    19.6
63855 20240619  2.622  -85.13   36.01    27.1    16.1    21.6    22.1     0.0    19.92 C    33.2    14.0    21.4   100.0    58.0    79.7   0.191   0.196 -99.000   0.245   0.234    22.4    22.1    21.7    20.7    19.7
63855 20240620  2.622  -85.13   36.01    29.3    15.6    22.4    22.9     0.0    26.45 C    34.5    13.2    22.6   100.0    47.7    76.8   0.183   0.190 -99.000   0.239   0.229    22.7    22.0    21.6    20.7    19.8
63855 20240621  2.622  -85.13   36.01    29.6    17.1    23.3    23.5     0.0    22.30 C    34.4    15.2    22.9    99.5    53.3    79.8   0.173   0.183 -99.000   0.233   0.224    22.8    22.2    21.9    20.7    19.8
63855 20240622  2.622  -85.13   36.01    30.1    17.5    23.8    24.1     0.0    22.04 C    33.9    15.6    23.0    99.6    49.4    77.2   0.164   0.177 -99.000   0.227   0.220    22.9    22.3    22.0    20.9    19.9
63855 20240623  2.622  -85.13   36.01    29.7    16.7    23.2    23.4     2.5    18.76 C    32.7    14.6    22.5   100.0    55.3    81.3   0.162   0.171 -99.000   0.221   0.215    22.8    22.2    21.9    20.9    20.0
63855 20240624  2.622  -85.13   36.01    28.4    14.3    21.3    22.6     0.0    28.28 C    32.0    11.1    21.9   100.0    39.4    72.7   0.163   0.167 -99.000   0.216   0.211    22.9    22.5    22.1    21.0    20.1
63855 20240625  2.622  -85.13   36.01    31.0    12.6    21.8    22.6     0.0    28.07 C    34.3    10.4    21.7    99.1    35.1    70.3   0.154   0.164 -99.000   0.210   0.208    22.3    21.8    21.6    20.8    20.1
63855 20240626  2.622  -85.13   36.01    31.2    16.2    23.7    23.6     4.1    23.60 C    35.2    14.1    23.4    99.5    46.2    76.6   0.150   0.159 -99.000   0.203   0.205    23.2    22.4    22.0    20.9    20.1
63855 20240627  2.622  -85.13   36.01    26.5    18.5    22.5    21.9     0.0    17.10 C    33.3    15.7    22.3   100.0    64.5    86.2   0.149   0.158 -99.000   0.198   0.202    23.2    22.7 -9999.0    21.2    20.2
63855 20240628  2.622  -85.13   36.01    30.2    17.9    24.1    24.7     0.0    21.89 C    34.0    15.8    23.9    99.5    57.7    77.9   0.149   0.157 -99.000   0.195   0.200    23.0    22.6 -9999.0    21.2    20.3
63855 20240629  2.622  -85.13   36.01    30.1    22.1    26.1    25.6     0.0    16.31 C    34.5    20.1    25.1    97.0    62.2    81.8   0.148   0.155 -99.000   0.191   0.197    23.8    23.2    22.6    21.4    20.4
63855 20240630  2.622  -85.13   36.01    30.3    20.7    25.5    24.5     0.0    17.87 C    35.9    18.0    24.4   100.0    51.5    85.2   0.146   0.153 -99.000   0.187   0.195 -9999.0    23.4    22.9    21.6    20.5
63855 20240701  2.622  -85.13   36.01    25.7    16.1    20.9    20.8     0.0    28.59 C    37.1    13.7    22.4    93.4    37.1    65.7   0.143   0.151 -99.000   0.184   0.192    23.6    23.4    23.0    21.7    20.6
63855 20240702  2.622  -85.13   36.01 -9999.0 -9999.0 -9999.0 -9999.0 -9999.0 -9999.00 U -9999.0 -9999.0 -9999.0 -9999.0 -9999.0 -9999.0 -99.000 -99.000 -99.000 -99.000 -99.000 -9999.0 -9999.0 -9999.0 -9999.0 -9999.0
