03061 20240101  2.622 -108.50   37.26     4.2    -3.8     0.2    -0.6     0.0    10.12 C     7.1    -7.2    -2.7    56.6    34.6    47.1 -99.000 -99.000 -99.000 -99.000 -99.000 -9999.0 -9999.0 -9999.0 -9999.0 -9999.0
03061 20240102  2.622 -108.50   37.26     3.7    -3.7     0.0    -0.7     0.0    11.79 C     8.7   -10.0    -3.4    62.0    29.8    48.1 -99.000 -99.000 -99.000 -99.000 -99.000 -9999.0 -9999.0 -9999.0 -9999.0 -9999.0
03061 20240103  2.622 -108.50   37.26     3.2    -4.8    -0.8    -0.8     0.0     9.94 C     7.8   -10.2    -2.8    84.5    34.5    47.8 -99.000 -99.000 -99.000 -99.000 -99.000 -9999.0 -9999.0 -9999.0 -9999.0 -9999.0
03061 20240104  2.622 -108.50   37.26    -1.7    -5.3    -3.5    -3.5    19.2     5.72 C    -0.2    -7.9    -4.0    95.7    74.8    87.8 -99.000 -99.000 -99.000 -99.000 -99.000 -9999.0 -9999.0 -9999.0 -9999.0 -9999.0
03061 20240105  2.622 -108.50   37.26    -2.9    -8.3    -5.6    -6.1     0.0    10.51 C    -0.8   -12.2    -8.6    85.3    64.9    77.2 -99.000 -99.000 -99.000 -99.000 -99.000 -9999.0 -9999.0 -9999.0 -9999.0 -9999.0
03061 20240106  2.622 -108.50   37.26    -3.6    -9.4    -6.5    -7.4     0.0    10.59 C    -3.2   -19.9   -10.1    94.1    38.2    71.7 -99.000 -99.000 -99.000 -99.000 -99.000 -9999.0 -9999.0 -9999.0 -9999.0 -9999.0
03061 20240107  2.622 -108.50   37.26    -6.4    -9.5    -8.0    -7.8    14.6     2.71 C    -6.2   -19.9    -9.0    93.0    65.3    88.9 -99.000 -99.000 -99.000 -99.000 -99.000 -9999.0 -9999.0 -9999.0 -9999.0 -9999.0
03061 20240108  2.622 -108.50   37.26    -6.5   -11.9    -9.2    -9.8     0.4    12.14 C    -5.5   -16.4   -12.0    90.3    57.6    76.2 -99.000 -99.000 -99.000 -99.000 -99.000 -9999.0 -9999.0 -9999.0 -9999.0 -9999.0
03061 20240109  2.622 -108.50   37.26    -4.2   -13.6    -8.9    -9.3     0.0    11.73 C    -5.5   -18.1   -13.5    72.8    32.5    54.6 -99.000 -99.000 -99.000 -99.000 -99.000 -9999.0 -9999.0 -9999.0 -9999.0 -9999.0
03061 20240110  2.622 -108.50   37.26    -3.0   -10.1    -6.6    -6.8     0.0    10.62 C    -3.4   -16.1   -11.2    78.9    37.2    62.2 -99.000 -99.000 -99.000 -99.000 -99.000 -9999.0 -9999.0 -9999.0 -9999.0 -9999.0
03061 20240111  2.622 -108.50   37.26    -6.7   -13.4   -10.1    -9.3     7.4     8.95 C    -7.5   -21.1   -11.9    93.0    52.6    70.6 -99.000 -99.000 -99.000 -99.000 -99.000 -9999.0 -9999.0 -9999.0 -9999.0 -9999.0
03061 20240112  2.622 -108.50   37.26    -6.8   -15.0   -10.9   -10.2     0.0    11.88 C    -7.7   -23.1   -14.8    63.6    48.2    55.5 -99.000 -99.000 -99.000 -99.000 -99.000 -9999.0 -9999.0 -9999.0 -9999.0 -9999.0
03061 20240113  2.622 -108.50   37.26    -2.1    -8.1    -5.1    -5.3     0.2    10.03 C    -4.1   -14.6    -8.9    94.7    44.4    59.6 -99.000 -99.000 -99.000 -99.000 -99.000 -9999.0 -9999.0 -9999.0 -9999.0 -9999.0
03061 20240114  2.622 -108.50   37.26     1.1    -5.7    -2.3    -2.2     1.0     9.00 C     0.4    -9.4    -4.2    94.7    61.1    77.7 -99.000 -99.000 -99.000 -99.000 -99.000 -9999.0 -9999.0 -9999.0 -9999.0 -9999.0
03061 20240115  2.622 -108.50   37.26    -1.5    -5.8    -3.6    -3.5     0.0     7.23 C    -2.8   -11.5    -7.4    86.4    57.8    73.6 -99.000 -99.000 -99.000 -99.000 -99.000 -9999.0 -9999.0 -9999.0 -9999.0 -9999.0
03061 20240116  2.622 -108.50   37.26    -0.6    -7.1    -3.8    -4.4     0.0    12.98 C    -3.3   -13.5    -9.8    63.2    26.5    47.0 -99.000 -99.000 -99.000 -99.000 -99.000 -9999.0 -9999.0 -9999.0 -9999.0 -9999.0
03061 20240117  2.622 -108.50   37.26     0.7    -5.2    -2.3    -1.5     0.0     4.44 C    -1.1   -16.3    -6.1    77.1    36.1    56.4 -99.000 -99.000 -99.000 -99.000 -99.000 -9999.0 -9999.0 -9999.0 -9999.0 -9999.0
03061 20240118  2.622 -108.50   37.26     2.6    -2.5     0.1     0.0     0.0    11.19 C     0.5   -10.5    -3.2    91.2    52.9    72.6 -99.000 -99.000 -99.000 -99.000 -99.000 -9999.0 -9999.0 -9999.0 -9999.0 -9999.0
03061 20240119  2.622 -108.50   37.26     5.9    -1.9     2.0     1.0     0.0    11.57 C     1.2   -12.6    -5.2    79.4    34.5    58.3 -99.000 -99.000 -99.000 -99.000 -99.000 -9999.0 -9999.0 -9999.0 -9999.0 -9999.0
03061 20240120  2.622 -108.50   37.26     5.0    -0.1     2.4     2.2     0.0     8.90 C     1.5    -5.6    -1.8    73.0    46.5    55.1 -99.000 -99.000 -99.000 -99.000 -99.000 -9999.0 -9999.0 -9999.0 -9999.0 -9999.0
03061 20240121  2.622 -108.50   37.26     2.6    -1.3     0.6    -0.6     5.7     3.58 C     0.3    -1.8    -0.8    97.2    56.6    93.0 -99.000 -99.000 -99.000 -99.000 -99.000 -9999.0 -9999.0 -9999.0 -9999.0 -9999.0
03061 20240122  2.622 -108.50   37.26     0.9    -2.1    -0.6    -0.8     0.0     6.15 C     0.8    -5.9    -1.4    95.5    82.0    91.5 -99.000 -99.000 -99.000 -99.000 -99.000 -9999.0 -9999.0 -9999.0 -9999.0 -9999.0
03061 20240123  2.622 -108.50   37.26     1.7    -2.1    -0.2    -0.3     0.0     7.05 C     1.1    -6.0    -2.0    95.4    62.7    78.4 -99.000 -99.000 -99.000 -99.000 -99.000 -9999.0 -9999.0 -9999.0 -9999.0 -9999.0
03061 20240124  2.622 -108.50   37.26     3.6    -1.5     1.1    -0.2     0.6     8.88 C     2.3    -4.0    -1.1    97.6    59.6    86.6 -99.000 -99.000 -99.000 -99.000 -99.000 -9999.0 -9999.0 -9999.0 -9999.0 -9999.0
03061 20240125  2.622 -108.50   37.26    -0.7    -2.9    -1.8    -1.8    10.9     2.78 C    -0.4    -6.0    -2.5    96.8    88.4    94.4 -99.000 -99.000 -99.000 -99.000 -99.000 -9999.0 -9999.0 -9999.0 -9999.0 -9999.0
03061 20240126  2.622 -108.50   37.26     2.3    -4.0    -0.8    -1.7     0.0    13.39 C    -0.2    -8.7    -4.2    95.7    58.6    79.8 -99.000 -99.000 -99.000 -99.000 -99.000 -9999.0 -9999.0 -9999.0 -9999.0 -9999.0
03061 20240127  2.622 -108.50   37.26     4.0    -5.2    -0.6    -1.2     0.0    14.25 C     0.6   -11.1    -6.2    73.5    33.6    52.6 -99.000 -99.000 -99.000 -99.000 -99.000 -9999.0 -9999.0 -9999.0 -9999.0 -9999.0
03061 20240128  2.622 -108.50   37.26     6.4    -3.5     1.5     1.2     0.0    13.78 C     2.0   -14.1    -5.1    81.5    43.2    60.1 -99.000 -99.000 -99.000 -99.000 -99.000 -9999.0 -9999.0 -9999.0 -9999.0 -9999.0
03061 20240129  2.622 -108.50   37.26     8.4     0.6     4.5     3.6     0.0    14.00 C     2.7    -9.6    -3.4    79.6    29.8    54.6 -99.000 -99.000 -99.000 -99.000 -99.000 -9999.0 -9999.0 -9999.0 -9999.0 -9999.0
03061 20240130  2.622 -108.50   37.26     8.0    -0.8     3.6     3.5     0.0    14.53 C     2.9    -7.2    -2.5    74.8    37.1    52.8 -99.000 -99.000 -99.000 -99.000 -99.000 -9999.0 -9999.0 -9999.0 -9999.0 -9999.0
03061 20240131  2.622 -108.50   37.26     9.4     1.9     5.6     5.0     0.0    14.24 C     4.4    -4.9    -1.5    47.2    34.6    41.4 -99.000 -99.000 -99.000 -99.000 -99.000 -9999.0 -9999.0 -9999.0 -9999.0 -9999.0
03061 20240201  2.622 -108.50   37.26     6.3    -0.1     3.1     3.4     3.0     6.46 C     3.4    -4.6    -0.2    97.5    45.8    62.7 -99.000 -99.000 -99.000 -99.000 -99.000 -9999.0 -9999.0 -9999.0 -9999.0 -9999.0
03061 20240202  2.622 -108.50   37.26     1.3    -3.2    -1.0    -1.4    23.3     1.05 C     0.1    -4.7    -1.6    97.3    87.6    94.8 -99.000 -99.000 -99.000 -99.000 -99.000 -9999.0 -9999.0 -9999.0 -9999.0 -9999.0
03061 20240203  2.622 -108.50   37.26    -2.3    -6.0    -4.1    -4.0     2.9     4.18 C    -0.9   -11.4    -4.8    95.8    70.7    88.4 -99.000 -99.000 -99.000 -99.000 -99.000 -9999.0 -9999.0 -9999.0 -9999.0 -9999.0
03061 20240204  2.622 -108.50   37.26    -0.3    -8.8    -4.6    -4.4     0.0    15.57 C    -1.8   -16.8    -9.8    69.5    32.4    55.8 -99.000 -99.000 -99.000 -99.000 -99.000 -9999.0 -9999.0 -9999.0 -9999.0 -9999.0
03061 20240205  2.622 -108.50   37.26     4.2    -4.5    -0.2     0.4     0.0    13.50 C     0.8   -10.5    -4.4    57.5    38.7    49.8 -99.000 -99.000 -99.000 -99.000 -99.000 -9999.0 -9999.0 -9999.0 -9999.0 -9999.0
03061 20240206  2.622 -108.50   37.26     4.8    -0.8     2.0     2.7     6.0     2.18 C     0.3    -2.5    -0.9    97.6    33.9    56.7 -99.000 -99.000 -99.000 -99.000 -99.000 -9999.0 -9999.0 -9999.0 -9999.0 -9999.0
03061 20240207  2.622 -108.50   37.26     0.4    -5.2    -2.4    -2.9     6.6     5.74 C    -0.4    -9.9    -3.7    97.3    72.5    88.6 -99.000 -99.000 -99.000 -99.000 -99.000 -9999.0 -9999.0 -9999.0 -9999.0 -9999.0
03061 20240208  2.622 -108.50   37.26    -3.1    -6.9    -5.0    -4.6     7.7     6.54 C    -2.5    -9.5    -5.3    96.2    72.6    88.1 -99.000 -99.000 -99.000 -99.000 -99.000 -9999.0 -9999.0 -9999.0 -9999.0 -9999.0
03061 20240209  2.622 -108.50   37.26    -4.9    -9.3    -7.1    -7.3     3.4     7.85 C    -2.3   -15.0    -8.3    94.3    66.5    85.8 -99.000 -99.000 -99.000 -99.000 -99.000 -9999.0 -9999.0 -9999.0 -9999.0 -9999.0
03061 20240210  2.622 -108.50   37.26    -1.9    -8.2    -5.1    -5.8     0.4    12.49 C    -0.7   -14.6    -8.1    89.7    56.4    77.6 -99.000 -99.000 -99.000 -99.000 -99.000 -9999.0 -9999.0 -9999.0 -9999.0 -9999.0
03061 20240211  2.622 -108.50   37.26    -1.5    -9.6    -5.6    -6.3     0.0    16.70 C    -3.2   -20.0   -11.2    82.4    40.4    64.3 -99.000 -99.000 -99.000 -99.000 -99.000 -9999.0 -9999.0 -9999.0 -9999.0 -9999.0
03061 20240212  2.622 -108.50   37.26     1.7    -8.0    -3.1    -3.3     0.0    16.69 C    -1.4   -16.2    -8.8    72.7    33.5    51.7 -99.000 -99.000 -99.000 -99.000 -99.000 -9999.0 -9999.0 -9999.0 -9999.0 -9999.0
03061 20240213  2.622 -108.50   37.26     4.3    -5.6    -0.7    -0.7     0.0    16.94 C    -0.5   -18.4    -8.3    72.2    32.2    51.7 -99.000 -99.000 -99.000 -99.000 -99.000 -9999.0 -9999.0 -9999.0 -9999.0 -9999.0
03061 20240214  2.622 -108.50   37.26     3.6    -2.9     0.4     0.1     0.0    15.28 C     0.5   -14.2    -7.1    59.7    42.2    49.6 -99.000 -99.000 -99.000 -99.000 -99.000 -9999.0 -9999.0 -9999.0 -9999.0 -9999.0
03061 20240215  2.622 -108.50   37.26     4.3    -2.4     0.9     0.1     0.0     9.44 C     0.5   -12.4    -4.9    69.5    36.5    50.8 -99.000 -99.000 -99.000 -99.000 -99.000 -9999.0 -9999.0 -9999.0 -9999.0 -9999.0
03061 20240216  2.622 -108.50   37.26     3.8    -3.3     0.2    -0.2     0.0    17.16 C     1.1    -9.6    -4.1    77.5    47.1    64.0 -99.000 -99.000 -99.000 -99.000 -99.000 -9999.0 -9999.0 -9999.0 -9999.0 -9999.0
03061 20240217  2.622 -108.50   37.26     3.1    -4.3    -0.6    -1.0     0.0    17.86 C     0.0   -11.6    -5.2    81.9    31.7    50.5 -99.000 -99.000 -99.000 -99.000 -99.000 -9999.0 -9999.0 -9999.0 -9999.0 -9999.0
03061 20240218  2.622 -108.50   37.26     5.2    -4.1     0.6    -0.2     0.0    12.18 C     1.2   -12.0    -4.6    59.3    33.1    46.0 -99.000 -99.000 -99.000 -99.000 -99.000 -9999.0 -9999.0 -9999.0 -9999.0 -9999.0
03061 20240219  2.622 -108.50   37.26     8.8    -0.1     4.3     3.7     0.0    17.69 C     1.1   -11.8    -3.4    59.1    27.0    44.4 -99.000 -99.000 -99.000 -99.000 -99.000 -9999.0 -9999.0 -9999.0 -9999.0 -9999.0
03061 20240220  2.622 -108.50   37.26     7.9     1.8     4.9     4.7     0.0    11.22 C     1.4    -3.8    -1.0    51.4    25.2    37.2 -99.000 -99.000 -99.000 -99.000 -99.000 -9999.0 -9999.0 -9999.0 -9999.0 -9999.0
03061 20240221  2.622 -108.50   37.26     6.7    -0.8     3.0     3.2     0.0    13.74 C     1.9    -4.3    -1.5    67.9    20.2    35.2 -99.000 -99.000 -99.000 -99.000 -99.000 -9999.0 -9999.0 -9999.0 -9999.0 -9999.0
03061 20240222  2.622 -108.50   37.26     4.1    -3.6     0.3    -0.4     0.0    18.90 C     1.6    -8.7    -3.5    86.4    25.8    59.1 -99.000 -99.000 -99.000 -99.000 -99.000 -9999.0 -9999.0 -9999.0 -9999.0 -9999.0
03061 20240223  2.622 -108.50   37.26     5.8    -4.5     0.6     0.1     0.0    18.42 C     2.1    -8.7    -3.7    60.9    22.1    40.8 -99.000 -99.000 -99.000 -99.000 -99.000 -9999.0 -9999.0 -9999.0 -9999.0 -9999.0
03061 20240224  2.622 -108.50   37.26     7.2    -0.9     3.1     3.0     0.0    15.96 C     3.8   -12.4    -3.0    39.3    18.9    31.1 -99.000 -99.000 -99.000 -99.000 -99.000 -9999.0 -9999.0 -9999.0 -9999.0 -9999.0
03061 20240225  2.622 -108.50   37.26     9.3     1.0     5.2     5.3     0.0    17.31 C     4.8    -6.1    -0.3    43.9    24.9    32.5 -99.000 -99.000 -99.000 -99.000 -99.000 -9999.0 -9999.0 -9999.0 -9999.0 -9999.0
03061 20240226  2.622 -108.50   37.26     7.7     2.6     5.1     5.3     0.0    11.24 C     3.6    -0.9     1.0    66.8    25.6    43.5 -99.000 -99.000 -99.000 -99.000 -99.000 -9999.0 -9999.0 -9999.0 -9999.0 -9999.0
03061 20240227  2.622 -108.50   37.26     2.6    -8.7    -3.1    -1.9     9.8    10.69 C     0.7   -14.1    -3.5    97.4    35.3    74.2 -99.000 -99.000 -99.000 -99.000 -99.000 -9999.0 -9999.0 -9999.0 -9999.0 -9999.0
03061 20240228  2.622 -108.50   37.26     4.5    -8.8    -2.1    -2.3     0.0    19.80 C     1.7   -14.7    -6.9    44.3    17.5    29.8 -99.000 -99.000 -99.000 -99.000 -99.000 -9999.0 -9999.0 -9999.0 -9999.0 -9999.0
03061 20240229  2.622 -108.50   37.26     7.4    -1.9     2.8     2.7     0.0    19.84 C     4.3    -9.3    -2.9    38.4    20.8    30.0 -99.000 -99.000 -99.000 -99.000 -99.000 -9999.0 -9999.0 -9999.0 -9999.0 -9999.0
03061 20240301  2.622 -108.50   37.26     8.2    -1.2     3.5     3.3     0.0    19.83 C     5.6    -6.2    -0.8    65.2    30.8    46.2 -99.000 -99.000 -99.000 -99.000 -99.000 -9999.0 -9999.0 -9999.0 -9999.0 -9999.0
03061 20240302  2.622 -108.50   37.26     9.3    -1.6     3.8     3.6     0.0    19.27 C     5.3    -5.8    -0.2    59.1    17.8    39.1 -99.000 -99.000 -99.000 -99.000 -99.000 -9999.0 -9999.0 -9999.0 -9999.0 -9999.0
03061 20240303  2.622 -108.50   37.26     7.3     0.0     3.6     2.4     0.0    11.10 C     7.2    -3.3     0.2    65.6    30.0    50.5 -99.000 -99.000 -99.000 -99.000 -99.000 -9999.0 -9999.0 -9999.0 -9999.0 -9999.0
03061 20240304  2.622 -108.50   37.26     5.8    -2.3     1.8     1.3     0.0    15.26 C     8.3    -3.7     0.0    76.0    29.9    51.8 -99.000 -99.000 -99.000 -99.000 -99.000 -9999.0 -9999.0 -9999.0 -9999.0 -9999.0
03061 20240305  2.622 -108.50   37.26     7.5    -1.1     3.2     2.7     0.0    19.40 C    11.3    -5.9     0.6    49.6    26.8    35.6 -99.000 -99.000 -99.000 -99.000 -99.000 -9999.0 -9999.0 -9999.0 -9999.0 -9999.0
03061 20240306  2.622 -108.50   37.26     7.4    -1.1     3.1     2.7     0.0    18.17 C    14.9    -6.1     1.6    64.0    26.8    41.4 -99.000 -99.000 -99.000 -99.000 -99.000 -9999.0 -9999.0 -9999.0 -9999.0 -9999.0
03061 20240307  2.622 -108.50   37.26     4.5    -2.7     0.9    -0.5     1.5     9.23 C    12.5    -4.0    -0.1    95.3    36.6    72.9 -99.000 -99.000 -99.000 -99.000 -99.000 -9999.0 -9999.0 -9999.0 -9999.0 -9999.0
03061 20240308  2.622 -108.50   37.26     5.5    -3.9     0.8    -1.0     0.0    18.17 C    17.0    -4.6     0.3    96.2    34.8    72.6 -99.000 -99.000 -99.000 -99.000 -99.000 -9999.0 -9999.0 -9999.0 -9999.0 -9999.0
03061 20240309  2.622 -108.50   37.26     5.4    -3.3     1.1     0.0     0.0    13.80 C    16.6    -4.0     1.4    94.1    35.8    63.6 -99.000 -99.000 -99.000 -99.000 -99.000 -9999.0 -9999.0 -9999.0 -9999.0 -9999.0
03061 20240310  2.622 -108.50   37.26    10.0    -1.3     4.3     3.3     0.0    21.20 C    20.2    -6.9     3.0    53.6    21.9    35.3 -99.000 -99.000 -99.000 -99.000 -99.000 -9999.0 -9999.0 -9999.0 -9999.0 -9999.0
03061 20240311  2.622 -108.50   37.26    10.1     0.5     5.3     4.9     0.0    16.53 C    21.2    -2.6     4.6    40.0    25.2    32.3 -99.000 -99.000 -99.000 -99.000 -99.000 -9999.0 -9999.0 -9999.0 -9999.0 -9999.0
03061 20240312  2.622 -108.50   37.26     9.0     0.3     4.6     3.6     0.0    14.76 C    21.8    -5.0     3.6    69.9    26.7    43.5 -99.000 -99.000 -99.000 -99.000 -99.000 -9999.0 -9999.0 -9999.0 -9999.0 -9999.0
03061 20240313  2.622 -108.50   37.26     2.5    -4.2    -0.8    -1.1     5.5     7.56 C     6.7    -4.9    -0.8    97.2    52.6    82.8 -99.000 -99.000 -99.000 -99.000 -99.000 -9999.0 -9999.0 -9999.0 -9999.0 -9999.0
03061 20240314  2.622 -108.50   37.26     4.9    -5.8    -0.5    -1.5     2.4    12.97 C    16.1    -7.2    -0.1    96.5    44.5    77.9 -99.000 -99.000 -99.000 -99.000 -99.000 -9999.0 -9999.0 -9999.0 -9999.0 -9999.0
03061 20240315  2.622 -108.50   37.26     2.0    -1.5     0.2     0.1     9.2     5.72 C     0.6    -2.2    -0.8    97.1    68.1    86.2 -99.000 -99.000 -99.000 -99.000 -99.000 -9999.0 -9999.0 -9999.0 -9999.0 -9999.0
03061 20240316  2.622 -108.50   37.26     1.6    -2.1    -0.2    -0.9     8.6     8.07 C     2.1    -4.8    -1.5    97.0    66.7    89.9 -99.000 -99.000 -99.000 -99.000 -99.000 -9999.0 -9999.0 -9999.0 -9999.0 -9999.0
03061 20240317  2.622 -108.50   37.26     3.4    -2.3     0.6    -0.7     8.3    10.34 C     2.8    -7.0    -1.9    96.9    64.3    85.5 -99.000 -99.000 -99.000 -99.000 -99.000 -9999.0 -9999.0 -9999.0 -9999.0 -9999.0
03061 20240318  2.622 -108.50   37.26     7.0    -2.5     2.3     2.2     0.0    22.63 C     5.6    -9.0    -2.0    84.8    42.5    62.1 -99.000 -99.000 -99.000 -99.000 -99.000 -9999.0 -9999.0 -9999.0 -9999.0 -9999.0
03061 20240319  2.622 -108.50   37.26     7.7     0.0     3.9     2.6     0.0    17.09 C    11.1    -6.9     0.6    90.8    50.0    69.7 -99.000 -99.000 -99.000 -99.000 -99.000 -9999.0 -9999.0 -9999.0 -9999.0 -9999.0
03061 20240320  2.622 -108.50   37.26     9.1    -0.3     4.4     3.1     1.6    13.53 C    18.3    -4.0     2.0    94.6    49.1    68.8 -99.000 -99.000 -99.000 -99.000 -99.000 -9999.0 -9999.0 -9999.0 -9999.0 -9999.0
03061 20240321  2.622 -108.50   37.26    12.4     0.9     6.6     5.4     0.0    22.41 C    26.0     0.4    10.4    71.2    26.2    52.2 -99.000 -99.000 -99.000 -99.000 -99.000 -9999.0 -9999.0 -9999.0 -9999.0 -9999.0
03061 20240322  2.622 -108.50   37.26    12.9     1.9     7.4     6.9     0.0    22.90 C    30.8     6.4    14.8    58.1    19.9    36.3 -99.000 -99.000 -99.000 -99.000 -99.000 -9999.0 -9999.0 -9999.0 -9999.0 -9999.0
03061 20240323  2.622 -108.50   37.26    11.5     2.8     7.2     6.1     0.0    14.26 C    27.2     7.7    14.2    54.3    25.7    40.9 -99.000 -99.000 -99.000 -99.000 -99.000 -9999.0 -9999.0 -9999.0 -9999.0 -9999.0
03061 20240324  2.622 -108.50   37.26     2.9    -3.5    -0.3    -1.9    19.2     7.48 C    10.0     2.3     6.6    97.4    52.5    90.2 -99.000 -99.000 -99.000 -99.000 -99.000 -9999.0 -9999.0 -9999.0 -9999.0 -9999.0
03061 20240325  2.622 -108.50   37.26     0.2    -5.4    -2.6    -3.1     0.4    16.28 C     7.9    -8.8     0.4    95.8    59.3    79.8 -99.000 -99.000 -99.000 -99.000 -99.000 -9999.0 -9999.0 -9999.0 -9999.0 -9999.0
03061 20240326  2.622 -108.50   37.26     0.8    -5.9    -2.5    -3.3     2.1    13.79 C     9.2   -10.3    -1.1    95.6    55.1    77.1 -99.000 -99.000 -99.000 -99.000 -99.000 -9999.0 -9999.0 -9999.0 -9999.0 -9999.0
03061 20240327  2.622 -108.50   37.26     3.8    -6.1    -1.2    -1.3     0.0    24.56 C    11.2   -10.3     0.7    78.4    24.4    49.5 -99.000 -99.000 -99.000 -99.000 -99.000 -9999.0 -9999.0 -9999.0 -9999.0 -9999.0
03061 20240328  2.622 -108.50   37.26    11.2    -1.8     4.7     4.4     0.0    22.11 C    22.6     0.7     8.5    42.1    25.9    33.7 -99.000 -99.000 -99.000 -99.000 -99.000 -9999.0 -9999.0 -9999.0 -9999.0 -9999.0
03061 20240329  2.622 -108.50   37.26    10.3     1.8     6.1     5.6     0.0    17.16 C    23.1     4.6    10.3    56.5    26.1    39.4 -99.000 -99.000 -99.000 -99.000 -99.000 -9999.0 -9999.0 -9999.0 -9999.0 -9999.0
03061 20240330  2.622 -108.50   37.26    14.1     1.0     7.6     7.4     0.0    22.88 C    26.5     3.1    11.6    53.9    14.3    32.5 -99.000 -99.000 -99.000 -99.000 -99.000 -9999.0 -9999.0 -9999.0 -9999.0 -9999.0
03061 20240331  2.622 -108.50   37.26     6.0    -3.2     1.4     1.1     0.5     6.24 C    12.7     1.3     5.5    91.9    36.8    68.9 -99.000 -99.000 -99.000 -99.000 -99.000 -9999.0 -9999.0 -9999.0 -9999.0 -9999.0
03061 20240401  2.622 -108.50   37.26     4.4    -4.1     0.1    -0.8     1.7    17.84 C    18.1    -5.3     4.0    93.3    51.0    73.7 -99.000 -99.000 -99.000 -99.000 -99.000 -9999.0 -9999.0 -9999.0 -9999.0 -9999.0
03061 20240402  2.622 -108.50   37.26    11.7    -3.1     4.3     3.5     0.0    25.75 C    25.1    -4.2     8.0    81.3    20.3    46.9 -99.000 -99.000 -99.000 -99.000 -99.000 -9999.0 -9999.0 -9999.0 -9999.0 -9999.0
03061 20240403  2.622 -108.50   37.26    15.7     2.1     8.9     8.5     0.0    26.04 C    32.2    -0.4    11.6    41.4    10.6    28.5 -99.000 -99.000 -99.000 -99.000 -99.000 -9999.0 -9999.0 -9999.0 -9999.0 -9999.0
03061 20240404  2.622 -108.50   37.26    17.3     4.6    11.0    11.0     0.0    25.54 C    33.7    -0.4    13.3    32.2    10.8    19.9 -99.000 -99.000 -99.000 -99.000 -99.000 -9999.0 -9999.0 -9999.0 -9999.0 -9999.0
03061 20240405  2.622 -108.50   37.26    13.7    -3.4     5.1     6.8     2.8    18.85 C    26.0    -2.2     9.9    95.0    16.2    37.2 -99.000 -99.000 -99.000 -99.000 -99.000 -9999.0 -9999.0 -9999.0 -9999.0 -9999.0
03061 20240406  2.622 -108.50   37.26    -0.3    -6.3    -3.3    -3.9     2.0    13.83 C    10.2    -8.8    -1.8    94.7    36.2    62.0 -99.000 -99.000 -99.000 -99.000 -99.000 -9999.0 -9999.0 -9999.0 -9999.0 -9999.0
03061 20240407  2.622 -108.50   37.26     6.4    -6.8    -0.2    -0.6     0.0    25.48 C    23.4    -8.1     3.7    59.7    24.2    39.6 -99.000 -99.000 -99.000 -99.000 -99.000 -9999.0 -9999.0 -9999.0 -9999.0 -9999.0
03061 20240408  2.622 -108.50   37.26     7.2    -1.3     3.0     2.8     0.0    14.39 C    18.3    -4.9     4.4    61.8    22.0    33.8 -99.000 -99.000 -99.000 -99.000 -99.000 -9999.0 -9999.0 -9999.0 -9999.0 -9999.0
03061 20240409  2.622 -108.50   37.26    12.0     1.0     6.5     5.4     0.0    26.86 C    31.4    -3.1     9.5    47.0     9.7    28.5 -99.000 -99.000 -99.000 -99.000 -99.000 -9999.0 -9999.0 -9999.0 -9999.0 -9999.0
03061 20240410  2.622 -108.50   37.26    12.9    -1.3     5.8     5.7     0.0    27.01 C    33.9    -2.8    10.6    50.8    17.0    30.2 -99.000 -99.000 -99.000 -99.000 -99.000 -9999.0 -9999.0 -9999.0 -9999.0 -9999.0
03061 20240411  2.622 -108.50   37.26    16.5     3.4    10.0     9.5     0.0    27.20 C    38.6    -0.3    13.8    29.9    10.5    20.0 -99.000 -99.000 -99.000 -99.000 -99.000 -9999.0 -9999.0 -9999.0 -9999.0 -9999.0
03061 20240412  2.622 -108.50   37.26    20.0     6.6    13.3    12.9     0.0    23.47 C    42.6     0.0    16.3    24.3     9.6    17.1 -99.000 -99.000 -99.000 -99.000 -99.000 -9999.0 -9999.0 -9999.0 -9999.0 -9999.0
03061 20240413  2.622 -108.50   37.26    17.1     5.7    11.4    11.3     0.0    27.12 C    40.1     0.8    16.1    31.9    11.8    21.1 -99.000 -99.000 -99.000 -99.000 -99.000 -9999.0 -9999.0 -9999.0 -9999.0 -9999.0
03061 20240414  2.622 -108.50   37.26    18.1     5.5    11.8    11.0     0.0    27.71 C    39.1     0.3    16.0    32.0    11.0    19.6 -99.000 -99.000 -99.000 -99.000 -99.000 -9999.0 -9999.0 -9999.0 -9999.0 -9999.0
03061 20240415  2.622 -108.50   37.26     7.8    -1.8     3.0     2.6     0.8    20.92 C    35.9    -2.0     7.6    96.4    19.2    47.9 -99.000 -99.000 -99.000 -99.000 -99.000 -9999.0 -9999.0 -9999.0 -9999.0 -9999.0
03061 20240416  2.622 -108.50   37.26    14.5    -1.2     6.6     6.1     0.0    25.18 C    34.7    -1.8    10.8    83.6    24.0    51.7 -99.000 -99.000 -99.000 -99.000 -99.000 -9999.0 -9999.0 -9999.0 -9999.0 -9999.0
03061 20240417  2.622 -108.50   37.26    17.2     5.6    11.4    11.2     0.0    27.78 C    38.4     2.4    16.3    37.0    14.8    25.6 -99.000 -99.000 -99.000 -99.000 -99.000 -9999.0 -9999.0 -9999.0 -9999.0 -9999.0
03061 20240418  2.622 -108.50   37.26    17.4     8.3    12.9    12.6     0.0    23.52 C    38.0     6.1    17.1    34.1    13.5    22.7 -99.000 -99.000 -99.000 -99.000 -99.000 -9999.0 -9999.0 -9999.0 -9999.0 -9999.0
03061 20240419  2.622 -108.50   37.26    19.3     8.1    13.7    12.4     0.0    21.78 C    44.4     6.0    17.3    30.7    13.8    23.1 -99.000 -99.000 -99.000 -99.000 -99.000 -9999.0 -9999.0 -9999.0 -9999.0 -9999.0
03061 20240420  2.622 -108.50   37.26    18.5     5.5    12.0    11.4     0.0    25.19 C    42.0     4.0    16.8    48.7    17.5    29.8 -99.000 -99.000 -99.000 -99.000 -99.000 -9999.0 -9999.0 -9999.0 -9999.0 -9999.0
03061 20240421  2.622 -108.50   37.26    18.8     5.0    11.9    11.6     0.0    28.62 C    41.2     2.1    16.9    39.2     9.0    22.8 -99.000 -99.000 -99.000 -99.000 -99.000 -9999.0 -9999.0 -9999.0 -9999.0 -9999.0
03061 20240422  2.622 -108.50   37.26    20.6     7.5    14.1    14.3     0.0    25.86 C    44.3     2.1    18.8    26.3    12.9    18.4 -99.000 -99.000 -99.000 -99.000 -99.000 -9999.0 -9999.0 -9999.0 -9999.0 -9999.0
03061 20240423  2.622 -108.50   37.26    20.9    10.6    15.8    15.3     0.0    27.25 C    42.8     7.7    20.3    26.6    12.7    19.0 -99.000 -99.000 -99.000 -99.000 -99.000 -9999.0 -9999.0 -9999.0 -9999.0 -9999.0
03061 20240424  2.622 -108.50   37.26    19.7     8.0    13.8    13.6     0.0    28.61 C    43.0     5.3    19.8    32.5    12.8    20.6 -99.000 -99.000 -99.000 -99.000 -99.000 -9999.0 -9999.0 -9999.0 -9999.0 -9999.0
03061 20240425  2.622 -108.50   37.26    14.9     2.5     8.7     7.1     0.0    18.74 C    35.5     1.6    11.2    86.7    19.9    43.2 -99.000 -99.000 -99.000 -99.000 -99.000 -9999.0 -9999.0 -9999.0 -9999.0 -9999.0
03061 20240426  2.622 -108.50   37.26    11.5     0.0     5.7     4.6     6.4    15.33 C    28.7    -0.9     9.2    97.7    36.3    66.7 -99.000 -99.000 -99.000 -99.000 -99.000 -9999.0 -9999.0 -9999.0 -9999.0 -9999.0
03061 20240427  2.622 -108.50   37.26     7.2    -1.0     3.1     1.9     1.6    11.96 C    20.0     2.1     9.2    98.0    55.8    85.8 -99.000 -99.000 -99.000 -99.000 -99.000 -9999.0 -9999.0 -9999.0 -9999.0 -9999.0
03061 20240428  2.622 -108.50   37.26    11.0     0.2     5.6     4.6     2.7    22.26 C    31.7     9.5    16.8    97.8    40.5    73.7 -99.000 -99.000 -99.000 -99.000 -99.000 -9999.0 -9999.0 -9999.0 -9999.0 -9999.0
03061 20240429  2.622 -108.50   37.26    15.4     3.5     9.5     9.2     0.0    24.81 C    32.3     3.0    14.6    69.1    22.2    42.2 -99.000 -99.000 -99.000 -99.000 -99.000 -9999.0 -9999.0 -9999.0 -9999.0 -9999.0
03061 20240430  2.622 -108.50   37.26    17.8     6.8    12.3    12.2     0.0    29.66 C    37.1     3.3    15.7    38.5    12.9    23.9 -99.000 -99.000 -99.000 -99.000 -99.000 -9999.0 -9999.0 -9999.0 -9999.0 -9999.0
03061 20240501  2.622 -108.50   37.26    16.7     4.4    10.5    10.5     0.0    22.13 C    36.5     3.3    13.9    57.0    17.9    34.4 -99.000 -99.000 -99.000 -99.000 -99.000 -9999.0 -9999.0 -9999.0 -9999.0 -9999.0
03061 20240502  2.622 -108.50   37.26    14.4     2.2     8.3     8.4     0.0    29.66 C    35.3     0.0    13.4    49.3    11.9    19.8 -99.000 -99.000 -99.000 -99.000 -99.000 -9999.0 -9999.0 -9999.0 -9999.0 -9999.0
03061 20240503  2.622 -108.50   37.26    18.0     5.0    11.5    10.8     0.0    27.19 C    37.6     0.8    15.1    36.9    15.1    20.8 -99.000 -99.000 -99.000 -99.000 -99.000 -9999.0 -9999.0 -9999.0 -9999.0 -9999.0
03061 20240504  2.622 -108.50   37.26    19.7     6.8    13.2    12.7     0.0    26.37 C    38.6     2.9    16.5    48.0    14.2    24.8 -99.000 -99.000 -99.000 -99.000 -99.000 -9999.0 -9999.0 -9999.0 -9999.0 -9999.0
03061 20240505  2.622 -108.50   37.26    13.3    -2.2     5.5     9.0     2.0     7.90 C    22.8    -1.4    11.0    95.3    20.0    41.9 -99.000 -99.000 -99.000 -99.000 -99.000 -9999.0 -9999.0 -9999.0 -9999.0 -9999.0
03061 20240506  2.622 -108.50   37.26     9.3    -4.1     2.6     2.2     0.0    25.87 C    26.4    -5.8     6.0    88.6    21.6    46.0 -99.000 -99.000 -99.000 -99.000 -99.000 -9999.0 -9999.0 -9999.0 -9999.0 -9999.0
03061 20240507  2.622 -108.50   37.26    14.5     0.1     7.3     6.9     0.0    29.31 C    33.0    -1.1    11.9    48.4    11.7    28.6 -99.000 -99.000 -99.000 -99.000 -99.000 -9999.0 -9999.0 -9999.0 -9999.0 -9999.0
03061 20240508  2.622 -108.50   37.26    10.5    -3.3     3.6     3.0     0.0    30.70 C    32.8    -3.4     9.9    49.9    16.6    30.9 -99.000 -99.000 -99.000 -99.000 -99.000 -9999.0 -9999.0 -9999.0 -9999.0 -9999.0
03061 20240509  2.622 -108.50   37.26    12.5     1.4     7.0     6.5     0.0    18.77 C    28.2    -2.5    10.4    50.4    20.3    28.6 -99.000 -99.000 -99.000 -99.000 -99.000 -9999.0 -9999.0 -9999.0 -9999.0 -9999.0
03061 20240510  2.622 -108.50   37.26    15.9     3.3     9.6     8.2     0.0    19.71 C    37.8     3.1    12.9    75.9    22.7    50.6 -99.000 -99.000 -99.000 -99.000 -99.000 -9999.0 -9999.0 -9999.0 -9999.0 -9999.0
03061 20240511  2.622 -108.50   37.26    14.0     2.3     8.1     6.9     0.4    17.33 C    33.9     1.6    10.5    85.2    27.5    61.6 -99.000 -99.000 -99.000 -99.000 -99.000 -9999.0 -9999.0 -9999.0 -9999.0 -9999.0
03061 20240512  2.622 -108.50   37.26    17.1     1.7     9.4     9.0     0.0    28.68 C    36.6     1.0    14.7    84.1    19.8    49.6 -99.000 -99.000 -99.000 -99.000 -99.000 -9999.0 -9999.0 -9999.0 -9999.0 -9999.0
03061 20240513  2.622 -108.50   37.26    21.3     7.8    14.5    13.0     0.7    23.95 C    42.5     3.8    16.5    60.5    17.6    33.6 -99.000 -99.000 -99.000 -99.000 -99.000 -9999.0 -9999.0 -9999.0 -9999.0 -9999.0
03061 20240514  2.622 -108.50   37.26    20.8     8.4    14.6    13.0     0.0    24.75 C    41.4     6.0    17.5    56.7    16.8    37.0 -99.000 -99.000 -99.000 -99.000 -99.000 -9999.0 -9999.0 -9999.0 -9999.0 -9999.0
03061 20240515  2.622 -108.50   37.26    18.7     6.1    12.4    12.0     0.0    23.43 C    37.1     4.2    16.0    56.0    19.6    36.9 -99.000 -99.000 -99.000 -99.000 -99.000 -9999.0 -9999.0 -9999.0 -9999.0 -9999.0
03061 20240516  2.622 -108.50   37.26    18.3     4.4    11.4    11.6     0.0    21.44 C    36.6     1.6    15.2    68.1    22.1    44.0 -99.000 -99.000 -99.000 -99.000 -99.000 -9999.0 -9999.0 -9999.0 -9999.0 -9999.0
03061 20240517  2.622 -108.50   37.26    21.7     7.8    14.7    15.2     0.0    30.34 C    41.0     0.7    18.7    54.5    13.6    28.1 -99.000 -99.000 -99.000 -99.000 -99.000 -9999.0 -9999.0 -9999.0 -9999.0 -9999.0
03061 20240518  2.622 -108.50   37.26    22.7    11.6    17.1    16.4     0.0    23.04 C    42.9     8.6    20.1    27.3    15.8    21.2 -99.000 -99.000 -99.000 -99.000 -99.000 -9999.0 -9999.0 -9999.0 -9999.0 -9999.0
03061 20240519  2.622 -108.50   37.26    20.3     9.2    14.8    15.4     0.0    31.06 C    40.5     6.3    20.2    28.8    12.4    18.5 -99.000 -99.000 -99.000 -99.000 -99.000 -9999.0 -9999.0 -9999.0 -9999.0 -9999.0
03061 20240520  2.622 -108.50   37.26    19.1     6.2    12.7    12.3     0.0    20.14 C    36.0     5.9    15.3    54.0     8.5    23.6 -99.000 -99.000 -99.000 -99.000 -99.000 -9999.0 -9999.0 -9999.0 -9999.0 -9999.0
03061 20240521  2.622 -108.50   37.26    13.8     3.5     8.6     7.9     0.0    22.19 C    34.5     3.2    12.3    76.5    19.8    42.4 -99.000 -99.000 -99.000 -99.000 -99.000 -9999.0 -9999.0 -9999.0 -9999.0 -9999.0
03061 20240522  2.622 -108.50   37.26    18.4     2.1    10.2    11.6     0.0    31.19 C    38.3    -2.2    15.9    28.0     4.9    17.6 -99.000 -99.000 -99.000 -99.000 -99.000 -9999.0 -9999.0 -9999.0 -9999.0 -9999.0
03061 20240523  2.622 -108.50   37.26    19.5     7.6    13.5    12.6     0.0    29.97 C    38.0     4.4    17.5    30.7    13.5    22.5 -99.000 -99.000 -99.000 -99.000 -99.000 -9999.0 -9999.0 -9999.0 -9999.0 -9999.0
03061 20240524  2.622 -108.50   37.26    19.2     5.1    12.2    12.5     0.0    28.38 C    39.5     3.9    17.8    24.6    13.0    19.0 -99.000 -99.000 -99.000 -99.000 -99.000 -9999.0 -9999.0 -9999.0 -9999.0 -9999.0
03061 20240525  2.622 -108.50   37.26    17.5     6.4    11.9    11.4     0.0    20.99 C    34.2     5.5    14.8    61.7    16.2    33.0 -99.000 -99.000 -99.000 -99.000 -99.000 -9999.0 -9999.0 -9999.0 -9999.0 -9999.0
03061 20240526  2.622 -108.50   37.26    19.4     4.7    12.1    11.9     0.0    31.05 C    40.0     2.7    16.9    49.0    21.6    31.2 -99.000 -99.000 -99.000 -99.000 -99.000 -9999.0 -9999.0 -9999.0 -9999.0 -9999.0
03061 20240527  2.622 -108.50   37.26    22.6    10.7    16.6    16.1     0.0    22.97 C    43.0     6.2    18.0    35.4    12.2    23.0 -99.000 -99.000 -99.000 -99.000 -99.000 -9999.0 -9999.0 -9999.0 -9999.0 -9999.0
03061 20240528  2.622 -108.50   37.26    24.7    13.6    19.2    18.9     0.0    31.45 C    43.0     4.4    21.1    25.6     6.5    14.2 -99.000 -99.000 -99.000 -99.000 -99.000 -9999.0 -9999.0 -9999.0 -9999.0 -9999.0
03061 20240529  2.622 -108.50   37.26    23.9    11.7    17.8    17.9     0.0    30.31 C    42.3     3.9    19.9    36.0     6.2    15.6 -99.000 -99.000 -99.000 -99.000 -99.000 -9999.0 -9999.0 -9999.0 -9999.0 -9999.0
03061 20240530  2.622 -108.50   37.26    23.7    12.0    17.9    17.5     0.0    30.39 C    43.5     8.4    20.2    31.3     8.2    19.2 -99.000 -99.000 -99.000 -99.000 -99.000 -9999.0 -9999.0 -9999.0 -9999.0 -9999.0
03061 20240531  2.622 -108.50   37.26    24.5    12.7    18.6    17.9     0.0    25.01 C    41.8     8.0    19.1    25.1    11.4    17.8 -99.000 -99.000 -99.000 -99.000 -99.000 -9999.0 -9999.0 -9999.0 -9999.0 -9999.0
03061 20240601  2.622 -108.50   37.26    25.6    12.4    19.0    19.7     0.0    31.36 C    41.3     4.7    21.1    25.7     7.8    14.2 -99.000 -99.000 -99.000 -99.000 -99.000 -9999.0 -9999.0 -9999.0 -9999.0 -9999.0
03061 20240602  2.622 -108.50   37.26    22.9    12.6    17.8    18.0     0.0    30.16 C    40.9     6.3    20.1    18.8     8.9    12.6 -99.000 -99.000 -99.000 -99.000 -99.000 -9999.0 -9999.0 -9999.0 -9999.0 -9999.0
03061 20240603  2.622 -108.50   37.26    24.3    12.9    18.6    18.5     0.0    28.27 C    41.0     4.8    20.8    31.8    12.4    18.3 -99.000 -99.000 -99.000 -99.000 -99.000 -9999.0 -9999.0 -9999.0 -9999.0 -9999.0
03061 20240604  2.622 -108.50   37.26    23.8    13.2    18.5    17.9     0.0    29.70 C    39.9    10.7    21.3    40.7    18.5    30.5 -99.000 -99.000 -99.000 -99.000 -99.000 -9999.0 -9999.0 -9999.0 -9999.0 -9999.0
03061 20240605  2.622 -108.50   37.26    27.7    12.5    20.1    20.3     0.0    32.32 C    43.8     9.9    23.0    38.4     8.5    22.1 -99.000 -99.000 -99.000 -99.000 -99.000 -9999.0 -9999.0 -9999.0 -9999.0 -9999.0
03061 20240606  2.622 -108.50   37.26    29.5    16.7    23.1    22.8     0.0    31.77 C    46.6    12.5    24.9    26.5    10.6    17.0 -99.000 -99.000 -99.000 -99.000 -99.000 -9999.0 -9999.0 -9999.0 -9999.0 -9999.0
03061 20240607  2.622 -108.50   37.26    29.5    17.3    23.4    22.4     0.0    24.75 C    45.7     8.6    22.9    33.5    11.4    20.4 -99.000 -99.000 -99.000 -99.000 -99.000 -9999.0 -9999.0 -9999.0 -9999.0 -9999.0
03061 20240608  2.622 -108.50   37.26    28.3    15.7    22.0    21.7     0.0    31.36 C    44.1    11.6    24.1    36.9    10.5    21.0 -99.000 -99.000 -99.000 -99.000 -99.000 -9999.0 -9999.0 -9999.0 -9999.0 -9999.0
03061 20240609  2.622 -108.50   37.26    28.4    15.0    21.7    21.1     0.0    26.81 C    44.3     9.5    23.0    32.1    13.7    21.0 -99.000 -99.000 -99.000 -99.000 -99.000 -9999.0 -9999.0 -9999.0 -9999.0 -9999.0
03061 20240610  2.622 -108.50   37.26    23.7    13.6    18.6    18.0     0.0    19.05 C    39.6    11.4    20.6    54.6    22.3    38.1 -99.000 -99.000 -99.000 -99.000 -99.000 -9999.0 -9999.0 -9999.0 -9999.0 -9999.0
03061 20240611  2.622 -108.50   37.26    27.7    12.6    20.1    20.2     0.0    29.44 C    45.1     6.5    22.9    57.4    15.0    30.6 -99.000 -99.000 -99.000 -99.000 -99.000 -9999.0 -9999.0 -9999.0 -9999.0 -9999.0
03061 20240612  2.622 -108.50   37.26    29.5    16.8    23.1    23.0     0.0    24.48 C    44.7    10.5    24.1    31.5     9.1    17.3 -99.000 -99.000 -99.000 -99.000 -99.000 -9999.0 -9999.0 -9999.0 -9999.0 -9999.0
03061 20240613  2.622 -108.50   37.26    29.2    17.3    23.3    22.9     0.0    24.41 C    46.5    14.6    24.5    32.6    10.0    16.0 -99.000 -99.000 -99.000 -99.000 -99.000 -9999.0 -9999.0 -9999.0 -9999.0 -9999.0
03061 20240614  2.622 -108.50   37.26    20.3     9.0    14.6    13.9     5.6    17.32 C    32.5     8.1    14.7    93.2    32.3    61.5 -99.000 -99.000 -99.000 -99.000 -99.000 -9999.0 -9999.0 -9999.0 -9999.0 -9999.0
03061 20240615  2.622 -108.50   37.26    26.0    10.0    18.0    18.2     0.0    29.70 C    38.2     7.5    19.2    72.9    11.5    37.8 -99.000 -99.000 -99.000 -99.000 -99.000 -9999.0 -9999.0 -9999.0 -9999.0 -9999.0
03061 20240616  2.622 -108.50   37.26    27.3    15.9    21.6    21.8     0.0    31.39 C    41.6     9.0    22.9    21.1     7.0    12.5 -99.000 -99.000 -99.000 -99.000 -99.000 -9999.0 -9999.0 -9999.0 -9999.0 -9999.0
03061 20240617  2.622 -108.50   37.26    25.8    15.0    20.4    20.5     0.0    31.14 C    40.8    10.2    22.4    23.6     8.7    14.0 -99.000 -99.000 -99.000 -99.000 -99.000 -9999.0 -9999.0 -9999.0 -9999.0 -9999.0
03061 20240618  2.622 -108.50   37.26    22.1     7.9    15.0    16.3     0.0    29.41 C    39.3     6.6    19.9    42.0    16.4    25.3 -99.000 -99.000 -99.000 -99.000 -99.000 -9999.0 -9999.0 -9999.0 -9999.0 -9999.0
03061 20240619  2.622 -108.50   37.26    26.1    13.1    19.6    19.6     0.0    26.42 C    41.6     8.2    21.1    64.4    16.1    24.3 -99.000 -99.000 -99.000 -99.000 -99.000 -9999.0 -9999.0 -9999.0 -9999.0 -9999.0
03061 20240620  2.622 -108.50   37.26    25.7    11.3    18.5    15.8    32.5    12.47 C    37.2    10.7    16.6    95.2    29.2    69.0 -99.000 -99.000 -99.000 -99.000 -99.000 -9999.0 -9999.0 -9999.0 -9999.0 -9999.0
03061 20240621  2.622 -108.50   37.26    23.2    11.5    17.3    15.3     2.6    18.91 C    28.3     9.9    15.4    91.3    48.8    75.1 -99.000 -99.000 -99.000 -99.000 -99.000 -9999.0 -9999.0 -9999.0 -9999.0 -9999.0
03061 20240622  2.622 -108.50   37.26    23.2    12.2    17.7    17.7     0.0    25.25 C    29.3    11.2    18.0    89.7    43.5    65.7 -99.000 -99.000 -99.000 -99.000 -99.000 -9999.0 -9999.0 -9999.0 -9999.0 -9999.0
03061 20240623  2.622 -108.50   37.26    26.4    16.2    21.3    20.0     0.2    23.64 C    35.0    10.4    19.3    66.0    32.5    49.2 -99.000 -99.000 -99.000 -99.000 -99.000 -9999.0 -9999.0 -9999.0 -9999.0 -9999.0
03061 20240624  2.622 -108.50   37.26    27.3    15.5    21.4    21.6     0.0    30.15 C    38.1    11.6    22.8    52.3    27.8    38.6 -99.000 -99.000 -99.000 -99.000 -99.000 -9999.0 -9999.0 -9999.0 -9999.0 -9999.0
03061 20240625  2.622 -108.50   37.26    30.2    16.3    23.3    23.1     0.0    29.81 C    43.5    12.1    24.6    50.7    21.9    33.8 -99.000 -99.000 -99.000 -99.000 -99.000 -9999.0 -9999.0 -9999.0 -9999.0 -9999.0
03061 20240626  2.622 -108.50   37.26    27.2    17.0    22.1    21.1     0.0    17.92 C    38.3    15.0    22.1    58.0    29.2    42.1 -99.000 -99.000 -99.000 -99.000 -99.000 -9999.0 -9999.0 -9999.0 -9999.0 -9999.0
03061 20240627  2.622 -108.50   37.26    23.0    11.1    17.1    16.2    17.3    14.97 C    31.9    12.7    17.6    95.9    48.3    69.6 -99.000 -99.000 -99.000 -99.000 -99.000 -9999.0 -9999.0 -9999.0 -9999.0 -9999.0
03061 20240628  2.622 -108.50   37.26    25.3    11.1    18.2    18.2     0.0    28.97 C    36.3    14.9    24.3    81.3    31.8    54.3 -99.000 -99.000 -99.000 -99.000 -99.000 -9999.0 -9999.0 -9999.0 -9999.0 -9999.0
03061 20240629  2.622 -108.50   37.26    27.3    14.2    20.8    20.2     0.8    22.50 C    44.6    19.0    27.3    82.5    28.7    48.1 -99.000 -99.000 -99.000 -99.000 -99.000 -9999.0 -9999.0 -9999.0 -9999.0 -9999.0
03061 20240630  2.622 -108.50   37.26    26.4    13.6    20.0    18.3     0.9    22.17 C    43.9    21.8    28.3    91.2    35.4    63.1 -99.000 -99.000 -99.000 -99.000 -99.000 -9999.0 -9999.0 -9999.0 -9999.0 -9999.0
03061 20240701  2.622 -108.50   37.26    22.6    12.9    17.8    16.6     9.3    18.03 C    39.3    20.5    26.4    96.1    49.1    73.6 -99.000 -99.000 -99.000 -99.000 -99.000 -9999.0 -9999.0 -9999.0 -9999.0 -9999.0
03061 20240702  2.622 -108.50   37.26 -9999.0 -9999.0 -9999.0 -9999.0 -9999.0 -9999.00 U -9999.0 -9999.0 -9999.0 -9999.0 -9999.0 -9999.0 -99.000 -99.000 -99.000 -99.000 -99.000 -9999.0 -9999.0 -9999.0 -9999.0 -9999.0
