04136 20240101  2.622 -117.53   47.42     1.1    -2.7    -0.8    -0.2     0.0     1.20 C     3.5    -5.6     0.0    92.6    90.4    91.6   0.305   0.340   0.308   0.263   0.237     1.2     1.6     1.8     2.5     2.8
04136 20240102  2.622 -117.53   47.42     4.6    -2.2     1.2     0.4     0.0     2.71 C     6.7    -3.8     0.1    92.9    74.7    88.1   0.305   0.340   0.308   0.262   0.236     1.5     1.8     2.0     2.6     2.8
04136 20240103  2.622 -117.53   47.42     2.6    -2.2     0.2     1.0     2.0     0.48 C     4.2    -3.3     1.1    92.1    88.0    90.1   0.306   0.340   0.308   0.262   0.236     1.5     1.8     2.0     2.6     2.8
04136 20240104  2.622 -117.53   47.42     2.9    -0.1     1.4     1.7     0.7     0.38 C     3.5     0.0     1.7    91.9    86.2    89.9   0.308   0.342   0.310   0.265   0.238     1.9     2.1     2.2     2.7     2.9
04136 20240105  2.622 -117.53   47.42     2.9    -1.0     0.9     1.3     0.0     2.50 C     6.5    -1.2     0.9    90.1    71.9    83.5   0.308   0.342   0.310   0.265   0.238     2.1     2.3     2.4     2.9     3.0
04136 20240106  2.622 -117.53   47.42     4.0    -1.3     1.3     1.0     5.6     0.90 C     1.4    -3.4    -0.2    89.0    50.1    80.7   0.313   0.345   0.312   0.266   0.240     1.7     2.1     2.3     2.9     3.0
04136 20240107  2.622 -117.53   47.42     0.9    -9.4    -4.2    -2.9     0.0     2.85 C     1.4   -11.6    -4.7    88.7    63.7    82.7   0.311   0.345   0.312   0.268   0.241     1.0     1.7     2.0     2.8     3.0
04136 20240108  2.622 -117.53   47.42     0.5    -9.4    -4.5    -2.8     3.7     1.91 C     0.6   -11.3    -2.6    88.3    78.7    85.2   0.306   0.340   0.310   0.264   0.238     0.7     1.4     1.6     2.5     2.8
04136 20240109  2.622 -117.53   47.42     3.7    -0.8     1.5     1.6     5.4     1.68 C     1.8    -1.8     0.2    88.1    73.9    80.9   0.330   0.355   0.321   0.276   0.249     0.6     1.2     1.4     2.3     2.6
04136 20240110  2.622 -117.53   47.42    -0.1    -5.3    -2.7    -1.7     0.4     1.98 C     3.1    -8.0    -2.0    88.7    76.0    83.5   0.319   0.351   0.318   0.274   0.247     0.6     1.1     1.3     2.2     2.4
04136 20240111  2.622 -117.53   47.42    -1.0    -9.7    -5.4    -4.0     0.3     3.75 C     4.4    -8.5    -2.9    86.7    48.9    69.9   0.316   0.345   0.313   0.269   0.242     0.5     1.1     1.3     2.1     2.4
04136 20240112  2.622 -117.53   47.42    -9.7   -22.6   -16.2   -17.3     0.0     6.24 C    -5.9   -19.8   -13.3    61.9    39.8    49.5 -99.000   0.333   0.305   0.260   0.235     0.3     1.0     1.2     2.1     2.3
04136 20240113  2.622 -117.53   47.42   -16.6   -23.0   -19.8   -19.7     0.0     4.59 C    -7.1   -19.7   -15.8    62.2    45.2    53.3 -99.000   0.318   0.291   0.247   0.224     0.0     0.7     1.0     2.0     2.2
04136 20240114  2.622 -117.53   47.42   -11.8   -21.3   -16.5   -17.2     0.0     3.10 C    -1.3   -18.6   -13.6    77.3    53.9    67.3 -99.000   0.286   0.278   0.235   0.211    -0.5     0.5     0.7     1.8     2.0
04136 20240115  2.622 -117.53   47.42   -10.8   -21.2   -16.0   -16.0     0.0     5.30 C    -1.8   -19.0   -13.0    75.2    46.3    66.2 -99.000   0.271   0.264   0.224   0.198    -1.1     0.2     0.5     1.6     1.9
04136 20240116  2.622 -117.53   47.42    -6.2   -15.9   -11.0   -11.2     0.0     5.29 C     4.9   -15.1    -8.3    74.0    46.7    64.0 -99.000   0.257   0.253   0.210   0.186    -1.1     0.0     0.3     1.4     1.7
04136 20240117  2.622 -117.53   47.42    -6.7   -12.4    -9.6    -9.5    13.2     0.51 C    -5.0   -15.0    -8.9    83.2    64.7    80.5 -99.000   0.249   0.248   0.202   0.178    -0.8     0.0     0.2     1.3     1.6
04136 20240118  2.622 -117.53   47.42    -5.7   -17.9   -11.8    -9.1     0.6     3.83 C    -5.6   -22.9   -10.3    82.7    59.6    72.6 -99.000   0.246 -99.000   0.199   0.175    -0.6     0.0     0.1     1.2     1.5
04136 20240119  2.622 -117.53   47.42    -4.3    -7.3    -5.8    -5.8     1.5     1.32 C    -3.5    -7.0    -5.4    83.3    74.1    78.2 -99.000   0.245 -99.000   0.199   0.175    -0.5     0.0     0.1     1.2     1.4
04136 20240120  2.622 -117.53   47.42     0.0    -7.4    -3.7    -2.9     1.1     1.99 C    -0.1    -9.9    -2.9    86.8    75.2    82.0 -99.000   0.247 -99.000   0.199   0.175    -0.5     0.0     0.1     1.1     1.4
04136 20240121  2.622 -117.53   47.42     3.7     0.0     1.8     1.5     4.9     2.05 C     0.7    -0.1     0.1    91.7    86.8    90.6 -99.000   0.248 -99.000   0.200   0.176    -0.4     0.0     0.1     1.1     1.3
04136 20240122  2.622 -117.53   47.42     4.9     0.7     2.8     3.2     1.5     2.08 C     0.7    -0.1     0.3    91.7    82.2    87.5 -99.000   0.254 -99.000   0.207   0.179    -0.3     0.0     0.1     1.0     1.3
04136 20240123  2.622 -117.53   47.42     4.6    -2.6     1.0     2.4     0.8     1.92 C     5.3    -4.3     0.7    92.4    84.6    89.6 -99.000 -99.000 -99.000   0.223   0.190    -0.3     0.0     0.1     1.0     1.3
04136 20240124  2.622 -117.53   47.42     4.2    -4.5    -0.2     1.1     1.9     1.24 C     4.5    -5.5     0.0    91.5    87.0    89.9 -99.000 -99.000 -99.000   0.232   0.199    -0.3     0.0     0.1     1.0     1.2
04136 20240125  2.622 -117.53   47.42     5.4    -3.0     1.2     1.2     0.0     3.16 C     7.8    -5.1     0.6    92.2    77.0    89.2 -99.000 -99.000 -99.000   0.235   0.201    -0.3     0.0     0.1     1.0     1.2
04136 20240126  2.622 -117.53   47.42     8.9    -3.2     2.8     1.7     0.3     5.49 C     9.4    -4.5     0.2    90.8    54.9    80.0 -99.000 -99.000 -99.000   0.238   0.204    -0.3     0.0     0.1     1.0     1.2
04136 20240127  2.622 -117.53   47.42     7.5     2.9     5.2     5.2    10.3     0.48 C     6.2     0.5     3.2    89.7    78.7    86.8 -99.000 -99.000 -99.000   0.248   0.213    -0.3     0.0     0.1     1.0     1.2
04136 20240128  2.622 -117.53   47.42    13.2     0.5     6.8     7.5     1.2     4.61 C    13.5    -1.0     4.7    90.9    65.9    79.2 -99.000 -99.000 -99.000   0.263   0.229    -0.3     0.0     0.1     0.9     1.1
04136 20240129  2.622 -117.53   47.42    15.1    -1.6     6.7     5.3     0.0     6.69 C    14.5    -3.0     2.5    92.0    55.6    81.0 -99.000 -99.000 -99.000   0.265   0.230    -0.3     0.0     0.1     0.9     1.1
04136 20240130  2.622 -117.53   47.42     7.0    -2.5     2.2     1.5     0.0     2.54 C     6.5    -3.5     0.2    90.9    76.6    86.7 -99.000 -99.000 -99.000   0.265   0.230    -0.3     0.0     0.1     0.9     1.2
04136 20240131  2.622 -117.53   47.42    11.4     0.8     6.1     5.7     0.0     2.54 C    11.9    -1.4     2.5    89.5    57.1    74.6 -99.000 -99.000 -99.000   0.266   0.230    -0.3     0.1     0.1     0.9     1.1
04136 20240201  2.622 -117.53   47.42     7.0     3.3     5.1     5.2     4.1     0.85 C     7.0     1.9     3.6    91.6    73.2    84.1 -99.000 -99.000 -99.000   0.267   0.232    -0.3     0.1     0.1     0.9     1.1
04136 20240202  2.622 -117.53   47.42     5.7     1.7     3.7     3.6     0.3     1.35 C     6.7    -0.6     2.8    92.1    83.2    90.5 -99.000 -99.000 -99.000   0.272   0.237    -0.2     0.1     0.1     0.9     1.1
04136 20240203  2.622 -117.53   47.42     3.5     1.8     2.6     2.6     1.6     1.14 C     4.7     0.7     2.1    91.3    85.6    89.3 -99.000 -99.000 -99.000   0.272   0.236    -0.1     0.2     0.2     0.9     1.1
04136 20240204  2.622 -117.53   47.42     6.4    -1.2     2.6     2.2     3.4     2.56 C    12.8    -4.6     1.4    91.3    69.0    85.2 -99.000 -99.000   0.321   0.275   0.240     0.1     0.2     0.3     1.0     1.1
04136 20240205  2.622 -117.53   47.42     7.5     0.8     4.1     4.2     1.9     1.39 C     7.1    -1.9     2.5    88.2    74.1    82.0 -99.000 -99.000   0.318   0.274   0.237     0.3     0.3     0.4     1.1     1.2
04136 20240206  2.622 -117.53   47.42     9.9    -0.5     4.7     4.2     0.0     4.46 C    19.2    -3.1     3.3    90.5    60.1    82.3   0.316   0.357   0.316   0.272   0.236     1.1     0.9     0.7     1.2     1.4
04136 20240207  2.622 -117.53   47.42     5.2     1.0     3.1     3.2     0.0     1.39 C     6.7    -1.1     2.9    91.8    72.9    83.9   0.324   0.354   0.315   0.270   0.235     2.0     1.6     1.4     1.6     1.7
04136 20240208  2.622 -117.53   47.42     4.0     0.2     2.1     1.8     1.5     2.40 C     7.8    -2.1     1.7    88.4    69.7    82.6   0.320   0.352   0.314   0.269   0.233     2.0     1.8     1.8     1.9     1.9
04136 20240209  2.622 -117.53   47.42     3.9    -5.8    -0.9    -0.6     0.0     3.89 C    10.5    -8.5    -1.0    90.3    62.3    83.6   0.318   0.351   0.314   0.269   0.232     1.4     1.6     1.7     2.0     2.1
04136 20240210  2.622 -117.53   47.42     4.5    -7.7    -1.6    -0.8     0.0     6.02 C     9.6    -9.4    -1.0    89.5    61.1    77.2   0.314   0.346   0.311   0.266   0.230     0.5     1.1     1.3     1.9     2.1
04136 20240211  2.622 -117.53   47.42     3.8    -1.7     1.0     1.8     0.4     2.06 C     5.4    -3.9     0.9    86.3    66.2    78.7   0.315   0.347   0.312   0.266   0.230     0.7     1.0     1.1     1.8     1.9
04136 20240212  2.622 -117.53   47.42     4.9    -2.7     1.1     2.6     5.3     1.87 C     7.8    -4.0     2.3    94.4    80.4    87.2   0.320   0.353   0.315   0.270   0.234     1.9     1.7     1.6     1.8     2.0
04136 20240213  2.622 -117.53   47.42     2.1    -5.9    -1.9    -2.1     0.0     5.85 C    13.0    -8.6    -0.8    93.5    73.4    87.6   0.316   0.351   0.314   0.269   0.233     1.5     1.7     1.7     2.1     2.2
04136 20240214  2.622 -117.53   47.42     2.2    -8.0    -2.9    -2.0     0.0     6.59 C     7.2    -9.8    -2.2    88.7    47.5    65.5   0.317   0.344   0.310   0.265   0.229     0.6     1.2     1.4     2.0     2.2
04136 20240215  2.622 -117.53   47.42    -0.5    -4.2    -2.3    -3.0     5.8     2.16 C    -1.3    -4.7    -3.3    83.7    47.6    71.6 -99.000   0.342   0.309   0.263   0.228     0.3     0.9     1.1     1.8     2.0
04136 20240216  2.622 -117.53   47.42     0.7   -12.5    -5.9    -4.7     0.0    10.98 C    -1.6   -19.2    -9.2    84.4    43.8    60.6 -99.000   0.342   0.309   0.263   0.227     0.3     0.7     0.9     1.6     1.8
04136 20240217  2.622 -117.53   47.42     4.0   -12.7    -4.3    -3.3     0.0     9.62 C     2.7   -17.2    -6.4    84.0    42.2    61.5 -99.000   0.340   0.307   0.261   0.225     0.2     0.7     0.8     1.6     1.7
04136 20240218  2.622 -117.53   47.42     2.0    -1.0     0.5     0.5     1.7     2.64 C     2.2    -1.9     0.0    90.3    58.1    80.9 -99.000   0.343   0.309   0.263   0.227     0.2     0.6     0.8     1.5     1.6
04136 20240219  2.622 -117.53   47.42     4.6    -0.9     1.8     1.5     2.9     2.46 C     5.4    -3.5     0.6    90.9    72.4    86.1 -99.000   0.349   0.314   0.268   0.231     0.2     0.6     0.7     1.4     1.6
04136 20240220  2.622 -117.53   47.42     7.5    -2.5     2.5     2.8     3.9     4.23 C    11.1    -4.9     2.2    91.9    78.2    87.9 -99.000   0.358   0.320   0.275   0.238     0.6     0.7     0.8     1.4     1.6
04136 20240221  2.622 -117.53   47.42     8.4    -2.8     2.8     3.2     2.3     4.14 C    13.5    -5.1     2.9    91.7    66.6    86.2   0.309   0.355   0.318   0.273   0.236     1.2     1.2     1.1     1.5     1.7
04136 20240222  2.622 -117.53   47.42     8.4    -3.5     2.5     3.3     0.0     4.46 C    16.0    -6.4     2.9    91.1    61.7    83.9   0.315   0.352   0.316   0.271   0.235     2.7     2.2     2.0     2.0     2.0
04136 20240223  2.622 -117.53   47.42    11.4    -5.5     3.0     1.5     0.0    11.44 C    17.9    -7.6     1.1    91.7    43.7    76.6   0.310   0.348   0.313   0.268   0.232     1.7     1.9     2.0     2.3     2.3
04136 20240224  2.622 -117.53   47.42     9.7    -2.9     3.4     4.6     0.0     7.44 C    15.1    -5.2     3.7    90.5    48.8    71.7   0.308   0.346   0.312   0.267   0.231     2.2     2.0     2.1     2.3     2.4
04136 20240225  2.622 -117.53   47.42     7.7     3.0     5.4     5.2     0.5     1.63 C     6.2     0.6     3.9    83.2    66.1    75.9   0.307   0.346   0.311   0.266   0.230     2.8     2.5     2.5     2.5     2.6
04136 20240226  2.622 -117.53   47.42     5.0    -3.5     0.7     1.2     0.0     9.28 C    15.6    -8.7     0.7    71.7    29.4    48.7   0.305   0.344   0.310   0.265   0.229     2.3     2.5     2.6     2.7     2.8
04136 20240227  2.622 -117.53   47.42     2.7    -5.5    -1.4    -1.0     1.1     9.42 C    13.7    -7.3     0.1    87.3    25.7    60.5   0.302   0.341   0.308   0.263   0.227     1.1     1.7     2.0     2.6     2.7
04136 20240228  2.622 -117.53   47.42     6.2    -0.2     3.0     3.0     9.4     2.26 C     4.3    -0.6     1.7    89.0    66.8    81.6   0.319   0.351   0.315   0.269   0.232     1.4     1.6     1.8     2.3     2.5
04136 20240229  2.622 -117.53   47.42     8.6     0.4     4.5     3.8     7.0     1.07 C     5.6    -2.3     2.5    87.9    56.1    77.1   0.329   0.362   0.323   0.278   0.241     2.5     2.3     2.3     2.5     2.6
04136 20240301  2.622 -117.53   47.42     6.1    -0.9     2.6     1.6     0.8     7.33 C    13.3    -3.7     0.9    84.1    44.2    70.5   0.319   0.356   0.320   0.275   0.238     1.9     2.1     2.2     2.6     2.7
04136 20240302  2.622 -117.53   47.42     5.1    -2.6     1.3     0.7     3.4     6.24 C     9.6    -6.9    -0.7    89.4    48.6    73.7   0.319   0.355   0.319   0.273   0.237     1.4     1.8     2.0     2.5     2.6
04136 20240303  2.622 -117.53   47.42     4.3    -6.5    -1.1    -0.6     0.0    10.59 C    12.0    -9.1    -1.3    84.7    43.6    68.4   0.313   0.351   0.316   0.271   0.235     0.8     1.4     1.6     2.3     2.5
04136 20240304  2.622 -117.53   47.42     2.6    -5.7    -1.5    -0.9     2.6     6.59 C     9.3    -8.9    -1.7    87.2    50.9    74.4   0.313   0.351   0.316   0.270   0.234     0.7     1.2     1.4     2.1     2.3
04136 20240305  2.622 -117.53   47.42     4.7    -9.2    -2.2    -3.1     0.3    11.64 C    16.0   -11.0    -2.9    88.6    48.7    76.4   0.325   0.347   0.314   0.269   0.232     0.4     1.0     1.2     2.0     2.1
04136 20240306  2.622 -117.53   47.42     5.0    -9.9    -2.5    -3.1     0.0    12.99 C    17.7   -11.6    -2.5    87.6    25.3    67.3 -99.000   0.344   0.310   0.266   0.229     0.3     0.8     1.0     1.8     2.0
04136 20240307  2.622 -117.53   47.42     5.8    -9.4    -1.8    -2.5     0.0    12.09 C    19.6   -11.4    -2.0    85.9    37.5    67.7 -99.000   0.341   0.308   0.263   0.227     0.2     0.7     0.9     1.7     1.9
04136 20240308  2.622 -117.53   47.42     8.9    -7.1     0.9     0.4     0.0    13.29 C    17.6    -9.9     0.2    87.4    32.6    65.2 -99.000   0.340   0.308   0.262   0.226     0.2     0.7     0.8     1.6     1.8
04136 20240309  2.622 -117.53   47.42    11.9    -4.1     3.9     3.7     0.3     7.78 C    18.5    -7.8     1.8    83.9    27.5    62.3 -99.000   0.341   0.308   0.262   0.226     0.2     0.7     0.9     1.6     1.7
04136 20240310  2.622 -117.53   47.42     9.5    -0.4     4.5     4.7     1.8     4.76 C    12.3    -3.4     3.0    81.4    57.2    72.7   0.292   0.344   0.310   0.264   0.228     1.0     1.0     1.1     1.7     1.8
04136 20240311  2.622 -117.53   47.42     9.9    -1.5     4.2     5.0     1.8     8.15 C    18.7    -4.5     4.0    87.1    43.9    67.2   0.302   0.344   0.310   0.265   0.229     2.1     1.8     1.8     2.0     2.1
04136 20240312  2.622 -117.53   47.42    10.9     0.6     5.7     5.3     0.0     9.62 C    18.3    -4.9     4.1    87.0    37.7    65.2   0.304   0.345   0.311   0.266   0.229     3.2     2.7     2.6     2.4     2.4
04136 20240313  2.622 -117.53   47.42     8.5    -3.5     2.5     2.0     0.0    11.04 C    24.8    -7.2     2.8    88.2    38.0    67.1   0.301   0.343   0.310   0.265   0.228     2.7     2.6     2.7     2.7     2.8
04136 20240314  2.622 -117.53   47.42    11.4    -5.4     3.0     1.9     0.0    14.95 C    24.9    -8.7     3.1    90.5    32.6    69.4   0.299   0.340   0.308   0.263   0.227     2.5     2.6     2.6     2.8     2.9
04136 20240315  2.622 -117.53   47.42    14.3    -4.4     4.9     3.9     0.0    15.95 C    27.5    -7.0     5.2    89.6    32.7    67.8   0.297   0.339   0.307   0.262   0.226     3.1     2.8     2.9     3.0     3.0
04136 20240316  2.622 -117.53   47.42    19.5    -3.0     8.3     7.2     0.0    16.27 C    31.1    -5.8     7.7    90.5    25.5    64.6   0.296   0.338   0.306   0.260   0.225     4.0     3.5     3.4     3.3     3.3
04136 20240317  2.622 -117.53   47.42    21.1    -1.8     9.6     8.5     0.0    16.71 C    32.8    -5.1     8.8    90.7    24.2    63.0   0.294   0.336   0.305   0.259   0.224     5.0     4.2     4.2     3.7     3.7
04136 20240318  2.622 -117.53   47.42    20.8    -2.0     9.4     8.6     0.0    16.66 C    33.3    -4.8     9.3    91.6    29.0    67.4   0.293   0.334   0.303   0.257   0.222     5.7     4.9     4.8     4.2     4.1
04136 20240319  2.622 -117.53   47.42    20.9    -1.6     9.7     9.0     0.0    16.55 C    31.1    -4.6     9.2    91.8    30.6    67.0   0.291   0.332   0.302   0.255   0.221     6.1     5.4     5.3     4.7     4.6
04136 20240320  2.622 -117.53   47.42    17.8     1.5     9.6     9.9     0.0    15.36 C    29.5    -1.7     9.7    90.6    27.5    58.1   0.289   0.330   0.300   0.253   0.219     6.6     5.8     5.7     5.1     5.0
04136 20240321  2.622 -117.53   47.42    12.6     1.5     7.0     7.8     0.0     9.72 C    22.2    -2.6     7.1    83.2    35.5    59.6   0.287   0.327   0.298   0.252   0.217     6.4     5.9     5.9     5.5     5.3
04136 20240322  2.622 -117.53   47.42    15.8    -0.4     7.7     8.3     0.0    10.14 C    26.3    -3.2     8.4    91.0    32.2    62.9   0.286   0.326   0.297   0.250   0.216     6.2     5.7     5.7     5.4     5.4
04136 20240323  2.622 -117.53   47.42     9.4    -0.7     4.3     5.7     0.2     3.06 C    11.9    -4.2     4.7    90.0    57.3    78.0   0.285   0.325   0.296   0.250   0.216     6.0     5.9     5.8     5.6     5.5
04136 20240324  2.622 -117.53   47.42     5.6    -4.3     0.7     2.4     4.3     6.06 C    15.0    -7.5     2.8    90.3    63.1    82.1   0.291   0.331   0.301   0.254   0.219     5.3     5.4     5.4     5.5     5.5
04136 20240325  2.622 -117.53   47.42     9.6    -6.0     1.8     2.0     0.0     5.95 C    26.6    -8.6     2.3    87.9    52.4    77.0   0.291   0.331   0.301   0.255   0.220     3.9     4.4     4.6     5.1     5.2
04136 20240326  2.622 -117.53   47.42    10.5    -1.7     4.4     3.7     2.5     9.88 C    23.5    -4.9     3.1    89.8    42.3    72.0   0.292   0.333   0.302   0.256   0.220     4.5     4.5     4.6     4.8     4.9
04136 20240327  2.622 -117.53   47.42     7.3    -1.2     3.0     4.0    12.7     5.48 C    10.7    -4.6     3.4    87.5    57.9    77.5   0.306   0.343   0.309   0.262   0.225     4.1     4.3     4.4     4.7     4.9
04136 20240328  2.622 -117.53   47.42    10.4    -1.7     4.4     3.9     0.0    10.53 C    23.4    -4.4     4.3    91.4    44.8    75.4   0.317   0.356   0.319   0.274   0.236     4.7     4.6     4.6     4.7     4.8
04136 20240329  2.622 -117.53   47.42    11.5    -2.7     4.4     4.3     0.0    15.78 C    27.3    -5.8     5.5    89.5    31.7    66.3   0.309   0.350   0.315   0.270   0.233     5.2     4.9     4.8     4.8     4.9
04136 20240330  2.622 -117.53   47.42    13.2    -4.7     4.2     4.1     0.0    17.08 C    29.6    -7.5     6.2    90.8    23.6    61.8   0.304   0.345   0.313   0.267   0.231     5.1     5.0     4.9     5.0     5.0
04136 20240331  2.622 -117.53   47.42    13.2    -4.0     4.6     4.6     0.0    18.59 C    29.0    -7.6     6.2    86.5    23.3    54.9   0.301   0.342   0.310   0.264   0.228     5.5     5.2     5.1     5.1     5.1
04136 20240401  2.622 -117.53   47.42    16.3    -3.1     6.6     6.6     0.0    17.05 C    28.3    -5.7     7.6    87.2    31.9    60.8   0.298   0.339   0.308   0.262   0.227     5.8     5.4     5.3     5.3     5.3
04136 20240402  2.622 -117.53   47.42    21.0    -0.4    10.3    11.7     0.0    16.90 C    30.6    -3.0    11.5    89.8    35.1    59.8   0.295   0.336   0.306   0.259   0.225     7.1     6.2     5.9     5.6     5.5
04136 20240403  2.622 -117.53   47.42    13.2     3.4     8.3     7.6     0.4     8.87 C    16.2     2.7     8.0    86.6    35.3    58.7   0.292   0.333   0.303   0.257   0.222     7.5     6.9     6.7     6.1     6.0
04136 20240404  2.622 -117.53   47.42    11.1     1.8     6.5     5.7     6.2     7.50 C    19.5     1.6     7.2    88.8    53.9    78.6   0.294   0.334   0.304   0.257   0.222     7.1     6.7     6.5     6.2     6.2
04136 20240405  2.622 -117.53   47.42     5.3     0.1     2.7     1.9    11.5     6.60 C    11.7    -0.1     1.6    90.9    71.6    85.5   0.322   0.358   0.321   0.274   0.237     5.2     5.8     5.9     6.1     6.2
04136 20240406  2.622 -117.53   47.42     8.6     1.7     5.2     4.5     0.0     6.98 C    13.5    -0.9     4.7    91.2    48.6    74.3   0.315   0.355   0.320   0.275   0.239     5.4     5.4     5.4     5.7     5.8
04136 20240407  2.622 -117.53   47.42    10.4    -0.7     4.8     4.8     0.0    11.07 C    25.5    -5.0     5.5    89.0    40.2    67.9   0.309   0.350   0.316   0.271   0.235     5.6     5.5     5.4     5.6     5.7
04136 20240408  2.622 -117.53   47.42    11.1    -2.5     4.3     5.5     0.0    12.76 C    20.9    -6.3     5.7    88.1    39.4    64.2   0.304   0.346   0.313   0.268   0.232     5.3     5.3     5.3     5.6     5.6
04136 20240409  2.622 -117.53   47.42    15.2    -1.6     6.8     9.0     0.4    15.24 C    26.6    -5.2     8.9    86.3    26.2    57.1   0.301   0.344   0.311   0.266   0.230     7.0     6.2     6.0     5.7     5.7
04136 20240410  2.622 -117.53   47.42    14.2    -5.8     4.2     5.0     0.0    19.87 C    30.1    -7.4     8.0    85.4    24.5    59.0   0.298   0.340   0.309   0.262   0.227     6.8     6.3     6.2     6.0     6.0
04136 20240411  2.622 -117.53   47.42    16.9    -3.2     6.8     8.0     0.0    17.46 C    32.4    -5.7    10.4    89.5    30.5    61.1   0.295   0.337   0.306   0.259   0.225     7.5     6.8     6.5     6.2     6.2
04136 20240412  2.622 -117.53   47.42    17.2     3.3    10.2    11.5     0.0    13.98 C    31.4     0.6    13.3    88.6    34.1    60.1   0.292   0.334   0.304   0.257   0.222     9.5     8.2     7.7     6.8     6.7
04136 20240413  2.622 -117.53   47.42    20.7     0.4    10.6    11.0     0.0    19.98 C    36.0    -1.4    13.5    91.7    34.1    68.7   0.289   0.330   0.300   0.253   0.220    10.0     8.8     8.3     7.4     7.3
04136 20240414  2.622 -117.53   47.42    23.7     2.3    13.0    12.8     0.0    19.84 C    36.3     0.7    14.4    91.7    22.2    57.4   0.286   0.326   0.297   0.250   0.217    10.7     9.5     8.9     8.0     7.8
04136 20240415  2.622 -117.53   47.42    15.6     4.4    10.0     9.8     0.0    18.52 C    26.8     2.3    10.8    76.4    29.6    50.8   0.282   0.321   0.293   0.246   0.214    10.0     9.4     9.1     8.4     8.2
04136 20240416  2.622 -117.53   47.42    10.0    -5.3     2.3     4.0     0.0    11.50 C    23.7    -8.2     4.9    85.2    27.8    53.6   0.279   0.317   0.290   0.242   0.212     8.0     8.3     8.4     8.3     8.2
04136 20240417  2.622 -117.53   47.42    11.0    -7.8     1.6     2.2     0.0    15.76 C    33.1    -9.7     4.8    86.2    26.2    60.7   0.276   0.314   0.287   0.240   0.210     6.5     7.0     7.2     7.6     7.7
04136 20240418  2.622 -117.53   47.42    10.1    -5.0     2.6     3.7     0.0    17.16 C    29.4    -7.8     6.0    89.7    38.6    63.3   0.274   0.311   0.286   0.238   0.208     6.6     6.8     6.9     7.3     7.3
04136 20240419  2.622 -117.53   47.42    14.2     0.7     7.4     7.4     0.0    22.03 C    30.4    -3.8     9.1    71.5    21.1    37.0   0.272   0.309   0.283   0.235   0.206     7.4     7.1     7.0     7.2     7.2
04136 20240420  2.622 -117.53   47.42    19.1     2.6    10.8    10.8     0.0    22.20 C    32.5    -4.5    12.6    60.6    20.8    32.6   0.268   0.304   0.280   0.232   0.204     8.4     7.7     7.5     7.3     7.3
04136 20240421  2.622 -117.53   47.42    12.7    -2.0     5.4     7.1     0.0    14.17 C    26.9    -6.2     7.6    68.9    21.1    44.1   0.264   0.300   0.277   0.228   0.201     8.4     8.1     8.0     7.7     7.6
04136 20240422  2.622 -117.53   47.42    14.5    -6.0     4.3     4.5     0.0    22.77 C    34.3    -8.8     8.1    84.6    18.4    51.8   0.261   0.296   0.273   0.225   0.199     7.7     7.6     7.4     7.5     7.5
04136 20240423  2.622 -117.53   47.42    18.4    -5.7     6.3     7.0     0.0    20.75 C    35.0    -7.6     9.6    85.7    16.7    51.6   0.257   0.292   0.270   0.222   0.196     8.2     7.8     7.6     7.5     7.5
04136 20240424  2.622 -117.53   47.42    17.7    -3.6     7.0     9.0     0.0    16.25 C    28.5    -5.5    10.1    87.6    25.4    51.7   0.254   0.288   0.267   0.219   0.194     8.3     8.0     7.8     7.7     7.7
04136 20240425  2.622 -117.53   47.42    15.0     4.4     9.7     9.6     0.5    11.65 C    33.1     1.8    10.9    85.8    44.0    65.8   0.252   0.285   0.264   0.216   0.192     9.1     8.5     8.3     7.9     7.8
04136 20240426  2.622 -117.53   47.42    15.7     1.7     8.7     9.0     0.0    13.80 C    30.6    -0.5    10.3    89.4    38.5    67.2   0.250   0.283   0.262   0.214   0.191     9.6     8.9     8.6     8.2     8.1
04136 20240427  2.622 -117.53   47.42    15.0     1.3     8.1     8.6     0.0    13.15 C    29.7    -1.2     9.7    87.4    30.5    61.6   0.248   0.280   0.260   0.212   0.189     9.1     8.8     8.6     8.3     8.2
04136 20240428  2.622 -117.53   47.42    14.0     5.0     9.5     9.0     0.0    12.41 C    23.9     2.3     9.6    80.1    35.7    56.7   0.245   0.277   0.257   0.210   0.187     8.8     8.6     8.5     8.3     8.3
04136 20240429  2.622 -117.53   47.42    11.3    -4.4     3.5     4.6     0.8    12.00 C    19.2    -7.3     5.0    80.7    25.2    62.7   0.243   0.275   0.255   0.207   0.185     8.0     8.2     8.2     8.2     8.2
04136 20240430  2.622 -117.53   47.42     9.6    -4.2     2.7     3.0     2.4    16.19 C    28.7    -7.8     4.6    86.7    39.5    66.8   0.245   0.276   0.256   0.208   0.186     6.7     7.2     7.3     7.8     7.9
04136 20240501  2.622 -117.53   47.42    14.0    -2.7     5.7     6.1     0.0    20.25 C    29.5    -5.7     8.6    88.4    25.6    57.7   0.244   0.276   0.256   0.209   0.186     7.9     7.6     7.5     7.6     7.6
04136 20240502  2.622 -117.53   47.42    16.2    -5.5     5.3     6.9     0.0    21.59 C    36.9    -8.0    10.4    86.3    21.0    51.2   0.240   0.272   0.253   0.205   0.184     8.3     7.9     7.7     7.7     7.7
04136 20240503  2.622 -117.53   47.42    18.0    -3.6     7.2     9.0     0.0    22.39 C    36.7    -5.1    12.1    88.1    23.9    52.5   0.236   0.268   0.249   0.202   0.181     9.7     8.9     8.4     8.0     8.0
04136 20240504  2.622 -117.53   47.42    18.4     3.0    10.7    12.5     0.0     9.92 C    25.6     1.0    12.1    84.2    28.0    43.2   0.232   0.263   0.245   0.198   0.179    10.0     9.4     9.1     8.5     8.4
04136 20240505  2.622 -117.53   47.42    12.0     5.6     8.8     6.9    13.9     2.11 C     9.6     5.7     7.2    90.8    46.8    84.3   0.247   0.273   0.253   0.202   0.181     8.8     8.9     8.8     8.6     8.6
04136 20240506  2.622 -117.53   47.42    14.2     2.9     8.6     7.4     1.5    15.38 C    27.4     0.5     8.9    86.5    39.1    70.9   0.266   0.300   0.277   0.225   0.198     8.9     8.6     8.4     8.4     8.4
04136 20240507  2.622 -117.53   47.42    14.6     1.7     8.1     7.6     0.0    16.72 C    31.0    -1.2     8.5    79.9    26.1    52.6   0.260   0.296   0.275   0.225   0.199     8.8     8.6     8.5     8.4     8.4
04136 20240508  2.622 -117.53   47.42    15.1    -1.0     7.0     7.4     0.0    17.09 C    33.1    -3.0     9.9    88.8    32.3    59.3   0.256   0.292   0.272   0.222   0.197     9.3     8.8     8.5     8.4     8.4
04136 20240509  2.622 -117.53   47.42    23.2    -1.8    10.7    11.7     0.0    24.59 C    37.9    -2.9    15.0    90.9    26.1    60.1   0.250   0.287   0.267   0.218   0.194    11.1     9.9     9.3     8.7     8.6
04136 20240510  2.622 -117.53   47.42    25.8     1.6    13.7    14.9     0.0    25.34 C    40.9    -0.2    17.6    90.9    21.1    55.3   0.244   0.280   0.261   0.213   0.190    12.9    11.3    10.5     9.4     9.2
04136 20240511  2.622 -117.53   47.42    26.3     2.6    14.4    15.7     0.0    24.59 C    40.8     0.9    17.6    91.4    23.0    57.0   0.237   0.271   0.254   0.207   0.185    13.7    12.2    11.5    10.2     9.9
04136 20240512  2.622 -117.53   47.42    26.6     4.2    15.4    16.2     0.0    25.25 C    38.6     2.4    18.0    91.4    22.2    54.2   0.230   0.263   0.246   0.200   0.181    14.2    12.8    12.1    10.8    10.5
04136 20240513  2.622 -117.53   47.42    23.2     5.5    14.3    15.7     0.0    21.57 C    36.4     2.8    17.0    84.3    27.2    47.9   0.223   0.255   0.239   0.194   0.176    14.2    13.0    12.4    11.3    11.0
04136 20240514  2.622 -117.53   47.42    22.5     2.2    12.4    13.4     0.0    24.93 C    39.7     0.8    16.6    88.4    21.8    52.2   0.217   0.248   0.232   0.188   0.172    14.3    13.2    12.6    11.5    11.3
04136 20240515  2.622 -117.53   47.42    23.8     2.4    13.1    15.1     0.0    22.32 C    35.9     1.1    16.9    89.8    26.0    52.4   0.210   0.241   0.226   0.183   0.167    14.1    13.2    12.6    11.8    11.5
04136 20240516  2.622 -117.53   47.42    24.4     8.2    16.3    17.0     0.0    21.31 C    36.7     6.2    18.3    78.9    22.2    43.4   0.204   0.234   0.220   0.177   0.163    14.6    13.5    13.0    12.0    11.7
04136 20240517  2.622 -117.53   47.42    16.9     1.8     9.4    11.0     0.0    21.41 C    35.9    -2.1    13.5    67.0    17.9    34.8   0.197   0.190   0.213   0.172   0.159    13.4    13.0    12.7    12.1    11.8
04136 20240518  2.622 -117.53   47.42    15.9    -2.1     6.9     8.4     0.0    18.67 C    32.1    -4.2    10.6    79.7    26.0    51.4   0.192   0.195   0.209   0.168   0.155    11.8    11.9    11.8    11.6    11.6
04136 20240519  2.622 -117.53   47.42    14.3     0.1     7.2     7.5     0.6    16.60 C    26.8    -1.6     9.7    86.6    34.2    64.3   0.190   0.186   0.205   0.165   0.152    11.4    11.5    11.3    11.3    11.3
04136 20240520  2.622 -117.53   47.42    18.8    -2.8     8.0     9.5     0.0    21.24 C    41.3    -3.5    12.8    90.3    22.5    56.8   0.189   0.178   0.202   0.162   0.150    11.8    11.4    11.1    11.0    11.0
04136 20240521  2.622 -117.53   47.42    15.6     0.8     8.2     8.7     3.8    13.62 C    32.3    -1.9    10.6    88.6    38.5    69.2   0.185   0.171   0.199   0.159   0.147    11.4    11.3    11.2    11.1    11.0
04136 20240522  2.622 -117.53   47.42    13.2     5.9     9.5     9.0     6.5    19.51 C    30.2     5.4    12.6    89.1    33.6    64.0   0.218   0.188   0.216   0.164   0.151    12.2    11.6    11.3    11.0    10.9
04136 20240523  2.622 -117.53   47.42    17.0     0.3     8.6     9.8     0.0    15.67 C    33.7    -1.4    12.3    89.8    40.4    65.9   0.209   0.187   0.217   0.170   0.156    12.2    11.8    11.4    11.1    11.1
04136 20240524  2.622 -117.53   47.42    19.4     2.1    10.8    12.4     0.0    22.31 C    37.9     0.5    15.9    89.6    25.5    54.7   0.201   0.183   0.213   0.168   0.155    13.1    12.2    11.7    11.3    11.1
04136 20240525  2.622 -117.53   47.42    15.1     5.4    10.2    11.0     0.0    15.11 C    30.0     1.9    12.9    79.8    33.6    53.1   0.194   0.179   0.208   0.165   0.152    13.0    12.5    12.2    11.6    11.4
04136 20240526  2.622 -117.53   47.42    16.9     3.1    10.0    10.7     0.0    19.65 C    34.4     1.1    14.0    81.6    36.8    56.8   0.188   0.174   0.202   0.162   0.150    12.4    12.0    11.8    11.5    11.4
04136 20240527  2.622 -117.53   47.42    23.1     2.9    13.0    14.2     0.0    24.66 C    39.7     1.0    18.0    90.3    30.5    58.5   0.182   0.198   0.197   0.158   0.147    14.5    13.2    12.5    11.7    11.5
04136 20240528  2.622 -117.53   47.42    21.3     6.7    14.0    15.0     2.5    13.32 C    32.8     5.9    16.0    90.9    33.6    60.6   0.184   0.176   0.197   0.156   0.145    14.7    13.7    13.2    12.3    12.0
04136 20240529  2.622 -117.53   47.42    16.6     0.1     8.4     9.3     1.4    22.04 C    34.0    -0.6    12.1    85.8    23.0    53.4   0.179   0.168   0.193   0.156   0.144    13.4    13.1    12.9    12.3    12.2
04136 20240530  2.622 -117.53   47.42    16.9    -2.5     7.2     8.0     0.0    25.57 C    39.2    -2.8    11.8    87.2    25.0    57.4   0.176   0.204   0.190   0.156   0.142    12.6    12.4    12.2    12.0    12.0
04136 20240531  2.622 -117.53   47.42    20.2    -2.9     8.7    10.6     0.0    26.18 C    40.3    -3.7    14.8    88.6    22.4    52.7   0.171   0.199   0.186   0.153   0.139    13.2    12.6    12.2    11.9    11.8
04136 20240601  2.622 -117.53   47.42    21.4     2.5    12.0    13.2     0.0    13.05 C    37.1     1.5    14.6    85.9    28.4    53.5   0.165   0.195   0.181   0.150   0.136    13.3    12.8    12.5    12.0    11.9
04136 20240602  2.622 -117.53   47.42    18.8     5.7    12.2    12.7     8.5    12.02 C    32.4     2.7    14.1    88.6    38.9    69.9   0.168   0.192   0.178   0.147   0.134    13.4    12.9    12.6    12.1    12.0
04136 20240603  2.622 -117.53   47.42    17.4     6.6    12.0    12.3     8.1    16.19 C    25.8     4.9    13.3    88.3    29.8    63.2   0.222   0.228   0.209   0.157   0.137    13.6    13.0    12.7    12.2    12.1
04136 20240604  2.622 -117.53   47.42    19.7     5.1    12.4    12.0     0.3    13.29 C    29.6     3.1    12.4    79.0    41.6    62.3   0.208   0.230   0.213   0.167   0.146    12.5    12.4    12.3    12.1    12.0
04136 20240605  2.622 -117.53   47.42    20.1     1.3    10.7    11.6     0.0    26.99 C    37.1    -0.3    15.7    89.7    23.7    56.1   0.198   0.224   0.208   0.166   0.147    13.9    13.0    12.6    12.1    11.9
04136 20240606  2.622 -117.53   47.42    25.1     0.3    12.7    14.8     0.0    26.29 C    42.8    -0.7    18.4    90.7    22.9    56.4   0.188   0.216   0.202   0.162   0.144    15.0    13.8    13.2    12.4    12.2
04136 20240607  2.622 -117.53   47.42    26.5     4.1    15.3    16.1     0.0    27.84 C    44.6     2.8    19.9    90.8    16.7    52.6   0.179   0.209   0.194   0.156   0.141    16.2    14.8    14.0    13.0    12.7
04136 20240608  2.622 -117.53   47.42    27.9     1.2    14.6    16.8     0.0    26.19 C    45.2     0.0    20.5    90.4    16.6    51.7   0.169   0.200   0.185   0.148   0.137    16.5    15.2    14.4    13.4    13.1
04136 20240609  2.622 -117.53   47.42    25.4     5.8    15.6    16.7     0.0    13.80 C    43.8     4.7    17.5    90.5    30.7    58.3   0.161   0.193   0.178   0.144   0.134    16.2    15.4    14.8    13.8    13.5
04136 20240610  2.622 -117.53   47.42    25.9     5.5    15.7    16.4     0.0    26.19 C    43.7     4.2    19.9    90.9    22.1    58.1   0.156   0.188   0.172   0.141   0.131    16.9    15.6    14.9    13.8    13.6
04136 20240611  2.622 -117.53   47.42    26.9     5.0    15.9    17.6     0.0    25.71 C    42.3     2.1    20.4    85.9    14.8    42.9   0.148   0.181   0.166   0.140   0.127    17.1    16.0    15.3    14.1    13.8
04136 20240612  2.622 -117.53   47.42    22.1     2.5    12.3    12.8     0.0    27.91 C    41.4     0.0    17.2    83.7    17.6    45.9   0.140   0.175   0.159 -99.000   0.124    16.6    15.8    15.1    14.1    14.0
04136 20240613  2.622 -117.53   47.42    25.5     0.6    13.0    15.5     0.0    27.84 C    44.3    -1.3    20.1    89.5    14.6    47.5   0.137   0.171   0.153 -99.000   0.121    16.8    15.8    15.0    13.8    14.0
04136 20240614  2.622 -117.53   47.42    20.2     4.1    12.1    14.3     0.0    21.98 C    36.6     2.0    17.3    76.4    21.9    42.8   0.128   0.164   0.148 -99.000   0.117    17.0    16.1    15.4    14.1    14.2
04136 20240615  2.622 -117.53   47.42    16.3     3.4     9.9    10.5     0.9    17.77 C    32.4     1.8    12.5    80.5    26.2    49.6   0.123   0.160   0.143 -99.000   0.114    14.9    14.9    14.6    13.9    14.1
04136 20240616  2.622 -117.53   47.42    15.5     1.5     8.5     8.5     0.0    20.37 C    37.4    -0.9    11.7    84.2    30.4    56.8   0.121   0.159   0.139 -99.000   0.112    13.8    13.9    13.7    13.5    13.6
04136 20240617  2.622 -117.53   47.42    17.2    -2.5     7.4     9.0     1.8    17.47 C    39.2    -4.0    12.1    86.8    34.1    65.7   0.116   0.153   0.136   0.121   0.109    13.6    13.6    13.3    13.4    13.3
04136 20240618  2.622 -117.53   47.42    19.5     6.1    12.8    11.0     0.3    19.48 C    36.6     3.4    14.5    86.3    32.3    67.1   0.116   0.151   0.134   0.119   0.108    14.4    13.8    13.4    13.2    13.1
04136 20240619  2.622 -117.53   47.42    22.8     2.2    12.5    13.4     0.0    27.54 C    43.7     0.5    18.3    84.7    21.9    55.8   0.114   0.149   0.131   0.116   0.106    16.0    14.8    14.1    13.4    13.3
04136 20240620  2.622 -117.53   47.42    27.2     1.3    14.3    15.6     0.0    26.69 C    47.2    -0.2    20.1    88.1    13.5    48.8   0.109   0.144   0.126   0.112   0.103    16.6    15.3    14.6    13.8    13.5
04136 20240621  2.622 -117.53   47.42    29.1     1.7    15.4    17.2     0.0    27.50 C    50.1    -0.1    21.8    87.8    13.3    47.4   0.103   0.139   0.120   0.107   0.101    17.7    16.2    15.2    14.1    13.9
04136 20240622  2.622 -117.53   47.42    30.5     4.5    17.5    18.8     0.0    24.20 C    50.4     2.9    22.9    88.6    19.1    52.1   0.098   0.134   0.114   0.102   0.097    18.6    17.0    15.9    14.6    14.2
04136 20240623  2.622 -117.53   47.42    25.9     6.6    16.2    19.2     0.0    26.36 C    44.9     4.4    22.3    77.3    19.3    38.8   0.092   0.129   0.108   0.098   0.094    19.0    17.5    16.5    15.1    14.7
04136 20240624  2.622 -117.53   47.42    23.7     5.2    14.4    14.8     0.0    27.28 C    44.9     1.3    19.8    84.1    25.5    50.6   0.087   0.125   0.104   0.094   0.091    18.4    17.2    16.3    15.3    14.9
04136 20240625  2.622 -117.53   47.42    28.4     1.8    15.1    17.2     0.0    27.49 C    50.5     0.3    22.3    89.4    17.1    50.5   0.083   0.121   0.099   0.088   0.087    18.9    17.5    16.4    15.3    15.0
04136 20240626  2.622 -117.53   47.42    29.2     6.6    17.9    20.1     0.0    18.80 C    48.6     5.1    23.9    83.0    18.9    44.3   0.079   0.117   0.095   0.082   0.084    19.4    17.9    16.9    15.6    15.2
04136 20240627  2.622 -117.53   47.42    21.1     8.0    14.6    15.5     1.2    18.46 C    33.0     4.1    17.3    72.8    29.3    51.1   0.074   0.113   0.093   0.079   0.081    18.2    17.5    16.9    15.8    15.4
04136 20240628  2.622 -117.53   47.42    23.9     4.9    14.4    14.8     0.0    26.33 C    46.7     2.6    20.3    85.0    32.5    56.7   0.072   0.098   0.090   0.075   0.078    18.3    17.1    16.3    15.5    15.2
04136 20240629  2.622 -117.53   47.42    28.5     4.0    16.3    17.6     0.0    20.52 C    52.5     2.6    22.9    89.1    23.7    56.4   0.070   0.084   0.087   0.070   0.075    19.1    17.7    16.6    15.7    15.3
04136 20240630  2.622 -117.53   47.42    25.5     8.7    17.1    18.2     1.4    16.81 C    46.5     7.3    21.9    92.4    33.2    61.3   0.068   0.082   0.086   0.066   0.073    20.1 -9999.0 -9999.0 -9999.0 -9999.0
04136 20240701  2.622 -117.53   47.42    26.3     5.7    16.0    16.9     0.0    21.30 C    42.5     4.1    19.6    92.2    24.1    55.2   0.065   0.090   0.084   0.063   0.070 -9999.0    17.8 -9999.0 -9999.0 -9999.0
04136 20240702  2.622 -117.53   47.42 -9999.0 -9999.0 -9999.0 -9999.0 -9999.0 -9999.00 U -9999.0 -9999.0 -9999.0 -9999.0 -9999.0 -9999.0 -99.000 -99.000 -99.000 -99.000 -99.000 -9999.0 -9999.0 -9999.0 -9999.0 -9999.0
