04237 20240101  2.623 -123.81   47.51 -9999.0 -9999.0 -9999.0 -9999.0     0.0     2.20 C     9.3    -0.2     3.6    96.8    85.8    95.0   0.272   0.156 -99.000 -99.000 -99.000     5.3     5.4 -9999.0 -9999.0 -9999.0
04237 20240102  2.623 -123.81   47.51 -9999.0 -9999.0 -9999.0 -9999.0     9.5     0.11 C     7.0     3.8     6.0    96.2    87.9    92.8   0.287   0.170 -99.000 -99.000 -99.000     5.7     5.7 -9999.0 -9999.0 -9999.0
04237 20240103  2.623 -123.81   47.51 -9999.0 -9999.0 -9999.0 -9999.0    21.6     0.69 C     8.7     5.7     6.9    96.2    94.3    95.5   0.295   0.179 -99.000 -99.000 -99.000     6.2     6.1 -9999.0 -9999.0 -9999.0
04237 20240104  2.623 -123.81   47.51 -9999.0 -9999.0 -9999.0 -9999.0     9.7     2.08 C    11.0     1.6     5.9    96.5    93.1    95.2   0.295   0.180 -99.000 -99.000 -99.000     6.4     6.3 -9999.0 -9999.0 -9999.0
04237 20240105  2.623 -123.81   47.51 -9999.0 -9999.0 -9999.0 -9999.0    34.5     0.33 C     6.5     2.1     5.0    96.2    93.5    95.6   0.302   0.186 -99.000 -99.000 -99.000     5.8     5.8 -9999.0 -9999.0 -9999.0
04237 20240106  2.623 -123.81   47.51 -9999.0 -9999.0 -9999.0 -9999.0    13.7     1.38 C     7.3    -0.6     3.2    96.6    92.8    95.3   0.297   0.183 -99.000 -99.000 -99.000     5.3     5.4 -9999.0 -9999.0 -9999.0
04237 20240107  2.623 -123.81   47.51 -9999.0 -9999.0 -9999.0 -9999.0     0.0     2.22 C     6.1    -2.8     0.4    96.8    84.6    95.7   0.275   0.164 -99.000 -99.000 -99.000     4.0     4.3 -9999.0 -9999.0 -9999.0
04237 20240108  2.623 -123.81   47.51 -9999.0 -9999.0 -9999.0 -9999.0    66.6     0.20 C     8.4     1.3     3.5    96.6    90.9    94.2   0.310   0.190 -99.000 -99.000 -99.000     4.1     4.1 -9999.0 -9999.0 -9999.0
04237 20240109  2.623 -123.81   47.51 -9999.0 -9999.0 -9999.0 -9999.0    37.6     0.45 C     6.0     1.2     3.9    96.0    90.3    94.5   0.309   0.194 -99.000 -99.000 -99.000     4.4     4.5 -9999.0 -9999.0 -9999.0
04237 20240110  2.623 -123.81   47.51     1.9    -0.7     0.6 -9999.0    18.7     2.56 C     1.8    -3.7    -0.6    96.8    95.7    96.3   0.292   0.180 -99.000 -99.000 -99.000     3.4     3.6 -9999.0 -9999.0 -9999.0
04237 20240111  2.623 -123.81   47.51     3.5    -0.7     1.4     0.7     4.2     2.90 C     1.2    -2.0    -0.2    96.7    76.9    92.8   0.286   0.172 -99.000 -99.000 -99.000     3.1     3.3 -9999.0 -9999.0 -9999.0
04237 20240112  2.623 -123.81   47.51    -0.7    -6.6    -3.6    -3.1     0.0     3.77 C     0.2    -9.3    -4.4    94.2    53.3    70.6   0.273   0.162 -99.000 -99.000 -99.000     2.7     2.9 -9999.0 -9999.0 -9999.0
04237 20240113  2.623 -123.81   47.51     0.1    -7.1    -3.5    -3.5     0.0     2.19 C    -1.1   -10.4    -6.5    93.2    57.6    83.9   0.291   0.150 -99.000 -99.000 -99.000     1.6     2.0 -9999.0 -9999.0 -9999.0
04237 20240114  2.623 -123.81   47.51     1.6    -6.6    -2.5    -3.0     0.0     4.29 C     1.3    -9.8    -4.8    93.4    63.0    86.3   0.322   0.150 -99.000 -99.000 -99.000     1.1     1.4 -9999.0 -9999.0 -9999.0
04237 20240115  2.623 -123.81   47.51     0.9    -6.2    -2.6    -3.2     0.0     3.60 C     0.5    -9.4    -5.7    95.6    88.3    93.6   0.321   0.150 -99.000 -99.000 -99.000     0.9     1.2 -9999.0 -9999.0 -9999.0
04237 20240116  2.623 -123.81   47.51     2.4    -4.1    -0.9    -1.1     8.7     2.65 C     1.9    -7.9    -2.9    96.4    93.2    94.9   0.325   0.152 -99.000 -99.000 -99.000     0.6     0.9 -9999.0 -9999.0 -9999.0
04237 20240117  2.623 -123.81   47.51     4.1     0.5     2.3     1.6    34.6     1.65 C     3.0     0.1     0.8    96.8    93.2    96.2   0.373   0.213 -99.000 -99.000 -99.000     0.6     0.8 -9999.0 -9999.0 -9999.0
04237 20240118  2.623 -123.81   47.51     6.7     0.4     3.5     4.0    32.4     0.18 C     5.3    -0.5     2.9    96.6    88.5    92.7   0.339   0.195 -99.000 -99.000 -99.000     1.3     1.4 -9999.0 -9999.0 -9999.0
04237 20240119  2.623 -123.81   47.51    10.0     5.5     7.7     7.8    12.9     0.81 C     9.5     4.9     6.7    94.8    84.8    90.5   0.299   0.185 -99.000 -99.000 -99.000     3.5     3.2 -9999.0 -9999.0 -9999.0
04237 20240120  2.623 -123.81   47.51    11.0     3.8     7.4     6.8     2.6     2.59 C    12.3     2.3     6.4    96.3    81.0    94.7   0.275   0.162 -99.000 -99.000 -99.000     4.1     3.9 -9999.0 -9999.0 -9999.0
04237 20240121  2.623 -123.81   47.51     8.4     6.6     7.5     7.5    32.6     0.32 C     8.4     6.3     7.1    95.2    89.8    93.0   0.307   0.190 -99.000 -99.000 -99.000     4.9     4.7 -9999.0 -9999.0 -9999.0
04237 20240122  2.623 -123.81   47.51     9.3     7.2     8.3     8.2    41.8     0.78 C    10.2     6.9     8.0    95.9    87.3    94.1   0.311   0.195 -99.000 -99.000 -99.000     5.8     5.5 -9999.0 -9999.0 -9999.0
04237 20240123  2.623 -123.81   47.51     9.5     5.9     7.7 -9999.0    22.1     2.34 C    12.8     5.2     8.1    95.9    91.2    95.0   0.304   0.190 -99.000 -99.000 -99.000     6.6     6.3 -9999.0 -9999.0 -9999.0
04237 20240124  2.623 -123.81   47.51     8.4     6.0     7.2     6.9    54.0     0.67 C     9.5     5.8     6.9    95.8    84.9    93.8   0.312   0.195 -99.000 -99.000 -99.000     6.3     6.1 -9999.0 -9999.0 -9999.0
04237 20240125  2.623 -123.81   47.51     8.5     5.6     7.0     6.8    57.5     0.94 C     9.7     5.6     7.0    96.0    91.4    94.1   0.318   0.201 -99.000 -99.000 -99.000     6.4     6.2 -9999.0 -9999.0 -9999.0
04237 20240126  2.623 -123.81   47.51     9.6     6.8     8.2     8.0    34.6     0.74 C     9.7     6.5     7.9    95.9    86.9    94.4   0.300   0.185 -99.000 -99.000 -99.000     6.7     6.5 -9999.0 -9999.0 -9999.0
04237 20240127  2.623 -123.81   47.51    11.8     8.5    10.2    10.2   107.8     0.35 C    11.9     8.4    10.1    95.8    94.6    95.5   0.323   0.207 -99.000 -99.000 -99.000     8.1     7.7 -9999.0 -9999.0 -9999.0
04237 20240128  2.623 -123.81   47.51    12.6    10.2    11.4    11.6    36.8     0.57 C    12.9     8.5    11.5    96.0    94.1    95.3   0.311   0.195 -99.000 -99.000 -99.000     9.7     9.3 -9999.0 -9999.0 -9999.0
04237 20240129  2.623 -123.81   47.51    13.3    10.5    11.9    11.6     4.0     0.56 C    13.7     9.7    11.3    95.8    94.2    95.3   0.287   0.171 -99.000 -99.000 -99.000     9.4     9.1 -9999.0 -9999.0 -9999.0
04237 20240130  2.623 -123.81   47.51    14.3     9.7    12.0 -9999.0     7.3     2.12 C    15.3     8.5    11.2    95.9    75.5    92.2   0.294   0.178 -99.000 -99.000 -99.000     9.4     9.1 -9999.0 -9999.0 -9999.0
04237 20240131  2.623 -123.81   47.51    11.9     9.7    10.8    10.9    26.2     0.84 C    12.5     9.5    10.9    95.6    91.4    94.2   0.314   0.196 -99.000 -99.000 -99.000     9.6     9.3 -9999.0 -9999.0 -9999.0
04237 20240201  2.623 -123.81   47.51    12.1     6.9     9.5 -9999.0    17.8     2.17 C    15.9     7.1     9.4    95.3    84.6    93.6   0.302   0.186 -99.000 -99.000 -99.000     9.3     9.1 -9999.0 -9999.0 -9999.0
04237 20240202  2.623 -123.81   47.51     9.3     3.2     6.2 -9999.0     9.7     3.88 C    14.8     1.6     7.3    96.2    84.6    93.0   0.302   0.186 -99.000 -99.000 -99.000     8.7     8.6 -9999.0 -9999.0 -9999.0
04237 20240203  2.623 -123.81   47.51     8.8     1.5     5.1 -9999.0     0.0     4.05 C    12.6     0.1     4.8    96.8    82.4    94.2   0.281   0.167 -99.000 -99.000 -99.000     7.2     7.3 -9999.0 -9999.0 -9999.0
04237 20240204  2.623 -123.81   47.51     8.9     0.8     4.8 -9999.0     0.0     6.48 C    13.9    -0.5     3.7    96.9    67.8    93.6   0.272   0.158 -99.000 -99.000 -99.000     6.6     6.7 -9999.0 -9999.0 -9999.0
04237 20240205  2.623 -123.81   47.51     9.3     3.8     6.5 -9999.0     0.5     2.74 C    11.9     2.8     6.1    95.9    69.9    90.2   0.267   0.152 -99.000 -99.000 -99.000     6.6     6.6 -9999.0 -9999.0 -9999.0
04237 20240206  2.623 -123.81   47.51     9.4     3.5     6.4 -9999.0     0.3     5.34 C    16.3     1.9     7.3    95.8    66.8    90.4   0.267   0.151 -99.000 -99.000 -99.000     7.4     7.2 -9999.0 -9999.0 -9999.0
04237 20240207  2.623 -123.81   47.51     8.6     0.0     4.3 -9999.0     0.0     5.99 C    14.0    -1.1     3.7    96.7    62.7    88.6   0.263   0.148 -99.000 -99.000 -99.000     6.5     6.6 -9999.0 -9999.0 -9999.0
04237 20240208  2.623 -123.81   47.51     7.9     0.3     4.1 -9999.0     0.0     4.24 C    11.6    -0.9     3.8    96.5    66.9    89.7   0.259   0.145 -99.000 -99.000 -99.000     5.9     6.0 -9999.0 -9999.0 -9999.0
04237 20240209  2.623 -123.81   47.51     8.7     2.6     5.6 -9999.0     0.5     5.08 C    13.5     1.9     5.9    95.5    58.9    87.5   0.257   0.142 -99.000 -99.000 -99.000     6.4     6.3 -9999.0 -9999.0 -9999.0
04237 20240210  2.623 -123.81   47.51     9.8     2.4     6.1 -9999.0     0.0     4.24 C    13.8     0.7     6.7    96.3    59.7    88.1   0.256   0.141 -99.000 -99.000 -99.000     6.7     6.6 -9999.0 -9999.0 -9999.0
04237 20240211  2.623 -123.81   47.51     9.5     6.4     7.9 -9999.0    51.9     1.58 C    11.3     6.3     7.9    96.1    92.6    94.8   0.311   0.188 -99.000 -99.000 -99.000     7.3     7.1 -9999.0 -9999.0 -9999.0
04237 20240212  2.623 -123.81   47.51    10.3     6.1     8.2 -9999.0     1.5     4.94 C    16.4     5.8     8.4    95.9    84.0    93.5   0.288   0.174 -99.000 -99.000 -99.000     7.9     7.6 -9999.0 -9999.0 -9999.0
04237 20240213  2.623 -123.81   47.51    10.0     1.4     5.7 -9999.0     0.0     8.59 C    16.1    -0.7     5.0    96.5    69.4    90.7   0.270   0.159 -99.000 -99.000 -99.000     7.2     7.1 -9999.0 -9999.0 -9999.0
04237 20240214  2.623 -123.81   47.51    10.5     1.2     5.9 -9999.0     0.9     5.58 C    12.8    -0.7     4.2    96.8    39.5    70.0   0.261   0.151 -99.000 -99.000 -99.000     5.9     6.0 -9999.0 -9999.0 -9999.0
04237 20240215  2.623 -123.81   47.51 -9999.0 -9999.0 -9999.0 -9999.0     9.4     1.62 C     8.5    -0.3     3.4    96.6    86.9    92.8   0.290   0.175 -99.000 -99.000 -99.000     5.7     5.8 -9999.0 -9999.0 -9999.0
04237 20240216  2.623 -123.81   47.51    11.0     0.4     5.7     6.6     0.0     3.36 C    11.1    -0.7     4.8    95.5    42.9    68.0   0.273   0.163 -99.000 -99.000 -99.000     5.4     5.4 -9999.0 -9999.0 -9999.0
04237 20240217  2.623 -123.81   47.51    11.8     6.2     9.0     8.6     2.9     1.87 C    13.6     5.5     7.3    95.6    38.1    69.8   0.269   0.157 -99.000 -99.000 -99.000     6.2     6.1 -9999.0 -9999.0 -9999.0
04237 20240218  2.623 -123.81   47.51     9.5     4.7     7.1     7.0     2.4     2.45 C    12.3     3.0     7.0    96.3    86.3    94.8   0.283   0.170 -99.000 -99.000 -99.000     6.8     6.6 -9999.0 -9999.0 -9999.0
04237 20240219  2.623 -123.81   47.51     9.8     4.3     7.0     6.8     1.4     2.19 C    11.4     2.5     6.3    96.3    89.6    95.0   0.278   0.166 -99.000 -99.000 -99.000     6.5     6.5 -9999.0 -9999.0 -9999.0
04237 20240220  2.623 -123.81   47.51     9.2     5.2     7.2     7.5    21.1     1.07 C    10.2     4.3     7.4    96.2    88.0    93.9   0.300   0.184 -99.000 -99.000 -99.000     6.8     6.6 -9999.0 -9999.0 -9999.0
04237 20240221  2.623 -123.81   47.51    10.0     5.8     7.9     7.5    46.0     2.04 C    12.8     6.0     7.8    95.9    88.1    93.7   0.309   0.189 -99.000 -99.000 -99.000     7.3     7.1 -9999.0 -9999.0 -9999.0
04237 20240222  2.623 -123.81   47.51    11.2     4.0     7.6     6.9    13.5     7.02 C    18.5     2.0     7.6    96.3    75.8    92.7   0.296   0.182 -99.000 -99.000 -99.000     7.6     7.4 -9999.0 -9999.0 -9999.0
04237 20240223  2.623 -123.81   47.51    13.6     3.1     8.4     6.3     0.0     8.35 C    19.7     0.8     6.0    96.7    57.6    88.9   0.275   0.161 -99.000 -99.000 -99.000     7.0     6.9 -9999.0 -9999.0 -9999.0
04237 20240224  2.623 -123.81   47.51     9.4     4.0     6.7     6.7     2.6     3.11 C    12.3     2.5     7.5    95.9    77.7    92.4   0.271   0.154 -99.000 -99.000 -99.000     7.3     7.1 -9999.0 -9999.0 -9999.0
04237 20240225  2.623 -123.81   47.51     8.4     1.5     5.0     6.0    35.2     0.91 C     9.4     1.0     6.5    96.0    87.4    95.1   0.310   0.186 -99.000 -99.000 -99.000     7.4     7.3 -9999.0 -9999.0 -9999.0
04237 20240226  2.623 -123.81   47.51     5.3    -0.7     2.3     1.4     8.1     5.83 C    12.2    -1.3     2.4    96.9    79.6    94.4   0.304   0.182 -99.000 -99.000 -99.000     6.0     6.1 -9999.0 -9999.0 -9999.0
04237 20240227  2.623 -123.81   47.51     3.7    -1.2     1.2     1.6    22.6     3.38 C     8.7    -2.5     2.3    96.2    81.9    93.1   0.300   0.178 -99.000 -99.000 -99.000     5.1     5.3 -9999.0 -9999.0 -9999.0
04237 20240228  2.623 -123.81   47.51     9.4     3.0     6.2     5.8   109.1     0.03 C     8.9     3.5     5.8    96.2    90.9    95.0   0.337   0.211 -99.000 -99.000 -99.000     5.6     5.5 -9999.0 -9999.0 -9999.0
04237 20240229  2.623 -123.81   47.51     3.2     0.0     1.6     1.7    30.3     2.92 C     6.8     0.0     2.7    96.3    90.3    94.4   0.316   0.196 -99.000 -99.000 -99.000     5.1     5.2 -9999.0 -9999.0 -9999.0
04237 20240301  2.623 -123.81   47.51     3.0     0.0     1.5     0.6    18.1     3.02 C     2.3    -0.5     0.2    96.7    90.6    95.6   0.312   0.190 -99.000 -99.000 -99.000     3.9     4.2 -9999.0 -9999.0 -9999.0
04237 20240302  2.623 -123.81   47.51     3.4    -0.1     1.7     0.5    26.6     3.15 C     2.7    -0.1     0.3    96.6    84.6    95.2   0.311   0.189 -99.000 -99.000 -99.000     3.3     3.6 -9999.0 -9999.0 -9999.0
04237 20240303  2.623 -123.81   47.51     1.0    -0.1     0.4     0.1    28.7     0.68 C     0.8    -1.6     0.0    96.8    96.4    96.6   0.317   0.191 -99.000 -99.000 -99.000     2.7     3.0 -9999.0 -9999.0 -9999.0
04237 20240304  2.623 -123.81   47.51     1.3    -1.1     0.1     0.0     6.8     2.21 C     1.2    -6.2    -1.5    97.1    96.1    96.7   0.309   0.165 -99.000 -99.000 -99.000     2.5     2.7 -9999.0 -9999.0 -9999.0
04237 20240305  2.623 -123.81   47.51     4.8    -1.7     1.5     0.4     0.0    12.15 C     2.8    -7.3    -2.5    96.7    71.5    93.1   0.307   0.175 -99.000 -99.000 -99.000     2.4     2.6 -9999.0 -9999.0 -9999.0
04237 20240306  2.623 -123.81   47.51     4.6    -1.3     1.6     0.7     0.0     5.11 C     2.0    -4.9    -0.4    97.0    69.4    94.3   0.299   0.177 -99.000 -99.000 -99.000     2.3     2.5 -9999.0 -9999.0 -9999.0
04237 20240307  2.623 -123.81   47.51     7.6    -1.3     3.1     1.9     0.0    12.91 C     5.5    -4.7     0.2    96.4    48.2    84.2   0.304   0.180 -99.000 -99.000 -99.000     2.1     2.3 -9999.0 -9999.0 -9999.0
04237 20240308  2.623 -123.81   47.51     7.1     1.6     4.3     3.4     7.1     3.23 C     3.5     0.6     1.5    96.2    80.7    93.4   0.319   0.195 -99.000 -99.000 -99.000     1.9     2.2 -9999.0 -9999.0 -9999.0
04237 20240309  2.623 -123.81   47.51     7.4     1.9     4.7     3.8    30.4     3.01 C    12.3     1.2     3.6    96.3    87.3    94.7   0.325   0.201 -99.000 -99.000 -99.000     2.3     2.4 -9999.0 -9999.0 -9999.0
04237 20240310  2.623 -123.81   47.51     4.9     2.6     3.7     3.4    46.0     1.55 C     8.4     2.6     3.8    96.4    92.0    95.3   0.327   0.192 -99.000 -99.000 -99.000     3.1     3.0 -9999.0 -9999.0 -9999.0
04237 20240311  2.623 -123.81   47.51     5.1     2.1     3.6     3.7    34.8     1.08 C     6.3     1.4     4.0    96.2    92.9    95.3   0.322   0.197 -99.000 -99.000 -99.000     3.5     3.5 -9999.0 -9999.0 -9999.0
04237 20240312  2.623 -123.81   47.51     6.7     2.1     4.4     4.3    25.7     4.69 C    13.9     1.3     5.1    96.2    87.0    94.7   0.319   0.198 -99.000 -99.000 -99.000     4.3     4.2 -9999.0 -9999.0 -9999.0
04237 20240313  2.623 -123.81   47.51    10.0     0.2     5.1     4.3     0.7    11.37 C    20.0    -0.3     5.8    96.5    53.0    87.8   0.291   0.170 -99.000 -99.000 -99.000     5.0     4.7 -9999.0 -9999.0 -9999.0
04237 20240314  2.623 -123.81   47.51    14.2     0.8     7.5     5.6     0.0    11.60 C    23.3    -0.8     6.7    96.6    47.5    85.8   0.277   0.160 -99.000 -99.000 -99.000     5.5     5.3 -9999.0 -9999.0 -9999.0
04237 20240315  2.623 -123.81   47.51    19.1     2.7    10.9     8.2     0.0    13.71 C    26.9     0.8     9.4    96.5    37.4    84.7   0.270   0.152 -99.000 -99.000 -99.000     6.6     6.1 -9999.0 -9999.0 -9999.0
04237 20240316  2.623 -123.81   47.51    24.1     4.2    14.2    10.9     0.0    14.89 C    31.8     1.8    11.6    96.2    19.7    76.8   0.263   0.146 -99.000 -99.000 -99.000     7.4     7.0 -9999.0 -9999.0 -9999.0
04237 20240317  2.623 -123.81   47.51    18.4     3.4    10.9     9.5     0.0    15.10 C    28.3     1.0    10.5    95.4    46.4    79.2   0.260   0.141 -99.000 -99.000 -99.000     7.9     7.5 -9999.0 -9999.0 -9999.0
04237 20240318  2.623 -123.81   47.51    21.4     3.3    12.3    10.2     0.0    15.17 C    30.3     0.7    11.0    96.0    38.0    77.5   0.256   0.136 -99.000 -99.000 -99.000     8.2     7.8 -9999.0 -9999.0 -9999.0
04237 20240319  2.623 -123.81   47.51    12.3     4.1     8.2     7.7     0.0     8.71 C    23.6     1.8     9.0    95.8    72.0    88.9   0.250   0.131 -99.000 -99.000 -99.000     8.0     7.7 -9999.0 -9999.0 -9999.0
04237 20240320  2.623 -123.81   47.51    10.2     5.7     7.9     7.7     1.2     5.02 C    15.3     5.2     9.3    95.1    57.4    83.1   0.248   0.129 -99.000 -99.000 -99.000     8.2     7.9 -9999.0 -9999.0 -9999.0
04237 20240321  2.623 -123.81   47.51    14.0     5.4     9.7     9.1     6.7     9.68 C    25.0     4.3    11.1    95.7    59.0    87.2   0.255   0.134 -99.000 -99.000 -99.000     8.9     8.4 -9999.0 -9999.0 -9999.0
04237 20240322  2.623 -123.81   47.51    11.1     6.9     9.0     9.0     7.4     2.02 C    13.1     5.5     9.1    95.8    87.4    93.3   0.293   0.178 -99.000 -99.000 -99.000     8.7     8.4 -9999.0 -9999.0 -9999.0
04237 20240323  2.623 -123.81   47.51    13.4     6.0     9.7     8.8     0.0     7.43 C    19.7     5.5     9.9    95.7    60.9    85.5   0.283   0.170 -99.000 -99.000 -99.000     8.9     8.5 -9999.0 -9999.0 -9999.0
04237 20240324  2.623 -123.81   47.51    14.7     4.8     9.8     9.1     1.6    16.82 C    25.4     3.1    11.9    95.9    50.7    81.2   0.268   0.156 -99.000 -99.000 -99.000     9.7     9.2 -9999.0 -9999.0 -9999.0
04237 20240325  2.623 -123.81   47.51     9.3     5.2     7.2     7.1     2.7     6.02 C    16.5     5.0     8.9    95.6    80.3    92.0   0.277   0.158 -99.000 -99.000 -99.000     9.6     9.3 -9999.0 -9999.0 -9999.0
04237 20240326  2.623 -123.81   47.51    11.0     5.6     8.3     7.1     5.5    11.93 C    20.8     6.2     9.8    95.6    59.0    88.1   0.290   0.172 -99.000 -99.000 -99.000     9.8     9.4 -9999.0 -9999.0 -9999.0
04237 20240327  2.623 -123.81   47.51    11.5     4.5     8.0     6.4    19.0     6.50 C    19.9     4.8     8.2    95.7    74.5    92.2   0.308   0.187 -99.000 -99.000 -99.000     9.4     9.2 -9999.0 -9999.0 -9999.0
04237 20240328  2.623 -123.81   47.51     6.2     3.6     4.9     4.7    38.4     2.23 C    10.2     4.2     5.7    95.6    91.1    93.4   0.315   0.188 -99.000 -99.000 -99.000     8.1     8.2 -9999.0 -9999.0 -9999.0
04237 20240329  2.623 -123.81   47.51    14.3     3.0     8.6     6.8     6.6    15.35 C    23.5     1.7     9.2    95.5    41.3    84.8   0.296   0.178 -99.000 -99.000 -99.000     8.7     8.4 -9999.0 -9999.0 -9999.0
04237 20240330  2.623 -123.81   47.51    14.5     0.9     7.7     7.0     0.0    14.57 C    23.0    -0.5     8.3    96.2    48.4    81.2   0.274   0.158 -99.000 -99.000 -99.000     8.8     8.6 -9999.0 -9999.0 -9999.0
04237 20240331  2.623 -123.81   47.51    17.1     1.5     9.3     8.1     0.0    17.40 C    28.3     0.3    10.3    96.7    40.2    78.6   0.264   0.149 -99.000 -99.000 -99.000     9.3     8.9 -9999.0 -9999.0 -9999.0
04237 20240401  2.623 -123.81   47.51    15.2     3.2     9.2     8.7     0.0    16.40 C    27.5     1.9    11.6    96.1    64.1    84.4   0.258   0.142 -99.000 -99.000 -99.000     9.9     9.5 -9999.0 -9999.0 -9999.0
04237 20240402  2.623 -123.81   47.51    14.3     4.1     9.2     7.9    10.1    12.28 C    28.2     2.8    11.3    95.8    66.8    89.9   0.266   0.146 -99.000 -99.000 -99.000    10.5    10.1 -9999.0 -9999.0 -9999.0
04237 20240403  2.623 -123.81   47.51     9.3     1.2     5.3     4.9     6.9    14.10 C    20.0     1.1     7.7    96.3    48.2    84.0   0.293   0.177 -99.000 -99.000 -99.000     9.8     9.6 -9999.0 -9999.0 -9999.0
04237 20240404  2.623 -123.81   47.51    12.2    -0.6     5.8     4.7     1.0    13.65 C    26.0    -1.3     7.2    97.0    40.6    82.0   0.270   0.156 -99.000 -99.000 -99.000     9.1     9.0 -9999.0 -9999.0 -9999.0
04237 20240405  2.623 -123.81   47.51    12.4     1.6     7.0     6.2     0.0    10.90 C    21.4     1.3     8.2    95.8    47.4    78.7   0.265   0.148 -99.000 -99.000 -99.000     9.3     9.1 -9999.0 -9999.0 -9999.0
04237 20240406  2.623 -123.81   47.51     9.0     2.0     5.5     5.3     5.3     6.55 C    15.6     1.1     7.0    95.6    77.7    91.3   0.275   0.154 -99.000 -99.000 -99.000     8.9     8.8 -9999.0 -9999.0 -9999.0
04237 20240407  2.623 -123.81   47.51    10.6     4.5     7.6     6.7     4.0    12.22 C    19.8     5.1     9.3    95.7    67.5    87.4   0.290   0.172 -99.000 -99.000 -99.000     9.8     9.4 -9999.0 -9999.0 -9999.0
04237 20240408  2.623 -123.81   47.51     8.6     4.6     6.6     6.5    74.7     2.32 C    10.0     5.4     7.4    96.1    91.8    94.3   0.315   0.194 -99.000 -99.000 -99.000     9.0     8.9 -9999.0 -9999.0 -9999.0
04237 20240409  2.623 -123.81   47.51    12.6     3.1     7.8     7.9     0.5    12.67 C    23.5     2.0     9.9    96.1    58.8    87.3   0.290   0.173 -99.000 -99.000 -99.000     9.9     9.5 -9999.0 -9999.0 -9999.0
04237 20240410  2.623 -123.81   47.51    14.8     1.7     8.3     7.7     0.0    16.51 C    24.7     0.3     9.9    96.4    47.0    80.1   0.273   0.155 -99.000 -99.000 -99.000     9.9     9.6 -9999.0 -9999.0 -9999.0
04237 20240411  2.623 -123.81   47.51     8.7     5.1     6.9     6.7    15.8     4.20 C    12.3     4.7     8.1    95.1    73.5    91.6   0.283   0.164 -99.000 -99.000 -99.000     9.6     9.5 -9999.0 -9999.0 -9999.0
04237 20240412  2.623 -123.81   47.51    17.0     2.5     9.8     8.8     0.0    19.63 C    27.6     1.7    11.6    96.4    49.9    83.9   0.283   0.166 -99.000 -99.000 -99.000    10.6    10.1 -9999.0 -9999.0 -9999.0
04237 20240413  2.623 -123.81   47.51    19.4     3.2    11.3    10.1     0.0    16.97 C    28.9     1.7    11.8    96.3    44.0    78.8   0.268   0.153 -99.000 -99.000 -99.000    10.9    10.5 -9999.0 -9999.0 -9999.0
04237 20240414  2.623 -123.81   47.51    15.7     3.0     9.4     8.5     0.0    16.23 C    28.6     1.5    11.5    96.4    55.7    81.2   0.259   0.143 -99.000 -99.000 -99.000    11.1    10.7 -9999.0 -9999.0 -9999.0
04237 20240415  2.623 -123.81   47.51    12.2     3.1     7.6     7.6     0.2    12.84 C    25.6     2.0    10.1    93.3    40.5    69.9   0.254   0.136 -99.000 -99.000 -99.000    11.1    10.8 -9999.0 -9999.0 -9999.0
04237 20240416  2.623 -123.81   47.51    11.2     1.2     6.2     5.3     0.9    13.85 C    20.9     0.5     7.0    95.2    49.8    79.1   0.250   0.131 -99.000 -99.000 -99.000    10.2    10.0 -9999.0 -9999.0 -9999.0
04237 20240417  2.623 -123.81   47.51    16.6    -0.1     8.3     7.3     0.0    19.96 C    32.4    -1.5     9.6    96.1    29.0    69.5   0.249   0.128 -99.000 -99.000 -99.000    10.1     9.9 -9999.0 -9999.0 -9999.0
04237 20240418  2.623 -123.81   47.51    19.5     1.8    10.6     9.7     0.0    21.98 C    34.1    -0.3    12.1    89.9    20.4    57.9   0.245   0.124 -99.000 -99.000 -99.000    10.7    10.4 -9999.0 -9999.0 -9999.0
04237 20240419  2.623 -123.81   47.51    20.6     4.3    12.5    12.7     0.0    20.93 C    32.8     1.7    13.9    79.9    13.2    38.5   0.239   0.119 -99.000 -99.000 -99.000    11.3    10.9 -9999.0 -9999.0 -9999.0
04237 20240420  2.623 -123.81   47.51    20.3     5.2    12.7    10.4     8.8     9.71 C    31.4     5.3    11.2    95.4    21.6    63.4   0.250   0.130 -99.000 -99.000 -99.000    10.8    10.7 -9999.0 -9999.0 -9999.0
04237 20240421  2.623 -123.81   47.51    11.5     2.8     7.2     6.7     4.6    13.42 C    22.0     1.8     9.1    95.8    62.4    88.0   0.284   0.168 -99.000 -99.000 -99.000    10.9    10.6 -9999.0 -9999.0 -9999.0
04237 20240422  2.623 -123.81   47.51    17.5     1.5     9.5     8.9     0.0    21.40 C    28.5     0.2    11.4    96.3    34.0    71.9   0.270   0.144 -99.000 -99.000 -99.000    11.1    10.8 -9999.0 -9999.0 -9999.0
04237 20240423  2.623 -123.81   47.51    20.1     3.9    12.0    10.6     0.0    20.81 C    32.1     2.0    13.0    93.8    31.4    65.8   0.266   0.135 -99.000 -99.000 -99.000    11.9    11.5 -9999.0 -9999.0 -9999.0
04237 20240424  2.623 -123.81   47.51    11.5     4.8     8.2     7.9     4.6     7.90 C    17.6     5.1    10.0    93.8    61.6    86.5   0.281   0.145 -99.000 -99.000 -99.000    11.5    11.3 -9999.0 -9999.0 -9999.0
04237 20240425  2.623 -123.81   47.51    11.1     7.4     9.2     9.1    47.3     4.27 C    13.9     7.9    10.4    95.5    90.1    93.7   0.325   0.185 -99.000 -99.000 -99.000    11.3    11.1 -9999.0 -9999.0 -9999.0
04237 20240426  2.623 -123.81   47.51    13.4     8.3    10.8    10.0     6.5     9.58 C    20.9     8.7    12.2    95.7    80.2    92.4   0.315   0.175 -99.000 -99.000 -99.000    12.1    11.7 -9999.0 -9999.0 -9999.0
04237 20240427  2.623 -123.81   47.51     9.5     7.3     8.4     8.5    31.5     3.88 C    12.2     7.8     9.9    95.6    90.1    94.1   0.332   0.191 -99.000 -99.000 -99.000    11.7    11.5 -9999.0 -9999.0 -9999.0
04237 20240428  2.623 -123.81   47.51     8.6     4.2     6.4     6.7    18.3     6.66 C    15.4     4.0     8.6    95.9    85.6    93.6   0.328   0.186 -99.000 -99.000 -99.000    11.2    11.0 -9999.0 -9999.0 -9999.0
04237 20240429  2.623 -123.81   47.51    10.3     2.5     6.4     5.9     9.2    13.89 C    22.3     2.4     8.9    95.6    66.8    89.3   0.316   0.175 -99.000 -99.000 -99.000    11.1    10.9 -9999.0 -9999.0 -9999.0
04237 20240430  2.623 -123.81   47.51    12.5     3.1     7.8     6.8     3.2    15.71 C    23.2     2.0     9.7    96.0    59.6    87.5   0.311   0.173 -99.000 -99.000 -99.000    11.6    11.3 -9999.0 -9999.0 -9999.0
04237 20240501  2.623 -123.81   47.51    13.4     0.7     7.0     7.1     0.0    19.81 C    23.9    -0.3    10.2    96.3    41.0    76.9   0.293   0.155 -99.000 -99.000 -99.000    11.5    11.2 -9999.0 -9999.0 -9999.0
04237 20240502  2.623 -123.81   47.51    19.4     1.8    10.6     9.8     0.0    22.67 C    32.3     0.4    12.5    95.7    32.4    67.6   0.282   0.145 -99.000 -99.000 -99.000    12.1    11.7 -9999.0 -9999.0 -9999.0
04237 20240503  2.623 -123.81   47.51    17.0     4.0    10.5     9.9    24.3     9.97 C    24.3     2.2    11.0    95.3    36.1    77.8   0.289   0.149 -99.000 -99.000 -99.000    11.6    11.5 -9999.0 -9999.0 -9999.0
04237 20240504  2.623 -123.81   47.51    11.4     8.2     9.8     9.6    20.3     4.73 C    14.2     8.5    11.0    95.7    89.2    94.1   0.327   0.177 -99.000 -99.000 -99.000    11.6    11.4 -9999.0 -9999.0 -9999.0
04237 20240505  2.623 -123.81   47.51    10.3     7.1     8.7     8.7    27.5     3.16 C    13.7     7.5    10.0    95.6    94.2    94.9   0.323   0.181 -99.000 -99.000 -99.000    11.5    11.4 -9999.0 -9999.0 -9999.0
04237 20240506  2.623 -123.81   47.51     9.6     5.4     7.5     7.1    14.9     7.17 C    15.3     5.5     9.0    95.5    83.5    93.0   0.327   0.185 -99.000 -99.000 -99.000    11.1    10.9 -9999.0 -9999.0 -9999.0
04237 20240507  2.623 -123.81   47.51    12.3     3.3     7.8     7.2     0.7    13.66 C    20.8     2.6     9.2    96.2    60.7    88.5   0.307   0.167 -99.000 -99.000 -99.000    11.4    11.1 -9999.0 -9999.0 -9999.0
04237 20240508  2.623 -123.81   47.51    18.8     1.9    10.4     9.8     0.0    23.47 C    29.8     0.7    12.7    96.2    49.7    79.1   0.294   0.156 -99.000 -99.000 -99.000    12.1    11.7 -9999.0 -9999.0 -9999.0
04237 20240509  2.623 -123.81   47.51    25.8     5.9    15.8    14.5     0.0    23.69 C    35.8     4.0    17.1    95.7    36.1    73.4   0.282   0.145 -99.000 -99.000 -99.000    13.7    13.0 -9999.0 -9999.0 -9999.0
04237 20240510  2.623 -123.81   47.51    29.8     9.6    19.7    18.6     0.0    23.93 C    39.8     7.8    20.5    88.2    20.8    60.8   0.272   0.135 -99.000 -99.000 -99.000    15.3    14.6 -9999.0 -9999.0 -9999.0
04237 20240511  2.623 -123.81   47.51    27.5    10.1    18.8    17.6     0.0    23.98 C    38.1     8.5    20.0    92.1    27.5    64.0   0.260   0.126 -99.000 -99.000 -99.000    16.1    15.5 -9999.0 -9999.0 -9999.0
04237 20240512  2.623 -123.81   47.51    23.5     7.6    15.6    14.8     0.0    24.12 C    35.1     6.3    18.2    95.5    35.3    71.4   0.249   0.118 -99.000 -99.000 -99.000    16.1    15.5 -9999.0 -9999.0 -9999.0
04237 20240513  2.623 -123.81   47.51    19.2     7.2    13.2    12.8     0.0    14.03 C    32.8     6.0    15.8    92.6    55.5    76.3   0.240   0.113 -99.000 -99.000 -99.000    15.9    15.5 -9999.0 -9999.0 -9999.0
04237 20240514  2.623 -123.81   47.51    22.2     5.7    14.0    13.6     0.0    24.01 C    34.7     4.3    16.9    95.0    44.3    72.1   0.231   0.107 -99.000 -99.000 -99.000    15.6    15.2 -9999.0 -9999.0 -9999.0
04237 20240515  2.623 -123.81   47.51    21.2     6.8    14.0    12.9     0.0    23.19 C    34.5     5.8    17.1    94.0    54.2    78.3   0.221   0.101 -99.000 -99.000 -99.000    16.2    15.7 -9999.0 -9999.0 -9999.0
04237 20240516  2.623 -123.81   47.51    14.0     7.1    10.6    11.0     1.9    10.58 C    19.7     7.0    13.4    93.8    74.4    87.1   0.215   0.092 -99.000 -99.000 -99.000    15.8    15.5 -9999.0 -9999.0 -9999.0
04237 20240517  2.623 -123.81   47.51    13.9     5.8     9.9     9.5     0.0     8.87 C    20.0     4.9    10.8    90.9    54.3    74.3   0.215   0.095 -99.000 -99.000 -99.000    14.3    14.2 -9999.0 -9999.0 -9999.0
04237 20240518  2.623 -123.81   47.51    13.2     5.0     9.1     8.4     6.4    10.65 C    22.8     4.4    10.5    95.4    53.6    84.5   0.227   0.099 -99.000 -99.000 -99.000    13.8    13.6 -9999.0 -9999.0 -9999.0
04237 20240519  2.623 -123.81   47.51    16.7     4.2    10.5     9.4     0.0    20.60 C    28.1     3.1    12.0    96.2    49.8    77.1   0.254   0.107 -99.000 -99.000 -99.000    13.9    13.6 -9999.0 -9999.0 -9999.0
04237 20240520  2.623 -123.81   47.51    17.0     2.4     9.7     9.4     0.0    24.74 C    29.6     1.1    13.0    95.3    50.7    75.4   0.240   0.096 -99.000 -99.000 -99.000    14.1    13.7 -9999.0 -9999.0 -9999.0
04237 20240521  2.623 -123.81   47.51    12.4     7.1     9.7     9.4    25.8     5.02 C    15.4     8.0    11.1    94.9    88.2    93.5   0.284   0.149 -99.000 -99.000 -99.000    13.8    13.6 -9999.0 -9999.0 -9999.0
04237 20240522  2.623 -123.81   47.51    17.7     6.4    12.1    10.5     2.9    20.97 C    29.4     6.0    13.8    95.4    46.2    80.0   0.294   0.164 -99.000 -99.000 -99.000    14.6    14.2 -9999.0 -9999.0 -9999.0
04237 20240523  2.623 -123.81   47.51    15.5     7.5    11.5    10.8     0.0    12.68 C    24.5     7.9    13.4    94.6    60.2    79.3   0.275   0.146 -99.000 -99.000 -99.000    14.7    14.4 -9999.0 -9999.0 -9999.0
04237 20240524  2.623 -123.81   47.51    12.4     7.2     9.8     9.4     3.4     7.25 C    16.4     7.7    11.3    94.6    85.5    91.2   0.277   0.141 -99.000 -99.000 -99.000    14.1    13.9 -9999.0 -9999.0 -9999.0
04237 20240525  2.623 -123.81   47.51    11.7     7.5     9.6     9.0     1.0     6.47 C    16.8     8.3    10.6    94.6    66.5    87.5   0.290   0.148 -99.000 -99.000 -99.000    13.6    13.5 -9999.0 -9999.0 -9999.0
04237 20240526  2.623 -123.81   47.51    11.1     7.9     9.5     9.4    17.6     4.90 C    14.0     8.6    10.8    95.3    92.3    94.2   0.315   0.173 -99.000 -99.000 -99.000    13.2    13.0 -9999.0 -9999.0 -9999.0
04237 20240527  2.623 -123.81   47.51    16.1     8.9    12.5    11.9     1.1    14.00 C    24.0     9.4    14.2    95.5    70.6    90.6   0.304   0.161 -99.000 -99.000 -99.000    14.3    13.8 -9999.0 -9999.0 -9999.0
04237 20240528  2.623 -123.81   47.51    12.5     7.8    10.2    10.1     7.8     7.95 C    16.9     8.6    11.9    95.0    83.7    92.4   0.310   0.169 -99.000 -99.000 -99.000    14.3    14.1 -9999.0 -9999.0 -9999.0
04237 20240529  2.623 -123.81   47.51    14.3     4.6     9.5     9.3     3.9    13.08 C    23.0     3.4    11.2    95.3    60.4    88.2   0.309   0.168 -99.000 -99.000 -99.000    14.2    13.9 -9999.0 -9999.0 -9999.0
04237 20240530  2.623 -123.81   47.51    18.4     2.9    10.7    10.2     0.0    22.53 C    31.9     1.6    12.7    95.9    39.8    75.4   0.295   0.155 -99.000 -99.000 -99.000    14.3    13.9 -9999.0 -9999.0 -9999.0
04237 20240531  2.623 -123.81   47.51    22.0     5.3    13.7    13.0     0.0    25.48 C    32.6     3.8    16.3    95.3    42.7    72.8   0.280   0.142 -99.000 -99.000 -99.000    15.3    14.7 -9999.0 -9999.0 -9999.0
04237 20240601  2.623 -123.81   47.51    14.5    10.2    12.4    12.1     7.2     8.11 C    19.3    10.4    13.9    95.1    83.4    92.5   0.298   0.152 -99.000 -99.000 -99.000    15.5    15.1 -9999.0 -9999.0 -9999.0
04237 20240602  2.623 -123.81   47.51    13.2    10.2    11.7    11.5    57.4     2.21 C    14.4    10.6    12.3    95.4    90.7    94.5   0.331   0.184 -99.000 -99.000 -99.000    14.4    14.3 -9999.0 -9999.0 -9999.0
04237 20240603  2.623 -123.81   47.51    11.6     8.6    10.1     9.6    45.3     6.20 C    16.7     9.1    11.0    95.5    92.1    94.5   0.341   0.193 -99.000 -99.000 -99.000    13.4    13.4 -9999.0 -9999.0 -9999.0
04237 20240604  2.623 -123.81   47.51    14.9     6.5    10.7    10.8    35.5     9.25 C    23.2     5.2    12.2    95.7    77.7    93.1   0.333   0.186 -99.000 -99.000 -99.000    13.5    13.3 -9999.0 -9999.0 -9999.0
04237 20240605  2.623 -123.81   47.51    19.0     4.8    11.9    11.4     0.0    26.51 C    29.4     3.1    14.4    96.2    46.1    78.4   0.299   0.158 -99.000 -99.000 -99.000    14.6    14.2 -9999.0 -9999.0 -9999.0
04237 20240606  2.623 -123.81   47.51    22.0     7.6    14.8    13.8     0.0    25.74 C    32.8     6.2    16.8    95.3    40.7    75.5   0.282   0.144 -99.000 -99.000 -99.000    15.8    15.3 -9999.0 -9999.0 -9999.0
04237 20240607  2.623 -123.81   47.51    25.9     7.4    16.7    15.8     0.0    26.51 C    35.7     5.6    18.4    95.5    30.8    70.1   0.269   0.131 -99.000 -99.000 -99.000    16.7    16.1 -9999.0 -9999.0 -9999.0
04237 20240608  2.623 -123.81   47.51    24.7     9.5    17.1    16.1     0.0    20.54 C    33.9     8.5    18.3    91.3    37.1    72.0   0.257   0.121 -99.000 -99.000 -99.000    17.2    16.6 -9999.0 -9999.0 -9999.0
04237 20240609  2.623 -123.81   47.51    19.8     7.7    13.7    13.0     0.0    25.31 C    31.2     6.4    17.1    94.6    60.3    79.2   0.247   0.112 -99.000 -99.000 -99.000    17.3    16.7 -9999.0 -9999.0 -9999.0
04237 20240610  2.623 -123.81   47.51    22.1     9.7    15.9    14.5     0.0    24.79 C    32.6    10.7    18.7    88.8    46.9    71.9   0.236   0.104 -99.000 -99.000 -99.000    18.0    17.4 -9999.0 -9999.0 -9999.0
04237 20240611  2.623 -123.81   47.51    15.8     6.3    11.1    11.7     2.8    14.24 C    26.1     4.9    13.8    93.3    58.7    81.0   0.229   0.099 -99.000 -99.000 -99.000    17.3    16.9 -9999.0 -9999.0 -9999.0
04237 20240612  2.623 -123.81   47.51    19.0     4.5    11.8    11.8     0.0    26.94 C    30.2     2.9    15.3    95.0    42.9    71.1   0.225   0.095 -99.000 -99.000 -99.000    17.0    16.6 -9999.0 -9999.0 -9999.0
04237 20240613  2.623 -123.81   47.51    19.3     4.8    12.1    11.7     0.0    24.20 C    30.3     3.5    14.6    95.3    38.2    72.4   0.217   0.087 -99.000 -99.000 -99.000    16.8    16.5 -9999.0 -9999.0 -9999.0
04237 20240614  2.623 -123.81   47.51    15.9     5.4    10.7    10.4     8.5    13.46 C    24.0     4.1    12.3    94.5    66.9    87.2   0.251   0.101 -99.000 -99.000 -99.000    15.9    15.8 -9999.0 -9999.0 -9999.0
04237 20240615  2.623 -123.81   47.51    11.8     8.0     9.9     9.3    20.9     9.51 C    19.4     8.4    11.3    95.4    83.4    92.7   0.299   0.169 -99.000 -99.000 -99.000    15.1    15.0 -9999.0 -9999.0 -9999.0
04237 20240616  2.623 -123.81   47.51    15.3     4.2     9.7     9.5     3.4    17.30 C    24.5     2.7    11.7    96.1    64.3    88.2   0.289   0.163 -99.000 -99.000 -99.000    15.1    14.8 -9999.0 -9999.0 -9999.0
04237 20240617  2.623 -123.81   47.51    15.3     6.2    10.8    10.8     0.0     9.73 C    19.8     5.7    12.2    95.5    60.7    84.1   0.284   0.158 -99.000 -99.000 -99.000    15.0    14.8 -9999.0 -9999.0 -9999.0
04237 20240618  2.623 -123.81   47.51    20.0     6.6    13.3    12.6     0.0    25.34 C    30.5     5.4    15.7    94.8    50.5    76.1   0.271   0.145 -99.000 -99.000 -99.000    16.0    15.6 -9999.0 -9999.0 -9999.0
04237 20240619  2.623 -123.81   47.51    25.1     8.3    16.7    15.8     0.0    26.49 C    34.2     6.5    18.0    95.0    38.2    72.0   0.257   0.131 -99.000 -99.000 -99.000    16.9    16.4 -9999.0 -9999.0 -9999.0
04237 20240620  2.623 -123.81   47.51    27.8     9.1    18.4    17.5     0.0    26.63 C    36.5     7.1    19.5    95.1    31.2    68.7   0.243   0.118 -99.000 -99.000 -99.000    17.7    17.2 -9999.0 -9999.0 -9999.0
04237 20240621  2.623 -123.81   47.51    26.8     9.4    18.1    16.6     0.0    26.48 C    35.7     7.6    19.4    94.6    34.6    71.4   0.230   0.107 -99.000 -99.000 -99.000    18.3    17.7 -9999.0 -9999.0 -9999.0
04237 20240622  2.623 -123.81   47.51    17.7    10.5    14.1    14.0     0.8     9.91 C    24.9    10.9    16.1    93.3    62.1    83.9   0.222   0.099 -99.000 -99.000 -99.000    17.6    17.3 -9999.0 -9999.0 -9999.0
04237 20240623  2.623 -123.81   47.51    15.3     8.4    11.8    12.3     4.8    11.50 C    21.4     6.9    14.2    95.2    77.5    90.1   0.231   0.107 -99.000 -99.000 -99.000    17.2    16.8 -9999.0 -9999.0 -9999.0
04237 20240624  2.623 -123.81   47.51    21.3     7.9    14.6    13.9     0.0    24.36 C    31.6     6.6    16.7    95.2    47.5    77.6   0.234   0.133 -99.000 -99.000 -99.000    17.3    17.1 -9999.0 -9999.0 -9999.0
04237 20240625  2.623 -123.81   47.51    25.5     9.4    17.4    16.5     0.0    25.56 C    34.4     7.7    19.0    94.7    41.5    71.0   0.226   0.116 -99.000 -99.000 -99.000    18.0    17.6 -9999.0 -9999.0 -9999.0
04237 20240626  2.623 -123.81   47.51    14.3    11.2    12.7    12.6    16.3     5.63 C    17.5    11.2    13.9    95.1    84.1    91.5   0.244   0.120 -99.000 -99.000 -99.000    17.0    16.8 -9999.0 -9999.0 -9999.0
04237 20240627  2.623 -123.81   47.51    17.6    10.1    13.9    13.4     4.5    15.12 C    25.8     9.9    15.9    95.4    67.7    88.8   0.291   0.172 -99.000 -99.000 -99.000    17.1    16.7 -9999.0 -9999.0 -9999.0
04237 20240628  2.623 -123.81   47.51    21.6     9.2    15.4    14.8     0.0    23.39 C    30.6     8.1    18.2    95.2    54.6    78.4   0.269   0.148 -99.000 -99.000 -99.000    17.9    17.3 -9999.0 -9999.0 -9999.0
04237 20240629  2.623 -123.81   47.51    18.9    10.6    14.8    15.0     2.0     9.46 C    22.7     9.6    16.4    95.0    69.6    88.2   0.259   0.136 -99.000 -99.000 -99.000    17.6    17.2 -9999.0 -9999.0 -9999.0
04237 20240630  2.623 -123.81   47.51    22.1    14.3    18.2    16.9     2.4    22.49 C    30.2    14.8    20.1    95.3    61.3    85.8   0.273   0.138 -99.000 -99.000 -99.000    18.9    18.2 -9999.0 -9999.0 -9999.0
04237 20240701  2.623 -123.81   47.51    22.9     9.7    16.3    16.7     0.0    24.08 C    32.1     8.3    19.8    94.3    55.8    80.0   0.262   0.135 -99.000 -99.000 -99.000    19.8    19.2 -9999.0 -9999.0 -9999.0
04237 20240702  2.623 -123.81   47.51 -9999.0 -9999.0 -9999.0 -9999.0 -9999.0 -9999.00 U -9999.0 -9999.0 -9999.0 -9999.0 -9999.0 -9999.0 -99.000 -99.000 -99.000 -99.000 -99.000 -9999.0 -9999.0 -9999.0 -9999.0 -9999.0
