03074 20240101  2.622 -106.74   32.61    14.2    -7.4     3.4     3.3     0.0    10.71 C    18.3    -8.7     1.6    82.0    15.3    49.5   0.098   0.179   0.210   0.065   0.062     3.5     3.8     4.4     7.7    10.8
03074 20240102  2.622 -106.74   32.61    13.7    -1.7     6.0     6.9     0.0     9.99 C    20.5    -4.4     5.0    71.1    25.9    43.0   0.098   0.183   0.213   0.064   0.062     6.2     6.1     6.0     7.9    10.6
03074 20240103  2.622 -106.74   32.61    13.5    -4.8     4.3     3.3     0.0    12.32 C    19.4    -6.7     2.0    80.8    28.8    57.0   0.096   0.180   0.214   0.065   0.062     5.1     5.4     6.0     8.2    10.7
03074 20240104  2.622 -106.74   32.61     9.2     2.1     5.7     5.4     0.0     8.93 C    16.1    -3.4     3.1    68.8    27.9    48.2   0.096   0.179   0.214   0.064   0.063     5.6     5.8     6.2     8.3    10.8
03074 20240105  2.622 -106.74   32.61    10.5    -4.1     3.2     3.6     0.0    12.93 C    18.7    -7.4     2.8    83.9    25.4    55.0   0.094   0.177   0.214   0.064   0.062     5.0     5.3     5.8     8.4    10.8
03074 20240106  2.622 -106.74   32.61     9.6    -1.4     4.1     3.7     0.0    13.28 C    17.5    -5.4     2.8    69.5    18.0    43.7   0.094   0.178   0.215   0.065   0.061     5.7     6.0     6.4     8.4    10.8
03074 20240107  2.622 -106.74   32.61    14.6    -3.0     5.8     5.1     0.0    11.32 C    19.3    -7.8     2.8    64.5     2.3    30.8   0.092   0.175   0.213   0.065   0.061     5.0     5.3     5.9     8.4    10.8
03074 20240108  2.622 -106.74   32.61     6.2    -7.1    -0.4     0.8     0.0    11.42 C    15.7    -9.9    -1.1    52.1    20.4    38.1   0.091   0.174   0.212   0.066   0.061     4.2     4.9     5.8     8.4    10.7
03074 20240109  2.622 -106.74   32.61     6.9   -11.2    -2.1    -2.1     0.0    13.53 C    16.3   -12.6    -2.2    69.7    13.9    39.6   0.093   0.166   0.209   0.065   0.061     2.0     2.8     4.1     8.1    10.6
03074 20240110  2.622 -106.74   32.61    13.9    -5.7     4.1     3.6     0.0    13.47 C    17.6    -9.7     0.4    54.5    13.3    32.4   0.092   0.169   0.209   0.065   0.062     2.9     3.2     3.9     7.6    10.4
03074 20240111  2.622 -106.74   32.61    12.0    -4.7     3.6     4.4     0.2    11.04 C    16.3    -9.1     0.6    71.7    23.8    42.3   0.088   0.171   0.211   0.064   0.062     3.6     3.9     4.5     7.4    10.2
03074 20240112  2.622 -106.74   32.61    10.4    -9.5     0.4     0.3     0.0    12.56 C    18.6   -11.2    -1.1    67.3    10.9    37.4   0.091   0.161   0.210   0.064   0.063     2.2     2.8     3.8     7.4    10.0
03074 20240113  2.622 -106.74   32.61    16.0    -3.6     6.2     5.9     0.0    13.35 C    22.4    -7.8     3.0    42.0    11.0    26.6   0.089   0.170   0.211   0.063   0.062     3.8     3.8     4.1     7.1     9.9
03074 20240114  2.622 -106.74   32.61    18.3     1.0     9.7    10.1     0.0    13.43 C    22.7    -2.7     6.8    45.4    13.5    25.6   0.088   0.173   0.214   0.064   0.062     6.5     6.2     5.9     7.2     9.7
03074 20240115  2.622 -106.74   32.61    17.8    -3.8     7.0     7.8     0.0    13.88 C    24.6    -6.4     6.5    63.9    11.8    35.4   0.087   0.174   0.216   0.064   0.062     7.1     7.1     6.9     7.8     9.8
03074 20240116  2.622 -106.74   32.61    10.4    -4.2     3.1     2.5     0.0    14.05 C    21.7    -7.3     2.7    46.3    19.6    32.9   0.086   0.173   0.216   0.066   0.062     6.5     6.9     7.2     8.2    10.0
03074 20240117  2.622 -106.74   32.61    18.8    -8.1     5.3     6.6     0.0    13.60 C    25.5    -9.4     5.4    59.7    10.8    32.0   0.084   0.171   0.215   0.065   0.061     5.7     5.8     6.2     8.3    10.2
03074 20240118  2.622 -106.74   32.61    20.3     3.1    11.7    12.1     0.0    13.87 C    29.2    -1.1     9.8    52.0    20.3    32.5   0.084   0.176   0.219   0.065   0.062     9.6     9.2     8.4     8.4    10.2
03074 20240119  2.622 -106.74   32.61    16.7    -3.4     6.6     6.6     0.0    13.75 C    27.5    -4.9     7.2    68.4    22.1    43.3   0.083   0.174   0.220   0.064   0.061     8.7     8.8     8.8     9.0    10.4
03074 20240120  2.622 -106.74   32.61    13.6    -2.0     5.8     5.2     0.0    11.43 C    26.9    -3.9     6.2    60.6    20.5    39.6   0.082   0.173   0.219   0.066   0.063     8.2     8.4     8.6     9.3    10.7
03074 20240121  2.622 -106.74   32.61    12.5     3.6     8.0     7.3     0.3     3.04 C    12.5     3.4     6.4    82.9    37.9    57.7   0.081   0.171   0.219   0.066   0.063     7.9     8.1     8.5     9.4    10.9
03074 20240122  2.622 -106.74   32.61    14.7     2.2     8.4     8.2     0.0    10.55 C    26.7    -0.8     7.7    91.4    35.0    66.1   0.080   0.171   0.219   0.065   0.063     8.7     8.6     8.5     9.5    11.0
03074 20240123  2.622 -106.74   32.61    11.7     4.2     8.0     7.3     8.8     5.36 C    16.6     3.1     7.5    90.0    60.2    79.8   0.082   0.171   0.219   0.066   0.062     8.6     8.7     8.9     9.6    11.0
03074 20240124  2.622 -106.74   32.61    11.6     2.7     7.1     6.8     0.0     8.22 C    20.5    -0.9     8.0    91.0    55.0    78.4   0.105   0.177   0.219   0.067   0.063     8.1     8.3     8.6     9.8    11.1
03074 20240125  2.622 -106.74   32.61    13.6     0.4     7.0     6.8     0.0    12.76 C    18.2    -3.8     5.1    91.9    38.3    68.3   0.100   0.181   0.220   0.066   0.065     7.5     7.7     8.0     9.6    11.1
03074 20240126  2.622 -106.74   32.61    13.7     1.5     7.6     7.6     0.0    13.99 C    25.4    -0.7     7.9    85.4    33.8    59.7   0.097   0.182   0.223   0.065   0.064     8.8     8.8     8.6     9.6    11.1
03074 20240127  2.622 -106.74   32.61    13.0    -2.0     5.5     5.4     0.0    15.31 C    23.7    -3.7     5.8    89.0    30.0    61.6   0.095   0.180   0.223   0.066   0.064     8.0     8.3     8.5     9.7    11.2
03074 20240128  2.622 -106.74   32.61    14.5    -3.3     5.6     4.9     0.0    14.89 C    24.6    -4.9     5.6    87.7    22.5    59.1   0.093   0.179   0.223   0.066   0.064     7.6     7.9     8.2     9.7    11.2
03074 20240129  2.622 -106.74   32.61    16.8    -3.7     6.5     5.3     0.0    13.11 C    25.8    -5.1     5.2    85.5    22.0    57.4   0.092   0.178   0.222   0.066   0.064     7.6     7.8     8.1     9.6    11.2
03074 20240130  2.622 -106.74   32.61    17.8    -2.1     7.8     7.9     0.0    12.55 C    26.9    -3.8     8.0    82.4    20.5    52.2   0.092   0.178   0.223   0.067   0.064     8.6     8.5     8.4     9.5    11.1
03074 20240131  2.622 -106.74   32.61    19.1     6.1    12.6    12.5     0.0    12.43 C    31.0     3.0    12.9    81.2    27.7    56.6   0.102   0.182   0.226   0.067   0.065    12.1    11.5    10.5     9.9    11.2
03074 20240201  2.622 -106.74   32.61    20.7     3.3    12.0    11.2     0.0    13.01 C    30.3     1.2    10.5    80.5    24.4    53.7   0.113   0.181   0.226   0.068   0.065    11.9    11.7    11.3    10.6    11.4
03074 20240202  2.622 -106.74   32.61    14.9     3.3     9.1     9.8     0.8    10.78 C    20.7    -0.7     8.2    77.9    25.6    48.7   0.111   0.179   0.227   0.068   0.064    11.2    11.5    11.5    11.1    11.7
03074 20240203  2.622 -106.74   32.61    12.7     2.6     7.6     7.1     0.0    16.36 C    22.0    -2.7     5.3    78.4    20.4    43.7   0.106   0.174   0.224   0.067   0.063     8.8     9.2     9.8    11.1    11.9
03074 20240204  2.622 -106.74   32.61    14.5    -4.1     5.2     5.2     0.0    16.26 C    25.3    -6.7     5.4    75.7    17.0    45.3   0.105   0.172   0.222   0.067   0.062     8.2     8.5     9.0    10.8    12.0
03074 20240205  2.622 -106.74   32.61    17.2    -4.8     6.2     5.7     0.0    16.70 C    28.5    -6.5     6.4    70.0    17.5    42.4   0.104   0.173   0.222   0.069   0.062     8.7     8.9     9.0    10.5    11.9
03074 20240206  2.622 -106.74   32.61    13.8     1.8     7.8     8.0     1.5     3.84 C    13.4    -0.5     6.7    77.5    24.8    41.8   0.103   0.172   0.222   0.069   0.062     8.5     8.7     9.2    10.5    11.8
03074 20240207  2.622 -106.74   32.61    13.2     2.7     8.0     8.9     2.2    10.99 C    18.0    -1.7     6.7    81.4    27.0    57.1   0.104   0.172   0.222   0.068   0.062     9.1     9.3     9.4    10.4    11.8
03074 20240208  2.622 -106.74   32.61    13.0    -0.5     6.2     6.8     0.0    17.04 C    20.2    -4.1     5.0    78.6    25.2    51.1   0.105   0.169   0.220   0.069   0.062     7.7     8.0     8.4    10.4    11.8
03074 20240209  2.622 -106.74   32.61    12.8     2.6     7.7     7.8     0.0    13.56 C    21.3    -2.0     6.5    68.9    14.5    42.6   0.107   0.170   0.220   0.068   0.062     8.6     8.7     8.8    10.2    11.7
03074 20240210  2.622 -106.74   32.61     7.4     1.4     4.4     4.1     1.5     3.80 C    11.6    -3.0     3.0    87.4    45.5    66.5   0.103   0.169   0.219   0.068   0.062     6.7     7.5     8.4    10.2    11.7
03074 20240211  2.622 -106.74   32.61     8.1    -1.6     3.2     2.5     0.5    11.53 C    18.3    -4.0     2.3    89.2    37.1    71.1   0.100   0.166   0.217   0.067   0.063     5.4     6.0     6.8     9.8    11.6
03074 20240212  2.622 -106.74   32.61    11.1    -5.0     3.0     2.8     0.0    17.77 C    23.3    -6.5     3.7    86.5    23.8    60.6   0.097   0.166   0.216   0.068   0.064     6.0     6.2     6.6     9.3    11.4
03074 20240213  2.622 -106.74   32.61    15.5    -5.9     4.8     4.6     0.0    18.00 C    27.3    -6.6     5.0    87.7    16.1    53.2   0.101   0.168   0.217   0.067   0.064     7.1     7.1     7.2     9.2    11.1
03074 20240214  2.622 -106.74   32.61    18.9    -3.1     7.9     8.4     0.0    18.08 C    26.3    -5.8     6.5    74.6     7.7    35.8   0.104   0.170   0.219   0.069   0.065     8.3     8.2     8.0     9.3    11.0
03074 20240215  2.622 -106.74   32.61    18.6    -3.9     7.3     7.9     0.0    16.77 C    27.8    -6.0     7.0    71.2     9.4    34.5   0.107   0.171   0.220   0.068   0.065     9.0     9.0     8.9     9.5    11.0
03074 20240216  2.622 -106.74   32.61    18.4    -4.0     7.2     7.8     0.0    18.36 C    29.9    -6.0     7.7    65.2    12.0    33.3   0.107   0.172   0.221   0.068   0.065     9.7     9.7     9.4     9.8    11.1
03074 20240217  2.622 -106.74   32.61    16.1    -3.1     6.5     6.1     0.0    16.94 C    31.1    -5.1     7.4    66.7    22.9    43.9   0.106   0.172   0.222   0.069   0.065     9.9     9.9     9.8    10.1    11.2
03074 20240218  2.622 -106.74   32.61    15.2    -4.7     5.3     5.5     0.0    18.26 C    29.2    -5.8     7.2    75.0    24.1    48.0   0.104   0.171   0.221   0.068   0.063     9.6     9.7     9.7    10.3    11.4
03074 20240219  2.622 -106.74   32.61    21.8    -4.1     8.8    10.4     0.0    18.63 C    33.9    -5.8    10.5    68.9    10.0    32.6   0.104   0.171   0.222   0.067   0.063    10.8    10.5    10.1    10.4    11.5
03074 20240220  2.622 -106.74   32.61    23.4     4.4    13.9    13.1     0.0    19.26 C    34.6    -1.8    11.6    35.8     3.3    18.3   0.105   0.174   0.224   0.068   0.064    12.9    12.5    11.7    10.8    11.6
03074 20240221  2.622 -106.74   32.61    22.7    -0.4    11.1    12.3     0.0    18.84 C    30.2    -3.9     9.9    38.9     5.3    18.5   0.103   0.172   0.224   0.069   0.066    12.0    12.0    11.8    11.3    11.8
03074 20240222  2.622 -106.74   32.61    18.9    -2.1     8.4     9.5     0.0    19.09 C    32.6    -3.8    10.2    54.7    14.0    30.9   0.101   0.172   0.224   0.069   0.066    12.3    12.2    11.9    11.6    12.1
03074 20240223  2.622 -106.74   32.61    18.6    -1.4     8.6     9.1     0.0    16.62 C    36.4    -3.4    10.1    54.2    12.6    29.5   0.100   0.172   0.223   0.069   0.066    12.2    12.1    11.9    11.7    12.3
03074 20240224  2.622 -106.74   32.61    21.2    -3.6     8.8     9.5     0.0    17.55 C    36.3    -5.3    10.4    52.0    10.5    27.6   0.098   0.170   0.223   0.069   0.067    11.8    11.8    11.7    11.8    12.5
03074 20240225  2.622 -106.74   32.61    26.6     1.3    14.0    14.4     0.0    18.60 C    38.0    -1.5    14.2    43.0     9.8    22.3   0.099   0.172   0.224   0.068   0.067    13.8    13.3    12.6    12.0    12.6
03074 20240226  2.622 -106.74   32.61    25.5     6.2    15.9    15.2     0.0    16.40 C    35.4     3.4    14.0    45.5    14.4    30.6   0.098   0.173   0.226   0.070   0.067    14.8    14.5    13.8    12.4    12.8
03074 20240227  2.622 -106.74   32.61    20.8     9.3    15.1    15.7     0.0    12.45 C    25.4     5.0    13.0    51.5    19.4    31.2   0.096   0.172   0.226   0.070   0.067    14.5    14.4    14.0    12.9    13.0
03074 20240228  2.622 -106.74   32.61    15.7     4.0     9.8     9.7     0.3    11.97 C    26.5     1.6    10.3    62.9    22.5    41.7   0.094   0.170   0.224   0.071   0.067    13.0    13.2    13.3    13.1    13.3
03074 20240229  2.622 -106.74   32.61    12.8     4.0     8.4     7.5     5.2    10.99 C    24.1     2.0     8.8    89.8    52.4    76.6   0.098   0.167   0.222   0.071   0.067    11.5    11.9    12.3    13.0    13.5
03074 20240301  2.622 -106.74   32.61    21.3     2.1    11.7    11.6     0.0    20.76 C    31.7    -1.5    11.1    82.6    11.3    45.8   0.105   0.167   0.221   0.070   0.067    12.4    12.3    11.9    12.7    13.4
03074 20240302  2.622 -106.74   32.61    21.3     3.8    12.6    12.6     0.0    21.36 C    30.1    -0.5    11.2    61.6     5.3    30.2   0.106   0.169   0.223   0.070   0.066    13.4    13.3    12.9    12.8    13.4
03074 20240303  2.622 -106.74   32.61    21.1     4.8    12.9    13.1     0.0    20.93 C    27.6    -0.3    10.7    44.4     9.8    21.5   0.105   0.169   0.223   0.072   0.067    13.3    13.3    13.1    13.0    13.4
03074 20240304  2.622 -106.74   32.61    20.1     3.7    11.9    12.6     0.0    21.02 C    30.6     0.6    11.5    60.6    12.9    32.1   0.104   0.169   0.223   0.072   0.068    13.5    13.5    13.2    13.1    13.5
03074 20240305  2.622 -106.74   32.61    20.3    -0.6     9.9    11.3     0.0    19.92 C    34.3    -2.8    11.9    61.1    12.3    30.6   0.103   0.169   0.223   0.071   0.067    13.6    13.6    13.3    13.3    13.6
03074 20240306  2.622 -106.74   32.61    18.9     5.5    12.2    13.5     0.0    12.68 C    29.8     1.7    13.0    43.7     8.2    23.8   0.102   0.168   0.223   0.071   0.067    13.8    13.8    13.5    13.4    13.7
03074 20240307  2.622 -106.74   32.61    18.4     4.4    11.4    12.6     0.0    21.27 C    30.6     0.9    13.3    53.7     7.0    25.2   0.101   0.170   0.224   0.071   0.069    14.9    14.8    14.2    13.5    13.8
03074 20240308  2.622 -106.74   32.61    15.0     1.1     8.1     8.5     0.7    17.17 C    34.1    -1.8    11.2    73.0    23.4    48.6   0.098   0.168   0.223   0.073   0.069    13.7    13.8    13.8    13.8    13.9
03074 20240309  2.622 -106.74   32.61    13.8     1.3     7.5     7.3     0.0    16.19 C    36.1    -0.5    10.2    78.3    28.5    55.1   0.096   0.166   0.222   0.073   0.068    12.8    13.0    13.2    13.7    14.1
03074 20240310  2.622 -106.74   32.61    16.9    -3.3     6.8     7.4     0.0    22.13 C    36.9    -4.5    11.2    75.4    11.9    40.0   0.096   0.166   0.221   0.072   0.068    13.0    13.1    12.9    13.5    14.1
03074 20240311  2.622 -106.74   32.61    20.9    -3.6     8.7     9.5     0.0    19.34 C    36.5    -4.4    11.6    51.0     9.2    27.4   0.095   0.166   0.221   0.072   0.068    13.2    13.2    13.1    13.5    14.0
03074 20240312  2.622 -106.74   32.61    22.7    -0.2    11.3    13.3     0.0    22.20 C    38.5    -2.2    14.4    42.7     7.6    20.3   0.095   0.167   0.222   0.073   0.068    14.7    14.4    13.8    13.6    14.0
03074 20240313  2.622 -106.74   32.61    21.0     4.0    12.5    13.0     0.0    22.18 C    31.9     0.2    12.8    39.9    15.4    26.4   0.094   0.167   0.223   0.072   0.069    14.9    14.8    14.4    13.8    14.2
03074 20240314  2.622 -106.74   32.61    20.6    -0.4    10.1    12.3     0.0    21.35 C    38.8    -1.8    15.0    61.3    14.3    32.4   0.093   0.167   0.223   0.073   0.069    15.3    15.0    14.5    14.1    14.3
03074 20240315  2.622 -106.74   32.61    18.2     8.5    13.3    13.5     0.0    21.38 C    29.9     4.4    14.8    53.0    17.9    36.3   0.093   0.169   0.225   0.073   0.068    16.5    16.3    15.7    14.4    14.4
03074 20240316  2.622 -106.74   32.61    17.6     2.6    10.1    10.8     2.2    16.33 C    38.6     0.7    13.7    84.6    27.9    53.0   0.090   0.167   0.224   0.073   0.070    15.4    15.4    15.1    14.7    14.6
03074 20240317  2.622 -106.74   32.61    18.4     2.8    10.6    11.1     0.0    21.05 C    37.5     2.1    14.3    98.6    16.3    58.0   0.090   0.167   0.223   0.073   0.070    15.6    15.5    15.1    14.7    14.8
03074 20240318  2.622 -106.74   32.61    16.3     6.6    11.4    11.5     0.0    13.87 C    30.7     4.1    11.8    70.3    34.4    47.6   0.089   0.165   0.223   0.074   0.070    14.7    14.9    15.0    14.8    14.9
03074 20240319  2.622 -106.74   32.61    18.9     5.5    12.2    12.2     0.0    19.22 C    38.3     2.8    15.1    55.6    22.1    39.8   0.091   0.166   0.223   0.074   0.070    15.9    15.5    15.0    14.7    14.9
03074 20240320  2.622 -106.74   32.61    19.4     0.0     9.7    10.9     0.0    17.95 C    38.5    -1.0    12.8    66.8    14.0    41.9   0.090   0.165   0.223   0.076   0.070    15.1    15.1    15.1    14.9    15.0
03074 20240321  2.622 -106.74   32.61    21.1     4.4    12.7    13.1     0.0    22.09 C    41.1     0.9    15.8    67.0    13.9    38.4   0.091   0.166   0.223   0.076   0.069    16.4    16.1    15.4    14.9    15.1
03074 20240322  2.622 -106.74   32.61    23.6     0.1    11.8    13.2     0.0    23.76 C    41.3    -1.1    16.0    51.3     8.2    26.7   0.091   0.167   0.224   0.074   0.069    17.0    16.7    16.0    15.1    15.2
03074 20240323  2.622 -106.74   32.61    23.7     8.1    15.9    16.6     0.0    13.15 C    32.8     5.5    15.7    29.4     8.0    17.0   0.090   0.166   0.224   0.074   0.070    16.8    16.7    16.4    15.5    15.3
03074 20240324  2.622 -106.74   32.61    15.1     3.9     9.5    10.3     0.0    19.48 C    23.7    -0.3     9.6    55.0    15.7    33.1   0.086   0.164   0.223   0.075   0.070    15.0    15.6    15.9    15.6    15.5
03074 20240325  2.622 -106.74   32.61    14.3     2.0     8.1     7.7     0.0    20.80 C    27.6    -1.8     9.3    75.6    20.8    45.6   0.084   0.161   0.220   0.074   0.070    12.9    13.3    13.9    15.3    15.6
03074 20240326  2.622 -106.74   32.61    13.8     2.2     8.0     7.5     0.9    16.53 C    25.7    -0.5     8.3    69.7    23.2    46.8   0.082   0.159   0.218   0.075   0.071    12.1    12.6    13.3    14.8    15.5
03074 20240327  2.622 -106.74   32.61    17.6    -1.9     7.8     8.7     0.0    24.90 C    36.1    -3.3    11.9    82.9    10.0    40.3   0.083   0.159   0.218   0.073   0.070    13.2    13.0    12.9    14.4    15.2
03074 20240328  2.622 -106.74   32.61    23.8    -2.8    10.5    11.8     0.0    24.36 C    40.6    -4.0    15.3    50.7     6.1    24.4   0.085   0.161   0.219   0.073   0.071    14.9    14.5    13.9    14.3    15.0
03074 20240329  2.622 -106.74   32.61    25.8     7.9    16.8    17.4     0.0    23.06 C    39.8     2.8    16.8    25.5     6.0    14.1   0.086   0.164   0.222   0.074   0.071    17.0    16.5    15.6    14.6    15.0
03074 20240330  2.622 -106.74   32.61    23.4     5.5    14.4    17.3     0.0    15.36 C    31.4     1.8    15.8    23.6     5.4    11.7   0.084   0.163   0.223   0.076   0.070    16.7    16.5    16.0    15.1    15.2
03074 20240331  2.622 -106.74   32.61    19.8     8.6    14.2    15.2     0.0     9.31 C    26.8     5.1    13.9    46.0    10.3    21.9   0.082   0.163   0.223   0.074   0.071    16.3    16.4    16.1    15.4    15.4
03074 20240401  2.622 -106.74   32.61    14.8     4.1     9.5     9.1     1.1    16.18 C    29.4     0.3     9.1    83.5    26.9    54.2   0.079   0.160   0.220   0.074   0.070    13.9    14.4    14.9    15.5    15.6
03074 20240402  2.622 -106.74   32.61    16.4    -1.1     7.6     8.3     0.0    21.06 C    41.7    -2.3    12.0    83.7    21.8    49.5   0.080   0.159   0.218   0.075   0.070    14.2    14.1    14.1    15.1    15.6
03074 20240403  2.622 -106.74   32.61    22.4    -2.7     9.8    10.9     0.0    26.08 C    43.5    -4.1    15.2    63.3     7.0    29.0   0.081   0.161   0.220   0.075   0.071    15.7    15.3    14.7    14.9    15.4
03074 20240404  2.622 -106.74   32.61    25.1     4.3    14.7    15.2     0.0    26.40 C    43.0     0.1    16.8    33.1     3.6    14.3   0.082   0.162   0.222   0.075   0.071    17.4    16.9    16.1    15.1    15.4
03074 20240405  2.622 -106.74   32.61    25.0     3.6    14.3    16.6     0.0    22.80 C    40.9     0.0    16.7    26.9     8.4    12.2   0.081   0.162   0.223   0.076   0.070    17.6    17.3    16.6    15.5    15.6
03074 20240406  2.622 -106.74   32.61    16.0     2.0     9.0    11.5     0.0    24.14 C    30.3    -1.3    12.9    48.4     4.4    23.4   0.079   0.161   0.222   0.074   0.072    17.0    17.1    16.8    15.9    15.8
03074 20240407  2.622 -106.74   32.61    19.6    -4.5     7.5     9.0     0.0    26.84 C    41.3    -6.2    13.1    40.7     3.7    17.8   0.077   0.159   0.220   0.075   0.071    15.7    15.7    15.6    15.9    15.9
03074 20240408  2.622 -106.74   32.61    21.7    -0.2    10.8    12.3     0.0    19.55 C    37.5    -2.2    13.9    20.3     3.1    11.2   0.076   0.159   0.220   0.075   0.071    15.8    15.7    15.6    15.8    16.0
03074 20240409  2.622 -106.74   32.61    16.8    -0.4     8.2     8.4     0.0    12.87 C    35.8    -2.1     9.9    60.6    13.7    30.2   0.074   0.157   0.219   0.075   0.071    14.3    14.7    15.2    15.7    16.0
03074 20240410  2.622 -106.74   32.61    23.2    -2.8    10.2    11.6     0.0    26.89 C    40.5    -4.4    15.1    67.7     6.8    29.9   0.074   0.157   0.205   0.075   0.071    15.5    15.1    14.7    15.4    15.9
03074 20240411  2.622 -106.74   32.61    25.9     0.1    13.0    14.8     0.0    26.92 C    45.7    -1.6    18.0    27.8     4.5    13.5   0.075   0.159   0.131   0.076   0.072    17.8    17.1    16.1    15.4    15.8
03074 20240412  2.622 -106.74   32.61    28.4     3.3    15.9    17.1     0.0    24.05 C    43.4     1.4    18.5    20.8     5.7    12.0   0.075   0.160   0.114   0.075   0.072    18.8    18.2    17.1    15.8    15.8
03074 20240413  2.622 -106.74   32.61    27.4     4.3    15.9    18.0     0.0    26.65 C    44.7     1.6    20.2    27.8    10.5    17.5   0.076   0.160   0.115   0.076   0.047    20.1    19.3    17.9    16.3    16.0
03074 20240414  2.622 -106.74   32.61    28.2     5.2    16.7    19.1     0.0    25.33 C    43.6     2.2    20.1    28.6     2.1    11.8   0.075   0.160   0.115   0.076   0.040    20.5    19.9    18.5    16.8    16.2
03074 20240415  2.622 -106.74   32.61    25.3     6.1    15.7    17.7     0.0    27.45 C    37.9     1.8    17.6    15.6     4.4     8.5   0.073   0.160   0.115   0.076   0.041    20.1    19.9    18.8    17.2    16.5
03074 20240416  2.622 -106.74   32.61    25.1     1.2    13.1    14.4     0.0    27.64 C    45.8    -1.3    18.3    26.3     4.2    13.2   0.072   0.158   0.115   0.076   0.043    19.7    19.3    18.3    17.4    16.7
03074 20240417  2.622 -106.74   32.61    28.7     1.4    15.0    17.3     0.0    27.68 C    49.0     0.2    20.3    21.2     3.5    10.4   0.072   0.158   0.115   0.078   0.041    20.8    20.1    18.9    17.5    16.9
03074 20240418  2.622 -106.74   32.61    30.5     4.2    17.3    18.6     0.0    26.83 C    50.8     1.6    21.8    23.1     2.5     9.8   0.072   0.159   0.115   0.076   0.040    21.8    21.1    19.5    17.8    17.0
03074 20240419  2.622 -106.74   32.61    30.5    10.6    20.5    21.3     0.0    25.84 C    49.6     8.5    24.1    29.4     3.3    13.7   0.072   0.159   0.116   0.078   0.039    23.2    22.3    20.4    18.3    17.3
03074 20240420  2.622 -106.74   32.61    27.7    11.0    19.3    20.5     0.0    26.90 C    50.6     8.9    25.1    43.6    11.1    26.7   0.073   0.160   0.117   0.079   0.039    24.7    23.6    21.5    18.8    17.6
03074 20240421  2.622 -106.74   32.61    23.9     8.3    16.1    16.1     0.0    26.44 C    43.7     5.3    20.9    60.4    20.0    38.0   0.071   0.158   0.117   0.079   0.040    23.3    22.9    21.6    19.3    18.0
03074 20240422  2.622 -106.74   32.61    27.6     4.8    16.2    17.3     0.0    27.11 C    48.4     3.3    22.6    59.5     8.7    33.3   0.070   0.156   0.116   0.080   0.041    23.3    22.6    21.4    19.6    18.3
03074 20240423  2.622 -106.74   32.61    31.0    10.6    20.8    21.8     0.0    27.81 C    48.4     7.5    24.0    43.7     5.1    17.2   0.070   0.156   0.116   0.079   0.041    24.3    23.5    21.9    19.8    18.5
03074 20240424  2.622 -106.74   32.61    29.2    11.1    20.1    21.4     0.0    20.48 C    49.3     7.1    22.8    25.1     5.4    13.1   0.069   0.155   0.116   0.080   0.043    23.6    23.1    22.0    20.1    18.8
03074 20240425  2.622 -106.74   32.61    26.9     9.6    18.2    20.0     0.0    27.06 C    42.2     6.0    21.1    25.4     4.9    12.0   0.068   0.154   0.116   0.080   0.041    23.4    23.1    22.0    20.2    18.9
03074 20240426  2.622 -106.74   32.61    25.7     3.8    14.8    16.9     0.0    27.90 C    42.3     2.0    19.8    37.1     6.7    19.1   0.066   0.152   0.115   0.079   0.041    22.1    21.9    21.3    20.3    19.1
03074 20240427  2.622 -106.74   32.61    20.9     7.6    14.2    15.8     0.0    25.80 C    36.7     4.4    17.2    34.3     8.4    20.6   0.065   0.151   0.114   0.080   0.041    21.4    21.4    21.0    20.2    19.2
03074 20240428  2.622 -106.74   32.61    24.1     2.3    13.2    15.1     0.0    27.79 C    46.8     0.6    20.5    44.7     9.8    25.6   0.065   0.150   0.113   0.079   0.041    21.5    21.1    20.3    20.0    19.1
03074 20240429  2.622 -106.74   32.61    26.6     2.3    14.4    16.4     0.0    28.36 C    49.4     1.4    21.8    38.9     7.7    19.5   0.066   0.150   0.113   0.079   0.041    22.8    22.2    21.0    19.9    19.1
03074 20240430  2.622 -106.74   32.61    30.2     7.2    18.7    20.0     0.0    28.46 C    51.7     4.1    23.5    24.8     4.4    12.1   0.066   0.151   0.113   0.079   0.041    23.8    23.0    21.6    20.1    19.2
03074 20240501  2.622 -106.74   32.61    29.5     9.2    19.4    20.7     0.0    28.63 C    49.3     5.3    23.6    21.5     3.1     9.8   0.066   0.151   0.114   0.080   0.041    24.3    23.6    22.1    20.4    19.4
03074 20240502  2.622 -106.74   32.61    28.8     6.2    17.5    19.4     0.0    28.46 C    51.0     3.9    23.9    24.2     5.9    12.5   0.065   0.150   0.113   0.080   0.041    24.6    23.9    22.4    20.7    19.6
03074 20240503  2.622 -106.74   32.61    29.1     6.2    17.6    19.2     0.0    28.73 C    49.9     4.1    23.7    25.3     4.1    11.9   0.065   0.149   0.113   0.080   0.042    24.6    24.0    22.6    20.9    19.8
03074 20240504  2.622 -106.74   32.61    29.8     8.0    18.9    19.6     0.0    28.53 C    50.9     6.2    23.8    19.8     1.8     9.7   0.065   0.149   0.113   0.081   0.043    24.9    24.2    22.8    21.1    19.9
03074 20240505  2.622 -106.74   32.61    30.1    10.9    20.5    22.0     0.0    28.79 C    49.8     6.2    24.5    19.9     2.9     8.8   0.064   0.148   0.113   0.082   0.043    24.8    24.2    22.9    21.3    20.1
03074 20240506  2.622 -106.74   32.61    27.1    12.5    19.8    21.1     0.0    28.68 C    43.3     7.8    22.5    27.6     5.2    12.2   0.063   0.147   0.113   0.080   0.043    24.8    24.3    23.1    21.4    20.3
03074 20240507  2.622 -106.74   32.61    28.6     5.4    17.0    20.1     0.0    29.10 C    44.7     2.4    21.7    20.6     2.6     8.7   0.062   0.146   0.111   0.081   0.044    23.8    23.5    22.6    21.5    20.4
03074 20240508  2.622 -106.74   32.61    28.6     9.6    19.1    20.2     0.0    28.89 C    45.1     5.4    22.1    15.4     5.3     9.5   0.062   0.146   0.111   0.081   0.044    24.0    23.6    22.6    21.5    20.5
03074 20240509  2.622 -106.74   32.61    28.1     7.5    17.8    19.1     0.0    28.97 C    48.6     4.9    23.1    25.5     4.6    13.6   0.062   0.146   0.111   0.081   0.044    24.3    23.8    22.6    21.5    20.5
03074 20240510  2.622 -106.74   32.61    29.2     8.0    18.6    20.0     0.0    25.40 C    50.2     6.0    24.4    43.6     6.8    21.0   0.062   0.145   0.111   0.081   0.043    24.7    24.0    22.8    21.6    20.6
03074 20240511  2.622 -106.74   32.61    29.8    12.4    21.1    22.1     0.0    27.71 C    52.2     8.9    25.9    57.4     2.7    25.8   0.063   0.146   0.111   0.080   0.043    26.4    25.5    23.7    21.7    20.7
03074 20240512  2.622 -106.74   32.61    27.9     4.5    16.2    19.1     0.0    28.37 C    50.6     3.9    24.2    36.2     5.3    15.6   0.062   0.145   0.110   0.081   0.044    25.4    24.8    23.6    22.0    20.8
03074 20240513  2.622 -106.74   32.61    29.3     6.6    18.0    20.1     0.0    26.45 C    54.5     5.3    25.1    27.6     5.2    13.8   0.063   0.144   0.110   0.081   0.045    26.0    25.3    23.8    22.2    21.0
03074 20240514  2.622 -106.74   32.61    31.6     7.1    19.3    20.7     0.0    27.69 C    53.5     5.8    25.6    24.6     4.0    12.7   0.062   0.144   0.110   0.080   0.045    26.2    25.5    24.0    22.3    21.1
03074 20240515  2.622 -106.74   32.61    31.2     9.7    20.5    21.9     0.0    28.85 C    54.7     8.0    27.2    26.2     4.1    13.8   0.062   0.144   0.110   0.081   0.045    26.8    26.0    24.3    22.5    21.3
03074 20240516  2.622 -106.74   32.61    26.1    15.6    20.9    19.9     0.7    20.91 C    52.1    12.0    23.4    58.0    14.1    34.0   0.061   0.143   0.110   0.082   0.045    26.0    25.8    24.7    22.8    21.5
03074 20240517  2.622 -106.74   32.61    30.7     8.5    19.6    21.5     0.0    28.23 C    56.6     7.7    27.9    67.7     9.2    30.4   0.063   0.143   0.108   0.082   0.044    26.5    25.6    24.0    22.8    21.6
03074 20240518  2.622 -106.74   32.61    33.5    10.5    22.0    23.6     0.0    29.52 C    56.4     8.6    28.6    29.4     5.2    13.7   0.064   0.144   0.110   0.082   0.044    28.1    27.1    25.0    22.9    21.7
03074 20240519  2.622 -106.74   32.61    32.8    11.9    22.4    23.4     0.0    30.07 C    53.2     8.8    27.1    23.6     3.3    10.7   0.063   0.143   0.109   0.082   0.043    27.9    27.2    25.4    23.2    21.9
03074 20240520  2.622 -106.74   32.61    34.2     7.9    21.1    23.6     0.0    29.64 C    55.0     6.4    27.0    20.0     3.0     9.4   0.062   0.142   0.110   0.082   0.044    27.6    26.9    25.3    23.5    22.0
03074 20240521  2.622 -106.74   32.61    31.1    10.8    20.9    22.4     0.0    29.99 C    51.9     8.3    26.5    32.7     5.0    15.3   0.062   0.142   0.109   0.082   0.045    27.9    27.2    25.6    23.6    22.2
03074 20240522  2.622 -106.74   32.61    31.6     7.0    19.3    21.0     0.0    30.41 C    53.1     5.5    25.5    23.4     0.9     9.9   0.061   0.141   0.109   0.082   0.045    27.2    26.7    25.4    23.7    22.4
03074 20240523  2.622 -106.74   32.61    31.1     6.3    18.7    21.5     0.0    30.86 C    50.3     4.0    24.7    12.0     0.5     4.6   0.060   0.140   0.108   0.081   0.044    26.4    26.1    25.1    23.7    22.5
03074 20240524  2.622 -106.74   32.61    31.6     8.1    19.9    21.8     0.0    30.73 C    55.2     5.4    26.1    12.8     1.7     5.4   0.060   0.140   0.107   0.083   0.044    27.1    26.4    25.0    23.7    22.6
03074 20240525  2.622 -106.74   32.61    31.5    12.0    21.7    24.0     0.0    29.52 C    47.7     8.1    25.3    15.2     2.1     6.5   0.059   0.139   0.107   0.083   0.043    26.8    26.4    25.2    23.7    22.6
03074 20240526  2.622 -106.74   32.61    32.7     6.8    19.7    21.7     0.0    30.52 C    55.6     5.2    26.5    25.1     2.7    11.4   0.060   0.139   0.107   0.083   0.043    27.4    26.6    25.1    23.8    22.6
03074 20240527  2.622 -106.74   32.61    34.5     7.0    20.8    22.9     0.0    30.48 C    56.2     5.7    27.1    17.9     1.4     7.7   0.060   0.139   0.106   0.082   0.043    27.9    27.2    25.5    23.9    22.7
03074 20240528  2.622 -106.74   32.61    35.7     7.7    21.7    24.5     0.0    30.25 C    56.2     6.3    28.9    12.9     2.7     6.4   0.060   0.139   0.106   0.082   0.044    28.6    27.7    25.7    24.0    22.8
03074 20240529  2.622 -106.74   32.61    33.7    11.2    22.5    23.8     0.0    29.19 C    56.3     9.7    28.3    36.8     1.1    11.0   0.060   0.139   0.107   0.081   0.044    29.1    28.3    26.3    24.2    22.9
03074 20240530  2.622 -106.74   32.61    33.9     7.7    20.8    23.4     0.0    30.71 C    56.3     6.1    28.1    10.9     1.9     5.0   0.060   0.138   0.106   0.081   0.044    28.9    28.1    26.4    24.5    23.1
03074 20240531  2.622 -106.74   32.61    35.0    10.1    22.5    24.1     0.0    30.28 C    56.9     8.0    29.0    12.9     2.4     6.8   0.060   0.139   0.106   0.081   0.044    29.5    28.6    26.6    24.6    23.3
03074 20240601  2.622 -106.74   32.61    35.6     9.4    22.5    24.6     0.0    29.73 C    58.9     7.7    29.3    30.9     2.0    10.6   0.060   0.138   0.106   0.083   0.045    29.8    29.0    27.0    24.8    23.4
03074 20240602  2.622 -106.74   32.61    34.5    14.9    24.7    26.4     0.0    30.85 C    54.2    11.5    29.2    52.4     1.6    15.1   0.060   0.138   0.106   0.084   0.046    30.1    29.3    27.3    25.1    23.6
03074 20240603  2.622 -106.74   32.61    35.0     8.7    21.8    24.5     0.0    30.55 C    56.6     6.8    28.2    12.0     1.7     5.7   0.059   0.137   0.105   0.082   0.046    29.4    28.8    27.2    25.2    23.7
03074 20240604  2.622 -106.74   32.61    33.9    13.8    23.9    25.6     0.0    23.12 C    53.2    10.6    28.2    15.8     6.3     9.6   0.059   0.137   0.104   0.082   0.047    29.3    28.7    27.1    25.3    23.9
03074 20240605  2.622 -106.74   32.61    38.2    13.8    26.0    28.0     0.0    28.39 C    61.4    11.9    32.6    23.5     5.3    12.5   0.061   0.138   0.105   0.083   0.046    31.2    30.0    27.5    25.4    23.9
03074 20240606  2.622 -106.74   32.61    39.9    16.2    28.1    29.9     0.0    28.25 C    63.1    14.3    34.4    20.1     4.6    10.4   0.061   0.139   0.105   0.084   0.049    32.7    31.4    28.6    25.7    24.2
03074 20240607  2.622 -106.74   32.61    39.2    22.9    31.0    31.8     0.0    23.67 C    59.2    18.9    34.2    21.3     5.3    11.9   0.061   0.139   0.130   0.084   0.072    33.1    31.9    29.4    26.2    24.6
03074 20240608  2.622 -106.74   32.61    37.0    24.5    30.7    31.7     0.0    22.45 C    59.0    21.6    34.5    17.4     5.4    10.5   0.062   0.139   0.106   0.083   0.078    33.6    32.6    29.9    26.6    25.0
03074 20240609  2.622 -106.74   32.61    32.8    17.4    25.1    26.5     0.0    16.66 C    49.5    15.4    28.1    22.0     7.9    13.2   0.059   0.137   0.106   0.085   0.079    30.9    30.8    29.4    27.0    25.3
03074 20240610  2.622 -106.74   32.61    32.0    15.1    23.6    24.0     0.0    26.12 C    57.5    13.2    29.5    60.8    13.2    30.8   0.059   0.136   0.104   0.085   0.080    30.8    30.2    28.6    26.8    25.4
03074 20240611  2.622 -106.74   32.61    36.6    11.7    24.2    25.9     0.0    29.35 C    59.3    11.0    32.3    39.2     8.1    21.0   0.060   0.136   0.104   0.084   0.081    31.6    30.6    28.6    26.7    25.5
03074 20240612  2.622 -106.74   32.61    38.9    18.2    28.6    29.8     0.0    29.18 C    61.1    15.7    35.1    43.0     6.9    19.5   0.062   0.138   0.105   0.085   0.081    33.7    32.4    29.5    26.8    25.6
03074 20240613  2.622 -106.74   32.61    40.6    16.7    28.7    31.0     0.0    23.58 C    62.9    14.8    33.7    23.6     2.6    11.8   0.062   0.138   0.105   0.085   0.080    34.0    33.0    30.3    27.2    25.8
03074 20240614  2.622 -106.74   32.61    37.8    20.5    29.2    29.4     0.0    17.26 C    56.7    17.8    30.9    31.5     8.1    16.6   0.060   0.136   0.105   0.083   0.080    32.7    32.2    30.3    27.6    26.0
03074 20240615  2.622 -106.74   32.61    36.7    13.5    25.1    26.4     0.0    29.79 C    59.9    12.5    32.6    41.7     2.8    20.5   0.060   0.136   0.104   0.084   0.080    32.9    32.0    29.9    27.6    26.2
03074 20240616  2.622 -106.74   32.61    38.7    13.2    26.0    27.9     0.0    30.34 C    60.3    12.1    32.6    14.7     2.9     7.1   0.060   0.136   0.104   0.084   0.080    33.0    32.3    30.1    27.7    26.4
03074 20240617  2.622 -106.74   32.61    37.1    15.0    26.0    28.2     0.0    30.26 C    57.7    12.5    32.1    15.7     3.9     8.5   0.059   0.135   0.104   0.084   0.080    32.8    32.1    30.1    27.8    26.4
03074 20240618  2.622 -106.74   32.61    36.1    18.0    27.1    27.8     0.0    30.48 C    57.4    13.9    31.9    19.0     4.1    10.1   0.059   0.135   0.103   0.084   0.080    32.9    32.2    30.2    27.9    26.5
03074 20240619  2.622 -106.74   32.61    39.1    12.5    25.8    26.7     0.0    28.51 C    59.5    11.2    32.1    50.9     4.1    20.9   0.059   0.134   0.103   0.084   0.080    32.7    31.9    30.1    27.9    26.6
03074 20240620  2.622 -106.74   32.61    32.3    21.8    27.1    25.8     0.0    19.36 C    48.3    19.5    29.2    66.3    30.8    49.1   0.059   0.133   0.102   0.084   0.080    31.9    31.6    30.2    28.1    26.7
03074 20240621  2.622 -106.74   32.61    28.3    22.1    25.2    24.8     0.7     9.57 C    32.7    19.9    24.8    76.7    41.7    57.2   0.057   0.131   0.101   0.084   0.080    29.1    29.5    29.2    27.9    26.9
03074 20240622  2.622 -106.74   32.61    34.9    18.9    26.9    27.7     0.0    23.96 C    62.6    17.1    33.6    65.3    19.2    41.1   0.061   0.133   0.100   0.083   0.080    31.4    30.4    28.5    27.5    26.7
03074 20240623  2.622 -106.74   32.61    37.3    19.0    28.2    29.4     0.0    25.95 C    64.1    18.0    36.2    62.0    16.0    33.7   0.063   0.136   0.101   0.083   0.079    33.8    32.6    29.8    27.5    26.6
03074 20240624  2.622 -106.74   32.61    38.6    20.5    29.6    30.2     0.0    27.09 C    63.0    18.8    36.0    51.6    11.7    25.1   0.064   0.137   0.102   0.085   0.079    34.8    33.8    30.8    27.9    26.7
03074 20240625  2.622 -106.74   32.61    40.0    20.1    30.1    31.4     0.0    27.68 C    65.1    18.4    37.9    52.1    10.8    26.6   0.063   0.137   0.103   0.085   0.081    35.4    34.3    31.4    28.4    26.9
03074 20240626  2.622 -106.74   32.61    39.1    23.5    31.3    31.0     1.4    17.05 C    64.0    22.0    34.9    67.5    13.1    32.6   0.063   0.137   0.103   0.086   0.081    35.3    34.6    32.0    28.8    27.2
03074 20240627  2.622 -106.74   32.61    34.6    21.2    27.9    27.1     0.7    23.70 C    59.4    17.6    32.4    84.7    22.2    51.3   0.064   0.135   0.103   0.085   0.081    33.7    33.3    31.5    29.1    27.5
03074 20240628  2.622 -106.74   32.61    38.1    21.5    29.8    29.1     0.0    23.75 C    60.9    20.9    35.4    61.0    13.6    36.0   0.066   0.136   0.102   0.084   0.081    34.2    33.5    31.4    29.1    27.6
03074 20240629  2.622 -106.74   32.61    39.9    21.0    30.4    29.3     3.1    19.58 C    64.2    19.3    32.2    61.7    13.0    35.7   0.065   0.137   0.102   0.085   0.081    33.5    33.5    31.7    29.1    27.7
03074 20240630  2.622 -106.74   32.61    35.2    21.4    28.3    27.1     0.2    20.91 C    58.1    17.4    29.5    68.0    22.9    47.3   0.066   0.134   0.101   0.087   0.081    31.3    31.2    30.4    29.1    27.9
03074 20240701  2.622 -106.74   32.61    35.7    18.2    26.9    27.8     0.0    24.40 C    59.4    17.2    34.1    77.1    19.0    43.5   0.070   0.136   0.100   0.086   0.081    32.7    32.0    30.3    28.8    27.8
03074 20240702  2.622 -106.74   32.61 -9999.0 -9999.0 -9999.0 -9999.0 -9999.0 -9999.00 U -9999.0 -9999.0 -9999.0 -9999.0 -9999.0 -9999.0 -99.000 -99.000 -99.000 -99.000 -99.000 -9999.0 -9999.0 -9999.0 -9999.0 -9999.0
