04223 20240101  2.622 -121.45   48.54     5.9    -1.4     2.3     1.1     0.0     2.38 C     1.8    -5.7    -2.2    96.8    68.5    92.0   0.244   0.305   0.251   0.206   0.232     3.3     3.8     5.5     5.1     5.1
04223 20240102  2.622 -121.45   48.54     7.9     0.2     4.0     3.9     4.6     0.15 C     5.7    -2.8     2.5    95.8    69.2    91.2   0.246   0.301   0.247   0.202   0.229     3.2     3.4     4.8     4.5     4.7
04223 20240103  2.622 -121.45   48.54     8.0     3.6     5.8     5.4     7.0     0.93 C     9.1     1.7     4.7    95.7    83.1    93.9   0.269   0.316   0.254   0.210   0.233     4.3     4.1     5.0     4.5     4.5
04223 20240104  2.622 -121.45   48.54     6.2     4.4     5.3     5.2     8.8     0.53 C     7.8     3.3     4.9    95.9    93.6    95.3   0.289   0.337   0.267   0.222   0.238     4.7     4.6     5.3     4.7     4.6
04223 20240105  2.622 -121.45   48.54     5.3     2.6     4.0     4.0    18.9     0.31 C     6.4     1.8     3.8    95.8    93.5    95.0   0.284   0.339   0.270   0.227   0.241     4.6     4.6     5.4     4.8     4.7
04223 20240106  2.622 -121.45   48.54     4.6     0.3     2.4     2.5    12.4     0.81 C     6.0    -1.3     2.2    96.2    87.6    93.8   0.286   0.347   0.280   0.243   0.254     4.1     4.2     5.2     4.8     4.7
04223 20240107  2.622 -121.45   48.54     3.3    -0.5     1.4     1.0     0.0     1.23 C     4.9    -1.8     0.7    96.3    84.9    94.4   0.255   0.314   0.259   0.214   0.238     3.6     3.7     4.9     4.6     4.6
04223 20240108  2.622 -121.45   48.54     1.5    -0.2     0.7     0.4    25.5     0.33 C     2.5    -1.0     0.1    96.1    90.5    94.7   0.265   0.320   0.258   0.216   0.237     3.0     3.3     4.6     4.3     4.4
04223 20240109  2.622 -121.45   48.54     4.8     0.3     2.6     3.2    53.2     0.15 C     4.9    -0.1     2.3    96.3    86.2    92.1   0.303   0.374   0.311   0.272   0.275     2.7     2.8     3.9     3.7     3.9
04223 20240110  2.622 -121.45   48.54     5.2     1.8     3.5     2.7     3.5     2.08 C     8.7    -0.6     2.8    95.3    81.7    92.2   0.272   0.340   0.278   0.235   0.249     3.4     3.3     4.1     3.8     3.8
04223 20240111  2.622 -121.45   48.54     2.3   -10.7    -4.2    -2.7     7.7     0.71 C     1.4   -11.9    -3.4    94.7    41.4    74.0   0.271   0.331   0.267   0.223   0.242     2.6     2.9     4.1     3.8     3.8
04223 20240112  2.622 -121.45   48.54   -10.7   -15.4   -13.1   -13.6     0.0     2.86 C   -11.9   -17.3   -15.4    45.0    31.5    36.9 -99.000   0.304   0.256   0.212   0.237     0.6     1.4     3.4     3.3     3.6
04223 20240113  2.622 -121.45   48.54    -3.6   -14.0    -8.8    -8.4     0.0     2.75 C    -5.9   -15.8   -10.4    47.9    32.4    40.1 -99.000   0.283   0.245   0.200   0.230    -0.1     0.7     2.6     2.7     3.1
04223 20240114  2.622 -121.45   48.54    -3.0    -8.4    -5.7    -6.2     0.0     2.83 C    -5.1   -12.0    -8.5    79.6    41.6    52.0 -99.000   0.274   0.238   0.191   0.224    -0.4     0.4     2.2     2.2     2.6
04223 20240115  2.622 -121.45   48.54     1.8    -6.1    -2.2    -1.7     0.0     2.59 C    -0.1    -8.5    -4.7    76.6    36.5    53.1 -99.000   0.243   0.232   0.185   0.219    -0.4     0.2     2.0     1.9     2.3
04223 20240116  2.622 -121.45   48.54     3.9    -4.6    -0.4     0.2     1.6     3.41 C     2.7    -8.2    -1.8    88.9    47.3    64.8 -99.000   0.232   0.229   0.181   0.216    -0.4     0.1     1.8     1.7     2.1
04223 20240117  2.622 -121.45   48.54     0.5    -1.6    -0.6    -0.7    32.6     0.00 C    -0.1    -3.0    -1.3    91.3    70.6    84.1 -99.000 -99.000   0.229   0.182   0.215    -0.2     0.1     1.7     1.6     1.9
04223 20240118  2.622 -121.45   48.54     2.2    -1.5     0.4     0.3     0.0     0.52 C     0.1    -5.0    -1.7    91.5    59.2    70.7 -99.000 -99.000   0.231   0.184   0.216    -0.2     0.1     1.6     1.5     1.8
04223 20240119  2.622 -121.45   48.54     2.8     0.1     1.5     1.0     7.8     0.56 C     0.5    -0.9     0.0    95.7    87.5    93.5 -99.000 -99.000   0.236   0.189   0.217    -0.2     0.1     1.6     1.4     1.7
04223 20240120  2.622 -121.45   48.54     6.6     0.4     3.5     2.1     0.0     2.75 C     2.1    -1.1     0.3    95.8    79.1    93.8 -99.000 -99.000   0.246   0.198   0.223    -0.2     0.1     1.5     1.3     1.6
04223 20240121  2.622 -121.45   48.54     5.4     1.3     3.3     2.5     9.9     1.44 C     1.8     0.2     0.5    96.1    92.0    95.4 -99.000 -99.000   0.264   0.220   0.231    -0.2     0.1     1.4     1.3     1.5
04223 20240122  2.622 -121.45   48.54     5.1     1.3     3.2     2.8    16.4     0.67 C     1.7     0.3     0.7    96.1    95.0    95.9 -99.000 -99.000   0.291   0.255   0.258    -0.2     0.1     1.3     1.1     1.3
04223 20240123  2.622 -121.45   48.54     6.1     0.6     3.3     3.1     8.4     1.30 C     2.9    -1.0     0.9    96.2    95.4    95.9 -99.000 -99.000   0.290   0.252   0.257    -0.2     0.0     1.2     1.0     1.2
04223 20240124  2.622 -121.45   48.54     4.9     0.4     2.6     2.9    12.2     0.47 C     3.0    -1.2     1.1    96.4    94.3    95.7 -99.000 -99.000   0.284   0.244   0.251    -0.1     0.1     1.2     1.0     1.2
04223 20240125  2.622 -121.45   48.54     5.6     1.4     3.5     3.4    11.0     0.99 C     4.4     0.0     1.8    96.2    94.4    95.7 -99.000 -99.000   0.289   0.249   0.254    -0.1     0.1     1.2     0.9     1.1
04223 20240126  2.622 -121.45   48.54     8.5     1.8     5.1     4.8     9.1     2.10 C     8.7     0.3     3.8    96.2    80.7    94.4 -99.000 -99.000   0.280   0.239   0.250     0.0     0.1     1.2     0.9     1.1
04223 20240127  2.622 -121.45   48.54     8.6     4.8     6.7     6.4    24.7     0.64 C     9.8     3.6     5.7    95.3    89.9    93.9   0.326   0.331   0.292   0.254   0.258     0.7     0.5     1.3     1.0     1.1
04223 20240128  2.622 -121.45   48.54    10.2     6.1     8.1     8.0    32.6     1.21 C    11.8     5.5     7.8    95.3    89.2    93.7   0.314   0.368   0.302   0.263   0.267     3.6     2.8     2.5     1.7     1.4
04223 20240129  2.622 -121.45   48.54    11.4     5.6     8.5     8.5     1.0     1.79 C    11.6     3.6     7.7    95.1    83.8    92.1   0.267   0.333   0.267   0.223   0.243     4.2     3.7     3.5     2.6     2.1
04223 20240130  2.622 -121.45   48.54    10.8     6.8     8.8     8.9     1.2     0.75 C    11.0     5.0     7.9    95.7    76.1    91.0   0.261   0.324   0.260   0.215   0.238     4.7     4.2     4.0     3.1     2.7
04223 20240131  2.622 -121.45   48.54    10.5     7.7     9.1     8.9     8.0     0.18 C     9.6     6.8     8.0    95.3    75.8    92.3   0.268   0.332   0.263   0.218   0.238     5.1     4.6     4.4     3.6     3.1
04223 20240201  2.622 -121.45   48.54     9.3     5.3     7.3     7.6     4.3     0.62 C    10.4     2.4     6.9    95.8    91.9    94.9   0.280   0.334   0.267   0.221   0.240     5.2     4.8     4.8     3.9     3.5
04223 20240202  2.622 -121.45   48.54    10.0     4.9     7.5     6.6     0.5     2.54 C    13.1     0.9     6.1    95.9    84.7    94.2   0.255   0.323   0.261   0.216   0.238     5.0     4.7     4.9     4.1     3.8
04223 20240203  2.622 -121.45   48.54     8.5     2.6     5.5     5.4     0.0     2.90 C    10.8     0.5     5.0    96.2    75.9    92.5   0.248   0.312   0.254   0.209   0.234     4.6     4.4     4.8     4.1     3.9
04223 20240204  2.622 -121.45   48.54    10.9     2.3     6.6     5.7     0.0     4.14 C    12.7    -0.1     3.7    95.7    40.3    77.5   0.248   0.304   0.250   0.204   0.231     4.4     4.3     4.9     4.2     4.0
04223 20240205  2.622 -121.45   48.54     9.6     3.4     6.5     6.7     0.0     1.82 C    10.7     0.3     4.9    92.2    46.9    64.0   0.235   0.299   0.246   0.200   0.228     4.0     3.9     4.6     4.1     3.9
04223 20240206  2.622 -121.45   48.54     6.5     3.3     4.9     4.5     2.0     1.40 C     8.7     2.7     4.6    95.5    85.8    92.6   0.240   0.298   0.245   0.197   0.226     4.3     4.1     4.7     4.1     3.9
04223 20240207  2.622 -121.45   48.54     7.1     3.5     5.3     4.8     0.0     1.77 C     9.1     2.5     4.8    95.6    77.8    92.5   0.240   0.296   0.244   0.197   0.226     4.5     4.3     4.8     4.1     4.0
04223 20240208  2.622 -121.45   48.54     7.8     2.5     5.1     4.1     3.7     2.70 C    12.5     1.2     3.9    95.9    67.3    91.1   0.234   0.296   0.243   0.196   0.225     4.4     4.2     4.8     4.2     4.0
04223 20240209  2.622 -121.45   48.54     7.6    -0.7     3.5     3.5     0.9     4.90 C    12.7    -2.8     3.2    95.7    60.6    88.9   0.267   0.307   0.248   0.201   0.227     4.4     4.3     4.8     4.2     4.1
04223 20240210  2.622 -121.45   48.54     9.4    -0.9     4.2     3.7     0.0     4.15 C    11.1    -3.2     3.4    95.6    44.8    83.9   0.248   0.300   0.246   0.200   0.227     3.7     3.8     4.6     4.1     4.1
04223 20240211  2.622 -121.45   48.54     7.2     4.1     5.6     5.3    16.5     1.22 C     9.3     3.6     5.3    95.5    88.2    93.8   0.275   0.334   0.263   0.215   0.232     4.5     4.2     4.7     4.1     4.0
04223 20240212  2.622 -121.45   48.54     9.9     0.5     5.2     5.4     2.7     3.05 C    13.3    -2.5     4.6    95.9    73.1    92.4   0.278   0.342   0.273   0.226   0.239     4.8     4.6     5.0     4.3     4.1
04223 20240213  2.622 -121.45   48.54    10.2    -1.5     4.3     3.8     0.0     5.38 C     8.7    -5.2     0.4    96.2    30.1    65.3   0.263   0.319   0.260   0.213   0.235     3.2     3.4     4.7     4.2     4.2
04223 20240214  2.622 -121.45   48.54     7.9     3.4     5.6     5.3     0.0     3.96 C     8.8    -0.4     3.0    40.9    24.7    32.5   0.245   0.307   0.252   0.206   0.231     2.7     2.9     4.1     3.9     3.9
04223 20240215  2.622 -121.45   48.54     5.8     2.7     4.2     4.5     0.0     2.04 C     6.9    -0.1     3.1    64.8    32.4    44.8   0.246   0.299   0.248   0.201   0.229     2.8     2.9     4.0     3.7     3.7
04223 20240216  2.622 -121.45   48.54    10.6     2.3     6.5     5.9     0.0     5.90 C    10.7    -1.1     2.6    43.8    22.1    32.6   0.237   0.294   0.244   0.197   0.226     2.3     2.5     3.7     3.5     3.5
04223 20240217  2.622 -121.45   48.54    13.0     3.7     8.4     7.8     0.0     4.08 C    13.9    -1.4     5.1    75.7    14.4    31.7   0.236   0.290   0.241   0.194   0.224     2.8     2.7     3.7     3.3     3.4
04223 20240218  2.622 -121.45   48.54    11.2     1.2     6.2     5.9     0.0     2.61 C    14.2    -2.8     4.8    92.8    39.1    67.5   0.246   0.286   0.239   0.191   0.222     3.6     3.4     4.0     3.5     3.4
04223 20240219  2.622 -121.45   48.54    12.7    -0.2     6.2     5.4     0.2     1.89 C    13.7    -3.2     3.7    95.8    42.3    82.3   0.227   0.284   0.237   0.189   0.220     3.4     3.3     4.1     3.6     3.6
04223 20240220  2.622 -121.45   48.54     9.8     3.3     6.6     6.5     0.6     2.02 C    11.7     0.3     6.1    95.8    81.3    91.6   0.228   0.283   0.236   0.188   0.219     4.3     4.0     4.4     3.8     3.6
04223 20240221  2.622 -121.45   48.54    12.2     4.4     8.3     7.4     2.8     4.17 C    15.0     2.8     7.2    95.7    61.2    88.4   0.233   0.284   0.235   0.187   0.218     5.0     4.6     4.8     4.1     3.9
04223 20240222  2.622 -121.45   48.54    12.9     1.4     7.1     6.9     1.1     5.04 C    16.5    -2.2     5.5    95.8    55.5    88.4   0.257   0.296   0.240   0.192   0.220     5.4     5.1     5.2     4.5     4.1
04223 20240223  2.622 -121.45   48.54    13.5    -1.0     6.3     5.1     0.0     6.80 C    14.1    -4.5     2.4    96.1    47.8    81.6   0.233   0.291   0.240   0.192   0.221     3.8     4.0     4.9     4.4     4.3
04223 20240224  2.622 -121.45   48.54     7.7     4.4     6.0     6.0    17.2     1.84 C    10.2     3.1     6.1    95.3    88.8    93.4   0.267   0.315   0.248   0.199   0.223     4.7     4.4     4.9     4.3     4.2
04223 20240225  2.622 -121.45   48.54     5.9     0.8     3.4     4.1    38.2     0.08 C     5.4    -0.2     3.7    95.5    77.8    92.7   0.316   0.371   0.298   0.259   0.262     4.8     4.7     5.2     4.6     4.3
04223 20240226  2.622 -121.45   48.54     5.6    -0.2     2.7     1.4     3.3     4.07 C     9.9    -1.5     1.3    95.6    52.3    87.7   0.276   0.331   0.269   0.223   0.242     3.9     4.0     4.9     4.5     4.3
04223 20240227  2.622 -121.45   48.54     4.5    -1.8     1.3     0.6     9.4     4.91 C     9.9    -6.0     0.6    95.8    55.1    88.0   0.249   0.320   0.260   0.212   0.236     3.7     3.8     4.7     4.2     4.2
04223 20240228  2.622 -121.45   48.54     2.8     0.0     1.4     0.7    53.4     0.00 C     0.7    -0.1     0.1    96.2    95.3    95.9   0.315   0.361   0.302   0.261   0.261     2.5     2.9     4.1     3.9     4.0
04223 20240229  2.622 -121.45   48.54     6.2     0.1     3.2     2.2    18.9     3.85 C     8.0    -0.1     1.7    95.9    75.4    93.2   0.324   0.367   0.307   0.267   0.263     2.1     2.2     3.3     3.2     3.4
04223 20240301  2.622 -121.45   48.54     6.3     0.0     3.1     2.2     6.2     6.08 C    11.4    -1.0     2.5    95.9    71.2    91.6   0.302   0.346   0.280   0.233   0.247     3.1     3.0     3.7     3.3     3.3
04223 20240302  2.622 -121.45   48.54     7.0     0.0     3.5     2.1     3.4     4.37 C    11.7    -0.8     2.1    95.7    50.6    88.3   0.286   0.330   0.267   0.220   0.240     3.1     3.1     3.9     3.4     3.4
04223 20240303  2.622 -121.45   48.54     4.5    -0.2     2.1     1.7     0.6     3.51 C     7.2    -1.1     2.0    95.7    72.6    89.4   0.276   0.320   0.261   0.213   0.237     3.2     3.1     3.9     3.5     3.4
04223 20240304  2.622 -121.45   48.54     4.3    -2.2     1.0     0.8     7.3     3.35 C     7.2    -6.2     0.1    95.8    84.6    94.5   0.292   0.332   0.267   0.219   0.237     2.8     2.9     3.9     3.5     3.4
04223 20240305  2.622 -121.45   48.54     6.5    -4.5     1.0    -0.4     0.0     9.07 C     8.9    -8.4    -2.6    95.1    40.0    82.0   0.276   0.322   0.263   0.216   0.238     1.5     1.9     3.4     3.2     3.3
04223 20240306  2.622 -121.45   48.54     5.4    -4.2     0.6     0.2     0.0     6.23 C    11.8    -8.1    -0.6    94.8    38.3    81.3   0.264   0.309   0.255   0.208   0.234     1.1     1.5     2.9     2.8     2.9
04223 20240307  2.622 -121.45   48.54     8.2    -2.7     2.8     1.3     0.0     9.60 C    13.5    -6.7    -0.2    94.1    36.4    74.2   0.260   0.304   0.250   0.203   0.231     1.4     1.6     2.8     2.6     2.7
04223 20240308  2.622 -121.45   48.54     6.1    -0.4     2.8     2.8     1.3     2.98 C     9.3    -1.4     3.0    94.5    80.9    90.2   0.258   0.300   0.248   0.200   0.228     2.1     2.0     2.9     2.6     2.6
04223 20240309  2.622 -121.45   48.54     7.8     0.7     4.2     4.0     5.9     2.33 C    11.5    -1.0     3.7    96.0    83.1    92.8   0.270   0.306   0.249   0.200   0.227     2.9     2.7     3.3     2.8     2.7
04223 20240310  2.622 -121.45   48.54     7.7     3.1     5.4     4.9     9.1     3.50 C    12.0     2.6     5.6    95.2    75.7    92.6   0.300   0.333   0.265   0.217   0.235     3.9     3.6     3.8     3.2     3.0
04223 20240311  2.622 -121.45   48.54     7.2     3.7     5.4     5.1     6.3     3.11 C    10.1     2.9     5.3    95.6    80.4    91.2   0.296   0.333   0.269   0.222   0.238     4.4     4.1     4.3     3.7     3.4
04223 20240312  2.622 -121.45   48.54     8.5     2.7     5.6     4.1    15.8     2.89 C    14.5     2.6     4.6    95.7    78.6    93.3   0.318   0.356   0.286   0.243   0.244     4.4     4.2     4.6     3.9     3.7
04223 20240313  2.622 -121.45   48.54     9.2     0.7     5.0     4.4     0.0     7.21 C    16.4    -2.2     5.0    96.0    57.2    88.0   0.290   0.334   0.274   0.227   0.242     4.8     4.6     4.8     4.1     3.9
04223 20240314  2.622 -121.45   48.54    13.5    -1.0     6.2     4.8     0.0    10.84 C    20.1    -3.7     3.9    95.9    35.0    80.3   0.271   0.314   0.259   0.211   0.235     4.2     4.1     4.8     4.2     4.0
04223 20240315  2.622 -121.45   48.54    19.7     0.9    10.3     7.9     0.0    10.73 C    25.9    -1.8     6.7    95.7    33.3    77.2   0.262   0.305   0.253   0.205   0.231     4.7     4.4     4.8     4.2     4.0
04223 20240316  2.622 -121.45   48.54    23.7     3.2    13.4    10.5     0.0    10.91 C    27.3    -0.8     7.9    93.6    23.7    67.5   0.257   0.298   0.248   0.200   0.228     5.3     4.9     5.1     4.4     4.2
04223 20240317  2.622 -121.45   48.54    22.5     2.7    12.6    10.4     0.0    11.08 C    29.3    -1.0     8.1    92.1    27.2    68.3   0.252   0.292   0.245   0.196   0.226     5.6     5.2     5.4     4.7     4.4
04223 20240318  2.622 -121.45   48.54    21.7     2.9    12.3    10.2     0.0    11.36 C    29.9    -0.8     8.0    94.0    32.8    71.0   0.249   0.288   0.242   0.193   0.223     5.8     5.4     5.7     4.9     4.6
04223 20240319  2.622 -121.45   48.54    21.1     2.1    11.6    10.3     0.0    11.63 C    28.5    -1.8     8.4    95.0    30.2    70.1   0.247   0.284   0.240   0.190   0.221     6.0     5.6     5.9     5.1     4.8
04223 20240320  2.622 -121.45   48.54    12.9     4.5     8.7     9.0     0.4     5.76 C    18.9     0.3     9.1    92.2    53.6    75.9   0.245   0.282   0.237   0.188   0.219     6.5     6.1     6.2     5.4     5.0
04223 20240321  2.622 -121.45   48.54    14.8     6.4    10.6     9.0     1.6    11.32 C    23.3     4.6     9.6    94.9    48.9    81.1   0.247   0.282   0.236   0.187   0.218     7.4     6.9     6.6     5.8     5.3
04223 20240322  2.622 -121.45   48.54    14.5     4.8     9.6     9.0     0.7     4.05 C    16.9     1.5     8.5    94.0    48.7    80.8   0.245   0.281   0.236   0.186   0.217     7.2     6.9     6.9     6.1     5.6
04223 20240323  2.622 -121.45   48.54     8.3     5.9     7.1     7.2    20.5     1.77 C    11.4     4.6     7.4    95.3    84.0    94.1   0.294   0.330   0.263   0.212   0.225     7.2     6.9     7.0     6.3     5.8
04223 20240324  2.622 -121.45   48.54    14.3     2.1     8.2     7.1     0.0    12.97 C    22.7    -0.9     6.7    96.1    36.2    80.9   0.283   0.329   0.269   0.222   0.236     7.0     6.8     7.1     6.3     6.0
04223 20240325  2.622 -121.45   48.54     9.7     3.8     6.7     6.4     4.7     5.27 C    14.9     2.3     7.1    94.6    71.0    89.8   0.272   0.314   0.258   0.210   0.232     6.8     6.6     7.0     6.3     6.0
04223 20240326  2.622 -121.45   48.54    11.4     3.2     7.3     6.4     5.1     8.81 C    19.5     0.3     7.2    95.4    64.4    90.3   0.293   0.328   0.263   0.215   0.233     7.3     7.1     7.2     6.5     6.1
04223 20240327  2.622 -121.45   48.54     6.4     2.1     4.3     4.4    23.7     1.65 C     8.1     0.2     4.4    95.8    90.3    93.6   0.311   0.353   0.284   0.242   0.246     6.2     6.2     7.0     6.4     6.2
04223 20240328  2.622 -121.45   48.54    12.0     2.7     7.3     6.2     4.5     8.12 C    19.6     0.4     6.9    95.9    52.3    88.7   0.294   0.336   0.272   0.225   0.242     6.7     6.5     6.8     6.2     6.0
04223 20240329  2.622 -121.45   48.54    13.8     1.6     7.7     6.9     0.2    12.62 C    25.0    -2.1     7.1    95.4    39.5    82.4   0.281   0.324   0.265   0.217   0.238     7.3     7.0     7.2     6.5     6.1
04223 20240330  2.622 -121.45   48.54    15.5    -0.8     7.4     6.5     0.0    14.22 C    25.9    -4.0     6.3    95.9    30.1    73.7   0.266   0.309   0.255   0.207   0.233     6.5     6.4     7.1     6.5     6.2
04223 20240331  2.622 -121.45   48.54    17.2    -0.9     8.2     7.4     0.0    14.49 C    27.3    -3.6     7.2    95.3    25.7    72.1   0.258   0.299   0.249   0.201   0.228     6.6     6.5     7.0     6.4     6.2
04223 20240401  2.622 -121.45   48.54    18.2     3.3    10.7     9.4     0.0     7.92 C    29.3    -0.8     9.5    92.6    36.1    74.3   0.252   0.292   0.245   0.196   0.225     7.3     7.0     7.2     6.5     6.3
04223 20240402  2.622 -121.45   48.54    22.5     5.5    14.0    12.9     5.7    14.72 C    35.3     2.9    13.7    91.8    21.0    63.2   0.250   0.287   0.241   0.192   0.222     8.9     8.2     7.8     6.9     6.5
04223 20240403  2.622 -121.45   48.54     9.6     3.9     6.8     6.1     2.3    11.60 C    20.6     2.6     7.0    94.7    52.7    80.4   0.280   0.312   0.251   0.199   0.225     8.5     8.3     8.3     7.5     6.9
04223 20240404  2.622 -121.45   48.54     8.6     2.1     5.3     5.4     1.1     7.28 C    17.5    -1.1     6.5    94.4    61.0    84.6   0.262   0.301   0.247   0.199   0.226     7.6     7.6     8.0     7.4     7.0
04223 20240405  2.622 -121.45   48.54     8.5     4.6     6.5     6.1     0.9     3.17 C    10.6     4.0     6.8    94.9    74.2    88.7   0.261   0.298   0.245   0.196   0.224     7.6     7.5     7.9     7.3     6.9
04223 20240406  2.622 -121.45   48.54    10.0     4.6     7.3     6.5     1.2     6.09 C    17.0     3.7     7.4    94.9    62.3    85.8   0.260   0.296   0.244   0.195   0.223     7.7     7.5     7.9     7.3     6.9
04223 20240407  2.622 -121.45   48.54    11.4     5.1     8.3     7.2     7.1    10.02 C    19.6     4.3     8.6    94.9    66.3    87.5   0.267   0.300   0.244   0.195   0.223     8.3     8.0     8.1     7.4     7.0
04223 20240408  2.622 -121.45   48.54     8.7     4.8     6.7     6.5    24.6     4.90 C    14.0     4.5     7.7    95.1    69.6    90.6   0.305   0.336   0.267   0.219   0.234     8.2     8.1     8.3     7.6     7.2
04223 20240409  2.622 -121.45   48.54    11.7     1.9     6.8     6.8     7.3     7.15 C    16.3    -1.3     6.9    95.5    58.8    87.2   0.303   0.346   0.283   0.239   0.251     8.0     8.0     8.3     7.7     7.4
04223 20240410  2.622 -121.45   48.54    16.7     0.4     8.6     7.9     0.0    17.83 C    26.9    -2.1     8.6    95.9    27.2    73.7   0.272   0.314   0.259   0.211   0.235     8.0     7.9     8.2     7.6     7.3
04223 20240411  2.622 -121.45   48.54    15.0     2.7     8.9     8.0     2.4     7.33 C    22.3    -0.6     8.4    94.9    41.8    80.2   0.263   0.303   0.251   0.202   0.230     8.1     8.0     8.4     7.7     7.4
04223 20240412  2.622 -121.45   48.54    18.1     4.9    11.5    10.1     0.0    17.34 C    28.4     0.7    10.6    95.2    39.6    76.4   0.261   0.300   0.248   0.199   0.227     9.3     8.9     8.7     7.9     7.5
04223 20240413  2.622 -121.45   48.54    20.0     1.8    10.9    10.6     0.0    18.27 C    30.4    -1.3    10.7    95.4    41.8    74.0   0.252   0.291   0.244   0.194   0.224     9.2     9.0     9.0     8.1     7.7
04223 20240414  2.622 -121.45   48.54    20.5     2.2    11.4    11.0     0.0    18.08 C    30.4    -0.9    10.6    95.6    31.8    66.5   0.245   0.283   0.239   0.190   0.220     9.5     9.2     9.2     8.4     7.9
04223 20240415  2.622 -121.45   48.54    13.1     6.6     9.9     8.7     0.3    10.63 C    21.1     4.4     9.3    87.4    43.1    66.3   0.242   0.279   0.235   0.186   0.217     9.4     9.3     9.4     8.6     8.1
04223 20240416  2.622 -121.45   48.54    12.2     0.0     6.1     5.9     0.6    10.95 C    27.2    -2.8     6.6    95.1    36.8    73.0   0.240   0.276   0.233   0.183   0.215     8.9     8.9     9.2     8.6     8.2
04223 20240417  2.622 -121.45   48.54    16.1    -2.3     6.9     5.8     0.0    18.73 C    29.5    -5.7     6.3    95.4    21.9    69.0   0.237   0.273   0.230   0.181   0.213     8.0     8.1     8.8     8.3     8.1
04223 20240418  2.622 -121.45   48.54    18.3    -1.3     8.5     8.1     0.0    20.93 C    30.4    -5.5     7.9    90.7    12.7    53.4   0.232   0.268   0.227   0.178   0.210     8.1     8.1     8.7     8.1     7.9
04223 20240419  2.622 -121.45   48.54    18.5     0.2     9.3     9.3     0.0    20.03 C    30.6    -4.0     8.5    77.9    14.8    47.8   0.226   0.262   0.223   0.174   0.207     8.3     8.3     8.7     8.1     7.8
04223 20240420  2.622 -121.45   48.54    22.2     0.2    11.2    10.4    11.7    18.84 C    33.1    -4.0    11.1    93.5    13.3    57.5   0.232   0.262   0.220   0.171   0.205     8.8     8.6     8.8     8.1     7.9
04223 20240421  2.622 -121.45   48.54    10.9     2.6     6.8     6.7     4.2    11.56 C    21.7    -0.4     7.6    94.9    57.1    86.7   0.284   0.322   0.249   0.191   0.215     9.3     9.2     9.2     8.5     8.1
04223 20240422  2.622 -121.45   48.54    18.5     0.0     9.2     7.8     0.0    20.18 C    28.6    -2.4     8.5    95.8    23.7    71.4   0.261   0.301   0.245   0.194   0.220     8.9     8.9     9.1     8.5     8.2
04223 20240423  2.622 -121.45   48.54    22.6     1.1    11.9    11.1     0.0    18.93 C    31.3    -2.4    10.5    93.6    16.3    59.1   0.247   0.287   0.239   0.189   0.218     9.4     9.2     9.2     8.5     8.2
04223 20240424  2.622 -121.45   48.54    13.3     3.7     8.5     8.4     5.2     6.46 C    17.2     0.1     8.8    94.4    54.2    82.8   0.246   0.282   0.235   0.185   0.215     9.2     9.1     9.4     8.7     8.3
04223 20240425  2.622 -121.45   48.54    12.5     7.3     9.9     9.4     5.6     6.31 C    17.0     7.0    10.4    95.1    81.4    90.8   0.282   0.306   0.243   0.193   0.218     9.9     9.6     9.6     8.8     8.4
04223 20240426  2.622 -121.45   48.54    16.5     7.8    12.2    10.7     3.3    13.58 C    25.5     5.5    12.1    95.0    57.2    84.5   0.285   0.315   0.251   0.201   0.223    10.8    10.4    10.0     9.1     8.7
04223 20240427  2.622 -121.45   48.54    11.8     7.5     9.7     9.3     4.8     6.22 C    15.4     6.9    10.2    94.8    60.8    87.0   0.275   0.309   0.249   0.200   0.224    10.7    10.5    10.4     9.5     9.0
04223 20240428  2.622 -121.45   48.54    12.6     4.2     8.4     8.1    11.5     9.90 C    17.7     4.3     9.5    95.0    52.4    82.3   0.297   0.327   0.260   0.209   0.227    10.5    10.3    10.4     9.6     9.2
04223 20240429  2.622 -121.45   48.54    10.8     2.9     6.8     5.6     2.4    12.89 C    21.7     1.9     7.4    95.1    52.5    85.6   0.290   0.330   0.268   0.218   0.233     9.9     9.9    10.2     9.6     9.2
04223 20240430  2.622 -121.45   48.54    13.7     2.4     8.0     6.9     3.8    17.12 C    24.1     0.1     8.7    95.6    41.5    80.1   0.284   0.321   0.260   0.211   0.230    10.0     9.9    10.1     9.5     9.1
04223 20240501  2.622 -121.45   48.54    15.1     2.2     8.7     7.4     0.0    15.05 C    25.2    -1.1     7.9    96.2    36.5    74.9   0.270   0.310   0.254   0.205   0.228     9.8     9.8    10.1     9.5     9.2
04223 20240502  2.622 -121.45   48.54    19.4    -0.3     9.6     9.1     0.0    18.74 C    30.7    -2.8     9.5    95.4    26.1    70.3   0.257   0.297   0.247   0.198   0.224     9.6     9.6     9.9     9.4     9.1
04223 20240503  2.622 -121.45   48.54    22.7     2.3    12.5    13.0     0.0    18.01 C    31.0    -0.8    13.2    94.9    19.1    57.4   0.247   0.286   0.240   0.192   0.220    10.5    10.2    10.1     9.4     9.1
04223 20240504  2.622 -121.45   48.54    17.2     8.8    13.0    12.7     0.0     5.78 C    19.2     5.8    12.3    88.0    56.0    71.5   0.240   0.279   0.235   0.186   0.217    11.2    10.9    10.7     9.8     9.4
04223 20240505  2.622 -121.45   48.54    10.9     7.4     9.2     9.3    10.8     1.48 C    12.6     3.5     9.3    94.6    81.1    91.4   0.253   0.285   0.234   0.184   0.214    10.4    10.4    10.6    10.0     9.6
04223 20240506  2.622 -121.45   48.54    11.0     5.4     8.2     7.9     7.8     9.01 C    18.4     4.3     9.3    95.1    71.1    91.1   0.301   0.332   0.262   0.208   0.226    10.6    10.4    10.5     9.9     9.6
04223 20240507  2.622 -121.45   48.54    11.9     4.0     8.0     7.7     2.5    11.53 C    21.9     1.2     9.0    95.1    64.1    86.5   0.286   0.324   0.262   0.212   0.230    10.5    10.4    10.5     9.9     9.6
04223 20240508  2.622 -121.45   48.54    18.8     1.1     9.9     9.4     0.0    24.24 C    27.9    -0.6    10.7    96.0    39.6    76.0   0.266   0.307   0.253   0.204   0.227    10.8    10.6    10.6     9.9     9.6
04223 20240509  2.622 -121.45   48.54    26.3     3.4    14.8    13.7     0.0    24.47 C    33.7     0.5    14.3    95.1    29.2    69.2   0.250   0.291   0.244   0.195   0.223    11.9    11.5    11.1    10.2     9.8
04223 20240510  2.622 -121.45   48.54    29.8     6.9    18.3    17.0     0.0    24.78 C    37.2     3.3    16.7    93.6    16.5    60.6   0.236   0.276   0.236   0.188   0.218    13.1    12.6    11.8    10.7    10.1
04223 20240511  2.622 -121.45   48.54    28.8     7.4    18.1    17.2     0.0    24.57 C    36.3     3.7    16.8    92.7    24.4    60.4   0.224   0.264   0.227   0.180   0.212    13.8    13.3    12.4    11.3    10.6
04223 20240512  2.622 -121.45   48.54    25.0     6.7    15.8    15.7     0.0    24.55 C    33.3     3.3    15.8    94.1    25.3    62.0   0.214   0.253   0.221   0.173   0.207    13.9    13.5    12.8    11.8    11.0
04223 20240513  2.622 -121.45   48.54    18.4     7.1    12.8    12.7     0.0    11.95 C    27.6     3.7    12.6    91.8    54.2    73.2   0.209   0.246   0.216   0.168   0.202    13.3    13.1    12.8    11.9    11.3
04223 20240514  2.622 -121.45   48.54    21.7     4.6    13.2    13.6     0.0    23.11 C    31.1     1.5    14.0    94.8    36.6    66.8   0.204   0.240   0.211   0.163   0.198    13.3    13.1    12.7    11.9    11.4
04223 20240515  2.622 -121.45   48.54    23.3     6.2    14.7    15.0     0.0    19.27 C    31.1     3.5    15.3    93.0    41.6    67.3   0.197   0.232   0.205   0.158   0.194    13.6    13.3    12.9    12.0    11.5
04223 20240516  2.622 -121.45   48.54    14.3     7.6    10.9    11.5     3.7     4.89 C    17.3     4.9    11.8    92.5    71.4    85.0   0.197   0.231   0.202   0.156   0.191    13.3    13.1    13.0    12.2    11.7
04223 20240517  2.622 -121.45   48.54    14.1     5.5     9.8     9.2     6.1    12.05 C    22.3     4.5    10.4    94.3    51.4    81.4   0.232   0.257   0.210   0.158   0.191    12.5    12.5    12.6    12.0    11.6
04223 20240518  2.622 -121.45   48.54    14.2     7.0    10.6     9.9     1.8    14.34 C    21.2     7.2    11.1    94.0    50.4    76.0   0.232   0.257   0.213   0.161   0.194    12.7    12.6    12.6    11.9    11.5
04223 20240519  2.622 -121.45   48.54    14.9     6.1    10.5     9.7     1.7    14.38 C    23.0     3.5    10.9    94.8    56.4    83.3   0.228   0.254   0.212   0.162   0.193    12.8    12.7    12.6    11.9    11.5
04223 20240520  2.622 -121.45   48.54    17.9     5.6    11.7    11.1     0.0    13.68 C    22.8     3.7    11.5    95.2    43.5    74.4   0.224   0.252   0.211   0.161   0.193    12.6    12.5    12.6    11.9    11.5
04223 20240521  2.622 -121.45   48.54    11.7     8.1     9.9     9.8    23.2     5.74 C    14.4     7.6    10.7    94.8    82.7    90.6   0.264   0.282   0.221   0.164   0.194    12.3    12.3    12.5    11.9    11.5
04223 20240522  2.622 -121.45   48.54    11.7     6.4     9.1     8.9     5.6     8.30 C    17.4     6.2    10.3    94.7    74.6    89.6   0.293   0.338   0.277   0.226   0.226    12.1    12.0    12.3    11.8    11.5
04223 20240523  2.622 -121.45   48.54    16.3     8.5    12.4    12.0     0.0     9.76 C    19.4     8.1    12.8    94.6    58.1    82.0   0.267   0.310   0.257   0.207   0.226    12.7    12.5    12.4    11.8    11.4
04223 20240524  2.622 -121.45   48.54    13.8     9.0    11.4    11.1     9.0     7.51 C    17.0     8.7    12.1    94.3    76.4    88.7   0.266   0.303   0.250   0.201   0.223    12.8    12.7    12.6    11.9    11.6
04223 20240525  2.622 -121.45   48.54    11.1     8.0     9.5     9.5     2.8     8.23 C    16.2     7.7    10.9    94.4    76.7    89.9   0.290   0.328   0.264   0.211   0.227    12.8    12.7    12.7    12.0    11.7
04223 20240526  2.622 -121.45   48.54    12.6     7.7    10.1    10.1     3.3     8.37 C    16.5     7.9    11.4    94.7    76.7    90.2   0.281   0.318   0.259   0.209   0.227    12.6    12.5    12.6    12.0    11.7
04223 20240527  2.622 -121.45   48.54    17.5     9.1    13.3    12.7     0.0    13.75 C    22.5     8.3    13.7    94.7    64.1    83.9   0.270   0.309   0.255   0.204   0.225    13.4    13.1    12.8    12.1    11.7
04223 20240528  2.622 -121.45   48.54    12.3     8.3    10.3     9.8    10.7     4.93 C    15.9     6.1    10.6    94.9    86.6    92.9   0.280   0.314   0.254   0.204   0.224    12.8    12.7    12.9    12.3    11.9
04223 20240529  2.622 -121.45   48.54    12.8     6.8     9.8     9.1    10.2     9.91 C    19.8     5.8    10.4    95.1    68.0    91.7   0.302   0.338   0.272   0.218   0.231    12.5    12.4    12.7    12.1    11.8
04223 20240530  2.622 -121.45   48.54    16.1     5.8    10.9    10.5     2.0    17.37 C    24.0     3.3    12.1    94.9    51.9    84.4   0.288   0.329   0.268   0.216   0.231    13.1    12.9    12.8    12.1    11.8
04223 20240531  2.622 -121.45   48.54    22.3     4.0    13.1    12.5     0.0    25.90 C    28.5     2.1    13.8    95.6    29.7    72.9   0.264   0.305   0.253   0.203   0.226    13.3    13.1    12.9    12.3    11.9
04223 20240601  2.622 -121.45   48.54    17.6     9.5    13.6    12.8     2.2     9.20 C    22.6     8.5    13.7    94.2    58.6    85.7   0.255   0.294   0.245   0.195   0.221    13.7    13.5    13.3    12.5    12.1
04223 20240602  2.622 -121.45   48.54    14.3    10.9    12.6    12.4    21.6     3.71 C    16.2    10.8    13.0    94.8    86.0    93.0   0.291   0.322   0.261   0.210   0.225    13.7    13.5    13.4    12.7    12.3
04223 20240603  2.622 -121.45   48.54    11.0     8.0     9.5     9.6    33.0     4.65 C    15.4     8.7    10.4    94.9    85.6    93.1   0.323   0.362   0.294   0.251   0.250    12.8    12.9    13.2    12.8    12.4
04223 20240604  2.622 -121.45   48.54    16.9     8.4    12.7    10.4    13.4     5.97 C    21.1     8.6    11.3    94.9    78.1    92.5   0.308   0.344   0.278   0.229   0.242    12.7    12.6    12.9    12.5    12.3
04223 20240605  2.622 -121.45   48.54    18.7     6.7    12.7    11.9     0.5    22.02 C    27.5     4.0    13.6    94.8    44.8    80.5   0.288   0.327   0.268   0.219   0.238    13.7    13.5    13.2    12.6    12.2
04223 20240606  2.622 -121.45   48.54    23.0     4.9    14.0    13.5     0.0    26.90 C    31.1     2.6    14.8    95.5    37.3    71.1   0.263   0.302   0.252   0.203   0.229    14.1    13.8    13.5    12.8    12.4
04223 20240607  2.622 -121.45   48.54    27.2     5.0    16.1    15.2     0.0    28.33 C    34.1     2.6    16.3    94.8    27.0    67.7   0.247   0.285   0.241   0.192   0.221    14.7    14.4    13.9    13.1    12.6
04223 20240608  2.622 -121.45   48.54    28.3     7.5    17.9    18.0     0.0    24.87 C    35.2     5.1    18.3    93.3    29.8    64.2   0.233   0.270   0.232   0.183   0.214    15.6    15.1    14.4    13.5    12.9
04223 20240609  2.622 -121.45   48.54    24.6     9.2    16.9    16.3     0.0    21.20 C    33.0     6.6    16.8    94.4    37.1    70.7   0.224   0.259   0.224   0.175   0.208    16.0    15.6    14.9    13.9    13.3
04223 20240610  2.622 -121.45   48.54    22.4    10.0    16.2    14.7     0.0    20.91 C    30.2     7.4    16.4    88.7    42.6    75.0   0.217   0.250   0.218   0.169   0.203    16.0    15.7    15.1    14.2    13.6
04223 20240611  2.622 -121.45   48.54    21.3     9.3    15.3    14.1     0.6    13.58 C    28.4     6.7    14.5    92.7    40.2    70.9   0.213   0.245   0.213   0.165   0.198    15.4    15.3    15.1    14.3    13.8
04223 20240612  2.622 -121.45   48.54    20.1     7.0    13.5    13.3     0.0    19.40 C    29.2     3.8    14.2    90.0    37.5    64.9   0.209   0.239   0.208   0.160   0.194    15.4    15.3    15.0    14.3    13.8
04223 20240613  2.622 -121.45   48.54    22.9     4.2    13.5    14.2     0.0    23.98 C    31.0     1.6    14.8    94.9    33.3    61.5   0.202   0.230   0.203   0.156   0.190    14.9    14.8    14.8    14.1    13.7
04223 20240614  2.622 -121.45   48.54    18.8     9.4    14.1    13.6     0.3    14.10 C    24.3     7.5    14.5    92.9    42.2    65.0   0.196   0.223   0.197   0.151   0.185    15.1    15.0    14.9    14.2    13.7
04223 20240615  2.622 -121.45   48.54    13.6     7.6    10.6     9.7    19.3    11.98 C    21.2     7.4    11.3    94.8    67.7    88.8   0.225   0.253   0.200   0.150   0.183    14.5    14.6    14.8    14.1    13.7
04223 20240616  2.622 -121.45   48.54    14.2     7.3    10.8    10.8     0.5    13.72 C    20.6     7.5    12.1    94.7    58.4    81.5   0.265   0.296   0.230   0.165   0.192    14.0    14.0    14.4    13.8    13.6
04223 20240617  2.622 -121.45   48.54    13.0     8.8    10.9    10.8     1.3     5.98 C    15.7     9.0    11.7    94.3    78.7    89.6   0.250   0.279   0.226   0.170   0.199    13.8    13.8    14.2    13.7    13.4
04223 20240618  2.622 -121.45   48.54    21.4     9.1    15.3    14.4     0.0    28.05 C    28.7     6.6    16.3    95.1    41.8    74.1   0.239   0.269   0.222   0.168   0.198    15.1    14.7    14.4    13.7    13.4
04223 20240619  2.622 -121.45   48.54    26.6     6.6    16.6    16.1     0.0    28.34 C    33.6     4.5    17.0    94.9    27.3    67.3   0.223   0.254   0.216   0.164   0.196    15.6    15.3    14.9    14.0    13.6
04223 20240620  2.622 -121.45   48.54    29.6     8.7    19.2    18.6     0.0    28.56 C    36.1     6.1    18.9    91.9    22.9    60.5   0.210   0.239   0.208   0.158   0.191    16.4    16.0    15.3    14.4    13.9
04223 20240621  2.622 -121.45   48.54    29.6     9.2    19.4    18.9     0.0    26.92 C    36.2     6.5    19.1    92.3    26.6    61.5   0.198   0.225   0.200   0.152   0.185    16.9    16.5    15.8    14.8    14.2
04223 20240622  2.622 -121.45   48.54    22.9    12.4    17.7    17.3     0.0    13.05 C    27.6    10.3    17.4    89.5    43.5    69.1   0.190   0.216   0.193   0.147   0.181    16.8    16.5    16.0    15.1    14.5
04223 20240623  2.622 -121.45   48.54    18.5     9.7    14.1    14.7     0.2    13.03 C    28.7     7.2    15.4    91.6    53.2    72.7   0.187   0.211   0.189   0.143   0.177    16.4    16.3    16.0    15.2    14.7
04223 20240624  2.622 -121.45   48.54    21.5     8.8    15.1    14.5     0.0    11.93 C    25.4     5.6    14.5    92.8    47.6    75.1   0.184   0.206   0.185   0.139   0.173    15.8    15.8    15.8    15.1    14.7
04223 20240625  2.622 -121.45   48.54    28.3     6.3    17.3    17.0     0.0    26.93 C    35.6     3.5    17.8    95.4    31.7    68.0   0.177   0.198   0.180   0.135   0.170    16.0    15.8    15.6    14.9    14.5
04223 20240626  2.622 -121.45   48.54    17.1    10.9    14.0    14.2    14.6     6.63 C    23.1     9.0    14.5    93.6    73.2    88.0   0.179   0.205   0.177   0.132   0.167    15.8    15.8    15.8    15.1    14.6
04223 20240627  2.622 -121.45   48.54    13.6    11.6    12.6    12.4    12.8     6.08 C    16.1    11.7    13.6    94.3    90.6    92.7   0.253   0.277   0.200   0.140   0.170    15.3    15.3    15.5    14.9    14.6
04223 20240628  2.622 -121.45   48.54    22.7    10.6    16.6    15.8     0.0    25.75 C    29.1    10.4    17.8    94.5    50.0    79.5   0.251   0.275   0.218   0.157   0.183    16.4    16.0    15.6    14.9    14.5
04223 20240629  2.622 -121.45   48.54    24.7    12.9    18.8    18.4     0.2    19.98 C    33.2    12.4    19.4    94.1    43.6    70.7   0.229   0.255   0.213   0.158   0.187    17.4    17.0    16.3    15.4    14.7
04223 20240630  2.622 -121.45   48.54    21.7    12.6    17.1    16.4     1.1    11.61 C    27.6    10.8    16.8    94.4    64.3    85.2   0.221   0.238   0.210   0.155   0.186    17.3    17.0    16.6    15.8    15.1
04223 20240701  2.622 -121.45   48.54    23.8     9.6    16.7    16.9     0.0    14.92 C    30.2     6.8    16.7    93.8    43.4    73.5   0.216   0.198   0.206   0.154   0.184    17.0    16.9    16.6    15.8    15.3
04223 20240702  2.622 -121.45   48.54 -9999.0 -9999.0 -9999.0 -9999.0 -9999.0 -9999.00 U -9999.0 -9999.0 -9999.0 -9999.0 -9999.0 -9999.0 -99.000 -99.000 -99.000 -99.000 -99.000 -9999.0 -9999.0 -9999.0 -9999.0 -9999.0
