26566 20240101  2.515 -155.48   65.66   -11.6   -14.0   -12.8   -12.6     0.0     0.05 C   -12.9   -17.6   -15.2    70.5    59.9    65.7 -99.000 -99.000 -99.000 -99.000 -99.000 -9999.0 -9999.0 -9999.0 -9999.0 -9999.0
26566 20240102  2.515 -155.48   65.66   -11.8   -15.2   -13.5   -13.4     0.0     0.07 C   -14.0   -18.5   -15.9    61.9    54.3    58.4 -99.000 -99.000 -99.000 -99.000 -99.000 -9999.0 -9999.0 -9999.0 -9999.0 -9999.0
26566 20240103  2.515 -155.48   65.66   -15.0   -16.5   -15.8   -15.8     0.0     0.03 C   -17.7   -20.3   -19.0    58.8    49.1    54.3 -99.000 -99.000 -99.000 -99.000 -99.000 -9999.0 -9999.0 -9999.0 -9999.0 -9999.0
26566 20240104  2.515 -155.48   65.66   -14.8   -16.1   -15.5   -15.5     0.0     0.03 C   -15.7   -20.2   -17.8    67.5    50.4    55.9 -99.000 -99.000 -99.000 -99.000 -99.000 -9999.0 -9999.0 -9999.0 -9999.0 -9999.0
26566 20240105  2.515 -155.48   65.66   -14.7   -16.2   -15.5   -15.3     0.0     0.17 C   -16.6   -19.8   -18.5    64.4    56.4    59.5 -99.000 -99.000 -99.000 -99.000 -99.000 -9999.0 -9999.0 -9999.0 -9999.0 -9999.0
26566 20240106  2.515 -155.48   65.66   -13.8   -16.2   -15.0   -14.8     0.0     0.12 C   -14.9   -18.7   -17.1    58.9    51.1    55.2 -99.000 -99.000 -99.000 -99.000 -99.000 -9999.0 -9999.0 -9999.0 -9999.0 -9999.0
26566 20240107  2.515 -155.48   65.66    -9.4   -15.9   -12.7   -12.6     2.3     0.02 C   -10.3   -17.4   -13.2    83.7    55.3    66.0 -99.000 -99.000 -99.000 -99.000 -99.000 -9999.0 -9999.0 -9999.0 -9999.0 -9999.0
26566 20240108  2.515 -155.48   65.66    -9.0   -10.7    -9.9    -9.5     3.8     0.08 C    -9.2   -13.0   -10.2    86.9    71.3    80.7 -99.000 -99.000 -99.000 -99.000 -99.000 -9999.0 -9999.0 -9999.0 -9999.0 -9999.0
26566 20240109  2.515 -155.48   65.66   -10.7   -16.6   -13.7   -13.2     0.2     0.08 C   -11.8   -20.5   -14.1    83.0    60.1    70.5 -99.000 -99.000 -99.000 -99.000 -99.000 -9999.0 -9999.0 -9999.0 -9999.0 -9999.0
26566 20240110  2.515 -155.48   65.66   -16.6   -21.8   -19.2   -18.3     0.0     0.26 C   -18.4   -28.2   -23.3    72.4    45.5    53.8 -99.000 -99.000 -99.000 -99.000 -99.000 -9999.0 -9999.0 -9999.0 -9999.0 -9999.0
26566 20240111  2.515 -155.48   65.66   -11.6   -17.3   -14.5   -14.3     0.0     0.09 C   -13.3   -18.5   -15.4    46.9    37.3    41.5 -99.000 -99.000 -99.000 -99.000 -99.000 -9999.0 -9999.0 -9999.0 -9999.0 -9999.0
26566 20240112  2.515 -155.48   65.66    -9.3   -11.8   -10.6   -10.8     0.0     0.15 C   -10.2   -15.6   -12.5    53.7    37.0    46.7 -99.000 -99.000 -99.000 -99.000 -99.000 -9999.0 -9999.0 -9999.0 -9999.0 -9999.0
26566 20240113  2.515 -155.48   65.66   -11.8   -19.2   -15.5   -15.7     0.0     0.32 C   -14.7   -20.2   -17.9    53.1    41.1    47.6 -99.000 -99.000 -99.000 -99.000 -99.000 -9999.0 -9999.0 -9999.0 -9999.0 -9999.0
26566 20240114  2.515 -155.48   65.66   -15.6   -19.8   -17.7   -18.0     2.4     0.13 C   -15.1   -19.2   -17.5    82.9    52.4    74.6 -99.000 -99.000 -99.000 -99.000 -99.000 -9999.0 -9999.0 -9999.0 -9999.0 -9999.0
26566 20240115  2.515 -155.48   65.66     0.9   -15.6    -7.3    -8.2     5.2     0.03 C    -0.8   -18.9    -8.5    94.3    76.9    84.8 -99.000 -99.000 -99.000 -99.000 -99.000 -9999.0 -9999.0 -9999.0 -9999.0 -9999.0
26566 20240116  2.515 -155.48   65.66     1.0   -12.0    -5.5    -3.2     0.0     0.15 C    -0.3   -21.0    -6.4    92.8    67.6    79.2 -99.000 -99.000 -99.000 -99.000 -99.000 -9999.0 -9999.0 -9999.0 -9999.0 -9999.0
26566 20240117  2.515 -155.48   65.66   -11.8   -27.5   -19.6   -18.3     0.0     0.53 C   -13.7   -30.2   -23.4    92.9    76.0    85.9 -99.000 -99.000 -99.000 -99.000 -99.000 -9999.0 -9999.0 -9999.0 -9999.0 -9999.0
26566 20240118  2.515 -155.48   65.66   -20.4   -27.8   -24.1   -24.4     0.0     0.61 C   -17.1   -29.7   -25.1    82.8    77.3    80.2 -99.000 -99.000 -99.000 -99.000 -99.000 -9999.0 -9999.0 -9999.0 -9999.0 -9999.0
26566 20240119  2.515 -155.48   65.66   -21.2   -30.4   -25.8   -24.5     0.0     0.54 C   -20.1   -31.9   -26.3    82.7    75.1    79.8 -99.000 -99.000 -99.000 -99.000 -99.000 -9999.0 -9999.0 -9999.0 -9999.0 -9999.0
26566 20240120  2.515 -155.48   65.66   -21.9   -35.9   -28.9   -29.0     0.0     0.83 C   -22.4   -38.0   -34.0    82.7    70.2    75.5 -99.000 -99.000 -99.000 -99.000 -99.000 -9999.0 -9999.0 -9999.0 -9999.0 -9999.0
26566 20240121  2.515 -155.48   65.66   -23.8   -37.8   -30.8   -29.0     0.0     0.87 C   -29.5   -40.4   -35.6    83.3    64.5    74.4 -99.000 -99.000 -99.000 -99.000 -99.000 -9999.0 -9999.0 -9999.0 -9999.0 -9999.0
26566 20240122  2.515 -155.48   65.66   -30.7   -40.7   -35.7   -36.7     0.0     0.90 C   -34.1   -41.5   -38.8    76.7    68.3    71.6 -99.000 -99.000 -99.000 -99.000 -99.000 -9999.0 -9999.0 -9999.0 -9999.0 -9999.0
26566 20240123  2.515 -155.48   65.66   -26.5   -37.9   -32.2   -32.1     0.0     0.35 C   -24.0   -40.8   -33.0    80.0    70.6    74.4 -99.000 -99.000 -99.000 -99.000 -99.000 -9999.0 -9999.0 -9999.0 -9999.0 -9999.0
26566 20240124  2.515 -155.48   65.66   -24.7   -40.1   -32.4   -32.0     0.2     0.34 C   -23.0   -41.7   -32.9    84.3    68.7    74.5 -99.000 -99.000 -99.000 -99.000 -99.000 -9999.0 -9999.0 -9999.0 -9999.0 -9999.0
26566 20240125  2.515 -155.48   65.66   -36.9   -45.9   -41.4   -42.1     0.0     0.95 C   -39.6   -45.8   -43.5    71.8    66.1    68.6 -99.000 -99.000 -99.000 -99.000 -99.000 -9999.0 -9999.0 -9999.0 -9999.0 -9999.0
26566 20240126  2.515 -155.48   65.66   -41.2   -48.1   -44.6   -45.3     0.0     1.12 C   -41.9   -47.9   -45.7    68.7    64.8    66.8 -99.000 -99.000 -99.000 -99.000 -99.000 -9999.0 -9999.0 -9999.0 -9999.0 -9999.0
26566 20240127  2.515 -155.48   65.66   -42.5   -50.0   -46.2   -47.3     0.0     1.24 C   -42.8   -48.9   -47.2    67.5    63.1    65.7 -99.000 -99.000 -99.000 -99.000 -99.000 -9999.0 -9999.0 -9999.0 -9999.0 -9999.0
26566 20240128  2.515 -155.48   65.66   -40.4   -50.5   -45.4   -46.5     0.0     1.42 C   -35.3   -49.2   -46.3    68.4    63.5    65.6 -99.000 -99.000 -99.000 -99.000 -99.000 -9999.0 -9999.0 -9999.0 -9999.0 -9999.0
26566 20240129  2.515 -155.48   65.66   -27.8   -42.0   -34.9   -34.7     4.5     0.16 C   -26.4   -40.4   -31.1    75.0    68.0    70.7 -99.000 -99.000 -99.000 -99.000 -99.000 -9999.0 -9999.0 -9999.0 -9999.0 -9999.0
26566 20240130  2.515 -155.48   65.66   -27.5   -46.8   -37.2   -36.4     0.0     1.06 C   -26.2   -47.3   -40.0    78.2    66.0    71.9 -99.000 -99.000 -99.000 -99.000 -99.000 -9999.0 -9999.0 -9999.0 -9999.0 -9999.0
26566 20240131  2.515 -155.48   65.66   -40.1   -49.2   -44.7   -46.4     0.0     1.26 C   -41.2   -48.4   -46.3    72.2    62.0    66.5 -99.000 -99.000 -99.000 -99.000 -99.000 -9999.0 -9999.0 -9999.0 -9999.0 -9999.0
26566 20240201  2.515 -155.48   65.66   -36.1   -49.6   -42.9   -43.7     0.4     0.67 C   -33.9   -48.3   -42.7    71.7    64.0    67.1 -99.000 -99.000 -99.000 -99.000 -99.000 -9999.0 -9999.0 -9999.0 -9999.0 -9999.0
26566 20240202  2.515 -155.48   65.66   -39.0   -47.0   -43.0   -43.8     0.0     1.27 C   -34.5   -46.2   -42.8    68.8    64.8    66.4 -99.000 -99.000 -99.000 -99.000 -99.000 -9999.0 -9999.0 -9999.0 -9999.0 -9999.0
26566 20240203  2.515 -155.48   65.66   -30.9   -45.5   -38.2   -38.2     0.0     1.42 C   -33.7   -45.2   -39.4    71.6    65.1    68.3 -99.000 -99.000 -99.000 -99.000 -99.000 -9999.0 -9999.0 -9999.0 -9999.0 -9999.0
26566 20240204  2.515 -155.48   65.66   -18.2   -33.4   -25.8   -24.2     0.0     0.86 C   -17.8   -37.8   -26.3    72.1    55.8    63.7 -99.000 -99.000 -99.000 -99.000 -99.000 -9999.0 -9999.0 -9999.0 -9999.0 -9999.0
26566 20240205  2.515 -155.48   65.66   -13.7   -18.2   -16.0   -15.7     0.7     1.35 C   -13.4   -18.6   -16.3    81.6    60.7    69.7 -99.000 -99.000 -99.000 -99.000 -99.000 -9999.0 -9999.0 -9999.0 -9999.0 -9999.0
26566 20240206  2.515 -155.48   65.66   -10.8   -14.9   -12.9   -12.5     0.3     0.73 C   -10.8   -20.8   -13.3    85.9    74.6    77.3 -99.000 -99.000 -99.000 -99.000 -99.000 -9999.0 -9999.0 -9999.0 -9999.0 -9999.0
26566 20240207  2.515 -155.48   65.66   -10.2   -15.3   -12.7   -11.9     0.6     1.70 C   -11.1   -22.3   -15.3    88.0    69.3    77.2 -99.000 -99.000 -99.000 -99.000 -99.000 -9999.0 -9999.0 -9999.0 -9999.0 -9999.0
26566 20240208  2.515 -155.48   65.66    -7.7   -12.6   -10.1   -10.4     0.0     1.42 C    -9.1   -18.1   -13.1    75.6    61.4    68.7 -99.000 -99.000 -99.000 -99.000 -99.000 -9999.0 -9999.0 -9999.0 -9999.0 -9999.0
26566 20240209  2.515 -155.48   65.66    -7.8   -11.8    -9.8    -9.8     0.0     1.06 C    -9.5   -15.4   -12.0    66.7    59.6    62.2 -99.000 -99.000 -99.000 -99.000 -99.000 -9999.0 -9999.0 -9999.0 -9999.0 -9999.0
26566 20240210  2.515 -155.48   65.66    -4.7   -12.4    -8.5    -7.2     0.2     1.59 C    -6.9   -17.8   -10.5    95.4    62.6    77.9 -99.000 -99.000 -99.000 -99.000 -99.000 -9999.0 -9999.0 -9999.0 -9999.0 -9999.0
26566 20240211  2.515 -155.48   65.66    -0.6   -10.3    -5.5    -4.2     0.4     1.15 C    -3.4   -17.7    -7.7    95.1    66.7    80.7 -99.000 -99.000 -99.000 -99.000 -99.000 -9999.0 -9999.0 -9999.0 -9999.0 -9999.0
26566 20240212  2.515 -155.48   65.66    -2.7   -15.2    -9.0    -7.1     0.0     1.00 C    -4.2   -20.7   -10.7    96.3    64.1    77.9 -99.000 -99.000 -99.000 -99.000 -99.000 -9999.0 -9999.0 -9999.0 -9999.0 -9999.0
26566 20240213  2.515 -155.48   65.66     5.3    -3.1     1.1    -0.2     0.2     0.65 C     0.5    -4.3    -2.7    86.9    54.7    67.5 -99.000 -99.000 -99.000 -99.000 -99.000 -9999.0 -9999.0 -9999.0 -9999.0 -9999.0
26566 20240214  2.515 -155.48   65.66     4.9    -3.0     1.0     1.0     0.0     1.24 C     0.0    -6.8    -0.8    99.3    60.6    86.2 -99.000 -99.000 -99.000 -99.000 -99.000 -9999.0 -9999.0 -9999.0 -9999.0 -9999.0
26566 20240215  2.515 -155.48   65.66    -2.8   -11.6    -7.2    -8.1     0.0     1.07 C    -6.5   -15.2    -9.8    98.1    83.3    89.9 -99.000 -99.000 -99.000 -99.000 -99.000 -9999.0 -9999.0 -9999.0 -9999.0 -9999.0
26566 20240216  2.515 -155.48   65.66    -0.3   -16.8    -8.5    -7.4     0.0     3.06 C    -6.4   -21.4   -12.3    93.2    46.2    78.1 -99.000 -99.000 -99.000 -99.000 -99.000 -9999.0 -9999.0 -9999.0 -9999.0 -9999.0
26566 20240217  2.515 -155.48   65.66    -6.1   -23.3   -14.7   -14.2     0.0     2.52 C    -9.2   -24.9   -17.0    90.0    54.8    73.6 -99.000 -99.000 -99.000 -99.000 -99.000 -9999.0 -9999.0 -9999.0 -9999.0 -9999.0
26566 20240218  2.515 -155.48   65.66    -7.3    -9.6    -8.4    -8.3     1.5     1.49 C    -7.3   -13.1    -9.2    86.1    59.0    71.3 -99.000 -99.000 -99.000 -99.000 -99.000 -9999.0 -9999.0 -9999.0 -9999.0 -9999.0
26566 20240219  2.515 -155.48   65.66    -6.3    -8.5    -7.4    -7.8     0.3     1.01 C    -7.2    -9.9    -8.3    84.7    65.7    75.2 -99.000 -99.000 -99.000 -99.000 -99.000 -9999.0 -9999.0 -9999.0 -9999.0 -9999.0
26566 20240220  2.515 -155.48   65.66    -4.3    -8.1    -6.2    -6.3     2.3     1.82 C    -6.0   -11.0    -7.6    92.2    62.7    73.2 -99.000 -99.000 -99.000 -99.000 -99.000 -9999.0 -9999.0 -9999.0 -9999.0 -9999.0
26566 20240221  2.515 -155.48   65.66    -3.4   -14.6    -9.0    -6.0     1.1     1.87 C    -5.5   -22.1    -9.4    97.7    63.1    80.6 -99.000 -99.000 -99.000 -99.000 -99.000 -9999.0 -9999.0 -9999.0 -9999.0 -9999.0
26566 20240222  2.515 -155.48   65.66    -1.3   -15.3    -8.3    -5.7     0.0     3.33 C    -3.9   -21.9    -9.4    95.9    62.8    75.7 -99.000 -99.000 -99.000 -99.000 -99.000 -9999.0 -9999.0 -9999.0 -9999.0 -9999.0
26566 20240223  2.515 -155.48   65.66    -5.0   -17.9   -11.5   -10.2     0.0     2.14 C    -5.1   -23.5   -13.1    93.2    77.6    87.2 -99.000 -99.000 -99.000 -99.000 -99.000 -9999.0 -9999.0 -9999.0 -9999.0 -9999.0
26566 20240224  2.515 -155.48   65.66    -6.6   -11.9    -9.2    -8.6     2.5     2.18 C    -6.7   -17.1   -10.4    94.8    78.0    87.0 -99.000 -99.000 -99.000 -99.000 -99.000 -9999.0 -9999.0 -9999.0 -9999.0 -9999.0
26566 20240225  2.515 -155.48   65.66    -9.0   -12.5   -10.8   -11.3     1.7     1.38 C    -8.9   -14.7   -11.8    89.8    78.0    86.6 -99.000 -99.000 -99.000 -99.000 -99.000 -9999.0 -9999.0 -9999.0 -9999.0 -9999.0
26566 20240226  2.515 -155.48   65.66   -12.3   -29.7   -21.0   -17.5     0.0     4.51 C   -13.2   -35.5   -21.7    88.0    55.6    68.2 -99.000 -99.000 -99.000 -99.000 -99.000 -9999.0 -9999.0 -9999.0 -9999.0 -9999.0
26566 20240227  2.515 -155.48   65.66   -18.2   -37.8   -28.0   -28.6     0.0     4.69 C   -20.3   -38.5   -32.0    89.3    62.8    74.8 -99.000 -99.000 -99.000 -99.000 -99.000 -9999.0 -9999.0 -9999.0 -9999.0 -9999.0
26566 20240228  2.515 -155.48   65.66   -23.8   -39.9   -31.9   -29.7     0.0     4.65 C   -26.3   -41.4   -34.0    85.8    60.7    73.9 -99.000 -99.000 -99.000 -99.000 -99.000 -9999.0 -9999.0 -9999.0 -9999.0 -9999.0
26566 20240229  2.515 -155.48   65.66   -26.5   -44.0   -35.3   -35.9     0.0     5.06 C   -27.3   -43.1   -37.6    83.0    59.3    69.6 -99.000 -99.000 -99.000 -99.000 -99.000 -9999.0 -9999.0 -9999.0 -9999.0 -9999.0
26566 20240301  2.515 -155.48   65.66   -23.3   -43.2   -33.3   -35.1     0.0     5.34 C   -25.3   -42.5   -36.2    78.9    49.2    66.9 -99.000 -99.000 -99.000 -99.000 -99.000 -9999.0 -9999.0 -9999.0 -9999.0 -9999.0
26566 20240302  2.515 -155.48   65.66   -17.9   -40.0   -28.9   -27.8     0.0     5.14 C   -20.0   -39.7   -29.4    75.8    44.6    59.2 -99.000 -99.000 -99.000 -99.000 -99.000 -9999.0 -9999.0 -9999.0 -9999.0 -9999.0
26566 20240303  2.515 -155.48   65.66   -11.6   -19.2   -15.4   -14.6     3.9     2.51 C   -11.5   -22.2   -15.3    87.3    42.1    62.0 -99.000 -99.000 -99.000 -99.000 -99.000 -9999.0 -9999.0 -9999.0 -9999.0 -9999.0
26566 20240304  2.515 -155.48   65.66    -6.3   -11.6    -9.0    -8.8     5.5     3.09 C    -6.0   -11.5    -8.9    91.9    84.8    87.7 -99.000 -99.000 -99.000 -99.000 -99.000 -9999.0 -9999.0 -9999.0 -9999.0 -9999.0
26566 20240305  2.515 -155.48   65.66    -4.2    -9.8    -7.0    -6.6     0.9     3.41 C    -4.6   -16.8    -8.0    92.6    79.7    87.3 -99.000 -99.000 -99.000 -99.000 -99.000 -9999.0 -9999.0 -9999.0 -9999.0 -9999.0
26566 20240306  2.515 -155.48   65.66    -7.1   -13.2   -10.1   -10.3     0.0     4.85 C    -8.2   -15.8   -12.0    83.8    58.6    71.8 -99.000 -99.000 -99.000 -99.000 -99.000 -9999.0 -9999.0 -9999.0 -9999.0 -9999.0
26566 20240307  2.515 -155.48   65.66    -9.9   -22.3   -16.1   -12.7     0.2     6.32 C   -10.2   -27.4   -15.4    90.8    57.7    71.8 -99.000 -99.000 -99.000 -99.000 -99.000 -9999.0 -9999.0 -9999.0 -9999.0 -9999.0
26566 20240308  2.515 -155.48   65.66   -13.4   -30.5   -21.9   -21.5     0.0     7.02 C   -17.6   -34.3   -26.6    91.0    50.3    73.7 -99.000 -99.000 -99.000 -99.000 -99.000 -9999.0 -9999.0 -9999.0 -9999.0 -9999.0
26566 20240309  2.515 -155.48   65.66   -17.3   -40.4   -28.9   -29.1     0.0     7.14 C   -20.4   -40.8   -32.6    84.5    47.4    68.4 -99.000 -99.000 -99.000 -99.000 -99.000 -9999.0 -9999.0 -9999.0 -9999.0 -9999.0
26566 20240310  2.515 -155.48   65.66   -16.8   -43.0   -29.9   -29.0     0.0     7.40 C   -18.6   -42.3   -31.1    78.2    36.3    58.7 -99.000 -99.000 -99.000 -99.000 -99.000 -9999.0 -9999.0 -9999.0 -9999.0 -9999.0
26566 20240311  2.515 -155.48   65.66   -16.0   -35.4   -25.7   -25.8     0.0     7.15 C   -18.9   -36.0   -28.6    81.8    44.2    62.7 -99.000 -99.000 -99.000 -99.000 -99.000 -9999.0 -9999.0 -9999.0 -9999.0 -9999.0
26566 20240312  2.515 -155.48   65.66   -14.9   -37.2   -26.1   -24.6     0.0     5.39 C   -15.5   -36.9   -26.1    79.6    44.3    61.9 -99.000 -99.000 -99.000 -99.000 -99.000 -9999.0 -9999.0 -9999.0 -9999.0 -9999.0
26566 20240313  2.515 -155.48   65.66   -16.0   -35.7   -25.8   -25.7     0.0     7.97 C   -17.4   -36.2   -28.5    82.6    40.8    62.7 -99.000 -99.000 -99.000 -99.000 -99.000 -9999.0 -9999.0 -9999.0 -9999.0 -9999.0
26566 20240314  2.515 -155.48   65.66   -17.7   -40.1   -28.9   -29.9     0.3     7.41 C   -16.3   -39.2   -31.0    84.3    44.0    66.5 -99.000 -99.000 -99.000 -99.000 -99.000 -9999.0 -9999.0 -9999.0 -9999.0 -9999.0
26566 20240315  2.515 -155.48   65.66   -13.4   -40.2   -26.8   -27.1     0.0     8.60 C   -15.5   -38.6   -29.1    86.5    42.4    63.3 -99.000 -99.000 -99.000 -99.000 -99.000 -9999.0 -9999.0 -9999.0 -9999.0 -9999.0
26566 20240316  2.515 -155.48   65.66   -12.3   -37.4   -24.9   -21.8     0.0     8.95 C   -14.4   -37.6   -25.1    86.3    39.4    60.3 -99.000 -99.000 -99.000 -99.000 -99.000 -9999.0 -9999.0 -9999.0 -9999.0 -9999.0
26566 20240317  2.515 -155.48   65.66   -11.2   -16.2   -13.7   -13.7     0.0     8.31 C   -11.0   -18.6   -14.6    76.3    52.3    62.3 -99.000 -99.000 -99.000 -99.000 -99.000 -9999.0 -9999.0 -9999.0 -9999.0 -9999.0
26566 20240318  2.515 -155.48   65.66    -6.6   -22.5   -14.6   -11.8     0.0     8.89 C    -8.8   -28.2   -15.9    93.3    52.3    69.9 -99.000 -99.000 -99.000 -99.000 -99.000 -9999.0 -9999.0 -9999.0 -9999.0 -9999.0
26566 20240319  2.515 -155.48   65.66    -3.7   -12.4    -8.1    -7.5     0.0     6.86 C    -4.9   -16.3   -10.5    68.7    46.3    56.2 -99.000 -99.000 -99.000 -99.000 -99.000 -9999.0 -9999.0 -9999.0 -9999.0 -9999.0
26566 20240320  2.515 -155.48   65.66     1.6    -6.4    -2.4    -2.7     0.0     4.35 C    -0.7    -9.5    -4.9    71.5    56.9    63.1 -99.000 -99.000 -99.000 -99.000 -99.000 -9999.0 -9999.0 -9999.0 -9999.0 -9999.0
26566 20240321  2.515 -155.48   65.66     4.0    -2.1     1.0     0.8     1.3     4.88 C     0.4    -7.6    -1.8    94.8    65.2    77.0 -99.000 -99.000 -99.000 -99.000 -99.000 -9999.0 -9999.0 -9999.0 -9999.0 -9999.0
26566 20240322  2.515 -155.48   65.66     5.9    -4.7     0.6     0.9     1.2     5.73 C     0.4    -8.1    -2.6    94.4    55.7    70.6 -99.000 -99.000 -99.000 -99.000 -99.000 -9999.0 -9999.0 -9999.0 -9999.0 -9999.0
26566 20240323  2.515 -155.48   65.66     3.8   -10.7    -3.5    -1.5     0.0     7.66 C     0.2   -14.1    -4.8    98.6    57.0    76.2 -99.000 -99.000 -99.000 -99.000 -99.000 -9999.0 -9999.0 -9999.0 -9999.0 -9999.0
26566 20240324  2.515 -155.48   65.66     6.1     0.2     3.2     3.0     0.2     7.75 C     0.3    -2.3    -0.4    87.8    46.1    63.9 -99.000 -99.000 -99.000 -99.000 -99.000 -9999.0 -9999.0 -9999.0 -9999.0 -9999.0
26566 20240325  2.515 -155.48   65.66     5.4    -2.7     1.3     2.2     0.0     7.61 C     0.4    -5.7    -1.4    95.4    53.8    74.1 -99.000 -99.000 -99.000 -99.000 -99.000 -9999.0 -9999.0 -9999.0 -9999.0 -9999.0
26566 20240326  2.515 -155.48   65.66     6.3    -3.5     1.4     2.3     0.0     9.92 C     0.6    -6.8    -1.2    91.3    51.4    69.6 -99.000 -99.000 -99.000 -99.000 -99.000 -9999.0 -9999.0 -9999.0 -9999.0 -9999.0
26566 20240327  2.515 -155.48   65.66     1.6    -2.4    -0.4    -0.2     1.3     7.16 C     0.2    -3.2    -1.0    96.6    66.2    82.2 -99.000 -99.000 -99.000 -99.000 -99.000 -9999.0 -9999.0 -9999.0 -9999.0 -9999.0
26566 20240328  2.515 -155.48   65.66    -1.0    -6.5    -3.7    -3.2     0.8     6.54 C    -1.4    -6.0    -3.2    93.9    72.9    84.7 -99.000 -99.000 -99.000 -99.000 -99.000 -9999.0 -9999.0 -9999.0 -9999.0 -9999.0
26566 20240329  2.515 -155.48   65.66     1.8    -3.4    -0.8    -1.1     0.0    10.23 C    -0.4    -7.4    -3.2    80.0    55.1    67.2 -99.000 -99.000 -99.000 -99.000 -99.000 -9999.0 -9999.0 -9999.0 -9999.0 -9999.0
26566 20240330  2.515 -155.48   65.66     3.5    -1.7     0.9     0.7     0.0     7.16 C     0.4    -3.9    -1.3    89.9    52.9    69.0 -99.000 -99.000 -99.000 -99.000 -99.000 -9999.0 -9999.0 -9999.0 -9999.0 -9999.0
26566 20240331  2.515 -155.48   65.66    -1.1   -15.1    -8.1    -6.0     2.5     8.92 C    -1.2   -14.9    -6.0    96.1    63.0    79.9 -99.000 -99.000 -99.000 -99.000 -99.000 -9999.0 -9999.0 -9999.0 -9999.0 -9999.0
26566 20240401  2.515 -155.48   65.66   -14.5   -21.6   -18.1   -17.2     0.9    11.75 C   -13.1   -24.6   -16.9    81.5    54.5    68.9 -99.000 -99.000 -99.000 -99.000 -99.000 -9999.0 -9999.0 -9999.0 -9999.0 -9999.0
26566 20240402  2.515 -155.48   65.66   -13.6   -24.7   -19.1   -19.1     0.0    13.13 C   -15.0   -29.0   -20.8    72.0    35.7    57.0 -99.000 -99.000 -99.000 -99.000 -99.000 -9999.0 -9999.0 -9999.0 -9999.0 -9999.0
26566 20240403  2.515 -155.48   65.66    -0.4   -16.1    -8.3    -8.0     3.8     6.45 C    -2.1   -16.9    -8.6    95.0    54.0    80.1 -99.000 -99.000 -99.000 -99.000 -99.000 -9999.0 -9999.0 -9999.0 -9999.0 -9999.0
26566 20240404  2.515 -155.48   65.66     2.5    -6.9    -2.2    -1.1     1.8     6.43 C     0.2    -9.7    -3.3    95.1    70.5    83.3 -99.000 -99.000 -99.000 -99.000 -99.000 -9999.0 -9999.0 -9999.0 -9999.0 -9999.0
26566 20240405  2.515 -155.48   65.66     2.9    -2.7     0.1     0.7     0.0    10.36 C     0.9    -7.0    -1.7    93.7    54.6    73.7 -99.000 -99.000 -99.000 -99.000 -99.000 -9999.0 -9999.0 -9999.0 -9999.0 -9999.0
26566 20240406  2.515 -155.48   65.66     2.4    -3.8    -0.7    -0.4     0.0    10.72 C     0.6    -4.7    -2.1    86.3    43.3    69.1 -99.000 -99.000 -99.000 -99.000 -99.000 -9999.0 -9999.0 -9999.0 -9999.0 -9999.0
26566 20240407  2.515 -155.48   65.66    -3.8   -13.4    -8.6    -8.0     1.5     9.04 C    -3.9   -14.7    -7.6    86.7    69.6    80.4 -99.000 -99.000 -99.000 -99.000 -99.000 -9999.0 -9999.0 -9999.0 -9999.0 -9999.0
26566 20240408  2.515 -155.48   65.66   -10.4   -17.8   -14.1   -14.5     0.0    13.28 C    -8.3   -21.5   -14.8    80.6    48.3    65.2 -99.000 -99.000 -99.000 -99.000 -99.000 -9999.0 -9999.0 -9999.0 -9999.0 -9999.0
26566 20240409  2.515 -155.48   65.66    -5.7   -18.5   -12.1   -12.9     0.0    15.07 C    -6.9   -22.0   -13.8    85.4    44.5    62.3 -99.000 -99.000 -99.000 -99.000 -99.000 -9999.0 -9999.0 -9999.0 -9999.0 -9999.0
26566 20240410  2.515 -155.48   65.66     2.2   -23.3   -10.6    -8.2     0.0    14.76 C    -1.0   -23.8   -10.9    89.7    37.8    60.9 -99.000 -99.000 -99.000 -99.000 -99.000 -9999.0 -9999.0 -9999.0 -9999.0 -9999.0
26566 20240411  2.515 -155.48   65.66     2.5    -2.4     0.1     0.5     0.0     6.89 C     0.1    -3.3    -1.3    90.0    40.6    77.5 -99.000 -99.000 -99.000 -99.000 -99.000 -9999.0 -9999.0 -9999.0 -9999.0 -9999.0
26566 20240412  2.515 -155.48   65.66     1.5    -9.6    -4.1    -4.2     0.9    10.79 C    -0.4   -12.0    -4.5    98.2    62.8    79.8 -99.000 -99.000 -99.000 -99.000 -99.000 -9999.0 -9999.0 -9999.0 -9999.0 -9999.0
26566 20240413  2.515 -155.48   65.66    -2.5   -15.2    -8.8    -8.7     0.0    13.51 C    -4.5   -19.5   -11.8    82.3    32.7    56.6 -99.000 -99.000 -99.000 -99.000 -99.000 -9999.0 -9999.0 -9999.0 -9999.0 -9999.0
26566 20240414  2.515 -155.48   65.66    -1.5   -13.3    -7.4    -7.0     0.0    10.77 C    -2.0   -17.5    -8.6    85.9    52.9    72.4 -99.000 -99.000 -99.000 -99.000 -99.000 -9999.0 -9999.0 -9999.0 -9999.0 -9999.0
26566 20240415  2.515 -155.48   65.66     4.1    -2.4     0.8     0.4     0.0    10.61 C     0.3    -4.4    -2.4    81.4    42.8    61.5 -99.000 -99.000 -99.000 -99.000 -99.000 -9999.0 -9999.0 -9999.0 -9999.0 -9999.0
26566 20240416  2.515 -155.48   65.66     4.9     1.7     3.3     3.3     0.0     8.98 C     0.3    -1.8    -0.3    77.5    43.8    63.2 -99.000 -99.000 -99.000 -99.000 -99.000 -9999.0 -9999.0 -9999.0 -9999.0 -9999.0
26566 20240417  2.515 -155.48   65.66     6.9    -3.3     1.8     2.9     0.0     7.82 C     0.3    -6.8    -1.4    89.0    38.7    60.6 -99.000 -99.000 -99.000 -99.000 -99.000 -9999.0 -9999.0 -9999.0 -9999.0 -9999.0
26566 20240418  2.515 -155.48   65.66    11.6     2.6     7.1     7.1     0.0    10.52 C     1.1    -0.5     0.2    69.0    29.3    48.0 -99.000 -99.000 -99.000 -99.000 -99.000 -9999.0 -9999.0 -9999.0 -9999.0 -9999.0
26566 20240419  2.515 -155.48   65.66    12.9     2.2     7.5     7.6     0.0    15.65 C     1.8    -1.2     0.3    74.5    27.3    44.6 -99.000 -99.000 -99.000 -99.000 -99.000 -9999.0 -9999.0 -9999.0 -9999.0 -9999.0
26566 20240420  2.515 -155.48   65.66    13.6    -2.3     5.6     6.6     0.0    17.99 C     7.0    -5.1     0.6    91.3    24.5    50.2 -99.000 -99.000 -99.000 -99.000 -99.000 -9999.0 -9999.0 -9999.0 -9999.0 -9999.0
26566 20240421  2.515 -155.48   65.66     9.6    -3.5     3.0     2.8     0.0    18.07 C    13.2    -5.7     2.0    96.3    39.4    68.3 -99.000 -99.000 -99.000 -99.000 -99.000 -9999.0 -9999.0 -9999.0 -9999.0 -9999.0
26566 20240422  2.515 -155.48   65.66     9.5    -5.2     2.2     1.9     0.3    14.73 C    16.8    -6.3     2.8    98.2    43.7    73.4 -99.000 -99.000 -99.000 -99.000 -99.000 -9999.0 -9999.0 -9999.0 -9999.0 -9999.0
26566 20240423  2.515 -155.48   65.66    11.1    -3.2     4.0     4.8     0.0    19.09 C    19.5    -5.5     5.4    99.6    29.3    62.7 -99.000 -99.000 -99.000 -99.000 -99.000 -9999.0 -9999.0 -9999.0 -9999.0 -9999.0
26566 20240424  2.515 -155.48   65.66    12.5    -0.3     6.1     6.5     0.0    18.45 C    20.8    -4.4     5.7    87.1    35.2    53.7 -99.000 -99.000 -99.000 -99.000 -99.000 -9999.0 -9999.0 -9999.0 -9999.0 -9999.0
26566 20240425  2.515 -155.48   65.66    14.0    -1.7     6.1     6.3     0.0    17.90 C    21.7    -4.5     6.6    91.4    26.7    55.6 -99.000 -99.000 -99.000 -99.000 -99.000 -9999.0 -9999.0 -9999.0 -9999.0 -9999.0
26566 20240426  2.515 -155.48   65.66    11.4    -1.9     4.7     5.7     0.0    13.69 C    20.3    -3.8     5.6    93.4    39.4    61.8 -99.000 -99.000 -99.000 -99.000 -99.000 -9999.0 -9999.0 -9999.0 -9999.0 -9999.0
26566 20240427  2.515 -155.48   65.66    11.8    -3.2     4.3     5.5     0.0    19.40 C    21.6    -5.3     5.8    96.3    34.6    57.7 -99.000 -99.000 -99.000 -99.000 -99.000 -9999.0 -9999.0 -9999.0 -9999.0 -9999.0
26566 20240428  2.515 -155.48   65.66    11.1    -3.1     4.0     4.9     0.0    19.26 C    20.9    -6.1     5.7    90.7    32.5    55.3 -99.000 -99.000 -99.000 -99.000 -99.000 -9999.0 -9999.0 -9999.0 -9999.0 -9999.0
26566 20240429  2.515 -155.48   65.66     9.8    -0.9     4.4     3.7     0.0    15.67 C    18.4    -4.7     4.8    92.6    38.1    67.6 -99.000 -99.000 -99.000 -99.000 -99.000 -9999.0 -9999.0 -9999.0 -9999.0 -9999.0
26566 20240430  2.515 -155.48   65.66     7.7    -4.2     1.8     2.1     0.0    20.56 C    17.7    -6.7     3.9    95.5    30.1    61.2 -99.000 -99.000 -99.000 -99.000 -99.000 -9999.0 -9999.0 -9999.0 -9999.0 -9999.0
26566 20240501  2.515 -155.48   65.66     6.2    -2.8     1.7     2.1     0.0    20.07 C    14.8    -4.5     3.4    76.1    30.2    47.8 -99.000 -99.000 -99.000 -99.000 -99.000 -9999.0 -9999.0 -9999.0 -9999.0 -9999.0
26566 20240502  2.515 -155.48   65.66     6.1    -2.8     1.6     1.6     0.0    20.83 C    14.6    -4.6     3.3    46.0    27.2    35.9 -99.000 -99.000 -99.000 -99.000 -99.000 -9999.0 -9999.0 -9999.0 -9999.0 -9999.0
26566 20240503  2.515 -155.48   65.66     7.8    -1.3     3.2     3.3     0.0    13.17 C    14.7    -3.7     4.1    53.7    33.2    42.9 -99.000 -99.000 -99.000 -99.000 -99.000 -9999.0 -9999.0 -9999.0 -9999.0 -9999.0
26566 20240504  2.515 -155.48   65.66     5.1     0.1     2.6     2.1     1.3    10.29 C    10.5    -0.5     3.0    95.8    52.0    77.3 -99.000 -99.000 -99.000 -99.000 -99.000 -9999.0 -9999.0 -9999.0 -9999.0 -9999.0
26566 20240505  2.515 -155.48   65.66     4.1    -1.9     1.1     1.0     0.0    13.79 C    13.1    -3.0     2.9    83.7    50.7    65.9 -99.000 -99.000 -99.000 -99.000 -99.000 -9999.0 -9999.0 -9999.0 -9999.0 -9999.0
26566 20240506  2.515 -155.48   65.66     7.6    -4.1     1.8     0.3     0.2    17.40 C    18.0    -3.0     4.2    91.9    47.9    73.1 -99.000 -99.000 -99.000 -99.000 -99.000 -9999.0 -9999.0 -9999.0 -9999.0 -9999.0
26566 20240507  2.515 -155.48   65.66    12.3    -2.4     4.9     5.2     0.0    19.03 C    26.7    -4.1     7.0    84.5    35.4    58.6 -99.000 -99.000 -99.000 -99.000 -99.000 -9999.0 -9999.0 -9999.0 -9999.0 -9999.0
26566 20240508  2.515 -155.48   65.66    12.0    -2.0     5.0     5.1     0.0    18.68 C    22.6    -5.3     6.6    89.0    31.8    58.2 -99.000 -99.000 -99.000 -99.000 -99.000 -9999.0 -9999.0 -9999.0 -9999.0 -9999.0
26566 20240509  2.515 -155.48   65.66     8.6    -1.7     3.4     3.3     0.9    10.92 C    15.1    -3.8     3.8    96.8    46.9    70.3 -99.000 -99.000 -99.000 -99.000 -99.000 -9999.0 -9999.0 -9999.0 -9999.0 -9999.0
26566 20240510  2.515 -155.48   65.66 -9999.0 -9999.0 -9999.0 -9999.0 -9999.0 -9999.00 U -9999.0 -9999.0 -9999.0 -9999.0 -9999.0 -9999.0 -99.000 -99.000 -99.000 -99.000 -99.000 -9999.0 -9999.0 -9999.0 -9999.0 -9999.0
26566 20240511  2.515 -155.48   65.66    11.5    -2.2     4.7     5.6     0.0    15.43 C    21.4    -4.6     6.3    95.6    34.4    58.6 -99.000 -99.000 -99.000 -99.000 -99.000 -9999.0 -9999.0 -9999.0 -9999.0 -9999.0
26566 20240512  2.515 -155.48   65.66    12.6    -2.1     5.3     5.6     0.0    20.82 C    21.6    -3.6     7.4    85.6    34.1    55.7 -99.000 -99.000 -99.000 -99.000 -99.000 -9999.0 -9999.0 -9999.0 -9999.0 -9999.0
26566 20240513  2.515 -155.48   65.66     5.3    -1.9     1.7     1.0     3.9     8.26 C     8.5    -4.2     1.0    97.4    50.8    73.5 -99.000 -99.000 -99.000 -99.000 -99.000 -9999.0 -9999.0 -9999.0 -9999.0 -9999.0
26566 20240514  2.515 -155.48   65.66    11.4    -4.1     3.7     3.5     0.0    23.12 C    22.6    -7.7     5.6    85.9    30.4    55.3 -99.000 -99.000 -99.000 -99.000 -99.000 -9999.0 -9999.0 -9999.0 -9999.0 -9999.0
26566 20240515  2.515 -155.48   65.66    11.7    -1.0     5.4     6.2     0.0    14.79 C    21.1    -5.4     6.0    85.6    24.7    50.2 -99.000 -99.000 -99.000 -99.000 -99.000 -9999.0 -9999.0 -9999.0 -9999.0 -9999.0
26566 20240516  2.515 -155.48   65.66     9.5     3.4     6.4     6.2     1.3    10.36 C    15.3     1.5     7.3    90.0    58.0    69.2 -99.000 -99.000 -99.000 -99.000 -99.000 -9999.0 -9999.0 -9999.0 -9999.0 -9999.0
26566 20240517  2.515 -155.48   65.66    11.8     2.0     6.9     7.0     0.0    17.62 C    24.4    -2.9     9.2    97.2    37.2    64.2 -99.000 -99.000 -99.000 -99.000 -99.000 -9999.0 -9999.0 -9999.0 -9999.0 -9999.0
26566 20240518  2.515 -155.48   65.66    20.3    -0.8     9.7    11.8     0.0    20.15 C    31.1    -4.5    11.9    95.6    27.3    50.2 -99.000 -99.000 -99.000 -99.000 -99.000 -9999.0 -9999.0 -9999.0 -9999.0 -9999.0
26566 20240519  2.515 -155.48   65.66    19.2    10.0    14.6    14.3     0.0    17.70 C    30.0     4.3    14.5    60.1    24.1    38.4 -99.000 -99.000 -99.000 -99.000 -99.000 -9999.0 -9999.0 -9999.0 -9999.0 -9999.0
26566 20240520  2.515 -155.48   65.66    18.5     5.4    11.9    12.4     0.0    17.31 C    33.2     0.6    13.7    85.0    28.1    49.5 -99.000 -99.000 -99.000 -99.000 -99.000 -9999.0 -9999.0 -9999.0 -9999.0 -9999.0
26566 20240521  2.515 -155.48   65.66     0.0     0.0     0.0 -9999.0     0.7    86.70 C    24.7     4.1    11.9    93.2    24.1    51.4 -99.000 -99.000 -99.000 -99.000 -99.000 -9999.0 -9999.0 -9999.0 -9999.0 -9999.0
26566 20240522  2.515 -155.48   65.66     0.0     0.0     0.0 -9999.0     1.1    93.99 C    24.3    -0.8    10.1    96.5    37.9    69.9 -99.000 -99.000 -99.000 -99.000 -99.000 -9999.0 -9999.0 -9999.0 -9999.0 -9999.0
26566 20240523  2.515 -155.48   65.66     0.0     0.0     0.0 -9999.0     0.0 -9999.00 C    29.6     0.1    11.3    91.7    34.0    61.7 -99.000 -99.000 -99.000 -99.000 -99.000 -9999.0 -9999.0 -9999.0 -9999.0 -9999.0
26566 20240524  2.515 -155.48   65.66     0.0     0.0     0.0 -9999.0     0.0    78.54 C    29.8    -2.5    12.5   100.0    30.2    62.5 -99.000 -99.000 -99.000 -99.000 -99.000 -9999.0 -9999.0 -9999.0 -9999.0 -9999.0
26566 20240525  2.515 -155.48   65.66     0.0     0.0     0.0 -9999.0     0.0    84.53 C    26.6     0.8    13.0    94.1    19.0    45.3 -99.000 -99.000 -99.000 -99.000 -99.000 -9999.0 -9999.0 -9999.0 -9999.0 -9999.0
26566 20240526  2.515 -155.48   65.66     0.0     0.0     0.0 -9999.0     0.0   101.75 C    26.3    -3.3     7.5    85.8    31.0    53.1 -99.000 -99.000 -99.000 -99.000 -99.000 -9999.0 -9999.0 -9999.0 -9999.0 -9999.0
26566 20240527  2.515 -155.48   65.66     0.0     0.0     0.0 -9999.0     0.0   107.34 C    32.9    -5.5    11.3    86.2    29.0    53.5 -99.000 -99.000 -99.000 -99.000 -99.000 -9999.0 -9999.0 -9999.0 -9999.0 -9999.0
26566 20240528  2.515 -155.48   65.66     0.0     0.0     0.0 -9999.0     0.0   101.27 C    32.4    -2.1    14.4    77.9    19.6    41.6 -99.000 -99.000 -99.000 -99.000 -99.000 -9999.0 -9999.0 -9999.0 -9999.0 -9999.0
26566 20240529  2.515 -155.48   65.66     0.0     0.0     0.0 -9999.0     0.0    92.61 C    32.6    -3.2    14.0    92.7    26.7    50.4 -99.000 -99.000 -99.000 -99.000 -99.000 -9999.0 -9999.0 -9999.0 -9999.0 -9999.0
26566 20240530  2.515 -155.48   65.66     0.0     0.0     0.0 -9999.0     0.0    99.30 C    34.5     1.1    14.2    89.2    49.1    60.7 -99.000 -99.000 -99.000 -99.000 -99.000 -9999.0 -9999.0 -9999.0 -9999.0 -9999.0
26566 20240531  2.515 -155.48   65.66     0.0     0.0     0.0 -9999.0     0.0    85.52 C    35.9    -1.8    14.8    98.7    28.4    60.7 -99.000 -99.000 -99.000 -99.000 -99.000 -9999.0 -9999.0 -9999.0 -9999.0 -9999.0
26566 20240601  2.515 -155.48   65.66     0.0     0.0     0.0 -9999.0     0.0    91.52 C    35.3     0.5    16.9    95.5    24.2    55.4 -99.000 -99.000 -99.000 -99.000 -99.000 -9999.0 -9999.0 -9999.0 -9999.0 -9999.0
26566 20240602  2.515 -155.48   65.66     0.0     0.0     0.0 -9999.0     0.0   110.65 C    31.1     0.7    16.6    95.2    33.8    53.5 -99.000 -99.000 -99.000 -99.000 -99.000 -9999.0 -9999.0 -9999.0 -9999.0 -9999.0
26566 20240603  2.515 -155.48   65.66     0.0     0.0     0.0 -9999.0     2.8    81.23 C    17.3     4.5     8.3    89.9    52.1    70.2 -99.000 -99.000 -99.000 -99.000 -99.000 -9999.0 -9999.0 -9999.0 -9999.0 -9999.0
26566 20240604  2.515 -155.48   65.66     0.0     0.0     0.0 -9999.0     2.4    89.92 C    16.1     5.0     9.3    97.5    77.7    87.9 -99.000 -99.000 -99.000 -99.000 -99.000 -9999.0 -9999.0 -9999.0 -9999.0 -9999.0
26566 20240605  2.515 -155.48   65.66     0.0     0.0     0.0 -9999.0     7.8    84.60 C    23.7     1.7    12.4    98.0    52.3    80.2 -99.000 -99.000 -99.000 -99.000 -99.000 -9999.0 -9999.0 -9999.0 -9999.0 -9999.0
26566 20240606  2.515 -155.48   65.66     0.0     0.0     0.0 -9999.0     4.4    69.89 C    23.7     3.3    12.0    98.1    66.2    86.5 -99.000 -99.000 -99.000 -99.000 -99.000 -9999.0 -9999.0 -9999.0 -9999.0 -9999.0
26566 20240607  2.515 -155.48   65.66     0.0     0.0     0.0 -9999.0     0.2    74.37 C    29.5     3.3    14.9    98.4    34.9    67.8 -99.000 -99.000 -99.000 -99.000 -99.000 -9999.0 -9999.0 -9999.0 -9999.0 -9999.0
26566 20240608  2.515 -155.48   65.66     0.0     0.0     0.0 -9999.0     0.0   100.25 C    32.8    -0.1    17.6    96.7    21.3    46.5 -99.000 -99.000 -99.000 -99.000 -99.000 -9999.0 -9999.0 -9999.0 -9999.0 -9999.0
26566 20240609  2.515 -155.48   65.66     0.0     0.0     0.0 -9999.0     0.0   100.71 C    38.1     8.1    22.1    60.4    20.0    37.3 -99.000 -99.000 -99.000 -99.000 -99.000 -9999.0 -9999.0 -9999.0 -9999.0 -9999.0
26566 20240610  2.515 -155.48   65.66     0.0     0.0     0.0 -9999.0     0.0    97.33 C    40.4     5.9    20.7    82.1    19.0    47.1 -99.000 -99.000 -99.000 -99.000 -99.000 -9999.0 -9999.0 -9999.0 -9999.0 -9999.0
26566 20240611  2.515 -155.48   65.66     0.0     0.0     0.0 -9999.0 -9999.0    90.67 C    37.9     2.6    20.8    99.2    28.8    57.5 -99.000 -99.000 -99.000 -99.000 -99.000 -9999.0 -9999.0 -9999.0 -9999.0 -9999.0
26566 20240612  2.515 -155.48   65.66     0.0     0.0     0.0 -9999.0     0.0    96.81 C    35.9     3.6    16.5    99.3    46.1    77.3 -99.000 -99.000 -99.000 -99.000 -99.000 -9999.0 -9999.0 -9999.0 -9999.0 -9999.0
26566 20240613  2.515 -155.48   65.66     0.0     0.0     0.0 -9999.0     0.3    91.66 C    31.2     7.8    16.8    95.9    52.7    75.5 -99.000 -99.000 -99.000 -99.000 -99.000 -9999.0 -9999.0 -9999.0 -9999.0 -9999.0
26566 20240614  2.515 -155.48   65.66     0.0     0.0     0.0 -9999.0     0.0   108.19 C    30.8     4.4    16.3    92.8    37.8    60.2 -99.000 -99.000 -99.000 -99.000 -99.000 -9999.0 -9999.0 -9999.0 -9999.0 -9999.0
26566 20240615  2.515 -155.48   65.66     0.0     0.0     0.0 -9999.0     0.0   108.75 C    33.1     2.8    17.4    89.3    30.9    53.6 -99.000 -99.000 -99.000 -99.000 -99.000 -9999.0 -9999.0 -9999.0 -9999.0 -9999.0
26566 20240616  2.515 -155.48   65.66     0.0     0.0     0.0 -9999.0     0.0   116.09 C    36.0     5.7    20.3    77.0    24.1    47.0 -99.000 -99.000 -99.000 -99.000 -99.000 -9999.0 -9999.0 -9999.0 -9999.0 -9999.0
26566 20240617  2.515 -155.48   65.66     0.0     0.0     0.0 -9999.0     0.0   107.36 C    38.8     6.5    20.9    78.1    28.3    48.6 -99.000 -99.000 -99.000 -99.000 -99.000 -9999.0 -9999.0 -9999.0 -9999.0 -9999.0
26566 20240618  2.515 -155.48   65.66     0.0     0.0     0.0 -9999.0     2.1    72.73 C    31.0     8.5    17.2    95.1    53.0    72.8 -99.000 -99.000 -99.000 -99.000 -99.000 -9999.0 -9999.0 -9999.0 -9999.0 -9999.0
26566 20240619  2.515 -155.48   65.66     0.0     0.0     0.0 -9999.0     0.0   105.60 C    34.2     8.2    18.6    92.0    36.1    62.6 -99.000 -99.000 -99.000 -99.000 -99.000 -9999.0 -9999.0 -9999.0 -9999.0 -9999.0
26566 20240620  2.515 -155.48   65.66     0.0     0.0     0.0 -9999.0     0.0   100.69 C    36.4     2.2    19.5    98.1    26.6    56.1 -99.000 -99.000 -99.000 -99.000 -99.000 -9999.0 -9999.0 -9999.0 -9999.0 -9999.0
26566 20240621  2.515 -155.48   65.66     0.0     0.0     0.0 -9999.0     0.0    98.71 C    37.6     4.2    18.1    97.4    36.5    63.6 -99.000 -99.000 -99.000 -99.000 -99.000 -9999.0 -9999.0 -9999.0 -9999.0 -9999.0
26566 20240622  2.515 -155.48   65.66     0.0     0.0     0.0 -9999.0    25.8    75.70 C    38.7     5.8    19.4    99.4    29.6    69.4 -99.000 -99.000 -99.000 -99.000 -99.000 -9999.0 -9999.0 -9999.0 -9999.0 -9999.0
26566 20240623  2.515 -155.48   65.66     0.0     0.0     0.0 -9999.0     0.0   101.02 C    28.9     8.3    17.1    98.8    48.5    74.4 -99.000 -99.000 -99.000 -99.000 -99.000 -9999.0 -9999.0 -9999.0 -9999.0 -9999.0
26566 20240624  2.515 -155.48   65.66     0.0     0.0     0.0 -9999.0     0.0   110.24 C    34.4     5.6    19.0    91.9    22.5    50.8 -99.000 -99.000 -99.000 -99.000 -99.000 -9999.0 -9999.0 -9999.0 -9999.0 -9999.0
26566 20240625  2.515 -155.48   65.66     0.0     0.0     0.0 -9999.0     0.0    16.49 C    39.8     1.9    20.8    97.8    36.8    58.1 -99.000 -99.000 -99.000 -99.000 -99.000 -9999.0 -9999.0 -9999.0 -9999.0 -9999.0
26566 20240626  2.515 -155.48   65.66     0.0     0.0     0.0 -9999.0     0.0     0.00 C    40.4     7.9    23.5    94.8    24.1    56.3 -99.000 -99.000 -99.000 -99.000 -99.000 -9999.0 -9999.0 -9999.0 -9999.0 -9999.0
26566 20240627  2.515 -155.48   65.66     0.0     0.0     0.0 -9999.0     0.0     0.00 C    40.2    10.9    23.4    83.2    29.7    47.8 -99.000 -99.000 -99.000 -99.000 -99.000 -9999.0 -9999.0 -9999.0 -9999.0 -9999.0
26566 20240628  2.515 -155.48   65.66     0.0     0.0     0.0 -9999.0     0.6     0.00 C    30.6     7.9    18.7    85.2    41.5    61.1 -99.000 -99.000 -99.000 -99.000 -99.000 -9999.0 -9999.0 -9999.0 -9999.0 -9999.0
26566 20240629  2.515 -155.48   65.66     0.0     0.0     0.0 -9999.0     0.0     0.00 C    39.1     3.7    21.1    98.9    29.4    57.7 -99.000 -99.000 -99.000 -99.000 -99.000 -9999.0 -9999.0 -9999.0 -9999.0 -9999.0
26566 20240630  2.515 -155.48   65.66     0.0     0.0     0.0 -9999.0     0.0     0.00 C    40.0     7.8    23.6    94.9    24.4    52.1 -99.000 -99.000 -99.000 -99.000 -99.000 -9999.0 -9999.0 -9999.0 -9999.0 -9999.0
26566 20240701  2.515 -155.48   65.66     0.0     0.0     0.0 -9999.0     0.0     0.00 C    37.8     7.9    22.1    96.8    27.3    60.8 -99.000 -99.000 -99.000 -99.000 -99.000 -9999.0 -9999.0 -9999.0 -9999.0 -9999.0
26566 20240702  2.515 -155.48   65.66 -9999.0 -9999.0 -9999.0 -9999.0 -9999.0 -9999.00 U -9999.0 -9999.0 -9999.0 -9999.0 -9999.0 -9999.0 -99.000 -99.000 -99.000 -99.000 -99.000 -9999.0 -9999.0 -9999.0 -9999.0 -9999.0
