63895 20240101  7.001  -87.71   34.45     5.4     0.6     3.0     2.7     0.0 -9999.00 U -9999.0 -9999.0 -9999.0    84.9    53.2    68.8 -99.000 -99.000 -99.000 -99.000 -99.000 -9999.0 -9999.0 -9999.0 -9999.0 -9999.0
63895 20240102  7.001  -87.71   34.45     8.5    -5.0     1.8     1.4     0.0 -9999.00 U -9999.0 -9999.0 -9999.0    96.5    46.0    73.3 -99.000 -99.000 -99.000 -99.000 -99.000 -9999.0 -9999.0 -9999.0 -9999.0 -9999.0
63895 20240103  7.001  -87.71   34.45     5.3    -5.4    -0.1    -0.5     0.0 -9999.00 U -9999.0 -9999.0 -9999.0    98.0    64.3    87.6 -99.000 -99.000 -99.000 -99.000 -99.000 -9999.0 -9999.0 -9999.0 -9999.0 -9999.0
63895 20240104  7.001  -87.71   34.45     3.9    -7.4    -1.7    -2.0     0.0 -9999.00 U -9999.0 -9999.0 -9999.0    98.3    65.0    87.6 -99.000 -99.000 -99.000 -99.000 -99.000 -9999.0 -9999.0 -9999.0 -9999.0 -9999.0
63895 20240105  7.001  -87.71   34.45     8.9    -8.6     0.2     2.1     6.3 -9999.00 U -9999.0 -9999.0 -9999.0    98.3    52.9    77.0 -99.000 -99.000 -99.000 -99.000 -99.000 -9999.0 -9999.0 -9999.0 -9999.0 -9999.0
63895 20240106  7.001  -87.71   34.45     8.2     3.2     5.7     5.8     3.1 -9999.00 U -9999.0 -9999.0 -9999.0    98.1    89.6    95.3 -99.000 -99.000 -99.000 -99.000 -99.000 -9999.0 -9999.0 -9999.0 -9999.0 -9999.0
63895 20240107  7.001  -87.71   34.45     9.9    -3.6     3.2     3.8     0.5 -9999.00 U -9999.0 -9999.0 -9999.0    99.0    46.3    80.9 -99.000 -99.000 -99.000 -99.000 -99.000 -9999.0 -9999.0 -9999.0 -9999.0 -9999.0
63895 20240108  7.001  -87.71   34.45    12.2    -4.9     3.6     5.4    38.0 -9999.00 U -9999.0 -9999.0 -9999.0    98.7    35.0    71.1 -99.000 -99.000 -99.000 -99.000 -99.000 -9999.0 -9999.0 -9999.0 -9999.0 -9999.0
63895 20240109  7.001  -87.71   34.45    10.6     2.1     6.4     6.4    29.4 -9999.00 U -9999.0 -9999.0 -9999.0    98.6    66.9    83.8 -99.000 -99.000 -99.000 -99.000 -99.000 -9999.0 -9999.0 -9999.0 -9999.0 -9999.0
63895 20240110  7.001  -87.71   34.45     9.6     0.2     4.9     4.3     0.0 -9999.00 U -9999.0 -9999.0 -9999.0    82.9    37.3    62.9 -99.000 -99.000 -99.000 -99.000 -99.000 -9999.0 -9999.0 -9999.0 -9999.0 -9999.0
63895 20240111  7.001  -87.71   34.45    16.9     2.8     9.8     9.9     0.0 -9999.00 U -9999.0 -9999.0 -9999.0    84.3    54.6    66.7 -99.000 -99.000 -99.000 -99.000 -99.000 -9999.0 -9999.0 -9999.0 -9999.0 -9999.0
63895 20240112  7.001  -87.71   34.45    14.5    -1.3     6.6     9.3    20.2 -9999.00 U -9999.0 -9999.0 -9999.0    96.3    62.0    76.0 -99.000 -99.000 -99.000 -99.000 -99.000 -9999.0 -9999.0 -9999.0 -9999.0 -9999.0
63895 20240113  7.001  -87.71   34.45     6.6    -3.6     1.5     0.5     0.0 -9999.00 U -9999.0 -9999.0 -9999.0    86.9    41.9    63.0 -99.000 -99.000 -99.000 -99.000 -99.000 -9999.0 -9999.0 -9999.0 -9999.0 -9999.0
63895 20240114  7.001  -87.71   34.45     2.5    -4.8    -1.2    -1.5     0.0 -9999.00 U -9999.0 -9999.0 -9999.0    91.7    48.6    72.5 -99.000 -99.000 -99.000 -99.000 -99.000 -9999.0 -9999.0 -9999.0 -9999.0 -9999.0
63895 20240115  7.001  -87.71   34.45    -4.3    -9.8    -7.1    -6.4    13.1 -9999.00 U -9999.0 -9999.0 -9999.0    91.7    82.2    88.1 -99.000 -99.000 -99.000 -99.000 -99.000 -9999.0 -9999.0 -9999.0 -9999.0 -9999.0
63895 20240116  7.001  -87.71   34.45    -6.0   -13.7    -9.9   -10.2     0.0 -9999.00 U -9999.0 -9999.0 -9999.0    85.9    53.4    72.7 -99.000 -99.000 -99.000 -99.000 -99.000 -9999.0 -9999.0 -9999.0 -9999.0 -9999.0
63895 20240117  7.001  -87.71   34.45     0.6   -16.3    -7.9    -8.1     0.0 -9999.00 U -9999.0 -9999.0 -9999.0    89.0    25.5    61.2 -99.000 -99.000 -99.000 -99.000 -99.000 -9999.0 -9999.0 -9999.0 -9999.0 -9999.0
63895 20240118  7.001  -87.71   34.45     3.4    -7.6    -2.1    -0.1     4.4 -9999.00 U -9999.0 -9999.0 -9999.0    99.2    44.0    78.5 -99.000 -99.000 -99.000 -99.000 -99.000 -9999.0 -9999.0 -9999.0 -9999.0 -9999.0
63895 20240119  7.001  -87.71   34.45     2.1    -8.9    -3.4    -2.0     0.0 -9999.00 U -9999.0 -9999.0 -9999.0    98.8    55.7    78.3 -99.000 -99.000 -99.000 -99.000 -99.000 -9999.0 -9999.0 -9999.0 -9999.0 -9999.0
63895 20240120  7.001  -87.71   34.45    -5.4   -11.2    -8.3    -9.0     0.0 -9999.00 U -9999.0 -9999.0 -9999.0    79.4    49.8    67.0 -99.000 -99.000 -99.000 -99.000 -99.000 -9999.0 -9999.0 -9999.0 -9999.0 -9999.0
63895 20240121  7.001  -87.71   34.45     0.9   -13.0    -6.0    -6.3     0.0 -9999.00 U -9999.0 -9999.0 -9999.0    84.4    39.9    65.2 -99.000 -99.000 -99.000 -99.000 -99.000 -9999.0 -9999.0 -9999.0 -9999.0 -9999.0
63895 20240122  7.001  -87.71   34.45     9.3    -7.4     1.0     3.6     0.0 -9999.00 U -9999.0 -9999.0 -9999.0    88.2    33.4    58.9 -99.000 -99.000 -99.000 -99.000 -99.000 -9999.0 -9999.0 -9999.0 -9999.0 -9999.0
63895 20240123  7.001  -87.71   34.45    14.3     7.7    11.0    11.3     1.1 -9999.00 U -9999.0 -9999.0 -9999.0    92.1    62.9    80.7 -99.000 -99.000 -99.000 -99.000 -99.000 -9999.0 -9999.0 -9999.0 -9999.0 -9999.0
63895 20240124  7.001  -87.71   34.45    16.3    12.5    14.4    14.5    65.9 -9999.00 U -9999.0 -9999.0 -9999.0   100.0    90.5    96.5 -99.000 -99.000 -99.000 -99.000 -99.000 -9999.0 -9999.0 -9999.0 -9999.0 -9999.0
63895 20240125  7.001  -87.71   34.45    19.4    13.4    16.4    16.1    27.7 -9999.00 U -9999.0 -9999.0 -9999.0   100.0    90.1    96.1 -99.000 -99.000 -99.000 -99.000 -99.000 -9999.0 -9999.0 -9999.0 -9999.0 -9999.0
63895 20240126  7.001  -87.71   34.45    19.0     8.3    13.7    12.9     0.0 -9999.00 U -9999.0 -9999.0 -9999.0   100.0    64.1    91.5 -99.000 -99.000 -99.000 -99.000 -99.000 -9999.0 -9999.0 -9999.0 -9999.0 -9999.0
63895 20240127  7.001  -87.71   34.45    18.4     5.9    12.2    11.1    24.1 -9999.00 U -9999.0 -9999.0 -9999.0   100.0    77.4    91.6 -99.000 -99.000 -99.000 -99.000 -99.000 -9999.0 -9999.0 -9999.0 -9999.0 -9999.0
63895 20240128  7.001  -87.71   34.45     7.9     4.5     6.2     5.9     0.0 -9999.00 U -9999.0 -9999.0 -9999.0    93.9    73.5    84.3 -99.000 -99.000 -99.000 -99.000 -99.000 -9999.0 -9999.0 -9999.0 -9999.0 -9999.0
63895 20240129  7.001  -87.71   34.45    11.2    -2.8     4.2     4.6     0.0 -9999.00 U -9999.0 -9999.0 -9999.0    99.0    55.1    79.2 -99.000 -99.000 -99.000 -99.000 -99.000 -9999.0 -9999.0 -9999.0 -9999.0 -9999.0
63895 20240130  7.001  -87.71   34.45    18.3    -3.9     7.2     6.9     0.0 -9999.00 U -9999.0 -9999.0 -9999.0   100.0    43.5    74.2 -99.000 -99.000 -99.000 -99.000 -99.000 -9999.0 -9999.0 -9999.0 -9999.0 -9999.0
63895 20240131  7.001  -87.71   34.45    11.1    -2.5     4.3     4.4     0.0 -9999.00 U -9999.0 -9999.0 -9999.0    97.8    47.9    77.3 -99.000 -99.000 -99.000 -99.000 -99.000 -9999.0 -9999.0 -9999.0 -9999.0 -9999.0
63895 20240201  7.001  -87.71   34.45    16.6    -4.9     5.8     5.6     0.0 -9999.00 U -9999.0 -9999.0 -9999.0    98.6    34.1    71.7 -99.000 -99.000 -99.000 -99.000 -99.000 -9999.0 -9999.0 -9999.0 -9999.0 -9999.0
63895 20240202  7.001  -87.71   34.45    21.1    -0.8    10.1     9.5     0.0 -9999.00 U -9999.0 -9999.0 -9999.0    98.0    32.2    71.6 -99.000 -99.000 -99.000 -99.000 -99.000 -9999.0 -9999.0 -9999.0 -9999.0 -9999.0
63895 20240203  7.001  -87.71   34.45    20.3     0.8    10.5    11.8     0.0 -9999.00 U -9999.0 -9999.0 -9999.0    99.4    37.6    65.9 -99.000 -99.000 -99.000 -99.000 -99.000 -9999.0 -9999.0 -9999.0 -9999.0 -9999.0
63895 20240204  7.001  -87.71   34.45    13.6     3.4     8.5     7.3    28.5 -9999.00 U -9999.0 -9999.0 -9999.0    99.1    53.1    83.4 -99.000 -99.000 -99.000 -99.000 -99.000 -9999.0 -9999.0 -9999.0 -9999.0 -9999.0
63895 20240205  7.001  -87.71   34.45    17.5     1.6     9.5     9.2     0.0 -9999.00 U -9999.0 -9999.0 -9999.0    99.7    39.7    70.0 -99.000 -99.000 -99.000 -99.000 -99.000 -9999.0 -9999.0 -9999.0 -9999.0 -9999.0
63895 20240206  7.001  -87.71   34.45    18.2    -2.8     7.7     6.6     0.0 -9999.00 U -9999.0 -9999.0 -9999.0    97.9    26.8    68.4 -99.000 -99.000 -99.000 -99.000 -99.000 -9999.0 -9999.0 -9999.0 -9999.0 -9999.0
63895 20240207  7.001  -87.71   34.45    19.7    -3.4     8.2     8.9     0.0 -9999.00 U -9999.0 -9999.0 -9999.0    98.6    25.0    60.0 -99.000 -99.000 -99.000 -99.000 -99.000 -9999.0 -9999.0 -9999.0 -9999.0 -9999.0
63895 20240208  7.001  -87.71   34.45    14.7     7.6    11.1    11.7     0.0 -9999.00 U -9999.0 -9999.0 -9999.0    59.3    42.5    50.3 -99.000 -99.000 -99.000 -99.000 -99.000 -9999.0 -9999.0 -9999.0 -9999.0 -9999.0
63895 20240209  7.001  -87.71   34.45    19.0    12.1    15.5    15.0     1.1 -9999.00 U -9999.0 -9999.0 -9999.0    95.5    54.8    83.0 -99.000 -99.000 -99.000 -99.000 -99.000 -9999.0 -9999.0 -9999.0 -9999.0 -9999.0
63895 20240210  7.001  -87.71   34.45    17.7    11.6    14.6    15.0    39.2 -9999.00 U -9999.0 -9999.0 -9999.0    97.8    89.0    94.1 -99.000 -99.000 -99.000 -99.000 -99.000 -9999.0 -9999.0 -9999.0 -9999.0 -9999.0
63895 20240211  7.001  -87.71   34.45    13.5    10.8    12.1    11.7    20.5 -9999.00 U -9999.0 -9999.0 -9999.0    99.1    88.5    95.8 -99.000 -99.000 -99.000 -99.000 -99.000 -9999.0 -9999.0 -9999.0 -9999.0 -9999.0
63895 20240212  7.001  -87.71   34.45    15.9     2.7     9.3     9.9     7.2 -9999.00 U -9999.0 -9999.0 -9999.0   100.0    87.2    96.0 -99.000 -99.000 -99.000 -99.000 -99.000 -9999.0 -9999.0 -9999.0 -9999.0 -9999.0
63895 20240213  7.001  -87.71   34.45    11.8    -1.2     5.3     4.5     0.0 -9999.00 U -9999.0 -9999.0 -9999.0    97.8    37.8    76.4 -99.000 -99.000 -99.000 -99.000 -99.000 -9999.0 -9999.0 -9999.0 -9999.0 -9999.0
63895 20240214  7.001  -87.71   34.45    18.1    -2.8     7.6     6.8     0.0 -9999.00 U -9999.0 -9999.0 -9999.0    99.3    27.0    69.0 -99.000 -99.000 -99.000 -99.000 -99.000 -9999.0 -9999.0 -9999.0 -9999.0 -9999.0
63895 20240215  7.001  -87.71   34.45    19.5     1.0    10.3    11.1     0.0 -9999.00 U -9999.0 -9999.0 -9999.0    94.7    39.4    65.8 -99.000 -99.000 -99.000 -99.000 -99.000 -9999.0 -9999.0 -9999.0 -9999.0 -9999.0
63895 20240216  7.001  -87.71   34.45    19.3     4.0    11.6    12.1     1.7 -9999.00 U -9999.0 -9999.0 -9999.0    98.5    53.6    79.6 -99.000 -99.000 -99.000 -99.000 -99.000 -9999.0 -9999.0 -9999.0 -9999.0 -9999.0
63895 20240217  7.001  -87.71   34.45     4.8    -1.3     1.7     1.3     0.0 -9999.00 U -9999.0 -9999.0 -9999.0    89.8    42.0    62.0 -99.000 -99.000 -99.000 -99.000 -99.000 -9999.0 -9999.0 -9999.0 -9999.0 -9999.0
63895 20240218  7.001  -87.71   34.45     9.9    -6.4     1.8     1.0     0.0 -9999.00 U -9999.0 -9999.0 -9999.0    84.0    23.1    51.3 -99.000 -99.000 -99.000 -99.000 -99.000 -9999.0 -9999.0 -9999.0 -9999.0 -9999.0
63895 20240219  7.001  -87.71   34.45    14.7    -7.2     3.8     3.0     0.0 -9999.00 U -9999.0 -9999.0 -9999.0    94.4    20.1    58.8 -99.000 -99.000 -99.000 -99.000 -99.000 -9999.0 -9999.0 -9999.0 -9999.0 -9999.0
63895 20240220  7.001  -87.71   34.45    17.7    -0.8     8.5     7.6     0.0 -9999.00 U -9999.0 -9999.0 -9999.0    92.1    23.9    60.6 -99.000 -99.000 -99.000 -99.000 -99.000 -9999.0 -9999.0 -9999.0 -9999.0 -9999.0
63895 20240221  7.001  -87.71   34.45    21.7     0.1    10.9    12.7     0.0 -9999.00 U -9999.0 -9999.0 -9999.0    96.1    34.7    60.2 -99.000 -99.000 -99.000 -99.000 -99.000 -9999.0 -9999.0 -9999.0 -9999.0 -9999.0
63895 20240222  7.001  -87.71   34.45    17.0    11.4    14.2    14.9     5.0 -9999.00 U -9999.0 -9999.0 -9999.0    93.9    65.8    75.2 -99.000 -99.000 -99.000 -99.000 -99.000 -9999.0 -9999.0 -9999.0 -9999.0 -9999.0
63895 20240223  7.001  -87.71   34.45    20.0     3.7    11.9    12.2     1.2 -9999.00 U -9999.0 -9999.0 -9999.0    99.9    31.6    67.3 -99.000 -99.000 -99.000 -99.000 -99.000 -9999.0 -9999.0 -9999.0 -9999.0 -9999.0
63895 20240224  7.001  -87.71   34.45    16.7    -1.5     7.6     9.2     0.0 -9999.00 U -9999.0 -9999.0 -9999.0    92.1    31.9    55.3 -99.000 -99.000 -99.000 -99.000 -99.000 -9999.0 -9999.0 -9999.0 -9999.0 -9999.0
63895 20240225  7.001  -87.71   34.45    21.2    -3.0     9.1    10.7     0.0 -9999.00 U -9999.0 -9999.0 -9999.0    96.5    24.2    53.1 -99.000 -99.000 -99.000 -99.000 -99.000 -9999.0 -9999.0 -9999.0 -9999.0 -9999.0
63895 20240226  7.001  -87.71   34.45    22.9    10.1    16.5    16.8     0.0 -9999.00 U -9999.0 -9999.0 -9999.0    68.5    43.0    57.4 -99.000 -99.000 -99.000 -99.000 -99.000 -9999.0 -9999.0 -9999.0 -9999.0 -9999.0
63895 20240227  7.001  -87.71   34.45    24.1    16.4    20.3    20.0     0.0 -9999.00 U -9999.0 -9999.0 -9999.0    83.3    53.2    68.7   0.212   0.165   0.177   0.123 -99.000    15.4    14.5    13.2    11.4 -9999.0
63895 20240228  7.001  -87.71   34.45    21.3     2.0    11.6    12.4     7.2 -9999.00 U -9999.0 -9999.0 -9999.0    93.7    24.8    62.7   0.211   0.164   0.175   0.122 -99.000    13.9    14.3    14.0    12.2 -9999.0
63895 20240229  7.001  -87.71   34.45     8.2    -0.9     3.6     4.5     0.0 -9999.00 U -9999.0 -9999.0 -9999.0    77.7    31.7    48.7   0.217   0.168   0.175   0.121 -99.000     7.7     8.9    10.6    12.2 -9999.0
63895 20240301  7.001  -87.71   34.45    11.2     5.1     8.2     8.1    12.7 -9999.00 U -9999.0 -9999.0 -9999.0    99.0    47.9    88.6   0.272   0.216   0.219   0.153 -99.000     8.6     8.9     9.6    11.3 -9999.0
63895 20240302  7.001  -87.71   34.45    19.0     5.3    12.2    11.5     0.2 -9999.00 U -9999.0 -9999.0 -9999.0    99.7    53.1    86.5   0.274   0.214   0.219   0.150 -99.000    12.2    11.6    10.8    11.0 -9999.0
63895 20240303  7.001  -87.71   34.45    20.4     5.1    12.8    14.4     0.0 -9999.00 U -9999.0 -9999.0 -9999.0   100.0    74.6    92.0   0.257   0.198   0.201   0.139 -99.000    12.6    12.2    11.8    11.4 -9999.0
63895 20240304  7.001  -87.71   34.45    23.2    13.4    18.3    17.2     0.0 -9999.00 U -9999.0 -9999.0 -9999.0    99.3    63.2    88.1   0.251   0.192   0.197   0.133 -99.000    14.4    13.9    13.1    11.8 -9999.0
63895 20240305  7.001  -87.71   34.45    20.3    14.5    17.4    16.9    36.2 -9999.00 U -9999.0 -9999.0 -9999.0    99.1    78.3    92.3 -99.000 -99.000 -99.000 -99.000 -99.000    15.7    15.2    14.4    12.9 -9999.0
63895 20240306  7.001  -87.71   34.45    20.6     8.0    14.3    15.2     3.4 -9999.00 U -9999.0 -9999.0 -9999.0   100.0    62.8    88.6 -99.000 -99.000 -99.000 -99.000 -99.000    15.7    15.6    15.2    14.4 -9999.0
63895 20240307  7.001  -87.71   34.45    21.8     5.0    13.4    13.8     0.0 -9999.00 U -9999.0 -9999.0 -9999.0   100.0    55.9    84.3   0.280   0.213   0.216   0.164 -99.000    15.1    14.9    14.7    13.8 -9999.0
63895 20240308  7.001  -87.71   34.45    18.1    13.6    15.9    15.4     5.5 -9999.00 U -9999.0 -9999.0 -9999.0    98.8    59.6    81.0   0.280   0.215   0.213   0.143 -99.000    14.8    15.0    15.0    13.9 -9999.0
63895 20240309  7.001  -87.71   34.45    14.4     3.4     8.9    11.1     2.0 -9999.00 U -9999.0 -9999.0 -9999.0    99.5    78.2    89.9   0.294   0.228   0.233   0.154 -99.000    14.1    14.4    14.4    14.0 -9999.0
63895 20240310  7.001  -87.71   34.45    14.9    -0.7     7.1     6.5     0.0 -9999.00 U -9999.0 -9999.0 -9999.0   100.0    21.9    63.8   0.269   0.205   0.208   0.142 -99.000    11.1    11.8    12.7    13.7 -9999.0
63895 20240311  7.001  -87.71   34.45    17.3    -3.4     6.9     6.5     0.0 -9999.00 U -9999.0 -9999.0 -9999.0    97.5    18.5    60.3   0.255   0.194   0.201   0.135 -99.000    11.0    11.3    11.9    13.1 -9999.0
63895 20240312  7.001  -87.71   34.45    22.0    -1.5    10.3    11.2     0.0 -9999.00 U -9999.0 -9999.0 -9999.0    97.6    22.1    55.5   0.242   0.185   0.195   0.131 -99.000    12.4    12.3    12.2    12.8 -9999.0
63895 20240313  7.001  -87.71   34.45    23.3     7.8    15.5    16.2     0.0 -9999.00 U -9999.0 -9999.0 -9999.0    85.1    47.8    64.1   0.227   0.177   0.191   0.129 -99.000    14.2    13.8    13.2    12.8 -9999.0
63895 20240314  7.001  -87.71   34.45    28.0    14.3    21.2    20.5     8.1 -9999.00 U -9999.0 -9999.0 -9999.0    98.3    46.1    72.5   0.207   0.171   0.188   0.129 -99.000    17.3    16.3    14.9    13.2 -9999.0
63895 20240315  7.001  -87.71   34.45    21.1    12.2    16.6    16.7    35.2 -9999.00 U -9999.0 -9999.0 -9999.0    99.1    80.9    92.7 -99.000 -99.000 -99.000 -99.000 -99.000    17.2    17.0    16.7    15.5 -9999.0
63895 20240316  7.001  -87.71   34.45    17.2     8.1    12.6    11.9     0.0 -9999.00 U -9999.0 -9999.0 -9999.0    98.9    54.8    86.1   0.298   0.227   0.229 -99.000 -99.000    15.6    15.8    15.8    15.2 -9999.0
63895 20240317  7.001  -87.71   34.45    17.4     7.3    12.3    12.6     1.8 -9999.00 U -9999.0 -9999.0 -9999.0    98.6    49.8    77.0   0.290   0.219   0.216   0.147 -99.000    14.7    14.9    15.0    14.8 -9999.0
63895 20240318  7.001  -87.71   34.45    10.0    -2.7     3.6     5.4     0.0 -9999.00 U -9999.0 -9999.0 -9999.0    91.4    30.6    55.0   0.271   0.204   0.207   0.139 -99.000    12.1    13.0    13.9    14.5 -9999.0
63895 20240319  7.001  -87.71   34.45    14.2    -5.5     4.3     5.4     0.0 -9999.00 U -9999.0 -9999.0 -9999.0    95.4    22.6    53.2   0.257   0.194   0.201   0.134 -99.000    10.8    11.3    12.2    13.9 -9999.0
63895 20240320  7.001  -87.71   34.45    23.6     7.1    15.4    14.8     0.0 -9999.00 U -9999.0 -9999.0 -9999.0    72.9    28.9    46.0   0.240   0.185   0.197   0.132 -99.000    13.9    13.4    13.0    13.4 -9999.0
63895 20240321  7.001  -87.71   34.45    23.4     3.8    13.6    14.6     0.0 -9999.00 U -9999.0 -9999.0 -9999.0    95.1    30.5    60.2   0.212   0.177   0.192   0.130 -99.000    15.1    14.7    14.2    13.6 -9999.0
63895 20240322  7.001  -87.71   34.45    18.5     9.0    13.7    13.4    20.3 -9999.00 U -9999.0 -9999.0 -9999.0    97.5    48.0    82.9   0.220   0.190   0.208   0.136 -99.000    14.3    14.5    14.5    13.9 -9999.0
63895 20240323  7.001  -87.71   34.45    16.5     5.4    10.9    12.0     0.3 -9999.00 U -9999.0 -9999.0 -9999.0    97.1    30.9    64.1   0.296   0.229   0.237   0.171 -99.000    14.3    14.4    14.3    14.0 -9999.0
63895 20240324  7.001  -87.71   34.45    20.4     2.6    11.5    12.5     0.0 -9999.00 U -9999.0 -9999.0 -9999.0    88.9    33.7    53.8   0.267   0.203   0.209   0.142 -99.000    13.2    13.2    13.5    13.9 -9999.0
63895 20240325  7.001  -87.71   34.45    21.4    12.7    17.0    16.7     5.9 -9999.00 U -9999.0 -9999.0 -9999.0    90.5    51.9    60.6   0.246   0.191   0.201   0.135 -99.000    15.1    14.7    14.2    13.9 -9999.0
63895 20240326  7.001  -87.71   34.45    20.3     7.7    14.0    14.3    50.7 -9999.00 U -9999.0 -9999.0 -9999.0    98.6    45.2    81.4 -99.000 -99.000 -99.000 -99.000 -99.000    15.4    15.2    14.8    14.3 -9999.0
63895 20240327  7.001  -87.71   34.45    16.4     3.8    10.1    10.1     0.0 -9999.00 U -9999.0 -9999.0 -9999.0    97.1    36.0    63.8   0.303   0.225   0.224   0.178 -99.000    13.5    13.9    14.3    14.3 -9999.0
63895 20240328  7.001  -87.71   34.45    18.2     2.8    10.5    10.2     0.0 -9999.00 U -9999.0 -9999.0 -9999.0    86.6    22.3    51.5   0.276   0.206   0.209   0.143 -99.000    13.4    13.5    13.7    14.1 -9999.0
63895 20240329  7.001  -87.71   34.45    22.7    -0.1    11.3    12.8     0.0 -9999.00 U -9999.0 -9999.0 -9999.0    96.9    19.9    51.6   0.250   0.192   0.200   0.136 -99.000    14.4    14.2    13.9    14.0 -9999.0
63895 20240330  7.001  -87.71   34.45    25.0    10.3    17.7    17.9     0.0 -9999.00 U -9999.0 -9999.0 -9999.0    75.2    36.2    53.4   0.211   0.180   0.195   0.132 -99.000    17.0    16.3    15.2    14.1 -9999.0
63895 20240331  7.001  -87.71   34.45    24.7    13.2    18.9    19.5     0.0 -9999.00 U -9999.0 -9999.0 -9999.0    87.1    52.7    70.5   0.173   0.166   0.189   0.130 -99.000    17.7    17.1    16.3    14.7 -9999.0
63895 20240401  7.001  -87.71   34.45    23.6    18.4    21.0    20.8     0.0 -9999.00 U -9999.0 -9999.0 -9999.0    90.8    71.6    82.3   0.154   0.153   0.185   0.129 -99.000    18.4    17.9    17.0    15.2 -9999.0
63895 20240402  7.001  -87.71   34.45    25.1    12.1    18.6    21.2     1.0 -9999.00 U -9999.0 -9999.0 -9999.0    92.1    62.3    79.0   0.143   0.137   0.180   0.128 -99.000    19.0    18.5    17.6    15.6 -9999.0
63895 20240403  7.001  -87.71   34.45    15.8     4.3    10.1    10.5     0.0 -9999.00 U -9999.0 -9999.0 -9999.0    87.4    28.9    54.8   0.133   0.119   0.176   0.127 -99.000    16.1    16.5    16.7    15.9 -9999.0
63895 20240404  7.001  -87.71   34.45    17.3     2.0     9.7    10.0     0.0 -9999.00 U -9999.0 -9999.0 -9999.0    89.7    26.7    51.3   0.124   0.103   0.169   0.125 -99.000    15.1    15.3    15.5    15.6 -9999.0
63895 20240405  7.001  -87.71   34.45    16.1    -1.3     7.4     8.0     0.0 -9999.00 U -9999.0 -9999.0 -9999.0    97.9    37.4    65.6   0.116   0.092   0.158   0.124 -99.000    15.0    15.1    15.2    15.3 -9999.0
63895 20240406  7.001  -87.71   34.45    17.1    -1.3     7.9     8.3     0.0 -9999.00 U -9999.0 -9999.0 -9999.0    97.3    31.1    66.1   0.110   0.086   0.140   0.123 -99.000    14.4    14.6    14.9    15.1 -9999.0
63895 20240407  7.001  -87.71   34.45    26.1     2.1    14.1    16.2     0.0 -9999.00 U -9999.0 -9999.0 -9999.0    94.9    30.4    55.3   0.106   0.080   0.123   0.122 -99.000    15.9    15.4    15.0    14.9 -9999.0
63895 20240408  7.001  -87.71   34.45    23.3    14.6    18.9    17.8     3.4 -9999.00 U -9999.0 -9999.0 -9999.0    92.9    55.1    77.8   0.101   0.077   0.110   0.121 -99.000    17.4    17.0    16.3    15.1 -9999.0
63895 20240409  7.001  -87.71   34.45    16.6    12.4    14.5    14.8    46.8 -9999.00 U -9999.0 -9999.0 -9999.0    98.1    81.7    94.2   0.246 -99.000 -99.000 -99.000 -99.000    15.2    15.4    15.6    15.4 -9999.0
63895 20240410  7.001  -87.71   34.45    19.5    13.0    16.3    17.0     7.7 -9999.00 U -9999.0 -9999.0 -9999.0    96.6    78.7    89.9   0.360   0.294 -99.000 -99.000 -99.000    16.6    16.4    16.2    15.5 -9999.0
63895 20240411  7.001  -87.71   34.45    19.3     9.8    14.6    14.7    12.4 -9999.00 U -9999.0 -9999.0 -9999.0    97.6    66.1    86.8   0.341   0.276 -99.000 -99.000 -99.000    16.2    16.3    16.4    15.9 -9999.0
63895 20240412  7.001  -87.71   34.45    20.6     4.8    12.7    12.9     0.0 -9999.00 U -9999.0 -9999.0 -9999.0    90.5    20.2    54.7   0.286   0.228   0.232   0.191 -99.000    15.0    15.2    15.4    15.7 -9999.0
63895 20240413  7.001  -87.71   34.45    26.2     3.1    14.6    15.9     0.0 -9999.00 U -9999.0 -9999.0 -9999.0    97.2    25.4    57.5   0.249   0.201   0.208   0.146 -99.000    16.6    16.1    15.6    15.4 -9999.0
63895 20240414  7.001  -87.71   34.45    28.1    10.5    19.3    20.6     0.0 -9999.00 U -9999.0 -9999.0 -9999.0    86.7    25.9    50.9   0.215   0.185   0.196   0.139 -99.000    18.4    17.8    16.9    15.6 -9999.0
63895 20240415  7.001  -87.71   34.45    27.9    15.2    21.5    20.8     0.0 -9999.00 U -9999.0 -9999.0 -9999.0    86.6    39.9    63.3   0.173   0.167   0.185   0.135 -99.000    20.2    19.4    18.1    16.1 -9999.0
63895 20240416  7.001  -87.71   34.45    26.5    16.4    21.5    21.5     0.0 -9999.00 U -9999.0 -9999.0 -9999.0    90.9    46.5    68.6   0.141   0.140   0.173   0.132 -99.000    20.8    20.1    19.0    16.7 -9999.0
63895 20240417  7.001  -87.71   34.45    22.5    18.2    20.3    19.9     6.3 -9999.00 U -9999.0 -9999.0 -9999.0    98.5    63.9    88.1   0.128   0.120   0.162   0.131 -99.000    20.0    19.7    19.0    17.2 -9999.0
63895 20240418  7.001  -87.71   34.45    25.1    18.5    21.8    20.9     0.3 -9999.00 U -9999.0 -9999.0 -9999.0    99.2    72.0    89.3   0.127   0.121   0.156   0.129 -99.000    21.1    20.4    19.4    17.4 -9999.0
63895 20240419  7.001  -87.71   34.45    22.6    14.8    18.7    18.8    25.5 -9999.00 U -9999.0 -9999.0 -9999.0    99.3    82.7    91.9   0.261   0.221   0.239 -99.000 -99.000    20.0    19.8    19.3    18.1 -9999.0
63895 20240420  7.001  -87.71   34.45    16.2     9.8    13.0    13.2     3.0 -9999.00 U -9999.0 -9999.0 -9999.0    96.7    51.2    78.7   0.261   0.219   0.222   0.153 -99.000    17.6    18.1    18.5    18.0 -9999.0
63895 20240421  7.001  -87.71   34.45    16.6     3.0     9.8    10.9     0.0 -9999.00 U -9999.0 -9999.0 -9999.0    93.7    38.4    59.8   0.258   0.217   0.216   0.143 -99.000    16.1    16.6    17.2    17.6 -9999.0
63895 20240422  7.001  -87.71   34.45    18.1     0.1     9.1     9.2     0.0 -9999.00 U -9999.0 -9999.0 -9999.0    98.9    26.8    67.1   0.234   0.199   0.204   0.137 -99.000    16.0    16.1    16.4    17.1 -9999.0
63895 20240423  7.001  -87.71   34.45    23.2     1.9    12.6    13.9     0.0 -9999.00 U -9999.0 -9999.0 -9999.0    98.8    29.6    60.5   0.209   0.187   0.194   0.134 -99.000    17.0    16.9    16.7    16.8 -9999.0
63895 20240424  7.001  -87.71   34.45    25.3     9.0    17.1    17.8     0.0 -9999.00 U -9999.0 -9999.0 -9999.0    95.4    27.1    59.5   0.175   0.172   0.183   0.130 -99.000    19.4    18.7    17.8    16.8 -9999.0
63895 20240425  7.001  -87.71   34.45    21.2     5.7    13.5    14.3     0.2 -9999.00 U -9999.0 -9999.0 -9999.0    98.8    40.4    78.4   0.150   0.163   0.176   0.130 -99.000    18.0    18.1    18.0    17.1 -9999.0
63895 20240426  7.001  -87.71   34.45    27.8    11.2    19.5    20.9     0.0 -9999.00 U -9999.0 -9999.0 -9999.0    98.4    47.6    66.9   0.141   0.159   0.170   0.128 -99.000    19.8    19.1    18.2    17.2 -9999.0
63895 20240427  7.001  -87.71   34.45    27.5    15.4    21.4    22.0     0.0 -9999.00 U -9999.0 -9999.0 -9999.0    87.9    52.7    67.1   0.130   0.147   0.157   0.127 -99.000    21.6    20.8    19.6    17.5 -9999.0
63895 20240428  7.001  -87.71   34.45    25.6    16.8    21.2    20.9     0.0 -9999.00 U -9999.0 -9999.0 -9999.0    94.0    59.9    76.0   0.123   0.135   0.140   0.126 -99.000    21.2    20.8    20.0    18.0 -9999.0
63895 20240429  7.001  -87.71   34.45    24.4    15.4    19.9    20.3    38.8 -9999.00 U -9999.0 -9999.0 -9999.0    97.9    60.0    78.5   0.138   0.127   0.127   0.143 -99.000    20.5    20.2    19.7    18.3 -9999.0
63895 20240430  7.001  -87.71   34.45    25.8    13.5    19.7    20.0    13.5 -9999.00 U -9999.0 -9999.0 -9999.0    99.4    50.1    83.1   0.344 -99.000 -99.000   0.382 -99.000    22.6    21.7    20.3    18.9 -9999.0
63895 20240501  7.001  -87.71   34.45    27.9    11.3    19.6    19.9     0.0 -9999.00 U -9999.0 -9999.0 -9999.0   100.0    39.5    76.7   0.264   0.235   0.221   0.151 -99.000    22.7    22.2    21.2    19.1 -9999.0
63895 20240502  7.001  -87.71   34.45    28.5    11.5    20.0    21.3     0.0 -9999.00 U -9999.0 -9999.0 -9999.0   100.0    43.3    76.0   0.237   0.213   0.203   0.141 -99.000    22.4    22.0    21.3    19.4 -9999.0
63895 20240503  7.001  -87.71   34.45    26.0    18.8    22.4    21.5     9.8 -9999.00 U -9999.0 -9999.0 -9999.0    98.9    71.6    90.3   0.268   0.237   0.211   0.137 -99.000    23.2    22.7    21.8    19.7 -9999.0
63895 20240504  7.001  -87.71   34.45    26.5    16.3    21.4    20.6     0.0 -9999.00 U -9999.0 -9999.0 -9999.0   100.0    64.1    87.6   0.262   0.233   0.214   0.136 -99.000    23.0    22.6    21.9    19.9 -9999.0
63895 20240505  7.001  -87.71   34.45    28.8    13.6    21.2    20.4    18.3 -9999.00 U -9999.0 -9999.0 -9999.0   100.0    52.5    87.7   0.265   0.236   0.225   0.160 -99.000    23.2    22.8    22.2    20.3 -9999.0
63895 20240506  7.001  -87.71   34.45    28.1    16.4    22.2    21.9    11.1 -9999.00 U -9999.0 -9999.0 -9999.0    99.0    55.5    84.5   0.291   0.263   0.251 -99.000 -99.000    23.3    22.8    22.0    20.8 -9999.0
63895 20240507  7.001  -87.71   34.45    27.7    20.6    24.2    23.4     1.8 -9999.00 U -9999.0 -9999.0 -9999.0    95.5    71.9    87.6   0.261   0.233   0.218   0.155 -99.000    23.3    23.0    22.5    20.8 -9999.0
63895 20240508  7.001  -87.71   34.45    28.1    21.9    25.0    25.0     0.0 -9999.00 U -9999.0 -9999.0 -9999.0    96.3    70.1    84.6   0.254   0.225   0.209   0.145 -99.000    24.4    23.8    22.9    20.9 -9999.0
63895 20240509  7.001  -87.71   34.45    29.1    17.8    23.5    23.0    30.5 -9999.00 U -9999.0 -9999.0 -9999.0    99.0    53.2    84.2 -99.000 -99.000 -99.000 -99.000 -99.000    25.5    24.7    23.4    21.3 -9999.0
63895 20240510  7.001  -87.71   34.45    24.3    10.6    17.5    18.7     0.0 -9999.00 U -9999.0 -9999.0 -9999.0    99.7    51.4    76.0   0.273   0.236   0.222   0.160 -99.000    24.2    24.2    23.7    21.7 -9999.0
63895 20240511  7.001  -87.71   34.45    25.2     8.5    16.9    17.0     0.0 -9999.00 U -9999.0 -9999.0 -9999.0    99.5    45.0    76.1   0.250   0.220   0.207   0.145 -99.000    23.3    23.0    22.6    21.6 -9999.0
63895 20240512  7.001  -87.71   34.45    25.4    10.2    17.8    18.2     0.0 -9999.00 U -9999.0 -9999.0 -9999.0    99.0    35.1    75.1   0.227   0.208   0.198   0.139 -99.000    23.6    23.2    22.6    21.4 -9999.0
63895 20240513  7.001  -87.71   34.45    21.1    16.6    18.8    18.1     2.3 -9999.00 U -9999.0 -9999.0 -9999.0    98.5    81.1    89.1   0.210   0.200   0.192   0.136 -99.000    21.2    21.6    22.0    21.3 -9999.0
63895 20240514  7.001  -87.71   34.45    24.8    15.7    20.3    19.4    14.9 -9999.00 U -9999.0 -9999.0 -9999.0    99.8    68.0    88.2   0.217   0.201   0.187   0.134 -99.000    21.9    21.7    21.4    20.9 -9999.0
63895 20240515  7.001  -87.71   34.45    24.8    14.9    19.9    19.3     0.0 -9999.00 U -9999.0 -9999.0 -9999.0    99.9    59.7    87.1   0.272   0.239   0.190   0.137 -99.000    22.6    22.2    21.6    20.8 -9999.0
63895 20240516  7.001  -87.71   34.45    27.1    12.2    19.6    20.3     0.0 -9999.00 U -9999.0 -9999.0 -9999.0   100.0    50.9    80.5   0.250   0.223   0.193   0.135 -99.000    24.2    23.4    22.3    20.9 -9999.0
63895 20240517  7.001  -87.71   34.45    22.3    18.4    20.3    19.9     2.7 -9999.00 U -9999.0 -9999.0 -9999.0    99.7    78.7    94.8   0.235   0.213   0.191   0.134 -99.000    22.5    22.6    22.6    21.1 -9999.0
63895 20240518  7.001  -87.71   34.45    22.1    16.3    19.2    20.1     8.2 -9999.00 U -9999.0 -9999.0 -9999.0    99.9    83.0    94.6   0.261   0.232   0.207   0.134 -99.000    22.6    22.5    22.1    21.1 -9999.0
63895 20240519  7.001  -87.71   34.45    28.3    14.5    21.4    21.4     0.0 -9999.00 U -9999.0 -9999.0 -9999.0   100.0    46.3    80.5   0.274   0.242   0.220   0.134 -99.000    24.1    23.4    22.4    21.1 -9999.0
63895 20240520  7.001  -87.71   34.45    29.9    14.4    22.1    22.4     0.0 -9999.00 U -9999.0 -9999.0 -9999.0   100.0    51.5    80.8   0.251   0.224   0.206   0.133 -99.000    25.0    24.4    23.3    21.3 -9999.0
63895 20240521  7.001  -87.71   34.45    29.4    17.0    23.2    23.5     0.0 -9999.00 U -9999.0 -9999.0 -9999.0    96.8    50.7    72.0   0.230   0.211   0.195   0.132 -99.000    25.9    25.1    23.9    21.7 -9999.0
63895 20240522  7.001  -87.71   34.45    28.9    19.2    24.1    23.6     0.0 -9999.00 U -9999.0 -9999.0 -9999.0    94.1    59.0    77.4   0.204   0.199   0.186   0.131 -99.000    25.5    25.0    24.1    21.9 -9999.0
63895 20240523  7.001  -87.71   34.45    27.0    18.8    22.9    23.1     0.0 -9999.00 U -9999.0 -9999.0 -9999.0    97.3    60.4    80.2   0.189   0.190   0.180   0.129 -99.000    25.4    24.9    24.1    22.1 -9999.0
63895 20240524  7.001  -87.71   34.45    26.8    17.8    22.3    21.5    28.8 -9999.00 U -9999.0 -9999.0 -9999.0    99.5    66.8    90.9   0.260   0.239   0.233   0.166 -99.000    23.6    23.5    23.1    22.2 -9999.0
63895 20240525  7.001  -87.71   34.45    30.0    20.6    25.3    24.7     3.8 -9999.00 U -9999.0 -9999.0 -9999.0    98.2    54.0    82.3   0.301   0.258   0.242   0.160 -99.000    26.0    25.2    23.9    22.1 -9999.0
63895 20240526  7.001  -87.71   34.45    29.8    21.1    25.4    25.6     0.0 -9999.00 U -9999.0 -9999.0 -9999.0    98.5    58.3    78.4   0.276   0.235   0.217   0.149 -99.000    26.2    25.7    24.7    22.5 -9999.0
63895 20240527  7.001  -87.71   34.45    29.5    18.6    24.1    23.6    50.0 -9999.00 U -9999.0 -9999.0 -9999.0    99.3    49.9    81.6 -99.000 -99.000 -99.000 -99.000 -99.000    26.2    25.4    24.3    23.1 -9999.0
63895 20240528  7.001  -87.71   34.45    28.7    15.2    21.9    21.9     0.0 -9999.00 U -9999.0 -9999.0 -9999.0   100.0    39.0    74.9   0.291   0.244   0.220   0.154 -99.000    26.3    25.9    25.1    23.2 -9999.0
63895 20240529  7.001  -87.71   34.45    27.9    12.9    20.4    21.0     0.0 -9999.00 U -9999.0 -9999.0 -9999.0    99.3    32.9    69.9   0.273   0.231   0.209   0.145 -99.000    26.4    25.8    25.0    23.3 -9999.0
63895 20240530  7.001  -87.71   34.45    26.6    14.3    20.5    20.3     0.0 -9999.00 U -9999.0 -9999.0 -9999.0    97.5    44.2    69.1   0.254   0.221   0.202   0.141 -99.000    26.3    25.8    25.0    23.3 -9999.0
63895 20240531  7.001  -87.71   34.45    27.6    14.8    21.2    21.7     0.3 -9999.00 U -9999.0 -9999.0 -9999.0    97.7    51.4    72.8   0.231   0.212   0.196   0.137 -99.000    25.2    25.0    24.6    23.2 -9999.0
63895 20240601  7.001  -87.71   34.45    21.6    17.4    19.5    19.4    21.1 -9999.00 U -9999.0 -9999.0 -9999.0    96.9    89.5    93.9   0.313   0.271   0.251   0.161 -99.000    21.7    22.2    22.9    23.0 -9999.0
63895 20240602  7.001  -87.71   34.45    28.0    19.3    23.7    23.0     4.3 -9999.00 U -9999.0 -9999.0 -9999.0    98.9    59.6    87.0   0.316   0.267   0.243   0.159 -99.000    24.6    23.9    23.0    22.5 -9999.0
63895 20240603  7.001  -87.71   34.45    28.3    19.2    23.8    23.2     0.0 -9999.00 U -9999.0 -9999.0 -9999.0    99.0    68.5    89.1   0.294   0.247   0.223   0.151 -99.000    25.2    24.8    24.1    22.6 -9999.0
63895 20240604  7.001  -87.71   34.45    28.1    20.9    24.5    23.7     0.0 -9999.00 U -9999.0 -9999.0 -9999.0    95.6    62.6    81.9   0.278   0.235   0.213   0.143 -99.000    25.7    25.2    24.4    22.8 -9999.0
63895 20240605  7.001  -87.71   34.45    29.4    19.5    24.4    23.6    14.9 -9999.00 U -9999.0 -9999.0 -9999.0    98.0    59.8    84.7   0.280   0.239   0.220   0.148 -99.000    26.4    25.8    24.9    23.0 -9999.0
63895 20240606  7.001  -87.71   34.45    28.7    19.4    24.0    23.0     0.0 -9999.00 U -9999.0 -9999.0 -9999.0    99.4    57.4    86.9   0.312   0.264   0.241   0.164 -99.000    26.2    25.7    24.9    23.3 -9999.0
63895 20240607  7.001  -87.71   34.45    28.3    13.5    20.9    21.7     0.0 -9999.00 U -9999.0 -9999.0 -9999.0   100.0    30.7    69.7   0.286   0.241   0.220   0.148 -99.000    26.9    26.3    25.3    23.3 -9999.0
63895 20240608  7.001  -87.71   34.45    28.5    11.8    20.2    21.2     0.0 -9999.00 U -9999.0 -9999.0 -9999.0    99.3    37.5    74.6   0.266   0.229   0.211   0.142 -99.000    25.6    25.3    24.8    23.4 -9999.0
63895 20240609  7.001  -87.71   34.45    31.2    19.4    25.3    25.4     0.0 -9999.00 U -9999.0 -9999.0 -9999.0    93.0    59.4    73.9   0.244   0.218   0.205   0.139 -99.000    28.0    26.9    25.5    23.4 -9999.0
63895 20240610  7.001  -87.71   34.45    27.7    14.2    21.0    21.3     0.0 -9999.00 U -9999.0 -9999.0 -9999.0    98.0    38.2    69.4   0.212   0.205   0.198   0.137 -99.000    28.5    27.7    26.3    23.7 -9999.0
63895 20240611  7.001  -87.71   34.45    25.7    11.9    18.8    18.8     0.0 -9999.00 U -9999.0 -9999.0 -9999.0   100.0    39.0    72.0   0.175   0.191   0.189   0.134 -99.000    27.0    26.5    25.7    23.9 -9999.0
63895 20240612  7.001  -87.71   34.45    28.1    10.4    19.2    19.5     0.0 -9999.00 U -9999.0 -9999.0 -9999.0    99.9    43.2    77.2   0.149   0.177   0.179   0.132 -99.000    26.1    25.6    25.0    23.7 -9999.0
63895 20240613  7.001  -87.71   34.45    31.2    13.1    22.1    22.6     0.0 -9999.00 U -9999.0 -9999.0 -9999.0   100.0    39.5    75.7   0.131   0.164   0.170   0.130 -99.000    27.6    26.6    25.3    23.5 -9999.0
63895 20240614  7.001  -87.71   34.45    32.5    16.4    24.5    24.8     0.0 -9999.00 U -9999.0 -9999.0 -9999.0    99.9    43.5    76.4   0.117   0.152   0.158   0.128 -99.000    29.2    28.0    26.3    23.7 -9999.0
63895 20240615  7.001  -87.71   34.45    33.6    18.1    25.9    25.9     0.0 -9999.00 U -9999.0 -9999.0 -9999.0    99.5    43.5    76.7   0.104   0.140   0.140   0.125 -99.000    30.4    29.1    27.3    24.1 -9999.0
63895 20240616  7.001  -87.71   34.45    34.4    20.7    27.6    27.6     0.0 -9999.00 U -9999.0 -9999.0 -9999.0    99.6    46.5    74.0   0.091   0.128   0.123   0.124 -99.000    30.8    29.6    27.9    24.6 -9999.0
63895 20240617  7.001  -87.71   34.45    32.6    22.1    27.3    26.1     0.0 -9999.00 U -9999.0 -9999.0 -9999.0    94.8    55.4    79.3   0.082   0.119   0.112   0.121 -99.000    30.1    29.2    27.9    25.0 -9999.0
63895 20240618  7.001  -87.71   34.45    30.1    21.6    25.9    25.7     0.0 -9999.00 U -9999.0 -9999.0 -9999.0    96.6    53.2    72.7   0.075   0.112   0.105   0.118 -99.000    29.2    28.4    27.4    25.1 -9999.0
63895 20240619  7.001  -87.71   34.45    29.4    18.1    23.7    24.4     0.0 -9999.00 U -9999.0 -9999.0 -9999.0    97.9    47.8    70.3   0.071   0.109   0.101   0.115 -99.000    28.6    27.9    27.0    25.1 -9999.0
63895 20240620  7.001  -87.71   34.45    32.9    15.9    24.4    24.7     0.0 -9999.00 U -9999.0 -9999.0 -9999.0    99.6    40.9    71.7   0.067   0.105   0.098   0.113 -99.000    29.4    28.2    26.9    25.0 -9999.0
63895 20240621  7.001  -87.71   34.45    33.6    17.1    25.3    25.5     0.0 -9999.00 U -9999.0 -9999.0 -9999.0    99.0    40.0    70.9   0.060   0.100   0.096   0.110 -99.000    30.0    28.8    27.4    25.0 -9999.0
63895 20240622  7.001  -87.71   34.45    34.5    18.1    26.3    26.2     0.0 -9999.00 U -9999.0 -9999.0 -9999.0    98.8    34.6    69.1   0.054   0.097   0.095   0.108 -99.000    30.7    29.3    27.7    25.2 -9999.0
63895 20240623  7.001  -87.71   34.45    34.4    17.4    25.9    26.9     0.0 -9999.00 U -9999.0 -9999.0 -9999.0    97.6    46.3    71.8   0.051   0.092   0.094   0.105 -99.000    31.3    29.8    28.1    25.4 -9999.0
63895 20240624  7.001  -87.71   34.45    34.6    20.3    27.4    27.6     0.0 -9999.00 U -9999.0 -9999.0 -9999.0    98.9    34.6    68.5   0.046   0.088   0.094   0.103 -99.000    33.0    31.1    29.0    25.7 -9999.0
63895 20240625  7.001  -87.71   34.45    36.0    18.0    27.0    27.3     0.0 -9999.00 U -9999.0 -9999.0 -9999.0    97.2    30.5    65.0   0.038   0.082   0.093   0.100 -99.000    32.8    31.1    29.3    26.0 -9999.0
63895 20240626  7.001  -87.71   34.45    35.7    19.6    27.6    25.5    22.1 -9999.00 U -9999.0 -9999.0 -9999.0    99.3    40.9    80.9   0.109   0.124   0.093   0.098 -99.000    30.5    30.0    29.1    26.3 -9999.0
63895 20240627  7.001  -87.71   34.45    29.0    22.0    25.5    24.9     9.2 -9999.00 U -9999.0 -9999.0 -9999.0    99.9    69.7    89.3   0.221   0.190   0.095   0.098 -99.000    28.2    28.1    27.8    26.2 -9999.0
63895 20240628  7.001  -87.71   34.45    31.6    21.3    26.5    26.3     0.3 -9999.00 U -9999.0 -9999.0 -9999.0   100.0    59.5    83.9   0.215   0.185   0.102   0.096 -99.000    28.2    27.9    27.3    26.0 -9999.0
63895 20240629  7.001  -87.71   34.45    33.8    23.7    28.7    27.9     0.0 -9999.00 U -9999.0 -9999.0 -9999.0    96.4    46.7    79.4   0.186   0.164   0.108   0.095 -99.000    30.1    29.3    28.0    25.9 -9999.0
63895 20240630  7.001  -87.71   34.45    31.8    22.4    27.1    26.3     7.5 -9999.00 U -9999.0 -9999.0 -9999.0    99.4    63.3    88.8   0.179   0.151   0.111   0.093 -99.000    29.7    29.3    28.5    26.2 -9999.0
63895 20240701  7.001  -87.71   34.45    31.0    17.3    24.1    24.7     0.0 -9999.00 U -9999.0 -9999.0 -9999.0   100.0    28.9    69.8   0.187   0.147   0.112   0.093 -99.000    29.5    29.1    28.3    26.3 -9999.0
63895 20240702  7.001  -87.71   34.45 -9999.0 -9999.0 -9999.0 -9999.0 -9999.0 -9999.00 U -9999.0 -9999.0 -9999.0 -9999.0 -9999.0 -9999.0 -99.000 -99.000 -99.000 -99.000 -99.000 -9999.0 -9999.0 -9999.0 -9999.0 -9999.0
