64758 20240101  2.622  -76.25   42.44    -0.4    -4.5    -2.4    -2.4     0.0     2.05 C     1.5    -3.5    -1.3    88.1    73.9    80.7   0.392   0.374   0.383   0.374   0.022     2.7     3.0     3.6     4.3     5.5
64758 20240102  2.622  -76.25   42.44     2.3    -3.8    -0.7    -1.3     0.0     4.67 C     6.9    -5.4    -1.3    74.6    59.3    69.3   0.383   0.358   0.354   0.371   0.022     1.8     2.2     2.9     3.9     5.4
64758 20240103  2.622  -76.25   42.44     0.9    -1.0    -0.1    -0.1     0.0     0.94 C     2.1    -1.6    -0.3    82.4    67.1    71.4   0.378   0.352   0.344   0.364   0.021     1.8     1.9     2.6     3.6     5.2
64758 20240104  2.622  -76.25   42.44     0.2    -6.5    -3.2    -3.0     0.9     4.05 C    -0.3    -8.8    -3.2    83.0    60.7    73.2   0.373   0.346   0.337   0.338   0.020     1.5     1.8     2.5     3.4     5.0
64758 20240105  2.622  -76.25   42.44    -1.9   -10.0    -6.0    -5.5     0.0     3.96 C    -0.2   -12.1    -6.3    81.7    57.5    69.5   0.364   0.340   0.330   0.325   0.021     0.8     1.2     1.9     3.0     4.8
64758 20240106  2.622  -76.25   42.44    -2.6   -10.1    -6.3    -5.5    10.0     0.98 C    -1.9   -11.9    -5.4    86.4    75.0    80.4   0.358   0.327   0.329   0.317   0.023     0.4     0.8     1.6     2.7     4.6
64758 20240107  2.622  -76.25   42.44    -0.6    -3.0    -1.8    -2.1     8.4     1.64 C    -0.7    -3.5    -2.5    89.5    81.0    85.8   0.361   0.316   0.328   0.314   0.021     0.5     0.7     1.4     2.5     4.4
64758 20240108  2.622  -76.25   42.44     1.5    -2.2    -0.4    -0.6     0.0     2.97 C     0.1    -6.4    -1.8    88.4    72.9    81.6   0.362   0.333   0.328   0.313   0.022     0.6     0.8     1.4     2.3     4.2
64758 20240109  2.622  -76.25   42.44     6.1    -4.1     1.0     1.0    14.2     1.33 C     4.9    -7.3    -1.0    89.7    69.8    82.1   0.377   0.354   0.345   0.327   0.022     0.8     0.8     1.4     2.3     4.1
64758 20240110  2.622  -76.25   42.44     8.5    -0.8     3.9     3.3     4.3     2.51 C     2.2    -1.0     0.1    90.0    54.8    70.3   0.435   0.418   0.402   0.368   0.018     1.0     0.9     1.4     2.2     4.0
64758 20240111  2.622  -76.25   42.44     2.7    -1.1     0.8     0.8     0.4     2.36 C     0.4    -2.0    -0.6    86.9    61.0    75.7   0.440   0.440   0.410   0.370   0.021     1.2     1.2     1.6     2.2     3.9
64758 20240112  2.622  -76.25   42.44     4.4    -2.7     0.8     1.7     2.0     6.28 C     0.3    -7.6    -1.1    86.6    52.4    70.4   0.431   0.421   0.401   0.373   0.023     1.5     1.4     1.8     2.3     3.9
64758 20240113  2.622  -76.25   42.44     6.8    -2.3     2.2     2.4     7.1     3.34 C     5.9    -4.3    -0.1    91.4    50.0    69.2   0.443   0.445   0.415   0.373   0.023     1.9     1.5     2.0     2.4     3.9
64758 20240114  2.622  -76.25   42.44    -2.1   -11.1    -6.6    -5.5     0.9     5.29 C    -0.5   -15.3    -7.3    73.3    39.5    53.7   0.444   0.426   0.409   0.375   0.023     0.9     1.1     1.7     2.4     3.9
64758 20240115  2.622  -76.25   42.44    -6.3   -14.0   -10.1   -10.2     0.0     9.46 C    -3.7   -16.7   -11.4    70.7    38.9    55.9   0.399   0.361   0.379   0.365   0.023     0.4     0.7     1.3     2.2     3.8
64758 20240116  2.622  -76.25   42.44    -7.1   -16.6   -11.9    -9.3     3.5     1.45 C    -6.5   -25.0   -10.4    83.4    62.8    75.3   0.389   0.333   0.353   0.358   0.022     0.3     0.5     1.1     2.0     3.7
64758 20240117  2.622  -76.25   42.44    -8.6   -15.7   -12.2   -11.6     0.0     9.47 C   -10.7   -25.0   -16.4    76.0    29.2    53.1   0.385   0.327   0.343   0.330   0.018     0.3     0.5     1.0     1.9     3.5
64758 20240118  2.622  -76.25   42.44    -5.0   -13.8    -9.4    -8.7     0.3     3.95 C    -5.6   -18.5   -10.9    82.3    45.8    65.8   0.380   0.327   0.335   0.318   0.021     0.3     0.4     1.0     1.8     3.4
64758 20240119  2.622  -76.25   42.44    -5.1   -12.8    -9.0    -8.9     1.7     1.83 C    -4.6   -17.2    -9.2    86.4    75.1    81.4   0.378   0.324   0.333   0.314   0.019     0.3     0.4     1.0     1.7     3.3
64758 20240120  2.622  -76.25   42.44   -10.0   -12.5   -11.3   -11.6     0.6     4.04 C   -10.1   -13.5   -11.6    80.7    70.9    75.7   0.375   0.322   0.330   0.312   0.021     0.3     0.4     0.9     1.7     3.2
64758 20240121  2.622  -76.25   42.44    -7.0   -12.0    -9.5    -9.8     0.5     6.75 C    -7.1   -17.6   -11.1    80.5    60.4    72.8   0.372   0.321   0.328   0.310   0.021     0.3     0.4     0.8     1.6     3.1
64758 20240122  2.622  -76.25   42.44     0.5   -15.7    -7.6    -6.3     0.0     7.30 C    -2.0   -19.0    -8.7    85.1    37.3    62.5   0.370   0.322   0.326   0.309   0.023     0.3     0.4     0.8     1.5     3.1
64758 20240123  2.622  -76.25   42.44     0.9    -0.8     0.0     0.2     5.2     2.72 C     0.2    -2.8    -0.8    89.2    39.5    76.9   0.371   0.326   0.326   0.310   0.026     0.3     0.4     0.8     1.5     3.0
64758 20240124  2.622  -76.25   42.44     5.1     0.6     2.9     1.9    23.3     1.10 C     1.5     0.0     0.2    90.4    79.5    85.9   0.399 -99.000   0.358   0.333   0.026     0.3     0.3     0.7     1.5     2.9
64758 20240125  2.622  -76.25   42.44     7.0     2.3     4.7     4.5     4.2     2.40 C     9.7     1.4     3.3    91.7    84.1    89.5   0.479 -99.000   0.409   0.373   0.026     0.2     0.2     0.6     1.4     2.9
64758 20240126  2.622  -76.25   42.44    12.3     0.9     6.6     5.6    13.8     2.26 C    14.1     0.9     4.9    91.2    78.8    85.2   0.458   0.439   0.412   0.375   0.028     1.4     1.0     1.0     1.4     2.9
64758 20240127  2.622  -76.25   42.44     4.0     0.7     2.4     2.1     0.0     2.35 C     8.5     0.6     2.7    87.1    79.9    85.1   0.446   0.445   0.416   0.376   0.028     2.2     1.6     1.6     1.8     2.9
64758 20240128  2.622  -76.25   42.44     3.4    -0.9     1.3     1.6    17.1     0.67 C     4.3    -0.9     1.5    88.4    82.5    86.0   0.447   0.447   0.415   0.377   0.027     2.4     2.0     2.1     2.1     2.9
64758 20240129  2.622  -76.25   42.44    -0.9    -2.8    -1.9    -1.9     0.4     3.67 C    -0.9    -3.5    -2.1    87.5    74.9    80.5   0.452   0.449   0.417   0.377   0.025     1.5     1.5     1.8     2.2     2.9
64758 20240130  2.622  -76.25   42.44    -1.5    -3.6    -2.6    -2.4     0.0     2.83 C    -1.7    -3.9    -2.7    79.1    69.8    75.7   0.434   0.420   0.401   0.378   0.023     1.1     1.2     1.6     2.1     3.0
64758 20240131  2.622  -76.25   42.44     1.7    -1.7     0.0     0.0     0.0     5.14 C     0.8    -2.5    -0.8    78.8    67.4    74.0   0.412   0.407   0.393   0.370   0.023     1.0     1.0     1.4     1.9     3.0
64758 20240201  2.622  -76.25   42.44     2.5     0.0     1.2     1.3     0.0     1.20 C     0.9    -0.3     0.2    85.3    73.7    79.6   0.412   0.411   0.394   0.372   0.023     1.3     1.1     1.5     1.9     3.0
64758 20240202  2.622  -76.25   42.44     2.2    -1.4     0.4     0.7     0.2     2.55 C     4.4    -1.6     0.6    89.0    68.9    80.3   0.423   0.420   0.400   0.380   0.022     1.5     1.4     1.6     2.0     3.0
64758 20240203  2.622  -76.25   42.44    -0.3    -3.6    -2.0    -2.3     0.0     6.25 C     5.7    -6.3    -1.8    75.4    62.4    70.1   0.398   0.406   0.394   0.370   0.022     0.9     1.0     1.5     2.0     3.0
64758 20240204  2.622  -76.25   42.44     3.8    -6.2    -1.2    -2.2     0.0    10.80 C     9.3    -8.2    -1.7    87.9    37.5    71.5   0.383   0.376   0.386   0.367   0.021     0.7     0.7     1.2     1.8     3.0
64758 20240205  2.622  -76.25   42.44     3.0    -5.0    -1.0    -1.2     0.0    10.80 C     8.5    -8.5    -0.8    83.6    47.2    69.7   0.383   0.365   0.373   0.365   0.021     0.9     0.8     1.2     1.7     2.9
64758 20240206  2.622  -76.25   42.44     3.2    -9.1    -3.0    -3.3     0.0    12.24 C     9.1   -10.8    -4.1    84.0    45.7    67.6   0.377   0.344   0.355   0.359   0.021     0.4     0.5     1.1     1.7     2.9
64758 20240207  2.622  -76.25   42.44     6.8    -8.1    -0.6    -1.2     0.0     9.62 C    14.6    -9.3    -1.2    87.2    37.3    69.8   0.374   0.336   0.341   0.330   0.021     0.2     0.4     0.8     1.6     2.9
64758 20240208  2.622  -76.25   42.44    11.2    -2.7     4.2     4.0     0.0     9.69 C    17.0    -4.9     2.4    76.3    31.1    55.0   0.370   0.342   0.337   0.319   0.023     0.9     0.5     0.9     1.5     2.8
64758 20240209  2.622  -76.25   42.44    14.7     2.8     8.7     8.2     0.0     9.25 C    21.7    -0.8     6.4    61.2    41.8    52.9   0.367   0.355   0.338   0.318   0.023     2.6     1.9     1.8     1.7     2.8
64758 20240210  2.622  -76.25   42.44    12.5     1.3     6.9     6.2     0.5     3.47 C    16.1    -1.8     4.2    84.4    60.6    74.6   0.365   0.354   0.337   0.316   0.022     3.4     3.0     2.8     2.4     2.9
64758 20240211  2.622  -76.25   42.44     3.0    -2.4     0.3     1.3     0.0     2.53 C     8.2    -5.4     0.9    79.4    63.3    68.9   0.365   0.352   0.336   0.315   0.020     2.7     2.7     2.9     2.8     3.0
64758 20240212  2.622  -76.25   42.44     1.7    -2.8    -0.6    -0.6     0.0     2.72 C     7.2    -6.5    -0.4    82.2    60.0    73.4   0.363   0.351   0.333   0.314   0.021     2.0     2.0     2.3     2.7     3.2
64758 20240213  2.622  -76.25   42.44     2.0    -4.4    -1.2    -1.2     0.3     6.37 C     9.5    -5.7    -1.0    81.7    48.2    69.3   0.361   0.349   0.335   0.313   0.022     1.4     1.6     2.0     2.5     3.2
64758 20240214  2.622  -76.25   42.44    -3.0    -7.9    -5.5    -5.9     0.3     9.04 C     0.3   -11.7    -6.4    72.2    47.6    62.4   0.359   0.342   0.335   0.312   0.023     0.7     1.0     1.6     2.2     3.2
64758 20240215  2.622  -76.25   42.44     1.8    -9.1    -3.6    -3.0     0.0     7.35 C     4.0   -12.4    -3.0    79.9    45.9    65.6   0.366   0.315   0.331   0.311   0.021     0.3     0.6     1.1     1.9     3.1
64758 20240216  2.622  -76.25   42.44     0.7    -4.6    -1.9    -2.0     0.6     8.40 C     7.1    -5.0    -1.7    76.1    41.7    54.8   0.367   0.314   0.329   0.310   0.021     0.3     0.4     1.0     1.7     3.0
64758 20240217  2.622  -76.25   42.44    -4.3   -13.2    -8.8    -6.5     5.0     9.03 C    -2.7   -19.4    -7.4    84.5    56.3    73.4   0.366   0.314   0.327   0.309   0.021     0.3     0.4     0.9     1.6     2.9
64758 20240218  2.622  -76.25   42.44    -2.2   -10.9    -6.5    -5.4     0.0     4.36 C    -3.9   -13.5    -7.3    70.6    50.0    55.5   0.366   0.313   0.326   0.309   0.022     0.3     0.4     0.8     1.5     2.9
64758 20240219  2.622  -76.25   42.44    -2.3   -16.2    -9.3    -7.3     0.3    14.07 C    -1.8   -20.0    -9.5    75.3    50.1    62.2   0.365   0.311   0.325   0.309   0.019     0.2     0.3     0.8     1.4     2.8
64758 20240220  2.622  -76.25   42.44     2.5   -15.6    -6.6    -7.0     0.0    15.17 C     5.0   -18.9    -8.5    75.7    38.4    61.6 -99.000 -99.000   0.324   0.307   0.015     0.1     0.2     0.7     1.4     2.7
64758 20240221  2.622  -76.25   42.44     6.2    -8.8    -1.3    -0.8     0.0    14.78 C    10.0   -10.0    -1.4    77.9    43.0    59.7 -99.000 -99.000   0.324   0.308   0.014     0.1     0.2     0.6     1.3     2.6
64758 20240222  2.622  -76.25   42.44     2.4    -1.9     0.3     0.4    11.0     1.52 C     2.5    -3.7    -0.1    87.3    63.3    79.7 -99.000 -99.000   0.342   0.319   0.019     0.1     0.1     0.6     1.2     2.5
64758 20240223  2.622  -76.25   42.44    10.1    -0.9     4.6     3.6     0.0    12.48 C    17.6    -2.0     4.4    91.5    44.3    75.7 -99.000 -99.000   0.361   0.354   0.021     0.9     0.5     0.7     1.2     2.4
64758 20240224  2.622  -76.25   42.44    -0.9   -12.2    -6.5    -7.7     0.0    14.48 C     2.7   -12.8    -5.3    79.0    45.2    63.0   0.385   0.345   0.356   0.357   0.021     0.5     0.6     0.9     1.3     2.4
64758 20240225  2.622  -76.25   42.44     4.8   -13.5    -4.4    -3.8     0.0    14.89 C    10.8   -13.1    -2.7    80.6    29.9    56.1 -99.000 -99.000   0.343   0.328   0.021     0.1     0.2     0.7     1.3     2.4
64758 20240226  2.622  -76.25   42.44    13.0    -0.7     6.1     4.7     0.0    14.87 C    19.1    -3.9     3.9    76.3    32.3    52.8 -99.000 -99.000   0.336   0.318   0.019     0.9     0.4     0.7     1.2     2.4
64758 20240227  2.622  -76.25   42.44    17.6     0.3     8.9     9.2     0.5    11.54 C    20.9    -2.6     6.9    74.3    34.1    58.1   0.364   0.340   0.337   0.317   0.019     2.6     1.7     1.5     1.4     2.3
64758 20240228  2.622  -76.25   42.44    14.5    -5.0     4.7     8.2     9.3     1.66 C    12.9    -5.6     7.0    78.1    50.6    69.9   0.380   0.368   0.351   0.331   0.021     5.1     4.2     3.6     2.5     2.5
64758 20240229  2.622  -76.25   42.44    -3.8    -6.9    -5.3    -5.3     0.5     9.56 C     0.6    -8.8    -4.9    70.9    45.0    54.1   0.378   0.366   0.354   0.360   0.027     1.6     2.1     2.7     2.9     2.9
64758 20240301  2.622  -76.25   42.44     8.0    -9.4    -0.7    -0.1     0.0    16.25 C    13.7   -10.1     0.0    72.8    32.2    51.1   0.364   0.344   0.344   0.334   0.028     1.0     1.1     1.6     2.2     2.9
64758 20240302  2.622  -76.25   42.44     7.1     1.1     4.1     4.3     8.8     2.59 C     8.0    -0.6     3.9    91.6    47.4    83.4   0.381   0.361   0.354   0.342   0.028     2.1     1.7     1.8     2.0     2.9
64758 20240303  2.622  -76.25   42.44     9.1     2.2     5.6     6.8     0.3     4.67 C    13.0    -1.7     6.7    92.5    69.9    84.2   0.388   0.378   0.391   0.365   0.028     4.1     3.4     3.1     2.5     2.9
64758 20240304  2.622  -76.25   42.44    18.5     0.8     9.7     9.9     0.0    15.09 C    24.8    -2.0     8.9    92.5    35.8    67.1   0.383   0.374   0.373   0.363   0.025     5.3     4.4     4.0     3.2     3.0
64758 20240305  2.622  -76.25   42.44    10.7     7.0     8.8     8.7     1.6     3.77 C    12.3     5.3     8.3    80.0    64.1    73.0   0.378   0.369   0.364   0.362   0.024     6.2     5.6     5.1     4.0     3.4
64758 20240306  2.622  -76.25   42.44    12.2     4.8     8.5     8.9    14.3     3.67 C    15.8     5.2     9.3    82.1    74.3    78.7   0.391   0.384   0.375   0.366   0.022     6.9     6.2     5.8     4.6     3.8
64758 20240307  2.622  -76.25   42.44     7.2    -1.9     2.6     3.2     2.5     3.86 C     9.3    -4.5     3.1    85.4    68.1    79.6   0.436   0.437   0.431   0.381   0.020     5.7     5.6     5.7     5.0     4.1
64758 20240308  2.622  -76.25   42.44    13.7    -4.8     4.4     4.7     0.0    18.00 C    20.7    -6.6     4.4    88.6    24.8    59.9   0.424   0.418   0.411   0.380   0.020     4.8     4.4     4.6     4.6     4.3
64758 20240309  2.622  -76.25   42.44     7.0     3.0     5.0     4.3    24.4     3.06 C     6.1     2.5     3.8    89.0    36.4    69.3   0.417   0.419   0.415   0.374   0.021     4.5     4.4     4.6     4.5     4.3
64758 20240310  2.622  -76.25   42.44     3.3    -3.7    -0.2     0.3     6.2     4.76 C     7.1    -3.8     0.8    89.9    63.9    81.3   0.441   0.445   0.438   0.382   0.020     3.7     3.7     4.1     4.3     4.4
64758 20240311  2.622  -76.25   42.44     4.4    -3.6     0.4     0.6     1.4    17.75 C     6.4    -3.6    -0.2    82.5    39.1    59.6   0.445   0.451   0.441   0.383   0.022     2.7     2.8     3.3     3.9     4.3
64758 20240312  2.622  -76.25   42.44    13.2    -1.8     5.7     5.4     0.0    18.38 C    18.1    -4.2     4.8    87.9    44.2    62.1   0.434   0.439   0.425   0.384   0.022     4.1     3.3     3.4     3.5     4.2
64758 20240313  2.622  -76.25   42.44    20.1    -0.2    10.0     9.4     0.0    12.22 C    26.5    -1.6     7.7    90.1    27.4    60.6   0.410   0.413   0.409   0.373   0.022     5.3     4.6     4.4     3.9     4.1
64758 20240314  2.622  -76.25   42.44    18.1    -1.7     8.2     9.1     1.2    15.30 C    28.5    -4.0     8.7    87.3    14.9    54.7   0.388   0.389   0.381   0.368   0.022     6.2     5.5     5.2     4.5     4.2
64758 20240315  2.622  -76.25   42.44    12.0    -0.9     5.6     5.3     6.9     1.90 C     9.2    -3.0     5.1    88.8    73.0    82.5   0.409   0.406   0.400   0.373   0.021     6.3     6.0     5.9     5.1     4.4
64758 20240316  2.622  -76.25   42.44    11.8    -0.2     5.8     6.4     0.0    14.97 C    20.6     0.4     7.7    89.1    33.2    60.4   0.394   0.397   0.393   0.370   0.022     6.2     5.6     5.5     5.1     4.7
64758 20240317  2.622  -76.25   42.44    10.4     0.3     5.3     4.4     5.2     7.59 C    14.4    -0.6     4.5    80.0    40.8    65.1   0.399   0.399   0.400   0.370   0.024     5.8     5.7     5.8     5.3     4.8
64758 20240318  2.622  -76.25   42.44     1.0    -3.1    -1.0    -1.0     3.3     6.86 C     8.9    -5.8    -0.7    81.5    53.7    66.9   0.388   0.385   0.377   0.367   0.023     3.8     4.1     4.6     5.0     5.0
64758 20240319  2.622  -76.25   42.44     2.0    -4.1    -1.1    -1.2     1.4     9.78 C     7.1    -6.9    -0.8    81.9    50.5    69.3   0.386   0.377   0.368   0.366   0.022     3.3     3.4     3.8     4.4     4.9
64758 20240320  2.622  -76.25   42.44     3.6    -6.0    -1.2    -0.8     3.1     7.00 C     9.7    -9.3    -1.4    82.1    55.9    68.0   0.384   0.374   0.363   0.365   0.024     3.2     3.3     3.7     4.1     4.7
64758 20240321  2.622  -76.25   42.44    -3.3    -6.9    -5.1    -5.1     1.3    12.04 C    -0.9   -10.5    -6.3    71.7    45.6    57.8   0.381   0.366   0.351   0.344   0.024     2.3     2.5     3.1     3.8     4.6
64758 20240322  2.622  -76.25   42.44    -1.2   -12.9    -7.1    -5.3     3.3     7.83 C     0.2   -16.7    -6.1    84.5    46.8    62.1   0.377   0.362   0.344   0.324   0.024     1.5     2.0     2.6     3.4     4.4
64758 20240323  2.622  -76.25   42.44     0.8    -5.4    -2.3    -2.5    19.2     1.99 C     0.1    -7.2    -2.2    91.4    77.5    85.2   0.389   0.401   0.391   0.366   0.023     1.7     1.7     2.2     3.0     4.2
64758 20240324  2.622  -76.25   42.44    -1.2    -9.3    -5.3    -4.8     0.3    17.21 C     0.8   -11.8    -5.3    85.5    44.5    71.7   0.388   0.395   0.391   0.363   0.020     1.8     1.7     2.2     2.8     4.0
64758 20240325  2.622  -76.25   42.44    11.4    -9.0     1.2     1.9     0.0    21.40 C    14.4   -11.2     0.1    86.4    27.3    56.2   0.407   0.407   0.397   0.370   0.021     1.7     1.7     2.1     2.6     3.9
64758 20240326  2.622  -76.25   42.44    14.0     1.2     7.6     8.0     0.0    10.05 C    16.9    -1.4     6.8    68.4    41.9    58.0   0.436   0.427   0.416   0.379   0.022     3.2     2.7     2.6     2.7     3.8
64758 20240327  2.622  -76.25   42.44    12.7     5.2     9.0     8.4     0.0     9.36 C    19.4     4.2     8.6    77.3    61.5    69.9   0.421   0.417   0.408   0.376   0.020     5.6     4.6     4.2     3.4     3.7
64758 20240328  2.622  -76.25   42.44     5.9    -0.2     2.9     3.1     0.0    10.51 C    17.0    -2.2     4.3    83.5    41.5    62.8   0.390   0.392   0.383   0.365   0.021     5.3     4.9     4.8     4.1     3.8
64758 20240329  2.622  -76.25   42.44     3.7    -1.7     1.0     1.2     0.0     8.26 C    12.3    -5.4     1.1    72.0    51.8    59.7   0.382   0.373   0.360   0.359   0.020     3.3     3.5     4.0     4.1     4.0
64758 20240330  2.622  -76.25   42.44     7.9    -1.0     3.5     3.3     0.0    17.90 C    18.2    -2.8     5.0    70.4    40.8    57.7   0.378   0.364   0.346   0.333   0.021     4.1     3.7     3.7     3.8     4.1
64758 20240331  2.622  -76.25   42.44     9.5    -1.2     4.2     4.0     0.0    16.65 C    19.6    -3.0     5.4    83.5    45.7    63.7   0.372   0.358   0.339   0.321   0.022     5.4     4.8     4.6     4.1     4.1
64758 20240401  2.622  -76.25   42.44    12.6    -2.5     5.1     4.9     0.0     7.33 C    22.0    -2.8     5.1    85.8    49.1    71.4   0.370   0.354   0.335   0.315   0.020     5.1     4.8     4.8     4.4     4.3
64758 20240402  2.622  -76.25   42.44     6.7     0.9     3.8     4.5    14.6     2.87 C     9.0     1.1     5.0    89.1    68.0    83.4   0.384   0.369   0.351   0.330   0.020     5.0     4.7     4.8     4.6     4.5
64758 20240403  2.622  -76.25   42.44     5.0     1.8     3.4     3.9    31.2     1.88 C     6.2     1.4     4.1    88.6    78.2    85.4   0.430   0.425   0.418   0.371   0.024     4.6     4.4     4.7     4.6     4.6
64758 20240404  2.622  -76.25   42.44     3.4    -0.1     1.7     1.5     3.6     6.47 C     9.4     0.5     3.4    89.8    75.9    84.4   0.450   0.446   0.438   0.376   0.024     4.3     4.0     4.3     4.3     4.6
64758 20240405  2.622  -76.25   42.44     3.1    -0.9     1.1     0.6     5.6    10.48 C     8.4    -0.6     1.8    90.0    73.2    84.3   0.440   0.446   0.431   0.378   0.024     3.7     3.7     4.0     4.2     4.6
64758 20240406  2.622  -76.25   42.44     8.4     1.3     4.8     4.5     0.8     9.96 C    13.8     1.8     4.7    90.6    51.6    69.6   0.432   0.435   0.423   0.378   0.024     4.4     4.1     4.2     4.1     4.6
64758 20240407  2.622  -76.25   42.44    12.0    -1.5     5.2     5.5     0.0    24.53 C    21.0    -4.0     6.3    88.4    27.2    60.3   0.402   0.408   0.405   0.365   0.024     5.9     5.3     5.0     4.4     4.5
64758 20240408  2.622  -76.25   42.44    15.9    -4.0     5.9     7.0     0.0    12.19 C    24.3    -5.6     6.2    84.9    20.9    53.4   0.384   0.377   0.371   0.361   0.024     5.6     5.3     5.2     4.8     4.7
64758 20240409  2.622  -76.25   42.44    23.1    -0.8    11.1    12.0     0.0    23.17 C    31.6    -1.8    12.5    85.5    16.6    49.8   0.377   0.365   0.353   0.351   0.022     8.3     7.2     6.4     5.2     4.8
64758 20240410  2.622  -76.25   42.44    16.6     8.4    12.5    12.6     7.1     6.23 C    23.2     6.2    12.3    83.5    48.1    70.4   0.381   0.364   0.348   0.332   0.024     9.3     8.5     7.9     6.3     5.1
64758 20240411  2.622  -76.25   42.44    17.2    11.0    14.1    13.9    16.1     4.89 C    20.6    11.0    13.8    83.0    65.8    77.2   0.401   0.397   0.392   0.369   0.024    10.4     9.5     8.8     7.1     5.5
64758 20240412  2.622  -76.25   42.44    16.3     5.2    10.8    12.6    16.9     8.41 C    19.8     5.1    12.7    81.0    50.2    67.5   0.433   0.454   0.437   0.379   0.022    11.3    10.9    10.0     8.1     6.0
64758 20240413  2.622  -76.25   42.44     7.2     2.1     4.6     4.3    17.5     5.11 C     7.3     1.4     4.5    80.1    60.3    72.8   0.445   0.464   0.444   0.381   0.025     7.5     7.7     8.3     8.0     6.4
64758 20240414  2.622  -76.25   42.44    14.1     0.2     7.1     7.4     0.7     7.67 C    19.6    -0.3     6.7    89.1    55.7    73.3   0.438   0.447   0.433   0.382   0.024     7.1     6.8     7.0     7.0     6.6
64758 20240415  2.622  -76.25   42.44    14.1     1.8     8.0     8.2     0.0    19.22 C    23.2     0.1     8.6    90.6    46.9    72.1   0.409   0.406   0.406   0.370   0.021     8.6     8.0     7.8     7.0     6.5
64758 20240416  2.622  -76.25   42.44    15.9    -1.5     7.2     7.9     0.0    25.62 C    23.2    -2.5     8.7    86.9    32.2    59.2   0.384   0.374   0.368   0.362   0.020     8.9     8.4     8.1     7.3     6.5
64758 20240417  2.622  -76.25   42.44    12.7    -0.5     6.1     7.9     3.5     6.39 C    17.2    -0.4     7.7    85.2    43.4    71.5   0.378   0.362   0.349   0.347   0.023     8.1     7.9     8.0     7.5     6.7
64758 20240418  2.622  -76.25   42.44    10.9     7.3     9.1     9.5     8.5     3.05 C    13.9     7.8    10.1    90.1    85.5    88.1   0.394   0.374   0.361   0.356   0.021     8.9     8.5     8.3     7.5     6.8
64758 20240419  2.622  -76.25   42.44    11.4     6.5     8.9     8.9     0.3     4.87 C    13.4     7.1     9.3    89.7    75.1    83.3   0.390   0.374   0.366   0.361   0.022     8.7     8.4     8.3     7.7     7.0
64758 20240420  2.622  -76.25   42.44    11.3     3.3     7.3     7.0     0.0    10.18 C    19.2     1.4     7.3    82.6    37.1    57.4   0.380   0.359   0.349   0.345   0.023     8.3     8.3     8.3     7.7     7.1
64758 20240421  2.622  -76.25   42.44     6.5     1.5     4.0     4.0     0.0     7.64 C    12.8    -1.5     4.2    60.8    43.3    51.3   0.375   0.352   0.340   0.323   0.022     6.5     6.8     7.2     7.4     7.1
64758 20240422  2.622  -76.25   42.44    10.7    -3.7     3.5     4.0     0.0    26.68 C    20.4    -5.2     6.0    83.9    29.6    56.9   0.370   0.346   0.334   0.316   0.021     7.3     6.9     6.9     6.8     7.0
64758 20240423  2.622  -76.25   42.44    18.8    -2.2     8.3     9.9     0.0    23.19 C    25.1    -2.3    10.3    82.0    21.8    47.1   0.362   0.340   0.330   0.315   0.021     8.2     7.7     7.6     7.0     6.9
64758 20240424  2.622  -76.25   42.44    10.9    -1.1     4.9     6.2     4.7     4.76 C    13.5    -3.2     6.3    82.2    59.9    71.2   0.364   0.340   0.328   0.313   0.022     8.3     8.2     8.2     7.5     7.0
64758 20240425  2.622  -76.25   42.44    10.1    -5.2     2.4     2.7     0.0    27.20 C    20.9    -7.3     4.9    80.2    25.6    52.9   0.368   0.342   0.329   0.313   0.026     7.3     7.2     7.3     7.2     7.1
64758 20240426  2.622  -76.25   42.44    15.7    -7.0     4.4     5.7     0.0    28.01 C    25.7    -7.6     7.6    78.6    17.1    47.9   0.360   0.336   0.326   0.312   0.025     7.9     7.5     7.4     7.1     7.1
64758 20240427  2.622  -76.25   42.44    13.9     2.8     8.3     8.3     2.7     8.84 C    14.9     1.6     7.7    83.8    30.2    58.8   0.355   0.331   0.322   0.311   0.022     7.8     7.7     7.8     7.4     7.1
64758 20240428  2.622  -76.25   42.44    21.5     8.0    14.8    14.4     3.3     8.61 C    27.3     7.7    14.4    86.1    48.0    73.8   0.358   0.332   0.321   0.311   0.021     9.8     9.0     8.5     7.5     7.1
64758 20240429  2.622  -76.25   42.44    24.5    13.9    19.2    19.0     0.0    24.36 C    29.5    12.6    19.6    81.6    45.7    65.3   0.361   0.338   0.322   0.311   0.023    13.5    12.1    10.8     8.5     7.3
64758 20240430  2.622  -76.25   42.44    26.1    13.2    19.6    16.8     3.3    16.79 C    29.6    12.0    17.6    81.9    37.3    70.3   0.354   0.334   0.319   0.311   0.021    14.3    13.4    12.4     9.9     7.7
64758 20240501  2.622  -76.25   42.44    22.4     8.0    15.2    15.2     0.0    25.43 C    27.7     7.4    16.6    85.1    36.8    65.5   0.353   0.333   0.316   0.310   0.021    14.5    13.7    12.8    10.6     8.3
64758 20240502  2.622  -76.25   42.44    19.7     5.9    12.8    15.0     0.0    27.64 C    25.3     5.1    15.2    76.9    38.5    55.7   0.343   0.322   0.310   0.309   0.021    14.4    13.7    13.1    11.1     8.7
64758 20240503  2.622  -76.25   42.44    23.0     4.3    13.6    15.1     0.0    21.51 C    27.9     3.6    15.3    84.7    35.0    58.3   0.328   0.304   0.300   0.308   0.018    13.5    13.0    12.6    11.2     9.1
64758 20240504  2.622  -76.25   42.44    19.6     9.1    14.3    13.4     0.9    12.02 C    25.6     9.7    13.9    81.7    45.1    58.9   0.312   0.294   0.289   0.305   0.018    13.2    12.8    12.5    11.3     9.4
64758 20240505  2.622  -76.25   42.44    12.2     8.6    10.4    10.5     5.1     4.91 C    14.6     9.0    11.3    82.6    78.7    81.1   0.323   0.290   0.284   0.304   0.018    11.7    11.6    11.7    11.0     9.6
64758 20240506  2.622  -76.25   42.44    20.0     5.7    12.8    14.4     0.0    19.33 C    25.7     4.0    14.9    86.6    28.5    66.0   0.326   0.287   0.284   0.303   0.018    13.1    12.4    11.9    10.8     9.6
64758 20240507  2.622  -76.25   42.44    22.6     0.8    11.7    13.0     0.0    27.84 C    27.8     0.4    13.5    83.4    18.7    53.2   0.314   0.283   0.280   0.301   0.019    13.0    12.4    12.1    10.9     9.7
64758 20240508  2.622  -76.25   42.44    24.2     9.9    17.1    17.8     5.4    22.22 C    26.6     9.1    17.4    78.4    26.7    55.4   0.317   0.281   0.274   0.299   0.257    14.3    13.5    12.9    11.3     9.8
64758 20240509  2.622  -76.25   42.44    14.9     8.9    11.9    11.1     0.4    10.58 C    23.3     9.4    12.1    79.7    48.7    67.5   0.308   0.280   0.271   0.298   0.305    13.2    12.9    12.8    11.6    10.0
64758 20240510  2.622  -76.25   42.44    10.7     8.0     9.4     9.3    11.8     5.95 C    13.2     8.1    10.3    87.2    73.2    80.6   0.333   0.298   0.278   0.296   0.305    12.1    12.0    12.0    11.4    10.2
64758 20240511  2.622  -76.25   42.44    14.3     8.0    11.2    10.2     4.0    14.06 C    21.6     8.0    11.4    87.4    55.6    74.9   0.350   0.323   0.296   0.295   0.305    12.1    11.7    11.6    11.0    10.2
64758 20240512  2.622  -76.25   42.44    13.1     6.7     9.9     9.1     1.6    11.28 C    20.5     6.4    10.4    84.2    60.9    76.8   0.360   0.332   0.308   0.296   0.303    11.8    11.5    11.5    10.9    10.2
64758 20240513  2.622  -76.25   42.44    18.8     4.8    11.8    11.8     0.2    10.44 C    21.9     4.7    12.0    87.4    56.0    76.8   0.351   0.329   0.307   0.297   0.302    11.7    11.3    11.3    10.8    10.2
64758 20240514  2.622  -76.25   42.44    24.2     8.4    16.3    16.5     0.2    22.50 C    27.9     8.0    16.6    86.9    38.4    65.7   0.339   0.324   0.300   0.297   0.302    13.3    12.4    12.0    10.9    10.2
64758 20240515  2.622  -76.25   42.44    17.6    13.5    15.6    15.1     4.2     8.07 C    20.2    13.3    15.8    87.9    69.9    82.4   0.343   0.320   0.296   0.296   0.302    13.9    13.2    12.8    11.4    10.2
64758 20240516  2.622  -76.25   42.44    21.2    11.3    16.2    15.9     0.0    17.15 C    25.2    10.5    16.5    89.5    54.1    74.5   0.343   0.323   0.297   0.297   0.302    14.2    13.5    13.0    11.7    10.4
64758 20240517  2.622  -76.25   42.44    21.4    10.1    15.7    16.4     0.2    21.03 C    27.2     9.7    16.9    88.7    49.5    68.6   0.330   0.313   0.291   0.297   0.302    14.5    13.7    13.3    12.0    10.6
64758 20240518  2.622  -76.25   42.44    18.1    13.9    16.0    15.7     4.1     4.91 C    20.2    14.3    16.3    87.2    78.8    84.8   0.336   0.309   0.288   0.296   0.302    14.4    13.8    13.5    12.3    10.7
64758 20240519  2.622  -76.25   42.44    24.1    12.3    18.2    18.1     0.0    21.26 C    27.8    11.3    18.9    87.6    45.6    72.5   0.330   0.311   0.288   0.296   0.302    15.4    14.5    13.9    12.4    11.0
64758 20240520  2.622  -76.25   42.44    27.5    11.0    19.3    19.5     0.0    24.34 C    30.2    10.3    19.7    89.3    40.2    69.3   0.316   0.301   0.280   0.295   0.301    15.9    15.0    14.4    12.8    11.1
64758 20240521  2.622  -76.25   42.44    29.2    14.7    21.9    21.9     0.0    18.05 C    30.0    14.2    20.6    87.7    32.4    61.6   0.301   0.289   0.271   0.294   0.300    16.5    15.7    15.0    13.3    11.4
64758 20240522  2.622  -76.25   42.44    29.8    14.6    22.2    21.6     1.5    22.84 C    30.7    13.4    20.7    79.1    40.2    64.1   0.283   0.271   0.260   0.293   0.299    17.0    16.2    15.4    13.7    11.6
64758 20240523  2.622  -76.25   42.44    23.9     9.8    16.9    18.8     0.0    24.49 C    26.3     8.1    18.1    87.4    35.1    62.4   0.270   0.258   0.251   0.290   0.299    17.1    16.4    15.8    14.0    11.9
64758 20240524  2.622  -76.25   42.44    24.7     7.1    15.9    16.5     0.0    29.70 C    26.8     6.1    15.9    83.5    33.0    58.6   0.253   0.242   0.239   0.287   0.299    15.9    15.5    15.2    14.0    12.2
64758 20240525  2.622  -76.25   42.44    26.3     6.8    16.6    15.9     7.7    20.71 C    28.1     5.7    15.8    90.2    35.8    71.9   0.252   0.228   0.228   0.283   0.298    15.4    15.0    14.8    13.8    12.3
64758 20240526  2.622  -76.25   42.44    24.3    12.8    18.5    18.0     0.0    22.35 C    28.2    11.4    18.1    91.3    44.7    74.6   0.271   0.227   0.226   0.281   0.298    16.3    15.6    15.1    13.8    12.3
64758 20240527  2.622  -76.25   42.44    22.6    16.7    19.7    20.0     9.7    12.07 C    23.6    15.1    19.3    86.3    68.4    78.2   0.277   0.239   0.238   0.279   0.298    16.8    16.1    15.5    14.1    12.4
64758 20240528  2.622  -76.25   42.44    20.4    12.2    16.3    16.4     0.5    15.55 C    23.1    11.2    16.0    87.3    55.3    71.0   0.280   0.252   0.245   0.279   0.298    16.3    15.8    15.5    14.3    12.6
64758 20240529  2.622  -76.25   42.44    18.9     7.3    13.1    13.7     0.0    14.25 C    23.2     5.3    13.3    89.5    46.5    71.8   0.268   0.246   0.238   0.280   0.298    15.3    15.1    15.0    14.1    12.7
64758 20240530  2.622  -76.25   42.44    16.5     3.9    10.2    10.6     0.0    24.61 C    20.2     1.8    10.3    85.9    36.7    60.6   0.255   0.238   0.232   0.279   0.297    13.6    13.7    13.9    13.6    12.7
64758 20240531  2.622  -76.25   42.44    20.2     2.7    11.4    12.3     0.0    24.68 C    22.6     0.3    11.6    86.5    30.4    58.9   0.239   0.225   0.223   0.276   0.296    13.1    13.0    13.3    13.1    12.6
64758 20240601  2.622  -76.25   42.44    24.1     4.3    14.2    15.0     0.0    23.96 C    26.3     1.9    14.1    88.0    22.0    57.5   0.225   0.214   0.214   0.272   0.296    13.6    13.3    13.3    12.9    12.4
64758 20240602  2.622  -76.25   42.44    25.4     8.9    17.1    16.5     5.7    13.88 C    29.0     7.6    16.1    89.9    42.5    69.1   0.220   0.204   0.206   0.269   0.296    14.5    13.8    13.7    12.9    12.3
64758 20240603  2.622  -76.25   42.44    23.5    14.2    18.9    18.2     0.0    15.77 C    28.0    12.4    18.2    90.5    61.7    79.8   0.235   0.204   0.204   0.267   0.296    15.7    14.9    14.4    13.3    12.3
64758 20240604  2.622  -76.25   42.44    27.8    12.1    19.9    20.1     0.0    24.20 C    30.6    11.0    19.5    91.2    40.0    69.2   0.223   0.199   0.202   0.267   0.294    16.4    15.5    15.0    13.6    12.4
64758 20240605  2.622  -76.25   42.44    27.0    13.9    20.4    21.0     0.0    23.33 C    29.3    12.5    20.7    84.6    57.8    72.6   0.208   0.192   0.196   0.264   0.293    17.1    16.2    15.6    14.0    12.6
64758 20240606  2.622  -76.25   42.44    23.9    13.3    18.6    20.2    14.2    10.60 C    25.7    10.9    19.5    88.6    52.1    75.6   0.232   0.203   0.198   0.262   0.293    17.5    16.8    16.2    14.5    12.8
64758 20240607  2.622  -76.25   42.44    21.6    11.0    16.3    14.4     4.0    11.84 C    26.4    10.3    14.1    88.6    52.2    78.2   0.266   0.221   0.208   0.263   0.293    16.1    15.8    15.6    14.6    13.0
64758 20240608  2.622  -76.25   42.44    20.9    12.3    16.6    15.9     0.0    16.89 C    23.3    10.8    15.3    88.1    45.1    66.3   0.265   0.219   0.211   0.263   0.293    15.5    15.1    15.0    14.3    13.1
64758 20240609  2.622  -76.25   42.44    19.5    11.0    15.3    13.6    20.4    15.68 C    22.3    10.8    13.7    89.6    52.0    79.7   0.303   0.265   0.237   0.263   0.293    15.0    14.8    14.7    14.1    13.1
64758 20240610  2.622  -76.25   42.44    17.1    10.8    13.9    12.6     0.0     7.90 C    20.9    10.0    12.5    87.6    68.3    78.8   0.301   0.283   0.255   0.266   0.293    14.4    14.2    14.3    13.9    13.1
64758 20240611  2.622  -76.25   42.44    15.3    10.5    12.9    12.9     0.0    10.40 C    17.9    10.3    13.1    88.1    71.4    80.4   0.287   0.268   0.248   0.267   0.293    14.1    13.9    13.9    13.6    12.9
64758 20240612  2.622  -76.25   42.44    20.7    10.2    15.5    15.1     0.0    15.23 C    24.0     9.0    15.1    89.8    52.4    75.1   0.276   0.259   0.243   0.267   0.293    14.6    14.1    14.0    13.4    12.8
64758 20240613  2.622  -76.25   42.44    28.3     9.2    18.8    19.9     0.0    25.83 C    29.1     8.5    18.9    90.5    39.1    62.5   0.260   0.246   0.234   0.266   0.291    15.4    14.7    14.3    13.5    12.8
64758 20240614  2.622  -76.25   42.44    25.4    11.9    18.6    20.7     0.0    21.16 C    28.0     8.7    19.5    83.0    37.2    56.6   0.241   0.231   0.224   0.266   0.292    16.6    15.9    15.3    14.0    12.8
64758 20240615  2.622  -76.25   42.44    21.4     7.3    14.4    15.2     0.0    27.00 C    24.4     4.7    14.6    90.1    39.8    65.7   0.227   0.217   0.215   0.265   0.290    15.6    15.2    15.1    14.2    13.0
64758 20240616  2.622  -76.25   42.44    25.4     4.7    15.0    16.3     0.0    29.14 C    28.4     3.4    16.0    88.5    36.7    63.2   0.213   0.204   0.205   0.263   0.288    15.0    14.6    14.5    13.9    13.1
64758 20240617  2.622  -76.25   42.44    31.0    14.6    22.8    22.5    12.8    25.16 C    32.7    13.0    21.9    87.8    43.0    65.7   0.218   0.196   0.200   0.260   0.288    17.0    16.1    15.4    14.1    13.1
64758 20240618  2.622  -76.25   42.44    31.6    18.1    24.8    24.6     4.8    23.49 C    32.6    17.1    24.1    89.3    52.3    75.3   0.267   0.210   0.214   0.259   0.287    18.8    17.7    16.8    14.9    13.2
64758 20240619  2.622  -76.25   42.44    31.8    21.0    26.4    26.2     0.0    22.88 C    32.9    20.1    25.3    89.0    51.9    72.3   0.247   0.212   0.208   0.259   0.286    20.0    18.9    17.9    15.7    13.5
64758 20240620  2.622  -76.25   42.44    31.6    20.8    26.2    25.1     0.0    20.98 C    33.7    19.2    24.6    89.9    54.1    75.3   0.224   0.202   0.200   0.260   0.286    20.4    19.4    18.5    16.3    13.9
64758 20240621  2.622  -76.25   42.44    30.4    19.2    24.8    24.4     0.0    21.39 C    32.3    17.9    24.0    90.4    54.2    75.9   0.208   0.192   0.193   0.258   0.284    20.4    19.5    18.7    16.7    14.2
64758 20240622  2.622  -76.25   42.44    30.5    18.7    24.6    23.9     8.0    22.11 C    32.2    18.3    23.9    91.5    51.4    75.2   0.199   0.183   0.189   0.256   0.269    20.4    19.6    18.8    17.0    14.5
64758 20240623  2.622  -76.25   42.44    27.7    18.7    23.2    23.6     4.3    12.08 C    29.1    16.9    22.6    88.6    63.7    75.7   0.214   0.183   0.196   0.255   0.017    20.3    19.6    18.9    17.2    14.7
64758 20240624  2.622  -76.25   42.44    23.3    11.6    17.4    17.6     0.6    17.90 C    24.2     9.7    16.9    86.8    42.6    67.1   0.220   0.188   0.199   0.255   0.016    18.3    18.2    18.1    17.1    15.0
64758 20240625  2.622  -76.25   42.44    27.0    10.0    18.5    20.3     0.0    24.63 C    28.9     8.4    19.3    89.3    30.4    60.2   0.204   0.182   0.189   0.253   0.016    17.5    17.2    17.1    16.4    15.0
64758 20240626  2.622  -76.25   42.44    27.7    15.4    21.6    21.2     9.8    19.75 C    31.0    14.6    20.8    90.5    35.4    68.1   0.196   0.174   0.186   0.251   0.016    18.7    18.0    17.6    16.4    14.9
64758 20240627  2.622  -76.25   42.44    20.1     7.9    14.0    15.8     0.0    19.34 C    23.4     5.8    15.7    92.0    43.2    74.0   0.220   0.179   0.194   0.249   0.016    17.6    17.4    17.3    16.4    15.0
64758 20240628  2.622  -76.25   42.44    23.6     6.2    14.9    16.1     0.0    28.79 C    28.2     4.3    16.5    89.9    31.8    60.7   0.204   0.177   0.184   0.248   0.016    16.2    16.0    16.1    15.9    14.9
64758 20240629  2.622  -76.25   42.44    23.0    15.7    19.3    19.6    24.6     4.22 C    22.6    15.3    18.9    88.4    63.6    84.4   0.235   0.216   0.225   0.249   0.016    17.2    16.7    16.5    15.8    14.9
64758 20240630  2.622  -76.25   42.44    26.1    13.5    19.8    20.7     1.7    16.04 C    28.3    13.4    20.4    86.9    59.5    75.4   0.258   0.245   0.239   0.251   0.016    18.4    17.8    17.3    16.1    14.8
64758 20240701  2.622  -76.25   42.44    21.0     9.9    15.5    15.6     1.9    21.99 C    25.4     8.2    15.8    90.9    54.3    74.7   0.246   0.233   0.230   0.252   0.016    17.1    16.9    16.8    16.2    14.9
64758 20240702  2.622  -76.25   42.44 -9999.0 -9999.0 -9999.0 -9999.0 -9999.0 -9999.00 U -9999.0 -9999.0 -9999.0 -9999.0 -9999.0 -9999.0 -99.000 -99.000 -99.000 -99.000 -99.000 -9999.0 -9999.0 -9999.0 -9999.0 -9999.0
