94081 20240101  2.622 -103.30   45.52     8.4   -14.4    -3.0    -3.6     0.0     6.58 C     3.6   -13.9    -5.5    92.9    39.1    70.7 -99.000 -99.000 -99.000   0.168   0.208    -3.3    -2.8    -1.8     0.1     3.2
94081 20240102  2.622 -103.30   45.52     7.2    -9.8    -1.3    -2.4     0.0     6.72 C     4.3   -10.7    -4.0    93.9    33.9    76.1 -99.000 -99.000 -99.000   0.166   0.209    -2.4    -2.1    -1.5     0.0     3.1
94081 20240103  2.622 -103.30   45.52    -3.2   -11.2    -7.2    -4.8     0.0     1.35 C    -1.6   -11.0    -4.0    92.8    83.7    90.8 -99.000 -99.000 -99.000 -99.000   0.209    -2.7    -2.3    -1.5     0.0     3.0
94081 20240104  2.622 -103.30   45.52    -4.7   -10.0    -7.4    -5.8     0.0     1.49 C    -2.7   -10.7    -4.9    90.7    85.7    89.9 -99.000 -99.000 -99.000 -99.000   0.207    -2.8    -2.3    -1.6    -0.1     2.9
94081 20240105  2.622 -103.30   45.52     2.6   -11.6    -4.5    -3.5     1.2     2.10 C     1.7   -10.7    -3.5    92.6    74.7    86.4 -99.000 -99.000 -99.000 -99.000   0.208    -2.8    -2.4    -1.7    -0.1     2.8
94081 20240106  2.622 -103.30   45.52     3.5    -8.4    -2.5    -3.9     0.0     6.89 C     2.0    -8.8    -4.3    87.7    37.2    71.4 -99.000 -99.000 -99.000 -99.000   0.209    -2.4    -2.0    -1.5    -0.2     2.8
94081 20240107  2.622 -103.30   45.52    -5.0   -12.3    -8.7    -8.2     0.5     3.84 C    -2.8   -12.6    -7.5    91.0    67.9    82.4 -99.000 -99.000 -99.000 -99.000   0.209    -3.8    -3.0    -1.8    -0.2     2.7
94081 20240108  2.622 -103.30   45.52    -6.1   -21.6   -13.8   -11.6     1.9     5.39 C    -1.8   -22.7   -12.4    86.9    53.3    77.5 -99.000 -99.000 -99.000 -99.000   0.208    -3.9    -3.3    -2.2    -0.3     2.6
94081 20240109  2.622 -103.30   45.52     0.1   -21.9   -10.9    -9.0     0.0     4.38 C    -2.6   -22.8   -10.8    81.3    46.0    67.5 -99.000 -99.000 -99.000 -99.000   0.207    -4.8    -4.1    -2.7    -0.5     2.6
94081 20240110  2.622 -103.30   45.52     0.5   -18.6    -9.1    -8.2     0.0     4.55 C    -0.8   -19.5   -10.1    78.0    55.6    67.5 -99.000 -99.000 -99.000 -99.000   0.207    -3.9    -3.5    -2.6    -0.7     2.5
94081 20240111  2.622 -103.30   45.52   -14.3   -23.7   -19.0   -19.4     0.0     6.53 C   -10.0   -23.4   -18.9    78.7    56.5    70.6 -99.000 -99.000 -99.000 -99.000   0.207    -6.4    -5.4    -3.3    -0.8     2.3
94081 20240112  2.622 -103.30   45.52   -20.7   -31.7   -26.2   -24.2     0.0     2.47 C   -16.9   -32.3   -22.2    75.6    57.4    67.8 -99.000 -99.000 -99.000 -99.000   0.207    -8.1    -7.0    -4.5    -1.1     2.2
94081 20240113  2.622 -103.30   45.52   -27.5   -35.0   -31.3   -31.6     0.0     7.69 C   -24.6   -36.4   -31.7    65.1    50.2    57.4 -99.000 -99.000 -99.000 -99.000   0.206   -10.8    -9.5    -6.0    -1.6     2.1
94081 20240114  2.622 -103.30   45.52   -21.4   -36.1   -28.7   -28.2     0.0     7.43 C   -17.2   -36.7   -28.1    67.1    44.5    59.0 -99.000 -99.000 -99.000 -99.000   0.206   -12.0   -10.8    -7.6    -2.4     1.8
94081 20240115  2.622 -103.30   45.52   -20.6   -29.6   -25.1   -25.5     0.0     7.66 C   -19.4   -31.5   -26.8    66.7    46.6    57.6 -99.000 -99.000 -99.000 -99.000   0.205   -12.5   -11.4    -8.5    -3.3     1.6
94081 20240116  2.622 -103.30   45.52    -7.0   -26.5   -16.7   -14.3     0.0     5.54 C    -7.5   -31.0   -17.1    80.5    35.8    58.7 -99.000 -99.000 -99.000 -99.000   0.233   -12.0   -11.2    -9.1    -4.1     1.2
94081 20240117  2.622 -103.30   45.52    -6.1   -13.7    -9.9    -9.3     1.6     3.54 C    -4.3   -16.1    -9.9    87.6    73.6    81.4 -99.000 -99.000 -99.000 -99.000   0.247    -9.2    -8.8    -8.0    -4.6     0.8
94081 20240118  2.622 -103.30   45.52   -12.6   -22.4   -17.5   -18.5     5.0     6.34 C   -12.4   -28.4   -19.7    78.6    60.1    68.9 -99.000 -99.000 -99.000 -99.000   0.256    -8.4    -7.9    -7.2    -4.6     0.5
94081 20240119  2.622 -103.30   45.52   -14.1   -28.3   -21.2   -21.1     0.0     8.39 C   -16.4   -32.5   -25.9    78.3    54.9    67.7 -99.000 -99.000 -99.000 -99.000   0.259    -8.5    -7.9    -7.1    -4.5     0.3
94081 20240120  2.622 -103.30   45.52    -6.9   -26.3   -16.6   -13.5     0.0     6.71 C    -9.9   -32.6   -17.2    82.1    54.9    67.5 -99.000 -99.000 -99.000 -99.000   0.260    -8.3    -7.7    -7.0    -4.5     0.0
94081 20240121  2.622 -103.30   45.52     8.5   -14.4    -3.0    -2.8     0.0     6.17 C     0.7   -17.3    -6.7    93.0    52.7    76.4 -99.000 -99.000 -99.000 -99.000   0.261    -7.0    -6.9    -6.6    -4.5    -0.1
94081 20240122  2.622 -103.30   45.52     2.6    -9.3    -3.4    -3.6     0.0     6.11 C     0.4   -12.0    -4.6    94.1    73.7    86.7 -99.000 -99.000 -99.000 -99.000   0.259    -5.4    -5.4    -5.4    -4.3    -0.2
94081 20240123  2.622 -103.30   45.52    -2.7    -7.3    -5.0    -5.4     0.0     3.73 C    -1.8   -11.6    -6.8    91.8    86.2    90.0 -99.000 -99.000 -99.000 -99.000   0.261    -4.7    -4.6    -4.6    -3.9    -0.3
94081 20240124  2.622 -103.30   45.52     8.0    -9.5    -0.7    -2.2     0.0     5.10 C     0.7   -13.3    -5.8    91.4    55.0    81.9 -99.000 -99.000 -99.000 -99.000   0.258    -4.6    -4.4    -4.3    -3.6    -0.3
94081 20240125  2.622 -103.30   45.52     8.9    -9.0    -0.1    -0.3     0.0     7.21 C     1.1   -13.6    -4.9    92.5    48.5    78.7 -99.000 -99.000 -99.000 -99.000   0.258    -3.6    -3.5    -3.7    -3.3    -0.3
94081 20240126  2.622 -103.30   45.52     8.8    -8.5     0.2    -1.0     0.0     8.98 C     0.9   -13.2    -6.2    91.3    41.2    74.1 -99.000 -99.000 -99.000 -99.000   0.258    -2.7    -2.6    -3.1    -3.0    -0.2
94081 20240127  2.622 -103.30   45.52     9.4   -10.1    -0.3    -0.9     0.0     9.06 C     1.2   -14.2    -5.9    88.1    37.3    71.3 -99.000 -99.000 -99.000 -99.000   0.260    -2.5    -2.3    -2.7    -2.6    -0.2
94081 20240128  2.622 -103.30   45.52    14.0    -4.4     4.8     3.4     0.0     8.21 C     3.2    -7.6    -2.4    88.5    42.6    67.8 -99.000 -99.000 -99.000 -99.000   0.261    -1.9    -1.8    -2.4    -2.4    -0.1
94081 20240129  2.622 -103.30   45.52    13.0    -3.8     4.6     4.8     0.0     9.06 C     5.2    -3.7    -0.4    91.2    49.4    71.1 -99.000 -99.000 -99.000 -99.000   0.261    -1.3    -1.2    -2.0    -2.1     0.0
94081 20240130  2.622 -103.30   45.52    17.6    -3.9     6.8     4.5     0.0     9.30 C     9.9    -4.0     0.4    91.0    29.7    68.8 -99.000 -99.000 -99.000 -99.000   0.258    -1.1    -0.9    -1.4    -1.6     0.2
94081 20240131  2.622 -103.30   45.52    17.3    -4.6     6.4     3.8     0.0     9.50 C    11.9    -3.8     0.8    88.9    27.3    68.2 -99.000 -99.000 -99.000 -99.000   0.247    -0.8    -0.7    -0.9    -1.2     0.3
94081 20240201  2.622 -103.30   45.52    12.5    -5.5     3.5     3.3     0.0     9.88 C    10.2    -4.4     1.1    91.8    44.2    73.0 -99.000 -99.000 -99.000 -99.000   0.247    -0.7    -0.6    -0.7    -1.1     0.4
94081 20240202  2.622 -103.30   45.52     3.2    -3.3     0.0     0.3     0.0     2.74 C     4.8    -3.6    -0.1    94.6    83.2    92.4 -99.000 -99.000 -99.000 -99.000   0.244    -0.5    -0.5    -0.6    -0.9     0.5
94081 20240203  2.622 -103.30   45.52     4.1     0.1     2.1     1.8     0.0     1.17 C     4.5    -0.3     1.4    94.3    87.3    92.4 -99.000 -99.000 -99.000 -99.000   0.245    -0.5    -0.4    -0.5    -0.8     0.6
94081 20240204  2.622 -103.30   45.52     3.7     0.1     1.9     2.0     0.5     2.28 C     4.5    -0.6     1.7    93.8    85.8    91.7 -99.000 -99.000 -99.000 -99.000   0.245    -0.4    -0.3    -0.4    -0.7     0.7
94081 20240205  2.622 -103.30   45.52    12.8    -5.2     3.8     2.6     0.0     9.12 C    10.9    -4.9     0.9    94.9    32.3    70.0 -99.000 -99.000 -99.000 -99.000   0.209    -0.4    -0.3    -0.4    -0.6     0.9
94081 20240206  2.622 -103.30   45.52     8.1    -3.2     2.5     1.5     0.0     8.83 C    11.2    -3.6     1.4    94.0    50.1    79.6 -99.000 -99.000 -99.000 -99.000   0.204    -0.3    -0.2    -0.3    -0.5     0.9
94081 20240207  2.622 -103.30   45.52     0.5    -0.7    -0.1    -0.2     0.0     1.35 C     3.0    -0.4     0.3    95.5    91.3    94.1 -99.000 -99.000 -99.000 -99.000   0.204    -0.3    -0.2    -0.3    -0.5     1.0
94081 20240208  2.622 -103.30   45.52    -0.5    -3.3    -1.9    -1.6     0.9     3.95 C    -0.2    -3.5    -1.6    93.3    73.7    83.3 -99.000 -99.000 -99.000 -99.000   0.205    -0.3    -0.2    -0.2    -0.4     1.1
94081 20240209  2.622 -103.30   45.52    -1.2    -5.1    -3.1    -3.5     0.2     6.37 C     1.9    -6.1    -2.5    85.3    69.9    78.7 -99.000 -99.000 -99.000 -99.000   0.204    -0.4    -0.2    -0.2    -0.4     1.2
94081 20240210  2.622 -103.30   45.52    -0.5    -6.6    -3.6    -3.5     0.0     4.10 C     3.4    -5.8    -1.9    86.6    51.8    73.6 -99.000 -99.000 -99.000 -99.000   0.204    -0.4    -0.2    -0.2    -0.4     1.2
94081 20240211  2.622 -103.30   45.52     7.4    -8.4    -0.5    -0.9     0.0    10.22 C     9.1    -6.6    -1.1    88.6    37.2    65.8 -99.000 -99.000 -99.000 -99.000   0.205    -0.4    -0.2    -0.3    -0.3     1.3
94081 20240212  2.622 -103.30   45.52     3.5    -4.0    -0.2     0.1     1.2     4.05 C     5.8    -3.6     0.3    93.2    67.0    81.8 -99.000 -99.000 -99.000 -99.000   0.205    -0.4    -0.2    -0.2    -0.3     1.4
94081 20240213  2.622 -103.30   45.52     3.4    -5.0    -0.8    -0.1     0.7     4.20 C     7.8    -4.3     0.4    94.4    59.8    81.9 -99.000 -99.000 -99.000 -99.000   0.199    -0.4    -0.2    -0.2    -0.2     1.4
94081 20240214  2.622 -103.30   45.52    -3.1    -9.8    -6.5    -5.1     3.0     7.15 C     0.3    -9.5    -3.6    89.5    66.9    80.7 -99.000 -99.000 -99.000 -99.000   0.204    -0.4    -0.2    -0.2    -0.2     1.4
94081 20240215  2.622 -103.30   45.52    -4.7   -11.0    -7.8    -7.3     0.0     5.60 C    -1.3    -9.1    -4.8    88.0    60.0    74.5 -99.000 -99.000 -99.000 -99.000   0.205    -0.4    -0.2    -0.2    -0.2     1.5
94081 20240216  2.622 -103.30   45.52    -9.8   -17.4   -13.6   -13.3     0.0     8.12 C    -1.6   -14.5   -10.0    79.2    56.0    68.9 -99.000 -99.000 -99.000 -99.000   0.205    -0.9    -0.5    -0.2    -0.2     1.6
94081 20240217  2.622 -103.30   45.52     2.3   -14.9    -6.3    -6.0     0.0    13.10 C     4.7   -14.2    -5.8    78.6    37.4    57.4 -99.000 -99.000 -99.000 -99.000   0.205    -2.0    -1.5    -0.5    -0.2     1.6
94081 20240218  2.622 -103.30   45.52     6.8   -14.7    -3.9    -3.6     0.0    10.95 C     9.2   -11.9    -3.2    86.0    21.9    59.8 -99.000 -99.000 -99.000 -99.000   0.204    -2.3    -1.8    -1.1    -0.3     1.6
94081 20240219  2.622 -103.30   45.52    10.1    -9.3     0.4     0.5     0.0    12.76 C    11.9    -6.5    -0.1    86.9    22.3    60.4 -99.000 -99.000 -99.000 -99.000   0.204    -1.7    -1.4    -1.3    -0.5     1.6
94081 20240220  2.622 -103.30   45.52    13.9    -7.0     3.4     2.4     0.0    13.14 C    15.4    -6.3     1.2    88.6    27.5    62.1 -99.000 -99.000 -99.000 -99.000   0.205    -1.1    -1.0    -1.1    -0.5     1.6
94081 20240221  2.622 -103.30   45.52    13.7    -5.9     3.9     2.8     0.0    10.01 C    15.3    -5.1     1.3    88.5    29.3    64.4 -99.000 -99.000 -99.000 -99.000   0.206    -0.7    -0.6    -0.8    -0.4     1.6
94081 20240222  2.622 -103.30   45.52    11.9    -6.0     2.9     3.1     0.0    13.57 C    14.1    -6.1     1.4    89.4    28.3    61.7 -99.000 -99.000 -99.000 -99.000   0.206    -0.6    -0.5    -0.6    -0.4     1.6
94081 20240223  2.622 -103.30   45.52    10.9    -3.4     3.8     3.5     0.0    13.19 C    13.8    -5.1     1.8    76.9    30.9    56.3 -99.000 -99.000 -99.000 -99.000   0.206    -0.5    -0.4    -0.5    -0.3     1.6
94081 20240224  2.622 -103.30   45.52    13.5    -3.5     5.0     4.7     0.0    10.38 C    16.7    -5.2     2.3    77.4    22.2    48.3 -99.000 -99.000 -99.000 -99.000   0.207    -0.4    -0.3    -0.4    -0.2     1.6
94081 20240225  2.622 -103.30   45.52    12.2     1.3     6.7     5.4     0.2     7.12 C    17.5    -2.6     4.0    90.0    36.2    64.2 -99.000 -99.000 -99.000 -99.000   0.206    -0.3    -0.3    -0.4    -0.1     1.7
94081 20240226  2.622 -103.30   45.52    17.7   -10.3     3.7     6.0     5.4     6.57 C    21.3   -10.0     3.6    89.6    17.0    49.4 -99.000 -99.000 -99.000 -99.000   0.205    -0.2    -0.2    -0.3    -0.1     1.7
94081 20240227  2.622 -103.30   45.52   -10.3   -23.4   -16.9   -15.8     0.3    12.48 C    -9.6   -28.9   -16.5    80.0    58.1    69.0 -99.000 -99.000 -99.000 -99.000   0.205    -0.3    -0.2    -0.2     0.0     1.7
94081 20240228  2.622 -103.30   45.52     6.1   -24.5    -9.2    -7.1     0.0    14.55 C     0.6   -29.0   -10.5    78.8    31.6    60.4 -99.000 -99.000 -99.000 -99.000   0.206    -0.3    -0.2    -0.2     0.1     1.7
94081 20240229  2.622 -103.30   45.52    16.2    -3.0     6.6     5.1     0.0    14.95 C    14.5    -8.2     0.6    70.0    17.9    47.8 -99.000 -99.000 -99.000 -99.000   0.206    -0.3    -0.2    -0.2     0.1     1.8
94081 20240301  2.622 -103.30   45.52    12.4    -1.8     5.3     5.4     0.0    12.14 C    19.5    -3.3     4.3    76.6    29.2    52.9 -99.000 -99.000 -99.000 -99.000   0.206     0.1     0.0    -0.2     0.2     1.8
94081 20240302  2.622 -103.30   45.52     7.9    -0.7     3.6     2.8     0.0     8.74 C    13.1    -2.1     3.0    90.5    49.8    65.9 -99.000 -99.000 -99.000 -99.000   0.205     0.4     0.2    -0.2     0.2     1.9
94081 20240303  2.622 -103.30   45.52     0.2    -9.6    -4.7    -2.9     1.1    10.20 C     6.4    -8.0    -1.7    94.6    51.9    75.3 -99.000 -99.000 -99.000 -99.000   0.205     0.1     0.1    -0.1     0.3     1.9
94081 20240304  2.622 -103.30   45.52     3.5   -12.3    -4.4    -4.5     0.0    12.31 C    12.7    -9.8    -2.1    80.6    39.9    61.9 -99.000 -99.000 -99.000 -99.000   0.206    -0.2    -0.1    -0.1     0.3     2.0
94081 20240305  2.622 -103.30   45.52     7.0    -9.6    -1.3    -2.4     0.0    14.33 C    18.1    -8.8     0.6    86.7    17.9    66.5 -99.000 -99.000 -99.000 -99.000   0.207    -0.2    -0.1    -0.1     0.3     2.0
94081 20240306  2.622 -103.30   45.52     3.5   -10.2    -3.4    -3.6     0.0    13.09 C    15.0    -9.0    -0.8    91.5    47.1    75.2 -99.000 -99.000 -99.000 -99.000   0.206    -0.2     0.0    -0.1     0.3     2.0
94081 20240307  2.622 -103.30   45.52     1.9   -10.7    -4.4    -4.2     0.0    10.07 C    12.6    -8.9    -1.0    89.2    47.7    71.6 -99.000 -99.000 -99.000 -99.000   0.205    -0.2    -0.1    -0.1     0.3     2.1
94081 20240308  2.622 -103.30   45.52     7.1   -10.5    -1.7    -2.7     0.0    16.59 C    17.6    -9.3    -0.3    89.2    21.1    62.1 -99.000 -99.000 -99.000 -99.000   0.204    -0.2    -0.1    -0.1     0.4     2.1
94081 20240309  2.622 -103.30   45.52    14.4    -8.3     3.0     4.3     0.0    16.31 C    24.7    -8.0     4.3    79.4    12.6    36.1 -99.000 -99.000 -99.000 -99.000   0.204     0.1     0.1    -0.1     0.4     2.1
94081 20240310  2.622 -103.30   45.52    16.9    -3.3     6.8     7.3     0.0    16.24 C    29.8    -5.5     7.1    63.5    11.0    31.2   0.255   0.302 -99.000 -99.000   0.205     1.2     0.7     0.0     0.4     2.1
94081 20240311  2.622 -103.30   45.52    14.7    -3.8     5.4     6.4     0.0    11.88 C    22.2    -5.5     5.6    75.4    20.9    41.6   0.257   0.286 -99.000   0.149   0.205     1.8     1.2     0.2     0.5     2.2
94081 20240312  2.622 -103.30   45.52    16.0    -5.6     5.2     5.1     0.0    14.90 C    30.7    -6.0     6.0    86.4    20.9    53.8   0.262   0.274   0.141   0.145   0.206     2.4     1.8     0.6     0.6     2.2
94081 20240313  2.622 -103.30   45.52    14.5    -3.1     5.7     4.9     0.0    10.14 C    30.3    -4.9     5.4    86.9    28.2    61.1   0.271   0.277   0.173   0.145   0.207     2.9     2.4     1.1     0.9     2.3
94081 20240314  2.622 -103.30   45.52     3.5    -8.7    -2.6     0.3     0.0     3.23 C     6.5    -9.1     0.7    94.5    53.6    74.7   0.269   0.277   0.222   0.145   0.207     1.9     1.9     1.3     1.1     2.4
94081 20240315  2.622 -103.30   45.52    14.2    -9.6     2.3     3.2     0.0    17.06 C    23.9   -10.1     3.7    88.6    13.2    51.5   0.253   0.275   0.221   0.146   0.206     1.7     1.6     1.2     1.2     2.5
94081 20240316  2.622 -103.30   45.52     9.0    -5.3     1.8     1.9     0.0    15.89 C    19.9    -7.5     2.8    86.1    25.3    55.5   0.268   0.275   0.220   0.147   0.207     2.3     2.2     1.7     1.4     2.7
94081 20240317  2.622 -103.30   45.52     4.0   -11.8    -3.9    -3.8     0.0    17.06 C    19.6   -11.7    -1.1    84.1    24.2    56.0   0.264   0.273   0.218   0.149   0.207     1.4     1.7     1.7     1.6     2.8
94081 20240318  2.622 -103.30   45.52    19.9   -11.7     4.1     4.3     0.0    18.32 C    30.3   -11.4     5.6    81.7    12.2    47.0   0.255   0.273   0.217   0.149   0.207     1.9     1.8     1.4     1.6     2.9
94081 20240319  2.622 -103.30   45.52    17.8    -6.5     5.6     5.3     0.0    15.87 C    36.5    -8.0     7.0    87.9    16.4    54.3   0.266   0.273   0.219   0.150   0.208     3.4     3.2     2.2     1.8     2.9
94081 20240320  2.622 -103.30   45.52     2.1    -7.4    -2.7    -3.2     0.0    10.62 C    15.0    -8.1    -0.5    74.4    47.4    57.9   0.263   0.271   0.220   0.150   0.208     2.5     2.8     2.5     2.1     3.0
94081 20240321  2.622 -103.30   45.52    -2.0    -7.8    -4.9    -5.5     2.8     6.04 C    10.7    -8.1    -3.0    88.2    52.0    71.9   0.263   0.268   0.220   0.152   0.208     0.9     1.4     1.7     2.2     3.1
94081 20240322  2.622 -103.30   45.52    -3.6    -7.2    -5.4    -5.7     0.0     7.52 C     1.7    -6.8    -3.8    89.1    65.1    77.9   0.251   0.267   0.219   0.151   0.209     0.7     1.1     1.3     1.9     3.2
94081 20240323  2.622 -103.30   45.52    -4.6    -7.2    -5.9    -6.0     0.6     4.07 C    -3.5    -6.8    -5.3    90.1    77.8    82.4   0.218   0.278   0.220   0.152   0.209     0.2     0.6     1.0     1.8     3.2
94081 20240324  2.622 -103.30   45.52    -4.8    -8.6    -6.7    -6.4     9.0     3.35 C    -3.8    -9.0    -6.2    88.9    75.6    82.5 -99.000   0.277   0.257   0.151   0.209     0.0     0.4     0.7     1.6     3.2
94081 20240325  2.622 -103.30   45.52    -7.8   -18.4   -13.1   -11.1     0.4    19.18 C    -4.5   -20.2   -10.9    84.1    53.8    72.7 -99.000 -99.000   0.266   0.151   0.210    -0.1     0.3     0.6     1.4     3.2
94081 20240326  2.622 -103.30   45.52    -6.8   -21.8   -14.3   -13.3     0.0    20.85 C    -0.4   -21.6   -11.6    85.4    37.4    68.4 -99.000 -99.000   0.265   0.151   0.210    -0.2     0.2     0.5     1.3     3.1
94081 20240327  2.622 -103.30   45.52     4.5   -16.8    -6.2    -5.2     0.0    17.79 C    12.1   -15.6    -2.9    83.9    52.7    71.3 -99.000 -99.000   0.263   0.151   0.208    -0.2     0.1     0.4     1.2     3.0
94081 20240328  2.622 -103.30   45.52     8.3    -8.3     0.0     1.5     0.0    16.35 C    15.8    -6.0     2.4    87.6    45.5    68.1 -99.000 -99.000   0.262   0.151   0.207     0.0     0.2     0.3     1.1     2.9
94081 20240329  2.622 -103.30   45.52     7.6    -1.1     3.2     2.3     0.0    12.17 C    18.0    -1.3     4.1    89.0    51.8    73.0   0.261   0.296   0.266   0.151   0.207     0.8     0.9     0.4     1.0     2.9
94081 20240330  2.622 -103.30   45.52     0.6    -1.8    -0.6    -0.8     2.1     3.47 C     3.6    -0.9     0.4    90.3    77.5    83.4   0.283   0.300   0.277   0.150   0.208     0.9     1.1     0.6     1.1     2.8
94081 20240331  2.622 -103.30   45.52    -0.3    -1.9    -1.1    -1.1     3.0     2.34 C     1.5    -2.6    -0.8    94.2    86.0    90.5   0.281   0.303   0.286   0.150   0.208     0.6     0.9     0.7     1.2     2.8
94081 20240401  2.622 -103.30   45.52     5.1    -3.8     0.6    -0.5     0.6    12.35 C    16.3    -4.4     0.8    90.0    61.7    81.2   0.279   0.307   0.286   0.152   0.208     1.2     1.3     0.8     1.2     2.8
94081 20240402  2.622 -103.30   45.52    12.4    -5.8     3.3     3.6     0.0    20.39 C    23.5    -5.4     5.1    89.6    26.8    57.0   0.301   0.306   0.279   0.152   0.207     2.6     2.4     1.5     1.3     2.8
94081 20240403  2.622 -103.30   45.52    18.9    -4.8     7.1     7.1     0.0    21.71 C    30.8    -5.2     9.2    86.1    27.5    53.2   0.302   0.303   0.281   0.153   0.207     4.3     3.8     2.5     1.7     2.9
94081 20240404  2.622 -103.30   45.52    19.2     2.5    10.8    11.3     0.0    18.92 C    28.4    -1.4    11.1    72.0    26.2    40.5   0.302   0.302   0.283   0.157   0.207     5.9     5.4     3.9     2.3     3.0
94081 20240405  2.622 -103.30   45.52    15.7     5.6    10.7    10.7     0.0    10.94 C    19.0     3.3     9.4    51.6    26.4    37.3   0.297   0.300   0.282   0.160   0.209     5.9     5.7     4.6     3.1     3.1
94081 20240406  2.622 -103.30   45.52    13.6     4.1     8.8     8.5     3.5    12.04 C    25.3     3.1     9.4    86.8    44.6    60.9   0.294   0.298   0.280   0.162   0.209     6.2     5.9     4.9     3.6     3.4
94081 20240407  2.622 -103.30   45.52     5.5     0.9     3.2     3.2     5.7     2.22 C     6.9     2.0     4.4    92.9    83.7    88.6   0.308   0.308   0.285   0.163   0.208     5.5     5.6     5.2     4.0     3.7
94081 20240408  2.622 -103.30   45.52     8.2     0.1     4.2     3.9     3.1     6.03 C    17.6     0.1     4.9    94.6    60.6    80.9   0.321   0.324   0.304   0.163   0.211     5.0     5.1     4.8     4.2     3.9
94081 20240409  2.622 -103.30   45.52    14.1    -1.5     6.3     7.6     0.0    19.76 C    28.0    -2.7     8.8    85.9    32.6    56.5   0.315   0.320   0.303   0.167   0.211     6.0     5.7     5.0     4.2     4.1
94081 20240410  2.622 -103.30   45.52     9.1    -1.8     3.7     5.1     0.0    12.18 C    16.1    -3.5     4.7    81.6    36.0    60.1   0.309   0.316   0.299   0.171   0.211     5.6     5.8     5.5     4.5     4.3
94081 20240411  2.622 -103.30   45.52    12.6    -3.9     4.4     4.2     0.0    23.89 C    28.8    -6.3     6.8    81.5    18.5    46.1   0.303   0.311   0.296   0.172   0.211     5.4     5.3     5.0     4.6     4.4
94081 20240412  2.622 -103.30   45.52    22.1    -2.2     9.9    12.6     0.0    23.30 C    31.7    -4.9    12.5    65.5    17.2    32.8   0.302   0.309   0.294   0.171   0.212     6.6     6.3     5.4     4.7     4.5
94081 20240413  2.622 -103.30   45.52    26.4     2.5    14.4    15.4     0.0    23.30 C    39.5     0.0    15.8    80.4    17.0    43.9   0.302   0.302   0.292   0.171   0.212     9.3     8.5     6.8     5.0     4.7
94081 20240414  2.622 -103.30   45.52    23.9     0.4    12.2    14.2     0.0    21.99 C    34.9    -0.2    15.5    89.2    23.7    46.6 -99.000 -99.000 -99.000 -99.000 -99.000 -9999.0 -9999.0 -9999.0 -9999.0 -9999.0
94081 20240415  2.622 -103.30   45.52    22.8    10.5    16.6    14.8    11.8    16.60 C    33.6     7.9    15.6    92.5    25.3    47.3 -99.000 -99.000 -99.000 -99.000 -99.000 -9999.0 -9999.0 -9999.0 -9999.0 -9999.0
94081 20240416  2.622 -103.30   45.52    17.8     5.5    11.6    10.7     7.4    15.31 C    22.7     3.4    11.1    92.3    33.6    66.0 -99.000 -99.000 -99.000 -99.000 -99.000 -9999.0 -9999.0 -9999.0 -9999.0 -9999.0
94081 20240417  2.622 -103.30   45.52     9.7     0.9     5.3     4.6     0.0    13.97 C    19.7    -0.3     6.2    69.9    32.0    53.5 -99.000 -99.000 -99.000 -99.000 -99.000 -9999.0 -9999.0 -9999.0 -9999.0 -9999.0
94081 20240418  2.622 -103.30   45.52     6.5    -5.0     0.8     1.1     0.0    18.48 C    17.1    -5.7     2.9    80.3    22.1    48.6 -99.000 -99.000 -99.000 -99.000 -99.000 -9999.0 -9999.0 -9999.0 -9999.0 -9999.0
94081 20240419  2.622 -103.30   45.52     2.9    -5.8    -1.4    -1.2     0.0    12.62 C    14.6    -6.1     0.9    77.8    38.7    55.6   0.300   0.316   0.301   0.184   0.216 -9999.0 -9999.0 -9999.0 -9999.0 -9999.0
94081 20240420  2.622 -103.30   45.52     7.9    -7.5     0.2     1.1     0.0    22.98 C    28.1    -7.7     5.9    83.4    18.7    48.1 -99.000 -99.000 -99.000 -99.000 -99.000 -9999.0 -9999.0 -9999.0 -9999.0 -9999.0
94081 20240421  2.622 -103.30   45.52    18.7    -8.5     5.1     7.5     0.0    23.67 C    30.8    -8.7     9.7    84.8    18.3    42.1 -99.000 -99.000 -99.000 -99.000 -99.000 -9999.0 -9999.0 -9999.0 -9999.0 -9999.0
94081 20240422  2.622 -103.30   45.52    15.7     2.5     9.1    10.1     0.0    25.26 C    28.1     0.1    11.5    64.6    15.4    32.2   0.301   0.308   0.295   0.174   0.216     7.9     7.6     6.7     5.9     6.1
94081 20240423  2.622 -103.30   45.52    15.4    -0.6     7.4     8.1     0.0    25.61 C    34.2    -3.5    11.8    80.8    18.3    44.0 -99.000 -99.000 -99.000 -99.000 -99.000 -9999.0 -9999.0 -9999.0 -9999.0 -9999.0
94081 20240424  2.622 -103.30   45.52    21.7     3.7    12.7    13.1     0.0    25.45 C    34.9    -1.8    14.5    75.4    21.9    37.4   0.292   0.301 -99.000 -99.000 -99.000     9.4     9.1     7.9     6.6     6.2
94081 20240425  2.622 -103.30   45.52    24.8     0.3    12.5    12.7     0.3    15.95 C    39.0    -0.9    13.8    89.2    33.1    64.9 -99.000 -99.000 -99.000 -99.000 -99.000 -9999.0 -9999.0 -9999.0 -9999.0 -9999.0
94081 20240426  2.622 -103.30   45.52    17.6     4.1    10.9    10.1     2.2     8.59 C    25.4     2.0    10.9    94.7    52.2    84.1   0.289   0.287   0.290   0.175   0.216 -9999.0 -9999.0 -9999.0 -9999.0 -9999.0
94081 20240427  2.622 -103.30   45.52    14.6     0.7     7.6     8.0     0.0    23.79 C    32.3    -0.8    11.5    93.6    28.2    64.1   0.286   0.287   0.288   0.174   0.218    10.3    10.2     9.3     8.0     6.8
94081 20240428  2.622 -103.30   45.52     8.6    -3.0     2.8     3.7     0.0     7.49 C    17.7    -4.2     6.0    94.4    60.2    79.8   0.281   0.289   0.288   0.175   0.220     9.0     9.3     9.0     8.2     7.0
94081 20240429  2.622 -103.30   45.52    19.3    -6.1     6.6     8.5     0.3    19.91 C    40.0    -5.6    12.1    95.2    24.0    60.5   0.277   0.286   0.284   0.174   0.218     9.2     9.1     8.5     8.1     7.2
94081 20240430  2.622 -103.30   45.52    14.8    -3.0     5.9     8.3     0.2    15.98 C    27.2    -4.2     8.9    86.2    18.6    53.3   0.274   0.284   0.282   0.174   0.219     9.5     9.6     9.0     8.1     7.3
94081 20240501  2.622 -103.30   45.52    14.7    -5.6     4.5     5.6     3.3    15.93 C    33.3    -6.8     8.4    89.8    24.4    62.3   0.269   0.282   0.278   0.173   0.220     8.4     8.5     8.4     8.2     7.4
94081 20240502  2.622 -103.30   45.52    13.9    -2.4     5.7     6.3     0.5    20.09 C    27.8    -3.3     8.0    86.5    23.1    59.0   0.268   0.281   0.277   0.172   0.219     8.8     8.8     8.5     8.0     7.5
94081 20240503  2.622 -103.30   45.52    10.8    -2.5     4.1     4.3     0.0    15.69 C    27.7    -5.0     6.4    85.4    37.2    59.8   0.264   0.277   0.273   0.172   0.221     7.5     7.8     8.0     8.0     7.5
94081 20240504  2.622 -103.30   45.52    16.1    -6.8     4.7     6.8     0.0    27.87 C    37.1    -7.2    12.3    88.8    19.8    51.1   0.263   0.274   0.272   0.171   0.221     8.7     8.5     7.9     7.7     7.6
94081 20240505  2.622 -103.30   45.52    21.8     6.2    14.0    14.7     0.0    22.80 C    33.1     4.0    16.2    65.2    37.5    49.8   0.261   0.267   0.272   0.170   0.221    10.5    10.1     8.8     7.8     7.5
94081 20240506  2.622 -103.30   45.52    22.1     4.7    13.4    12.5     0.0     8.53 C    28.6     2.9    12.4    92.0    23.8    74.1   0.258   0.259   0.273   0.171   0.220    11.1    10.9     9.8     8.3     7.6
94081 20240507  2.622 -103.30   45.52     8.0     4.2     6.1     6.3     3.0     5.76 C     9.9     4.6     6.7    88.8    62.0    75.2   0.254   0.265   0.270   0.172   0.221     9.1     9.4     9.4     8.6     7.7
94081 20240508  2.622 -103.30   45.52    11.5     2.3     6.9     6.5     4.7     7.79 C    18.4     0.4     7.4    92.0    63.5    83.5   0.254   0.266   0.266   0.170   0.221     8.6     8.8     8.7     8.5     7.9
94081 20240509  2.622 -103.30   45.52    19.1    -0.2     9.5    11.1     0.0    16.04 C    31.9    -1.3    12.0    93.4    34.3    65.7   0.257   0.264   0.266   0.169   0.222     9.4     9.2     8.7     8.3     8.0
94081 20240510  2.622 -103.30   45.52    21.7     1.3    11.5    13.3     0.0    27.03 C    38.6     0.0    15.9    86.7    26.0    52.2   0.257   0.256   0.265   0.169   0.223    11.1    10.7     9.5     8.4     8.0
94081 20240511  2.622 -103.30   45.52    25.7     1.7    13.7    14.8     0.0    26.41 C    42.5     0.3    18.1    90.6    19.4    52.3   0.253   0.251   0.264   0.169   0.223    12.6    12.0    10.4     8.9     8.0
94081 20240512  2.622 -103.30   45.52    23.4     2.2    12.8    14.0     0.2    23.11 C    40.1     1.8    17.1    89.2    21.7    51.5   0.245   0.246   0.263   0.170   0.221    13.3    12.8    11.3     9.5     8.2
94081 20240513  2.622 -103.30   45.52    26.2     6.0    16.1    17.3     0.0    24.53 C    42.5     3.7    20.3    77.5    27.0    47.9   0.238   0.240   0.260   0.171   0.224    14.4    13.7    12.0     9.9     8.4
94081 20240514  2.622 -103.30   45.52    21.6    10.6    16.1    15.4     8.9    12.36 C    36.2     8.8    17.1    90.3    36.6    66.6   0.232   0.237   0.259   0.171   0.223    14.7    14.3    12.7    10.5     8.6
94081 20240515  2.622 -103.30   45.52    19.7     6.0    12.8    13.2     1.5    20.36 C    33.0     5.5    16.0    92.6    32.3    67.3   0.232   0.233   0.258   0.172   0.224    14.4    14.0    12.8    11.0     8.9
94081 20240516  2.622 -103.30   45.52    24.9     5.9    15.4    16.8     0.0    23.60 C    40.2     6.2    19.1    89.1    24.1    52.2   0.235   0.233   0.255   0.172   0.225    14.8    14.4    13.1    11.3     9.2
94081 20240517  2.622 -103.30   45.52    28.6     9.4    19.0    18.2     1.7    24.80 C    43.7     8.4    21.0    75.4    18.9    50.2   0.233   0.232   0.252   0.172   0.226    16.1    15.5    13.8    11.6     9.5
94081 20240518  2.622 -103.30   45.52    18.7     6.1    12.4    11.9     0.0    29.14 C    34.8     4.8    15.5    70.7    16.8    42.7   0.224   0.231   0.249   0.173   0.226    14.6    14.6    13.9    12.1     9.7
94081 20240519  2.622 -103.30   45.52    22.4     5.9    14.2    14.2     0.0    24.32 C    40.9     4.3    18.3    82.2    31.4    49.3   0.218   0.227   0.246   0.172   0.228    14.8    14.6    13.6    12.2    10.0
94081 20240520  2.622 -103.30   45.52    15.8     2.3     9.1     9.7     0.0    12.32 C    27.1     0.3    12.3    89.0    27.9    61.7   0.209   0.224   0.243   0.172   0.227    13.7    13.9    13.4    12.2    10.2
94081 20240521  2.622 -103.30   45.52    17.3     3.5    10.4    10.3     0.0    13.72 C    35.0     1.7    12.5    87.5    28.6    61.4   0.205   0.224   0.239   0.171   0.229    13.3    13.4    12.9    12.1    10.4
94081 20240522  2.622 -103.30   45.52    21.0     2.0    11.5    13.5     0.2    19.62 C    43.8     0.4    16.2    87.6    19.8    50.4   0.199   0.219   0.251   0.170   0.230    13.6    13.4    13.0    12.0    10.6
94081 20240523  2.622 -103.30   45.52    19.6     1.4    10.5    11.3    12.1    14.36 C    36.2     0.5    13.3    91.5    45.5    71.1   0.196   0.215   0.254   0.169   0.229    13.6    13.6    13.3    11.9    10.6
94081 20240524  2.622 -103.30   45.52    18.1     4.3    11.2    10.3     9.2    20.35 C    30.0     4.4    12.8    88.9    30.5    64.1   0.267   0.253   0.254   0.169   0.230    12.4    12.5    12.7    11.9    10.7
94081 20240525  2.622 -103.30   45.52    21.2     1.4    11.3    11.2     0.8    21.73 C    36.5     2.2    14.6    92.9    31.8    67.0   0.275   0.271   0.253   0.169   0.229    13.5    13.3    12.9    11.8    10.7
94081 20240526  2.622 -103.30   45.52    19.6     3.6    11.6    12.8     0.9    17.65 C    33.5     3.9    14.9    90.9    31.4    66.7   0.268   0.262   0.254   0.168   0.230    14.1    13.9    13.4    11.9    10.7
94081 20240527  2.622 -103.30   45.52    21.2     4.4    12.8    13.4     0.0    28.49 C    37.3     3.1    16.8    85.3    28.5    54.5   0.259   0.255   0.252   0.169   0.231    14.0    13.8    13.4    12.1    10.8
94081 20240528  2.622 -103.30   45.52    23.4     1.8    12.6    15.0     0.0    28.19 C    43.6     2.5    19.6    91.5    28.5    54.1   0.248   0.246   0.252   0.169   0.230    15.4    14.9    13.9    12.3    10.9
94081 20240529  2.622 -103.30   45.52    29.2    12.1    20.6    18.3     5.2    21.38 C    40.1    10.6    20.1    88.7    29.0    56.1   0.240   0.238   0.252   0.169   0.232    16.3    15.9    14.9    12.6    11.0
94081 20240530  2.622 -103.30   45.52    18.6     5.3    11.9    13.3     7.2    26.27 C    31.8     4.3    16.6    91.1    25.5    58.9   0.257   0.239   0.251   0.168   0.232    16.0    15.8    15.2    13.0    11.1
94081 20240531  2.622 -103.30   45.52    19.6     2.3    11.0    12.5     0.0    28.43 C    38.6     3.4    16.6    89.9    25.5    56.2   0.259   0.239   0.250   0.169   0.233    15.6    15.4    14.9    13.3    11.3
94081 20240601  2.622 -103.30   45.52    23.5     5.9    14.7    16.1     0.0    28.28 C    41.3     6.1    20.7    90.1    26.7    56.2   0.252   0.237   0.249   0.169   0.232    16.8    16.3    15.3    13.4    11.5
94081 20240602  2.622 -103.30   45.52    25.1     8.4    16.7    19.2     0.0    24.87 C    46.2     7.6    22.3    87.0    27.9    55.3   0.242   0.236   0.249   0.168   0.233    18.3    17.7    16.3    13.7    11.7
94081 20240603  2.622 -103.30   45.52    29.2     7.5    18.3    19.6     0.0    21.28 C    41.4     7.3    21.5    88.9    28.7    56.2   0.232   0.231   0.248   0.169   0.234    18.2    17.7    16.7    14.2    11.9
94081 20240604  2.622 -103.30   45.52    22.3    10.0    16.2    16.4     0.2    28.40 C    40.4     7.7    20.7    76.4    18.2    42.5   0.222   0.227   0.245   0.169   0.235    18.2    17.9    17.1    14.5    12.1
94081 20240605  2.622 -103.30   45.52    22.9     6.0    14.5    17.0     0.0    28.29 C    41.6     5.4    20.6    71.5    18.0    38.1   0.211   0.221   0.241   0.170   0.236    17.9    17.6    17.0    14.8    12.3
94081 20240606  2.622 -103.30   45.52    25.6     5.6    15.6    16.1     0.0    30.18 C    45.0     3.1    20.8    82.5    16.1    40.8   0.200   0.215   0.233   0.168   0.236    17.8    17.4    16.8    14.9    12.6
94081 20240607  2.622 -103.30   45.52    30.8     4.7    17.8    18.2     0.0    27.57 C    54.4     4.3    22.6    82.8    18.9    41.9   0.191   0.209   0.226   0.168   0.237    18.6    18.1    17.2    15.0    12.7
94081 20240608  2.622 -103.30   45.52    23.3     6.0    14.7    15.2     0.0    22.79 C    42.7     5.4    19.8    83.3    21.2    48.7   0.183   0.203   0.218   0.167   0.238    18.5    18.2    17.4    15.2    12.9
94081 20240609  2.622 -103.30   45.52    24.3     5.4    14.8    17.0     0.0    19.31 C    43.6     5.1    20.1    84.4    30.1    50.6   0.178   0.199   0.210   0.166   0.237    18.2    17.9    17.3    15.3    13.1
94081 20240610  2.622 -103.30   45.52    28.3    11.9    20.1    19.1    24.4    17.00 C    48.4    11.4    20.7    88.9    37.3    57.1   0.227   0.209   0.223   0.165   0.239    18.6    18.3    17.6    15.4    13.2
94081 20240611  2.622 -103.30   45.52    29.5    11.4    20.4    20.7     0.0    28.88 C    44.0    10.1    23.6    88.1    20.8    54.0   0.267   0.220   0.241   0.166   0.238    19.4    18.8    17.8    15.6    13.4
94081 20240612  2.622 -103.30   45.52    29.6    13.9    21.7    22.8     0.4    29.86 C    47.3    13.3    26.2    84.5    15.5    41.5   0.250   0.221   0.238   0.165   0.240    20.7    20.0    18.7    15.9    13.5
94081 20240613  2.622 -103.30   45.52    27.0     9.8    18.4    19.3     0.0    30.21 C    48.1     8.9    24.1    86.4    14.6    40.8   0.235   0.219   0.234   0.165   0.240    20.9    20.3    19.3    16.4    13.7
94081 20240614  2.622 -103.30   45.52    29.5    11.1    20.3    22.2    14.0    21.79 C    42.8     9.1    24.2    85.6    31.5    46.4   0.226   0.216   0.230   0.166   0.240    20.3    20.0    19.2    16.8    13.9
94081 20240615  2.622 -103.30   45.52    33.3    14.7    24.0    24.2     0.0    25.41 C    49.2    13.3    27.3    89.1    20.4    52.1   0.247   0.239   0.258   0.165   0.242    22.3    21.5    19.9    16.9    14.1
94081 20240616  2.622 -103.30   45.52    22.4     9.1    15.7    16.2     0.0    27.89 C    42.7     8.0    21.5    70.1    16.3    37.3   0.242   0.241   0.256   0.167   0.242    20.6    20.5    20.0    17.5    14.4
94081 20240617  2.622 -103.30   45.52    17.5    10.7    14.1    14.3     0.7     8.39 C    30.2     8.6    16.3    94.0    40.9    66.3   0.237   0.233   0.252   0.167   0.243    18.0    18.4    18.9    17.5    14.6
94081 20240618  2.622 -103.30   45.52    16.2     6.5    11.3    11.4     1.6    22.83 C    33.8     6.6    16.3    92.6    43.6    72.2   0.235   0.230   0.249   0.167   0.243    17.5    17.6    17.8    17.0    14.8
94081 20240619  2.622 -103.30   45.52    20.6     1.7    11.2    12.7     0.0    24.16 C    43.4     2.0    18.5    93.3    36.7    62.8   0.234   0.227   0.248   0.166   0.242    17.1    17.2    17.2    16.6    14.8
94081 20240620  2.622 -103.30   45.52    19.2    11.5    15.4    14.9     0.0    10.44 C    34.0     9.0    17.8    91.6    65.5    79.2   0.233   0.227   0.247   0.166   0.242    17.5    17.5    17.3    16.3    14.7
94081 20240621  2.622 -103.30   45.52    23.8    13.9    18.9    17.9     0.5    15.67 C    46.8    14.4    22.5    91.9    57.1    80.5   0.235   0.230   0.247   0.167   0.244    18.9    18.5    17.5    16.1    14.7
94081 20240622  2.622 -103.30   45.52    28.2    13.2    20.7    20.8     0.0    28.26 C    54.9    12.9    28.9    93.2    30.6    63.3   0.238   0.236   0.248   0.166   0.245    22.0    21.0    19.0    16.5    14.7
94081 20240623  2.622 -103.30   45.52    33.4    11.1    22.3    23.9     0.0    28.67 C    55.6    11.1    30.9    92.2    29.0    60.3   0.236   0.238   0.249   0.168   0.245    23.2    22.3    20.3    17.1    14.7
94081 20240624  2.622 -103.30   45.52    33.2    18.3    25.8    25.4     0.0    28.49 C    58.8    16.0    32.6    94.5    26.3    55.8   0.234   0.244   0.248   0.169   0.244    25.3    24.3    21.9    17.9    14.9
94081 20240625  2.622 -103.30   45.52    32.8    14.8    23.8    23.9     0.0    24.22 C    58.4    12.2    29.5    75.2    12.5    43.0   0.227   0.239   0.245   0.170   0.245    24.7    24.1    22.5    18.8    15.2
94081 20240626  2.622 -103.30   45.52    27.8     6.9    17.3    20.0     0.0    27.14 C    55.9     6.9    27.8    88.7    24.4    47.8   0.221   0.233   0.240   0.171   0.246    23.9    23.4    22.2    19.2    15.6
94081 20240627  2.622 -103.30   45.52    32.3    16.7    24.5    22.6     8.9    23.35 C    62.4    15.0    28.5    89.5    36.3    64.9   0.218   0.229   0.236   0.171   0.247    24.4    23.9    22.5    19.5    15.9
94081 20240628  2.622 -103.30   45.52    25.3    10.5    17.9    18.0     0.0    22.79 C    41.4    10.3    20.6    84.1    20.5    50.5   0.216   0.223   0.232   0.172   0.248    21.4    21.6    21.7    19.7    16.2
94081 20240629  2.622 -103.30   45.52    20.5    11.8    16.2    15.3     0.0    19.60 C    50.0    10.2    20.6    87.7    43.6    64.7   0.212   0.218   0.228   0.171   0.250    20.1    20.3    20.4    19.3    16.4
94081 20240630  2.622 -103.30   45.52    28.9    12.2    20.5    21.1     0.0    27.47 C    47.8    10.4    26.0    75.4    37.9    56.0   0.211   0.216   0.225   0.169   0.247    21.1    20.8    20.2    18.9    16.5
94081 20240701  2.622 -103.30   45.52    27.0    10.5    18.7    19.5     0.6    17.56 C    47.3     9.4    22.1    88.6    40.5    66.2   0.210   0.215   0.224   0.169   0.249    21.8    21.6    20.8    18.9    16.6
94081 20240702  2.622 -103.30   45.52 -9999.0 -9999.0 -9999.0 -9999.0 -9999.0 -9999.00 U -9999.0 -9999.0 -9999.0 -9999.0 -9999.0 -9999.0 -99.000 -99.000 -99.000 -99.000 -99.000 -9999.0 -9999.0 -9999.0 -9999.0 -9999.0
