23908 20240101  2.622  -94.58   37.43     2.4    -8.1    -2.8    -1.7     0.0     6.67 C    11.6   -11.0    -1.4    93.6    59.4    76.1   0.403   0.412   0.375   0.543   0.479     5.1     5.0     5.8     8.7    10.4
23908 20240102  2.622  -94.58   37.43     7.4    -7.7    -0.2    -0.9     0.0     8.43 C    11.5   -11.3    -2.6    93.9    53.2    81.9   0.399   0.406   0.370   0.543   0.479     4.2     4.3     5.1     8.5    10.3
23908 20240103  2.622  -94.58   37.43     9.0    -6.0     1.5     0.5     0.0     9.84 C    17.2    -8.8    -1.0    94.8    45.6    79.2   0.396   0.403   0.367   0.544   0.479     4.0     4.1     4.8     8.3    10.1
23908 20240104  2.622  -94.58   37.43     5.2    -6.9    -0.8    -0.7     0.0     7.99 C    12.0   -10.6    -1.2    94.0    61.9    81.0   0.392   0.399   0.364   0.544   0.480     3.7     3.9     4.5     8.0     9.9
23908 20240105  2.622  -94.58   37.43     4.5    -0.1     2.2     1.9     0.6     1.63 C     7.2    -2.1     1.8    94.8    75.0    83.2   0.391   0.398   0.363   0.544   0.480     4.1     4.5     4.7     7.8     9.8
23908 20240106  2.622  -94.58   37.43     3.2    -0.7     1.2     1.5     0.0     1.44 C     4.0    -0.3     1.6    94.9    78.4    87.7   0.390   0.397   0.363   0.544   0.480     4.6     4.8     5.0     7.7     9.6
23908 20240107  2.622  -94.58   37.43     8.3    -5.5     1.4     2.5     0.0     9.74 C    15.7    -9.2     2.0    95.5    39.2    68.5   0.388   0.395   0.361   0.544   0.481     4.6     4.8     5.0     7.7     9.4
23908 20240108  2.622  -94.58   37.43     6.7     0.3     3.5     3.7    23.4     0.40 C     5.7    -0.1     2.7    93.8    50.8    78.0   0.422   0.406   0.383   0.544   0.481     4.5     4.7     5.1     7.6     9.3
23908 20240109  2.622  -94.58   37.43     4.0    -4.2    -0.1    -0.3     6.3     2.54 C     3.8    -7.3    -0.8    95.6    77.4    87.0   0.454   0.418   0.405   0.544   0.480     4.3     4.5     5.0     7.5     9.3
23908 20240110  2.622  -94.58   37.43     8.6    -6.0     1.3     1.0     0.0    11.10 C     9.4    -9.1    -0.9    91.1    47.1    71.3   0.458   0.420   0.406   0.544   0.480     3.8     4.3     4.6     7.4     9.2
23908 20240111  2.622  -94.58   37.43    12.7    -5.1     3.8     4.6     0.0     9.52 C    15.1    -8.7     2.5    90.2    37.4    68.3   0.460   0.421   0.407   0.544   0.480     4.0     4.5     4.6     7.3     9.1
23908 20240112  2.622  -94.58   37.43     9.3   -10.9    -0.8    -5.7     0.0     3.16 C     7.5   -12.1    -5.2    91.9    60.0    74.6   0.460   0.423   0.408   0.544   0.480     3.8     4.1     4.6     7.2     8.9
23908 20240113  2.622  -94.58   37.43    -8.1   -19.5   -13.8   -13.2     0.0     9.89 C     2.1   -19.0   -11.2    78.9    51.4    66.3   0.439   0.421   0.402   0.545   0.480     2.0     2.1     3.4     7.0     8.8
23908 20240114  2.622  -94.58   37.43   -16.7   -20.8   -18.8   -19.2     9.2     2.64 C   -11.4   -22.6   -17.6    77.9    46.1    61.2   0.405   0.406   0.372   0.544   0.481     1.1     1.0     2.4     6.7     8.7
23908 20240115  2.622  -94.58   37.43   -12.4   -20.1   -16.2   -16.8     0.0     6.92 C    -5.0   -21.9   -14.8    76.7    49.7    64.0   0.391   0.396   0.362   0.544   0.481     0.8     0.8     2.0     6.3     8.5
23908 20240116  2.622  -94.58   37.43    -9.0   -22.2   -15.6   -15.3     0.0    12.26 C    -3.6   -24.9   -15.4    76.1    39.0    59.9   0.389   0.389   0.357   0.544   0.480     0.6     0.7     1.7     5.9     8.4
23908 20240117  2.622  -94.58   37.43     2.7   -13.2    -5.2    -5.0     0.0    11.97 C     4.3   -15.1    -5.9    63.7    35.0    49.8   0.391   0.385   0.353   0.544   0.479     0.5     0.8     1.6     5.6     8.1
23908 20240118  2.622  -94.58   37.43     6.0    -6.1    -0.1     0.4     0.0     8.57 C    15.4   -11.3    -0.2    73.2    36.8    49.2   0.391   0.386   0.352   0.544   0.479     0.5     0.8     1.4     5.4     7.9
23908 20240119  2.622  -94.58   37.43    -5.3   -14.9   -10.1   -11.8     0.0    11.07 C     1.1   -17.6   -10.2    72.2    41.0    58.8   0.385 -99.000   0.351   0.545   0.480     0.4     0.5     1.3     5.2     7.7
23908 20240120  2.622  -94.58   37.43    -6.5   -17.0   -11.7   -12.1     0.0    12.11 C     4.1   -18.9   -10.7    79.8    38.6    61.9 -99.000 -99.000   0.346   0.525   0.480     0.3     0.4     1.2     5.0     7.6
23908 20240121  2.622  -94.58   37.43     1.2   -10.7    -4.8    -3.6     0.0     5.33 C     5.1   -13.2    -3.9    67.2    25.1    45.6 -99.000 -99.000   0.343   0.495   0.479     0.2     0.3     1.1     4.6     7.4
23908 20240122  2.622  -94.58   37.43     3.5    -1.3     1.1     0.5    19.9     1.13 C     3.1    -1.7     0.3    96.2    53.0    90.2 -99.000 -99.000   0.349   0.502   0.478     0.2     0.4     1.1     4.4     7.3
23908 20240123  2.622  -94.58   37.43     6.2     1.7     3.9     3.8     1.4     1.64 C     7.8     1.4     3.8    97.0    95.7    96.4 -99.000 -99.000   0.399   0.544   0.479     0.2     0.3     0.9     4.0     7.1
23908 20240124  2.622  -94.58   37.43     6.9     2.3     4.6     4.1     0.6     3.55 C    11.4     2.0     4.5    96.8    95.9    96.5 -99.000 -99.000   0.398   0.544   0.479     0.4     0.4     1.0     4.0     6.9
23908 20240125  2.622  -94.58   37.43     6.9     3.0     5.0     4.6     6.9     2.59 C     9.2     2.7     4.6    96.7    93.1    95.6   0.452   0.411   0.398   0.544   0.479     0.6     0.7     1.1     4.0     6.8
23908 20240126  2.622  -94.58   37.43     4.6     2.1     3.3     3.4    14.6     1.83 C     6.4     1.9     3.5    96.4    89.9    94.6   0.451   0.412   0.399   0.544   0.478     1.0     1.1     1.3     4.0     6.7
23908 20240127  2.622  -94.58   37.43     3.4     0.0     1.7     1.5     1.3     2.30 C     4.9     0.0     1.7    95.8    85.2    92.0   0.448   0.412   0.399   0.544   0.477     1.5     1.6     1.7     4.0     6.6
23908 20240128  2.622  -94.58   37.43    11.1    -2.0     4.6     2.9     0.0    11.43 C    17.3    -6.3     2.5    95.6    45.9    81.6   0.450   0.412   0.399   0.545   0.477     2.1     2.2     2.1     4.2     6.5
23908 20240129  2.622  -94.58   37.43    15.4    -2.6     6.4     6.1     0.0    12.90 C    20.5    -6.8     3.4    95.8    47.6    75.9   0.453   0.413   0.398   0.544   0.477     2.3     2.5     2.5     4.3     6.5
23908 20240130  2.622  -94.58   37.43    16.5    -0.1     8.2     8.0     0.0    13.19 C    22.0    -5.0     5.2    90.1    30.4    63.8   0.454   0.413   0.398   0.544   0.477     3.1     3.3     3.0     4.5     6.5
23908 20240131  2.622  -94.58   37.43    17.0    -3.7     6.7     6.2     0.0    13.31 C    22.2    -7.5     3.3    95.9    46.8    74.7   0.453   0.414   0.398   0.544   0.477     3.2     3.5     3.3     4.7     6.5
23908 20240201  2.622  -94.58   37.43    19.2     5.1    12.1    11.9     0.0     7.70 C    21.5    -1.6     8.7    79.9    40.8    60.8   0.452   0.414   0.398   0.544   0.477     4.1     4.2     3.8     4.9     6.5
23908 20240202  2.622  -94.58   37.43    22.8     8.2    15.5    14.4     0.0    11.63 C    27.9     1.8    12.6    76.9    44.0    63.5   0.451   0.413   0.398   0.544   0.477     5.6     5.5     4.9     5.2     6.5
23908 20240203  2.622  -94.58   37.43    12.9     8.8    10.8    11.3    17.2     1.27 C    11.8     7.9    10.1    92.0    73.0    83.6   0.452   0.413   0.399   0.544   0.478     6.9     6.9     6.1     5.6     6.6
23908 20240204  2.622  -94.58   37.43     9.0     4.6     6.8     6.8    17.4     1.52 C     8.5     3.1     6.5    94.5    85.5    92.0   0.452   0.415   0.400   0.544   0.479     7.0     7.1     6.6     6.2     6.7
23908 20240205  2.622  -94.58   37.43    12.9     0.7     6.8     5.5     0.0    13.94 C    19.0    -4.5     4.4    87.8    36.9    71.9   0.454   0.417   0.402   0.544   0.480     6.1     6.1     6.2     6.5     7.0
23908 20240206  2.622  -94.58   37.43    15.4    -3.1     6.1     6.1     0.0    12.93 C    22.8    -6.4     4.3    96.5    33.6    70.8   0.454   0.418   0.403   0.544   0.480     5.4     5.5     5.7     6.5     7.1
23908 20240207  2.622  -94.58   37.43    18.5     5.2    11.8    10.9     0.0    11.14 C    21.8    -1.3     8.4    68.9    26.8    47.9   0.454   0.418   0.403   0.544   0.481     5.9     6.0     5.8     6.5     7.2
23908 20240208  2.622  -94.58   37.43    20.0     7.4    13.7    13.7     0.0    14.25 C    21.3    -0.6    11.1    77.3    24.3    52.1   0.453   0.417   0.401   0.544   0.481     7.2     7.2     6.6     6.7     7.3
23908 20240209  2.622  -94.58   37.43    15.7     4.4    10.1     9.9     0.0     7.85 C    17.8    -1.7     6.8    83.6    43.4    61.7   0.449   0.416   0.402   0.543   0.481     7.0     7.1     6.9     6.9     7.4
23908 20240210  2.622  -94.58   37.43     8.2     1.9     5.1     4.8     0.0     7.68 C    13.3     0.3     4.5    83.8    52.1    68.5   0.446   0.415   0.402   0.543   0.481     6.4     6.2     6.6     7.1     7.5
23908 20240211  2.622  -94.58   37.43     5.2     0.5     2.9     2.9     0.0     4.71 C     9.2    -2.2     3.0    81.7    55.6    67.5   0.437   0.413   0.402   0.543   0.482     5.6     5.3     6.0     7.0     7.6
23908 20240212  2.622  -94.58   37.43    10.6    -1.3     4.6     3.8     0.5    11.36 C    19.0    -6.3     3.5    91.9    37.7    70.3   0.431   0.413   0.397   0.543   0.481     5.4     5.2     5.7     6.8     7.7
23908 20240213  2.622  -94.58   37.43    15.7    -1.8     6.9     5.9     0.0    15.31 C    20.6    -6.6     3.9    91.4    30.6    66.6   0.426   0.412   0.391   0.543   0.481     5.1     5.1     5.4     6.7     7.7
23908 20240214  2.622  -94.58   37.43    19.1     2.1    10.6    10.3     0.0    15.06 C    23.7    -5.5     7.7    77.3    33.6    54.6   0.421   0.410   0.386   0.543   0.481     5.6     5.5     5.6     6.6     7.7
23908 20240215  2.622  -94.58   37.43    11.7     1.9     6.8     6.6     0.0    10.92 C    20.6    -3.3     6.5    86.2    44.5    69.3   0.417   0.406   0.382   0.543   0.481     6.4     6.2     6.2     6.7     7.7
23908 20240216  2.622  -94.58   37.43     5.2    -2.3     1.5     1.4     1.0     3.29 C     5.2    -4.7     1.4    82.3    60.1    70.3   0.414   0.405   0.379   0.543   0.481     5.4     4.9     5.8     6.8     7.7
23908 20240217  2.622  -94.58   37.43     0.5   -10.0    -4.8    -4.6     0.0    16.15 C    12.7   -12.0    -3.1    70.2    25.8    51.2   0.408   0.402   0.375   0.543   0.481     3.8     3.1     4.7     6.7     7.7
23908 20240218  2.622  -94.58   37.43    11.4    -6.2     2.6     1.2     0.0    16.32 C    17.5   -11.1    -0.4    75.6    25.5    54.7   0.404   0.400   0.372   0.543   0.481     3.3     3.1     4.0     6.4     7.7
23908 20240219  2.622  -94.58   37.43    13.1    -2.3     5.4     5.3     0.0    10.83 C    19.7   -10.0     1.5    75.3    29.6    53.2   0.402   0.399   0.370   0.543   0.482     3.4     3.4     3.9     6.0     7.6
23908 20240220  2.622  -94.58   37.43    19.5    -2.2     8.6     8.9     0.0    15.71 C    26.5    -7.7     5.7    87.3    23.2    51.8   0.400   0.397   0.368   0.543   0.482     4.1     4.0     4.2     5.9     7.6
23908 20240221  2.622  -94.58   37.43    21.5     8.0    14.8    14.0     0.0    10.51 C    25.1    -1.6    10.5    80.2    38.0    56.4   0.399   0.396   0.368   0.543   0.482     5.5     5.4     5.1     5.9     7.4
23908 20240222  2.622  -94.58   37.43    20.4     7.5    13.9    14.4     1.2    13.48 C    27.3     1.4    12.9    95.7    29.5    62.4   0.400   0.394   0.369   0.543   0.482     7.2     7.2     6.5     6.2     7.4
23908 20240223  2.622  -94.58   37.43    19.8     2.8    11.3    11.3     0.0    14.81 C    27.4    -4.9     9.4    78.9    17.8    45.3   0.397   0.392   0.366   0.543   0.482     7.1     7.0     6.9     6.7     7.4
23908 20240224  2.622  -94.58   37.43    16.7     0.3     8.5     8.8     0.0    15.71 C    25.7    -6.1     7.9    75.7    29.1    48.1   0.393   0.389   0.364   0.542   0.482     6.9     6.7     6.8     6.9     7.5
23908 20240225  2.622  -94.58   37.43    24.3     5.3    14.8    14.1     0.0    15.71 C    31.3    -2.2    10.7    77.9    14.4    47.3   0.390   0.386   0.361   0.542   0.482     7.4     7.2     7.0     7.1     7.6
23908 20240226  2.622  -94.58   37.43    23.8     4.0    13.9    14.4     0.0    12.03 C    27.7    -2.1    10.3    86.5    33.0    62.5   0.388   0.384   0.360   0.542   0.481     7.9     7.7     7.5     7.3     7.7
23908 20240227  2.622  -94.58   37.43    27.8    -0.3    13.7    15.6     0.0    10.34 C    31.7    -0.8    13.7    71.4    20.6    47.9   0.387   0.383   0.359   0.541   0.481     8.9     8.6     8.2     7.6     7.8
23908 20240228  2.622  -94.58   37.43     5.4    -6.7    -0.6    -1.4     0.0    16.81 C    18.6    -9.6     0.2    75.8    23.5    49.1   0.387   0.382   0.355   0.541   0.481     6.9     6.0     7.5     7.8     7.9
23908 20240229  2.622  -94.58   37.43    13.0    -4.8     4.1     4.5     0.0    14.92 C    21.2   -10.1     4.2    81.4    15.2    44.5   0.384   0.380   0.360   0.540   0.481     5.8     5.6     6.3     7.7     8.1
23908 20240301  2.622  -94.58   37.43    12.6     1.9     7.2     6.1     0.0    14.48 C    22.7    -3.9     6.2    87.3    43.1    69.4   0.382   0.379   0.365   0.540   0.481     6.5     6.4     6.5     7.5     8.1
23908 20240302  2.622  -94.58   37.43    25.9     2.3    14.1    14.2     0.0    16.58 C    30.6    -4.4    13.0    89.5    24.7    58.0   0.381   0.378   0.363   0.537   0.481     7.1     7.0     6.8     7.4     8.1
23908 20240303  2.622  -94.58   37.43    26.2    14.8    20.5    19.3     0.0    15.85 C    29.4     8.4    18.0    73.8    34.5    57.1   0.380   0.376   0.361   0.508   0.481     9.9     9.7     8.7     7.6     8.1
23908 20240304  2.622  -94.58   37.43    26.1    12.3    19.2    19.5     0.0    11.48 C    30.8     9.8    18.4    82.8    42.4    65.3   0.379   0.375   0.359   0.494   0.482    11.5    11.2    10.2     8.3     8.2
23908 20240305  2.622  -94.58   37.43    12.3     4.3     8.3     8.2     0.0     5.07 C    14.9     2.2     8.7    89.9    65.0    78.8   0.378   0.374   0.358   0.449   0.483    10.5    10.2    10.2     8.9     8.3
23908 20240306  2.622  -94.58   37.43    18.5     3.8    11.1    11.1     0.0    16.18 C    29.0     2.1    12.0    91.5    47.8    71.2   0.376   0.374   0.358   0.381   0.484    10.0     9.7     9.6     9.2     8.5
23908 20240307  2.622  -94.58   37.43    13.3    10.8    12.0    12.2    71.6     1.19 C    14.6     7.3    11.6    94.4    79.9    90.0   0.423   0.394   0.383   0.451   0.483    10.4    10.3     9.9     9.3     8.7
23908 20240308  2.622  -94.58   37.43    11.9     3.4     7.7     8.2     1.5     1.83 C    13.9     3.4     8.3    94.4    85.0    90.6   0.468   0.418   0.412   0.539   0.483    10.2    10.2    10.1     9.4     8.9
23908 20240309  2.622  -94.58   37.43    11.3     0.6     5.9     5.4     0.0    19.50 C    21.3    -4.2     5.7    85.9    34.9    59.2   0.471   0.424   0.415   0.539   0.483     8.8     8.3     8.9     9.4     9.0
23908 20240310  2.622  -94.58   37.43    16.0    -1.5     7.3     7.6     0.0    19.67 C    26.6    -6.4     6.7    93.8    29.9    60.0   0.469   0.426   0.418   0.539   0.484     8.0     7.9     8.2     9.2     9.1
23908 20240311  2.622  -94.58   37.43    19.0     3.2    11.1    11.3     0.0    20.01 C    23.6    -3.3     9.0    75.2    32.5    53.8   0.455   0.426   0.418   0.539   0.485     8.3     8.2     8.3     8.9     9.1
23908 20240312  2.622  -94.58   37.43    23.9     9.5    16.7    16.0     2.1    17.07 C    27.3     6.7    15.0    78.7    40.3    59.6   0.440   0.422   0.415   0.539   0.485     9.5     9.4     8.9     8.8     9.1
23908 20240313  2.622  -94.58   37.43    26.0    11.1    18.6    18.7     0.0    17.98 C    30.6     5.9    18.0    94.2    42.4    71.2   0.434   0.419   0.410   0.539   0.485    11.3    11.1    10.2     9.1     9.1
23908 20240314  2.622  -94.58   37.43    25.9    11.6    18.8    19.3     3.5    10.22 C    33.0    10.3    18.5    91.4    53.6    75.8   0.429   0.416   0.403   0.538   0.486    13.1    12.8    11.8     9.7     9.2
23908 20240315  2.622  -94.58   37.43    17.3     6.1    11.7    12.1     0.0    18.30 C    27.3    -0.1    12.2    89.6    33.5    62.3   0.426   0.416   0.399   0.538   0.487    12.4    11.8    11.8    10.3     9.4
23908 20240316  2.622  -94.58   37.43    20.1     3.1    11.6    12.4     0.0    17.43 C    31.2    -1.3    11.8    92.9    32.0    57.0   0.415   0.405   0.387   0.537   0.487    11.0    10.6    10.9    10.5     9.6
23908 20240317  2.622  -94.58   37.43    13.6    -0.2     6.7     7.8     0.0    19.11 C    26.2    -6.5     8.6    73.0    25.2    43.0   0.406   0.399   0.381   0.537   0.487    10.6     9.9    10.5    10.4     9.7
23908 20240318  2.622  -94.58   37.43     6.1    -3.4     1.3     1.1     0.0    20.62 C    20.4    -7.2     2.5    73.6    30.5    50.1   0.400   0.395   0.377   0.537   0.487     8.6     7.7     9.1    10.2     9.8
23908 20240319  2.622  -94.58   37.43    21.2    -1.7     9.7     9.8     0.0    19.63 C    25.0    -7.0     8.9    73.7    28.3    50.5   0.396   0.392   0.375   0.537   0.487     8.1     7.8     8.4     9.8     9.9
23908 20240320  2.622  -94.58   37.43    19.4     4.8    12.1    11.6     0.0    19.31 C    31.3    -0.4    11.7    85.3    28.4    55.8   0.394   0.388   0.372   0.537   0.487     9.3     8.9     9.0     9.5     9.9
23908 20240321  2.622  -94.58   37.43    20.5     3.2    11.8    11.7     0.0    14.79 C    32.8     1.2    12.3    71.6    44.5    57.7   0.390   0.384   0.368   0.537   0.487     9.7     9.3     9.4     9.5     9.8
23908 20240322  2.622  -94.58   37.43    20.0     3.5    11.8    11.0     0.0    10.47 C    34.5     2.3    11.4    81.4    49.9    65.3   0.388   0.381   0.366   0.536   0.487    10.1     9.7     9.8     9.6     9.8
23908 20240323  2.622  -94.58   37.43    11.1     1.0     6.0     6.0     0.0    15.15 C    23.1     1.7     8.5    76.6    46.7    61.5   0.385   0.380   0.364   0.501   0.487     9.1     8.4     9.2     9.7     9.8
23908 20240324  2.622  -94.58   37.43    19.1     8.0    13.5    11.8     1.4     7.61 C    27.8     6.9    11.1    83.9    23.7    47.9   0.383   0.378   0.362   0.489   0.487     9.3     9.1     9.3     9.6     9.8
23908 20240325  2.622  -94.58   37.43    16.9     2.4     9.7    12.0     0.8     5.94 C    22.7     1.7    11.1    86.3    54.7    71.0   0.384   0.377   0.361   0.491   0.487    10.0     9.8     9.7     9.6     9.8
23908 20240326  2.622  -94.58   37.43     6.6    -0.9     2.9     2.0     0.0     7.77 C    12.1    -6.4     2.0    83.2    48.5    65.9   0.383   0.377   0.361   0.420   0.487     8.2     7.8     8.8     9.6     9.8
23908 20240327  2.622  -94.58   37.43    11.8    -4.5     3.7     3.7     0.0    21.81 C    28.2    -9.9     4.7    87.7    24.9    59.7   0.380   0.376   0.360   0.324   0.487     7.4     6.8     7.9     9.3     9.8
23908 20240328  2.622  -94.58   37.43    18.6    -1.1     8.7     9.0     0.0    21.37 C    27.7    -7.0     8.1    87.7    28.6    56.3   0.379   0.375   0.359   0.288   0.487     7.6     7.2     7.8     9.0     9.8
23908 20240329  2.622  -94.58   37.43    23.5     8.0    15.7    17.0     0.0    13.95 C    26.2     4.6    15.6    68.2    35.9    51.8   0.377   0.373   0.357   0.275   0.487     9.3     9.2     8.8     8.9     9.7
23908 20240330  2.622  -94.58   37.43    21.1    11.9    16.5    16.4     0.0     8.11 C    31.1     7.8    16.3    88.1    57.7    73.0   0.376   0.371   0.356   0.265   0.487    11.0    10.7    10.2     9.2     9.7
23908 20240331  2.622  -94.58   37.43    26.2    15.9    21.0    20.3     0.0    13.13 C    33.2    12.9    20.1    86.2    52.9    72.3   0.376   0.369   0.354   0.262   0.487    12.3    12.1    11.2     9.7     9.7
23908 20240401  2.622  -94.58   37.43    24.4    14.8    19.6    19.8    52.3     5.17 C    28.9    14.1    19.3    95.0    63.5    82.5   0.400   0.380   0.370   0.337   0.487    14.2    13.9    12.9    10.5     9.8
23908 20240402  2.622  -94.58   37.43    15.3     4.8    10.1     8.5     0.4     4.72 C    15.1     0.5     8.1    95.0    57.2    81.5   0.471   0.420   0.418   0.529   0.488    12.9    12.7    12.8    11.2    10.0
23908 20240403  2.622  -94.58   37.43    12.9     4.6     8.7     7.8     0.0    16.69 C    20.3    -1.0     6.7    63.6    32.0    50.8   0.472   0.427   0.423   0.531   0.489    10.4    10.1    10.9    11.2    10.2
23908 20240404  2.622  -94.58   37.43    17.0     2.1     9.5     8.9     0.0    23.52 C    26.9    -2.4     8.7    79.4    18.4    47.6   0.458   0.427   0.425   0.531   0.491    10.0     9.5    10.1    10.8    10.4
23908 20240405  2.622  -94.58   37.43    19.1     0.9    10.0    11.1     0.0    22.84 C    31.3    -3.8    11.3    82.2    31.3    51.5   0.433   0.420   0.413   0.531   0.491    10.0     9.5     9.9    10.5    10.4
23908 20240406  2.622  -94.58   37.43    26.2     8.4    17.3    16.8     8.7    20.29 C    32.2     5.5    16.7    90.2    21.9    48.8   0.420   0.409   0.395   0.531   0.491    11.1    10.8    10.6    10.4    10.4
23908 20240407  2.622  -94.58   37.43    20.9    10.1    15.5    15.3     0.9    23.50 C    26.8     2.2    14.5    89.8    23.8    55.0   0.445   0.419   0.416   0.531   0.492    12.2    11.8    11.5    10.5    10.4
23908 20240408  2.622  -94.58   37.43    23.2     5.4    14.3    14.6     0.0    16.91 C    29.9    -0.1    12.3    80.8    31.1    54.2   0.423   0.411   0.398   0.531   0.491    11.6    11.3    11.3    10.8    10.5
23908 20240409  2.622  -94.58   37.43    20.9     9.0    15.0    14.2     0.0    20.92 C    35.5     4.9    15.6    78.8    30.7    56.6   0.409   0.400   0.382   0.531   0.491    12.1    11.7    11.6    10.9    10.5
23908 20240410  2.622  -94.58   37.43    13.9     9.8    11.9    11.8    10.0     3.36 C    15.4     7.6    10.9    89.7    53.5    72.8   0.429   0.406   0.397   0.531   0.491    11.8    11.6    11.7    11.0    10.6
23908 20240411  2.622  -94.58   37.43    18.4     6.7    12.5    12.6     0.0    21.65 C    28.8     0.5    12.0    82.5    19.1    46.2   0.432   0.416   0.409   0.531   0.490    11.4    10.9    11.3    11.1    10.7
23908 20240412  2.622  -94.58   37.43    20.6     4.5    12.6    12.9     0.0    23.92 C    34.4    -0.6    13.2    74.0    21.9    43.2   0.412   0.404   0.387   0.531   0.490    11.2    10.7    11.1    11.0    10.8
23908 20240413  2.622  -94.58   37.43    27.4    10.8    19.1    19.3     0.0    22.98 C    32.4     3.5    18.1    63.4    27.3    46.6   0.402   0.393   0.377   0.530   0.490    12.3    12.0    11.7    11.0    10.8
23908 20240414  2.622  -94.58   37.43    26.8    16.8    21.8    21.3     0.0    22.92 C    34.1    12.7    21.3    80.6    48.2    60.7   0.394   0.385   0.369   0.530   0.490    14.0    13.8    12.9    11.3    10.8
23908 20240415  2.622  -94.58   37.43    28.7    15.1    21.9    21.7     0.0    15.50 C    37.2    11.1    21.6    94.8    51.4    74.2   0.389   0.378   0.364   0.523   0.489    15.3    15.0    14.1    11.8    10.9
23908 20240416  2.622  -94.58   37.43    27.3    16.8    22.0    21.9     0.0    17.63 C    32.4    12.7    21.2    87.2    19.0    57.2   0.386   0.374   0.360   0.484   0.489    15.9    15.7    14.9    12.4    11.1
23908 20240417  2.622  -94.58   37.43    26.7    11.1    18.9    20.5     0.0    23.84 C    38.3     5.9    20.4    77.9    30.0    48.1   0.379   0.370   0.356   0.317   0.489    15.7    15.3    14.9    12.9    11.2
23908 20240418  2.622  -94.58   37.43    24.9     9.1    17.0    16.8     0.5     8.31 C    33.3     7.4    16.6    90.0    68.4    79.0   0.377   0.367   0.354   0.270   0.491    15.8    15.5    15.1    13.2    11.5
23908 20240419  2.622  -94.58   37.43    17.5     5.6    11.5    11.5     0.0    23.63 C    31.8     4.3    14.1    80.8    26.6    50.7   0.375   0.366   0.352   0.267   0.493    14.4    14.0    14.3    13.3    11.7
23908 20240420  2.622  -94.58   37.43    14.4     7.4    10.9    10.5     0.0    16.77 C    28.2     5.0    12.7    68.6    33.1    45.5   0.372   0.364   0.350   0.264   0.493    13.5    13.2    13.6    13.2    11.8
23908 20240421  2.622  -94.58   37.43    16.5     3.3     9.9     9.9     0.0    25.26 C    32.8    -1.8    11.7    82.4    23.3    48.9   0.368   0.361   0.349   0.262   0.492    13.0    12.5    13.1    13.0    11.9
23908 20240422  2.622  -94.58   37.43    20.1     1.7    10.9    11.8     0.0    24.27 C    29.5    -2.9    11.6    89.9    26.6    53.3   0.363   0.357   0.346   0.259   0.492    12.1    11.8    12.4    12.7    12.0
23908 20240423  2.622  -94.58   37.43    22.6     8.3    15.4    15.3     0.0    13.10 C    32.2     4.2    14.3    94.7    48.8    64.5   0.358   0.352   0.342   0.257   0.492    12.9    12.8    12.7    12.5    12.0
23908 20240424  2.622  -94.58   37.43    22.2     7.7    14.9    14.9     0.3    19.61 C    34.7     4.3    15.8    91.7    26.1    53.8   0.354   0.347   0.338   0.254   0.490    13.2    12.9    12.9    12.4    12.0
23908 20240425  2.622  -94.58   37.43    15.1    10.7    12.9    12.3    47.4     0.80 C    12.9    10.4    11.6    93.8    64.2    84.2   0.417   0.382   0.373   0.402   0.490    12.8    12.8    12.8    12.5    12.0
23908 20240426  2.622  -94.58   37.43    22.4    12.3    17.4    18.2    43.9     7.07 C    24.2    11.9    17.3    92.5    72.0    83.0   0.462   0.413   0.401   0.529   0.491    14.0    14.0    13.3    12.5    12.0
23908 20240427  2.622  -94.58   37.43    26.1    17.9    22.0    21.8     0.0    11.86 C    29.1    16.1    20.9    87.8    64.0    76.2   0.461   0.415   0.401   0.531   0.491    16.0    15.8    14.8    12.7    12.0
23908 20240428  2.622  -94.58   37.43    22.4    14.5    18.4    17.6    35.7     5.72 C    22.6    12.3    17.1    95.0    71.1    88.6   0.461   0.415   0.401   0.531   0.491    16.4    16.3    15.6    13.3    12.1
23908 20240429  2.622  -94.58   37.43    23.8     9.2    16.5    17.4     1.0    25.98 C    30.6     7.3    17.6    95.4    36.4    69.2   0.460   0.415   0.402   0.531   0.491    16.7    16.4    15.7    13.6    12.2
23908 20240430  2.622  -94.58   37.43    28.1    11.8    20.0    20.2    16.0    23.18 C    32.7     7.4    19.3    90.7    39.8    69.3   0.459   0.415   0.400   0.531   0.490    16.7    16.6    16.0    13.9    12.4
23908 20240501  2.622  -94.58   37.43    26.8    14.1    20.5    20.7     0.0    23.39 C    33.4    12.9    21.4    94.0    54.6    74.0   0.459   0.414   0.400   0.531   0.491    18.2    18.0    16.9    14.2    12.6
23908 20240502  2.622  -94.58   37.43    22.9    15.2    19.1    19.8     3.5     6.89 C    25.0    15.6    19.5    93.8    70.0    82.3   0.458   0.413   0.399   0.531   0.493    18.3    18.2    17.4    14.7    12.8
23908 20240503  2.622  -94.58   37.43    24.4    15.0    19.7    18.8     0.0    16.46 C    31.1    15.1    19.6    93.4    62.0    81.2   0.457   0.413   0.399   0.531   0.495    18.2    18.1    17.3    15.0    12.9
23908 20240504  2.622  -94.58   37.43    23.8    13.1    18.5    18.8     2.1    20.06 C    31.9    12.6    19.8    92.1    60.4    76.5   0.455   0.412   0.399   0.531   0.496    18.5    18.3    17.7    15.2    13.2
23908 20240505  2.622  -94.58   37.43    15.5    11.9    13.7    13.5    31.2     3.22 C    16.4    12.2    14.0    95.1    83.0    90.2   0.455   0.414   0.402   0.531   0.496    16.7    16.6    16.8    15.4    13.3
23908 20240506  2.622  -94.58   37.43    25.0    14.5    19.8    19.6    15.1    11.52 C    28.9    14.2    19.8    96.2    70.4    84.6   0.458   0.414   0.401   0.531   0.495    17.4    17.2    16.6    15.2    13.5
23908 20240507  2.622  -94.58   37.43    26.1    13.0    19.5    19.6     0.0    26.40 C    29.7     8.9    18.9    94.0    24.4    66.0   0.456   0.412   0.399   0.531   0.495    18.6    18.4    17.6    15.3    13.6
23908 20240508  2.622  -94.58   37.43    27.5    12.2    19.9    20.6     6.0    16.18 C    32.6     9.2    19.5    87.5    48.9    72.0   0.456   0.412   0.400   0.530   0.496    18.4    18.3    17.6    15.6    13.7
23908 20240509  2.622  -94.58   37.43    25.2    11.6    18.4    18.6     0.0    25.29 C    31.4     8.0    17.9    80.5    33.5    51.4   0.456   0.413   0.400   0.530   0.497    18.2    17.9    17.6    15.7    13.9
23908 20240510  2.622  -94.58   37.43    23.8    11.6    17.7    17.7     0.0    24.15 C    31.6     9.6    17.5    89.2    34.6    61.8   0.444   0.408   0.397   0.530   0.498    18.0    17.6    17.5    15.8    14.0
23908 20240511  2.622  -94.58   37.43    25.2    10.8    18.0    18.7     0.0    25.71 C    32.8     8.0    18.7    92.0    33.6    61.8   0.422   0.398   0.383   0.530   0.498    18.1    17.6    17.5    15.8    14.1
23908 20240512  2.622  -94.58   37.43    25.8    12.3    19.0    19.7     0.0    19.75 C    34.0     9.1    18.8    88.0    46.9    67.1   0.406   0.389   0.371   0.529   0.498    18.2    17.7    17.6    15.9    14.2
23908 20240513  2.622  -94.58   37.43    21.6    14.2    17.9    17.1    15.9    12.25 C    27.8    11.5    17.4    95.2    69.2    87.6   0.430   0.402   0.388   0.529   0.498    18.3    18.0    17.7    16.0    14.3
23908 20240514  2.622  -94.58   37.43    23.7    14.6    19.2    18.5     0.0    17.31 C    28.9    11.9    18.6    95.0    53.9    79.3   0.443   0.415   0.405   0.530   0.498    18.3    18.0    17.7    16.1    14.4
23908 20240515  2.622  -94.58   37.43    23.4    12.1    17.8    18.5     0.0    13.80 C    27.7     9.9    18.7    96.1    66.0    83.8   0.426   0.405   0.388   0.529   0.497    18.2    17.8    17.7    16.1    14.5
23908 20240516  2.622  -94.58   37.43    24.0    14.9    19.5    18.9    20.8    12.06 C    28.3    12.3    18.8    95.2    63.9    86.2   0.455   0.422   0.409   0.530   0.497    18.7    18.4    18.0    16.2    14.6
23908 20240517  2.622  -94.58   37.43    26.5    13.2    19.9    20.5     0.0    25.32 C    32.3    11.9    20.8    96.3    49.5    76.9   0.459   0.424   0.411   0.530   0.497    19.2    18.9    18.3    16.3    14.6
23908 20240518  2.622  -94.58   37.43    28.6    15.5    22.1    22.2     0.0    26.60 C    34.1    13.1    22.1    95.5    48.4    76.1   0.448   0.419   0.405   0.529   0.498    20.0    19.5    19.0    16.5    14.7
23908 20240519  2.622  -94.58   37.43    29.7    15.7    22.7    23.6     0.0    26.40 C    34.7    13.3    23.4    95.9    47.5    70.7   0.412   0.404   0.386   0.529   0.498    20.6    20.1    19.5    16.8    14.9
23908 20240520  2.622  -94.58   37.43    29.0    17.3    23.2    23.0     3.9    16.26 C    32.2    16.7    22.7    91.0    56.3    74.3   0.398   0.395   0.378   0.529   0.498    20.9    20.7    19.9    17.1    15.0
23908 20240521  2.622  -94.58   37.43    28.2    14.3    21.2    22.6     8.4    17.06 C    30.8    11.8    21.9    89.7    63.0    76.4   0.399   0.395   0.378   0.528   0.499    21.1    20.9    20.2    17.4    15.2
23908 20240522  2.622  -94.58   37.43    21.7    12.5    17.1    16.9     2.8    13.90 C    24.5    10.8    16.8    93.7    51.2    79.1   0.407   0.404   0.388   0.528   0.499    19.7    19.5    19.4    17.6    15.3
23908 20240523  2.622  -94.58   37.43    29.0    15.5    22.3    22.7     0.0    23.70 C    33.6    14.9    23.6    93.0    57.9    77.9   0.400   0.398   0.381   0.528   0.499    20.6    20.3    19.6    17.5    15.5
23908 20240524  2.622  -94.58   37.43    28.7    13.3    21.0    23.1     0.2    19.85 C    33.2    10.7    22.7    89.4    56.9    75.0   0.388   0.387   0.372   0.527   0.500    21.5    21.3    20.5    17.7    15.6
23908 20240525  2.622  -94.58   37.43    28.9    11.1    20.0    20.9     7.1    25.42 C    33.6     8.9    21.4    92.9    59.7    74.2   0.389   0.381   0.366   0.523   0.500    20.8    20.5    20.1    17.9    15.7
23908 20240526  2.622  -94.58   37.43    29.3    17.5    23.4    22.4    24.5    19.33 C    32.7    16.0    22.2    94.1    62.7    81.7   0.479   0.420   0.410   0.527   0.501    21.4    21.2    20.6    18.1    15.8
23908 20240527  2.622  -94.58   37.43    27.8    15.8    21.8    21.8     0.0    27.34 C    30.8    13.2    21.2    92.1    39.1    67.0   0.448   0.421   0.415   0.528   0.500    21.5    21.1    20.7    18.3    16.0
23908 20240528  2.622  -94.58   37.43    26.8    13.5    20.2    20.2     0.0    19.00 C    30.5    11.7    19.3    93.1    39.4    72.4   0.420   0.408   0.398   0.527   0.500    20.7    20.3    20.3    18.3    16.2
23908 20240529  2.622  -94.58   37.43    28.4    14.5    21.5    21.6     0.0    24.81 C    34.2    12.6    21.1    95.6    39.6    69.1   0.403   0.394   0.378   0.527   0.500    20.8    20.4    20.2    18.3    16.2
23908 20240530  2.622  -94.58   37.43    25.5    16.3    20.9    21.2     6.0    14.90 C    29.0    14.5    20.7    89.3    58.7    74.9   0.397   0.387   0.371   0.527   0.501    20.7    20.4    20.2    18.3    16.4
23908 20240531  2.622  -94.58   37.43    21.9    16.5    19.2    19.0     1.4     5.34 C    22.5    15.2    18.7    95.8    69.1    82.4   0.401   0.390   0.374   0.527   0.502    20.3    20.0    19.9    18.3    16.5
23908 20240601  2.622  -94.58   37.43    25.7    15.8    20.8    20.2     0.0    15.38 C    29.0    13.8    20.3    95.6    60.3    82.8   0.398   0.389   0.372   0.527   0.502    20.4    20.2    19.8    18.2    16.5
23908 20240602  2.622  -94.58   37.43    27.7    14.7    21.2    22.1     0.0    14.00 C    30.8    13.5    21.4    96.1    62.7    82.4   0.392   0.385   0.369   0.526   0.503    20.4    20.2    19.9    18.2    16.5
23908 20240603  2.622  -94.58   37.43    23.4    18.7    21.0    20.6     3.7     6.73 C    23.6    16.3    19.9    94.0    73.1    87.2   0.395   0.385   0.368   0.525   0.503    20.5    20.2    20.0    18.3    16.6
23908 20240604  2.622  -94.58   37.43    29.6    18.6    24.1    23.1     9.4    19.90 C    32.9    17.9    23.4    93.1    57.5    79.7   0.396   0.385   0.368   0.525   0.503    21.1    20.9    20.2    18.3    16.6
23908 20240605  2.622  -94.58   37.43    26.9    16.6    21.8    21.6     0.0    28.53 C    30.0    13.7    21.5    95.5    38.5    70.5   0.402   0.392   0.376   0.525   0.503    21.8    21.5    20.9    18.5    16.7
23908 20240606  2.622  -94.58   37.43    26.5    15.0    20.8    20.4     0.0    15.70 C    28.9    13.3    19.2    88.6    42.9    71.3   0.392   0.384   0.367   0.525   0.503    20.8    20.6    20.5    18.7    16.8
23908 20240607  2.622  -94.58   37.43    30.9    12.5    21.7    23.5     0.0    25.98 C    33.5    10.6    22.6    95.7    36.0    65.6   0.386   0.379   0.363   0.503   0.503    20.9    20.6    20.3    18.7    16.9
23908 20240608  2.622  -94.58   37.43    32.2    20.9    26.6    26.2    44.5    20.97 C    33.4    20.4    26.2    94.6    55.9    78.4   0.468   0.418   0.408   0.518   0.503    22.6    22.4    21.4    18.8    16.9
23908 20240609  2.622  -94.58   37.43    24.3    14.5    19.4    20.1    24.6    18.34 C    27.5    12.6    19.9    93.9    50.2    80.9   0.491   0.423   0.415   0.525   0.504    22.2    22.0    21.6    19.1    17.0
23908 20240610  2.622  -94.58   37.43    26.9    13.3    20.1    20.4     0.0    28.30 C    30.0    11.3    19.7    95.4    35.7    67.7   0.461   0.424   0.416   0.525   0.504    21.1    20.9    20.8    19.2    17.1
23908 20240611  2.622  -94.58   37.43    28.4    12.6    20.5    21.4     0.0    27.44 C    31.8    10.5    20.7    91.0    35.6    67.8   0.428   0.415   0.406   0.524   0.505    21.1    20.8    20.7    19.1    17.2
23908 20240612  2.622  -94.58   37.43    30.1    15.0    22.5    23.4     0.0    27.53 C    34.7    12.8    23.1    94.8    46.1    70.8   0.405   0.397   0.380   0.524   0.505    21.5    21.2    20.8    19.0    17.3
23908 20240613  2.622  -94.58   37.43    31.4    18.1    24.7    25.4     0.0    26.88 C    35.2    15.2    25.3    91.4    53.9    72.6   0.392   0.385   0.368   0.522   0.505    22.4    22.2    21.4    19.1    17.4
23908 20240614  2.622  -94.58   37.43    31.6    21.2    26.4    26.7     0.0    23.57 C    36.2    20.0    26.6    87.0    54.1    68.8   0.383   0.377   0.361   0.475   0.505    23.3    23.1    22.2    19.4    17.4
23908 20240615  2.622  -94.58   37.43    31.9    23.1    27.5    27.4     0.0    24.68 C    36.3    21.0    27.0    87.3    50.8    69.2   0.377   0.371   0.356   0.313   0.505    23.8    23.6    22.7    19.7    17.5
23908 20240616  2.622  -94.58   37.43    31.6    22.6    27.1    26.8     0.0    25.54 C    35.1    20.2    26.1    81.5    46.6    66.5   0.369   0.365   0.351   0.280   0.506    24.0    23.8    23.0    20.1    17.6
23908 20240617  2.622  -94.58   37.43    31.4    21.7    26.6    26.9     0.0    25.17 C    36.0    19.9    26.5    85.5    53.2    68.8   0.359   0.359   0.346   0.274   0.507    24.0    23.9    23.1    20.3    17.8
23908 20240618  2.622  -94.58   37.43    30.7    23.0    26.9    26.7     0.0    25.52 C    34.3    20.7    26.1    80.4    51.1    65.1   0.345   0.351   0.339   0.271   0.508    24.0    23.9    23.2    20.5    17.9
23908 20240619  2.622  -94.58   37.43    30.6    20.9    25.8    25.0     0.0    18.64 C    35.6    18.2    24.5    88.8    46.6    71.5   0.333   0.343   0.332   0.269   0.507    23.7    23.6    23.0    20.6    18.1
23908 20240620  2.622  -94.58   37.43    31.6    19.1    25.3    25.6     0.0    22.11 C    36.6    17.3    25.3    93.5    47.5    71.5   0.323   0.336   0.325   0.267   0.507    23.7    23.5    22.9    20.7    18.2
23908 20240621  2.622  -94.58   37.43    31.5    21.8    26.7    26.4     0.0    21.92 C    35.1    18.9    25.9    86.4    50.1    69.2   0.310   0.328   0.316   0.265   0.507    24.2    24.0    23.3    20.8    18.3
23908 20240622  2.622  -94.58   37.43    32.8    20.9    26.9    27.5     0.0    25.11 C    34.4    18.9    26.7    84.6    47.2    65.6   0.295   0.320   0.306   0.263   0.506    24.2    24.0    23.3    20.9    18.5
23908 20240623  2.622  -94.58   37.43    33.5    22.1    27.8    27.6     0.0    27.20 C    35.9    19.3    27.0    90.6    35.8    66.8   0.284   0.306   0.295   0.260   0.506    24.8    24.6    23.7    21.0    18.6
23908 20240624  2.622  -94.58   37.43    35.2    20.6    27.9    28.5     0.0    26.43 C    36.6    18.7    27.1    91.3    42.8    68.6   0.279   0.292   0.285   0.259   0.506    24.8    24.7    23.8    21.2    18.7
23908 20240625  2.622  -94.58   37.43    32.9    22.4    27.6    27.7     4.0    15.61 C    34.3    20.0    26.2    91.2    55.3    72.4   0.243   0.285   0.275   0.259   0.504    24.6    24.5    23.8    21.4    18.8
23908 20240626  2.622  -94.58   37.43    29.4    19.1    24.2    24.4    15.9    25.85 C    31.4    16.5    24.2    92.0    55.8    75.9   0.272   0.320   0.302   0.258   0.504    24.4    24.1    23.7    21.4    18.9
23908 20240627  2.622  -94.58   37.43    30.7    16.9    23.8    24.7     0.0    27.49 C    34.0    14.4    24.2    96.0    41.2    66.7   0.266   0.313   0.300   0.256   0.503    23.7    23.6    23.2    21.4    19.0
23908 20240628  2.622  -94.58   37.43    32.4    21.1    26.8    26.6     0.0    14.08 C    32.8    19.7    25.5    81.3    59.6    69.1   0.251   0.300   0.289   0.256   0.502    23.7    23.5    23.1    21.3    19.1
23908 20240629  2.622  -94.58   37.43    34.6    21.2    27.9    25.8    57.7    18.68 C    36.5    20.8    25.5    94.1    51.6    79.7   0.301   0.316   0.312   0.327   0.503    24.2    23.9    23.4    21.5    19.2
23908 20240630  2.622  -94.58   37.43    27.1    20.3    23.7    22.7     0.0    17.29 C    29.5    19.7    22.7    94.7    61.3    80.8   0.399   0.393   0.391   0.523   0.506    23.7    23.4    23.2    21.5    19.2
23908 20240701  2.622  -94.58   37.43    32.2    21.4    26.8    26.1     1.8    19.63 C    35.2    20.4    25.9    89.5    62.0    75.0   0.374   0.380   0.372   0.524   0.506    24.1    23.9    23.3    21.4    19.3
23908 20240702  2.622  -94.58   37.43 -9999.0 -9999.0 -9999.0 -9999.0 -9999.0 -9999.00 U -9999.0 -9999.0 -9999.0 -9999.0 -9999.0 -9999.0 -99.000 -99.000 -99.000 -99.000 -99.000 -9999.0 -9999.0 -9999.0 -9999.0 -9999.0
