03054 20240101  2.622 -102.77   33.96    11.6    -8.0     1.8     0.3 -9999.0    11.88 C    18.1    -7.3     1.9    88.6    32.3    67.6   0.141   0.160   0.144   0.104   0.125     3.2     3.6     4.5     7.5    11.1
03054 20240102  2.622 -102.77   33.96    11.4    -4.8     3.3     2.3 -9999.0     6.85 C    21.4    -5.0     3.3    86.1    36.4    68.8   0.133   0.160   0.145   0.104   0.125     4.0     4.1     4.6     7.4    11.1
03054 20240103  2.622 -102.77   33.96    14.2    -5.6     4.3     2.1 -9999.0    11.00 C    21.5    -6.5     2.6    87.4    27.4    64.8   0.139   0.159   0.145   0.104   0.125     3.3     3.7     4.5     7.4    10.9
03054 20240104  2.622 -102.77   33.96     4.0    -6.4    -1.2     1.4 -9999.0     0.40 C     4.3    -5.7     1.5    96.9    83.2    93.0   0.133   0.158   0.145   0.104   0.125     2.6     3.3     4.2     7.3    10.8
03054 20240105  2.622 -102.77   33.96     7.8    -2.7     2.6     1.8 -9999.0    11.40 C    15.5    -2.0     2.9    89.5    47.6    76.2   0.144   0.158   0.146   0.104   0.125     3.2     3.6     4.2     7.1    10.7
03054 20240106  2.622 -102.77   33.96     7.4    -5.2     1.1     0.2 -9999.0     7.10 C    15.0    -4.3     1.2    91.1    45.4    79.1   0.147   0.161   0.146   0.104   0.125     2.6     3.4     4.1     6.9    10.7
03054 20240107  2.622 -102.77   33.96    10.4    -8.6     0.9     2.4 -9999.0     3.38 C     6.5    -6.5     0.3    87.0    29.5    63.3   0.155   0.161   0.145   0.104   0.125     0.8     2.1     3.3     6.7    10.6
03054 20240108  2.622 -102.77   33.96     8.2    -2.0     3.1     1.8 -9999.0     7.82 C    10.0    -3.6     1.5    80.6    36.8    58.0   0.144   0.162   0.146   0.104   0.125     2.3     2.8     3.5     6.3    10.4
03054 20240109  2.622 -102.77   33.96     8.8    -7.7     0.5     0.6 -9999.0    12.76 C    16.0    -7.8     0.8    74.6    17.4    41.4   0.152   0.160   0.145   0.104   0.124     0.9     1.6     2.7     6.1    10.3
03054 20240110  2.622 -102.77   33.96    16.3    -5.2     5.5     5.9 -9999.0    12.57 C    20.8    -5.1     4.1    61.9    13.5    30.4   0.149   0.160   0.146   0.104   0.123     3.0     2.6     3.0     5.8    10.1
03054 20240111  2.622 -102.77   33.96    16.0    -7.6     4.2     3.0 -9999.0    11.70 C    22.1    -6.7     3.3    84.0    14.8    52.3   0.146   0.160   0.147   0.104   0.123     3.0     3.0     3.5     6.1    10.0
03054 20240112  2.622 -102.77   33.96     7.2    -9.2    -1.0    -1.7 -9999.0    12.06 C    12.5   -11.3    -1.9    82.9    20.8    53.6   0.138   0.160   0.148   0.104   0.123     2.4     3.0     3.6     6.3     9.9
03054 20240113  2.622 -102.77   33.96    14.7   -11.5     1.6    -0.1 -9999.0    12.85 C    23.6    -9.1     1.3    69.7    14.3    41.4   0.146   0.159   0.147   0.104   0.124     1.8     2.2     3.0     6.1     9.8
03054 20240114  2.622 -102.77   33.96    -4.3   -13.8    -9.1   -10.5 -9999.0    11.41 C     7.1   -11.0    -5.7    69.5    36.1    54.5 -99.000   0.148   0.146   0.104   0.124    -0.6     0.9     2.2     5.8     9.7
03054 20240115  2.622 -102.77   33.96     2.6   -15.2    -6.3    -9.3 -9999.0    13.25 C    11.4   -12.5    -5.0    70.5    24.9    48.7 -99.000 -99.000   0.145   0.104   0.123    -1.2     0.0     1.3     5.2     9.6
03054 20240116  2.622 -102.77   33.96    -0.1   -17.9    -9.0   -10.2 -9999.0    13.52 C    10.9   -14.7    -5.7    73.6    25.8    49.6 -99.000 -99.000   0.134   0.104   0.123    -2.0    -0.5     0.7     4.6     9.3
03054 20240117  2.622 -102.77   33.96    19.3   -13.6     2.9     3.2 -9999.0    12.77 C    22.7   -11.2     2.3    68.4     9.9    34.3 -99.000 -99.000 -99.000   0.104   0.123    -0.5    -0.8     0.4     4.1     9.1
03054 20240118  2.622 -102.77   33.96    20.5    -3.4     8.6    10.3 -9999.0    12.13 C    27.3    -3.4     8.0    68.4    17.4    37.9   0.132 -99.000   0.134   0.104   0.122     4.2     2.0     1.6     4.1     8.8
03054 20240119  2.622 -102.77   33.96     3.1   -10.0    -3.5    -4.6 -9999.0    13.45 C    16.7    -8.8    -0.4    69.8    24.5    47.7 -99.000   0.156   0.147   0.104   0.121     1.7     2.2     2.8     5.1     8.7
03054 20240120  2.622 -102.77   33.96     2.7   -11.7    -4.5    -4.8 -9999.0    11.62 C    11.0    -9.5    -2.5    73.4    21.5    44.9 -99.000   0.150   0.146   0.104   0.121     0.4     1.1     2.0     5.1     8.7
03054 20240121  2.622 -102.77   33.96     5.1    -9.5    -2.2    -1.2 -9999.0     4.43 C     8.8    -8.4    -0.6    80.0    37.3    54.9 -99.000   0.147   0.147   0.104   0.121     0.4     0.9     1.7     4.8     8.7
03054 20240122  2.622 -102.77   33.96    17.0    -3.9     6.6     6.8 -9999.0     9.87 C    27.0    -4.2     7.4    97.7    33.7    68.7   0.133   0.155   0.148   0.104   0.121     4.5     3.2     2.9     4.8     8.6
03054 20240123  2.622 -102.77   33.96    13.2    -3.8     4.7     5.0 -9999.0     3.83 C    13.4    -3.4     4.8    96.3    46.2    77.1   0.131   0.156   0.150   0.104   0.121     4.7     4.4     4.4     5.7     8.5
03054 20240124  2.622 -102.77   33.96     8.5     3.6     6.0     5.2 -9999.0     2.87 C    10.0     4.1     5.9    96.4    83.0    93.4   0.146   0.158   0.152   0.104   0.121     6.2     5.7     5.5     6.3     8.6
03054 20240125  2.622 -102.77   33.96    14.9    -1.2     6.8     6.2 -9999.0     9.86 C    18.8    -0.6     6.8    96.6    40.3    76.9   0.160   0.166   0.153   0.104   0.121     6.7     6.4     6.3     6.9     8.8
03054 20240126  2.622 -102.77   33.96     9.1    -2.3     3.4     4.2 -9999.0     2.22 C    16.1    -1.3     4.6    92.5    77.9    88.3   0.154   0.168   0.153   0.104   0.123     5.1     5.5     5.9     7.2     8.9
03054 20240127  2.622 -102.77   33.96    13.2    -3.3     5.0     4.5 -9999.0    12.04 C    23.0    -2.2     5.5    90.6    37.2    71.0   0.157   0.170   0.153   0.104   0.122     5.2     5.4     5.7     7.1     9.1
03054 20240128  2.622 -102.77   33.96    18.0    -4.2     6.9     6.1 -9999.0    14.49 C    24.4    -3.6     5.9    88.7    18.5    57.1   0.154   0.171   0.154   0.104   0.123     5.3     5.1     5.5     7.1     9.3
03054 20240129  2.622 -102.77   33.96    19.2    -5.1     7.1     5.4 -9999.0    13.64 C    25.9    -4.1     5.9    85.4    17.6    57.8   0.151   0.170   0.156   0.104   0.124     5.7     5.4     5.7     7.2     9.3
03054 20240130  2.622 -102.77   33.96    18.9    -2.9     8.0     6.1 -9999.0    13.15 C    28.6    -3.4     7.0    83.0    18.4    57.5   0.148   0.169   0.158   0.104   0.124     6.2     5.9     6.0     7.3     9.3
03054 20240131  2.622 -102.77   33.96    20.2    -1.9     9.1     9.0 -9999.0     9.07 C    25.1    -1.7     8.4    85.1    23.6    54.7   0.146   0.169   0.160   0.104   0.123     7.2     6.6     6.5     7.6     9.4
03054 20240201  2.622 -102.77   33.96    21.4     0.4    10.9    10.0 -9999.0    11.99 C    30.2    -0.6     9.7    89.6    22.6    57.4   0.145   0.169   0.163   0.105   0.123     8.6     8.0     7.7     8.1     9.5
03054 20240202  2.622 -102.77   33.96    20.5     1.0    10.7     8.8 -9999.0    10.87 C    27.9     0.9     8.8    88.3    23.1    64.8   0.143   0.168   0.164   0.105   0.125     8.5     8.2     8.2     8.7     9.5
03054 20240203  2.622 -102.77   33.96 -9999.0 -9999.0 -9999.0 -9999.0 -9999.0 -9999.00 U -9999.0 -9999.0 -9999.0 -9999.0 -9999.0 -9999.0 -99.000 -99.000 -99.000 -99.000 -99.000 -9999.0 -9999.0 -9999.0 -9999.0 -9999.0
03054 20240204  2.622 -102.77   33.96    15.3     1.1     8.2     7.0     0.0    14.03 C    29.0    -0.9     8.2    84.2    27.3    58.5   0.140   0.166   0.165   0.105   0.124     7.8     7.6     7.7     8.8     9.9
03054 20240205  2.622 -102.77   33.96    15.3    -1.5     6.9     6.4     0.0    12.96 C    30.9    -1.8     9.3    89.6    30.3    64.2   0.139   0.166   0.166   0.105   0.124     8.9     8.2     8.1     8.9    10.0
03054 20240206  2.622 -102.77   33.96    16.3    -4.7     5.8     6.6     0.0     7.79 C    25.4    -3.2     7.1    87.6    33.2    61.8   0.137   0.164   0.165   0.105   0.124     7.4     7.5     7.8     9.1    10.0
03054 20240207  2.622 -102.77   33.96    18.2     0.8     9.5     8.1     0.0     4.58 C    23.9    -1.5     7.4    86.1    31.3    61.1   0.136   0.164   0.166   0.105   0.124     8.1     8.2     8.3     9.2    10.1
03054 20240208  2.622 -102.77   33.96    16.5    -2.4     7.0     6.7     0.0    15.86 C    27.9    -4.3     7.2    78.2    12.9    43.0   0.134   0.162   0.165   0.105   0.125     7.1     7.2     7.5     9.0    10.2
03054 20240209  2.622 -102.77   33.96    11.9     0.4     6.2     6.2     0.0     6.94 C    14.8    -1.1     5.6    61.7    19.8    40.4   0.133   0.161   0.165   0.105   0.125     6.5     7.0     7.4     8.9    10.2
03054 20240210  2.622 -102.77   33.96    13.3    -2.4     5.5     5.1     0.0    12.05 C    25.6    -2.5     7.7    91.6    39.0    66.4   0.132   0.161   0.165   0.105   0.125     7.6     7.2     7.3     8.7    10.2
03054 20240211  2.622 -102.77   33.96     3.6    -6.7    -1.6    -1.1    12.4     8.32 C     4.3   -10.7    -1.5    94.8    84.3    90.2   0.130   0.159   0.164   0.105   0.125     4.1     5.9     6.9     8.9    10.2
03054 20240212  2.622 -102.77   33.96     4.6   -10.4    -2.9    -3.9     0.5    16.66 C     2.7   -14.5    -5.6    89.3    45.2    79.5   0.155   0.156   0.162   0.105   0.125     2.2     3.6     4.7     7.9    10.2
03054 20240213  2.622 -102.77   33.96    14.1    -8.0     3.0     2.9     0.7    16.70 C    21.0    -6.2     3.1    89.9    35.1    68.7   0.173   0.176   0.161   0.105   0.125     4.0     3.7     4.3     7.0    10.1
03054 20240214  2.622 -102.77   33.96    19.2    -3.7     7.8     7.8     0.8    16.68 C    23.5    -3.7     6.3    78.8    12.8    45.8   0.180   0.199   0.171   0.105   0.124     5.0     4.7     4.9     7.1     9.9
03054 20240215  2.622 -102.77   33.96    21.2    -1.2    10.0     9.1     0.0    16.13 C    28.7    -2.7     8.5    68.5    11.2    41.0   0.169   0.195   0.184   0.105   0.125     6.8     6.2     6.1     7.4     9.7
03054 20240216  2.622 -102.77   33.96     9.1    -2.5     3.3     4.7     0.0    12.68 C    19.3    -2.3     5.5    83.9    32.2    58.1   0.160   0.190   0.188   0.105   0.125     6.2     6.5     6.7     7.9     9.6
03054 20240217  2.622 -102.77   33.96     0.6    -6.7    -3.0    -3.0     0.0     6.15 C     8.8    -5.8    -0.5    85.1    49.9    73.5   0.155   0.185   0.189   0.105   0.125     3.0     4.4     5.4     7.8     9.7
03054 20240218  2.622 -102.77   33.96    14.8    -7.4     3.7     2.5     0.7    15.44 C    25.3    -7.6     4.2    87.2    25.6    61.6   0.163   0.181   0.189   0.105   0.125     3.6     3.8     4.4     7.0     9.7
03054 20240219  2.622 -102.77   33.96    22.1     1.7    11.9    11.0     0.0    17.70 C    35.6    -1.9    11.1    64.3     9.0    34.4   0.153   0.182   0.189   0.105   0.125     7.8     6.4     5.9     7.0     9.5
03054 20240220  2.622 -102.77   33.96    25.8     1.6    13.7    13.4     0.0    16.75 C    35.9    -0.6    12.4    62.0     4.6    25.7   0.152   0.182   0.191   0.105   0.124     9.9     8.6     8.0     8.0     9.5
03054 20240221  2.622 -102.77   33.96    28.6    -3.7    12.4    13.2     0.0    16.12 C    34.4    -3.6    11.8    72.2     2.8    28.1   0.149   0.180   0.191   0.106   0.124     9.7     9.0     8.6     8.9     9.6
03054 20240222  2.622 -102.77   33.96    19.5     2.4    10.9    11.0     0.0    17.75 C    37.7     1.2    13.3    61.2    16.5    33.3   0.148   0.179   0.191   0.106   0.124    11.2    10.4     9.7     9.6     9.8
03054 20240223  2.622 -102.77   33.96    18.1    -1.6     8.3     7.3     0.0    17.00 C    35.7    -2.0    10.8    75.5    19.4    49.5   0.146   0.177   0.191   0.106   0.125    10.4    10.0     9.8    10.1    10.0
03054 20240224  2.622 -102.77   33.96    22.7    -5.0     8.8     9.4     0.4    17.90 C    34.5    -4.0    11.3    85.2    11.0    44.4   0.144   0.175   0.190   0.106   0.125    10.2     9.8     9.7    10.3    10.2
03054 20240225  2.622 -102.77   33.96    26.8     6.0    16.4    17.0     0.0    17.56 C    39.8     2.2    16.5    46.5     6.1    20.3   0.144   0.176   0.190   0.106   0.125    12.8    11.5    10.7    10.6    10.4
03054 20240226  2.622 -102.77   33.96    28.6     3.1    15.9    17.9     0.0    15.02 C    38.2     2.3    17.1    60.5    13.3    29.6   0.143   0.176   0.191   0.106   0.126    14.0    12.9    12.0    11.4    10.6
03054 20240227  2.622 -102.77   33.96    24.9     3.7    14.3    15.6     0.0    10.87 C    30.9     3.9    14.7    61.0     7.8    34.4   0.142   0.175   0.191   0.107   0.125    13.9    13.4    12.8    12.2    10.9
03054 20240228  2.622 -102.77   33.96     7.1    -3.6     1.8     1.6     0.0    10.71 C    19.1    -3.8     5.1    65.5    20.3    41.9   0.138   0.171   0.189   0.107   0.126     9.8    11.0    11.6    12.3    11.1
03054 20240229  2.622 -102.77   33.96     8.6    -3.1     2.7     1.5     2.6     5.46 C    10.6    -2.7     2.1    94.9    40.0    77.3   0.135   0.168   0.186   0.107   0.126     6.3     8.0     9.2    11.4    11.3
03054 20240301  2.622 -102.77   33.96    22.6    -0.7    10.9    11.6     0.0    19.42 C    33.2    -2.5    11.4    95.0    12.4    49.9   0.135   0.168   0.184   0.106   0.126     9.1     8.4     8.4    10.2    11.3
03054 20240302  2.622 -102.77   33.96    24.4    -0.5    11.9    13.0     0.0    18.39 C    37.5    -2.7    13.2    69.8     6.4    31.7   0.137   0.169   0.186   0.106   0.126    11.0    10.3     9.9    10.4    11.2
03054 20240303  2.622 -102.77   33.96    26.8     4.0    15.4    15.0     0.0    20.00 C    40.3     0.3    15.4    39.1     5.5    20.5   0.138   0.169   0.186   0.106   0.126    12.7    11.7    11.0    11.0    11.2
03054 20240304  2.622 -102.77   33.96    22.5     0.9    11.7    12.5     0.0    18.45 C    40.2     0.6    14.2    55.6    12.5    29.7   0.137   0.170   0.187   0.107   0.126    13.1    12.6    12.0    11.7    11.3
03054 20240305  2.622 -102.77   33.96    22.3    -0.1    11.1    10.8     0.0    17.88 C    41.2    -1.4    13.7    66.4     9.8    36.5   0.136   0.169   0.186   0.107   0.127    12.9    12.4    12.1    12.1    11.4
03054 20240306  2.622 -102.77   33.96    22.6    -1.6    10.5    11.5     0.0    15.03 C    37.8    -1.6    13.7    91.1    10.6    45.3   0.134   0.168   0.185   0.107   0.127    12.6    12.3    12.1    12.3    11.6
03054 20240307  2.622 -102.77   33.96    23.1     6.1    14.6    15.4     0.0    13.17 C    40.2     3.1    16.2    49.4     7.5    21.5   0.133   0.168   0.186   0.107   0.129    14.5    13.7    13.0    12.7    11.8
03054 20240308  2.622 -102.77   33.96     7.4     0.5     3.9     4.2     0.0     4.66 C    13.2    -0.2     7.1    85.7    53.1    69.4   0.129   0.165   0.184   0.107   0.127    10.4    11.6    12.2    13.0    11.9
03054 20240309  2.622 -102.77   33.96    12.0    -7.4     2.3     2.9     0.0    20.44 C    36.5    -6.3     9.8    87.0    27.0    56.9   0.128   0.164   0.181   0.107   0.128    10.3    10.3    10.5    12.0    12.0
03054 20240310  2.622 -102.77   33.96    18.3    -6.9     5.7     6.3     0.0    20.71 C    36.7    -6.1    10.2    79.9    16.1    44.2   0.127   0.163   0.181   0.107   0.128    10.7    10.6    10.6    11.7    12.0
03054 20240311  2.622 -102.77   33.96    22.8    -3.6     9.6    10.2     0.0    20.45 C    36.9    -4.7    12.2    80.5    10.1    37.7   0.126   0.163   0.181   0.107   0.128    11.6    11.3    11.2    11.8    12.0
03054 20240312  2.622 -102.77   33.96    24.8     3.4    14.1    14.4     0.0    21.20 C    42.2     0.6    16.4    57.6     6.4    26.1   0.125   0.163   0.181   0.107   0.128    13.9    12.9    12.2    12.1    12.0
03054 20240313  2.622 -102.77   33.96    25.3     4.3    14.8    15.9     0.0    20.36 C    41.5     1.6    17.7    42.7     8.6    21.7   0.123   0.162   0.182   0.107   0.128    15.1    14.1    13.4    12.8    12.1
03054 20240314  2.622 -102.77   33.96    21.3     0.0    10.7    11.6     0.0    19.12 C    45.6     0.8    16.3    70.3    16.7    42.6   0.121   0.161   0.182   0.108   0.128    15.4    14.7    14.0    13.4    12.3
03054 20240315  2.622 -102.77   33.96     8.7     4.0     6.4     6.7     2.1     4.95 C    15.1     3.8     8.0    89.0    70.5    78.6   0.118   0.158   0.180   0.108   0.128    11.4    12.7    13.3    13.8    12.5
03054 20240316  2.622 -102.77   33.96     8.4     5.8     7.1     7.4     2.1     2.43 C    12.1     6.6     8.8    92.7    80.4    88.5   0.116   0.156   0.178   0.108   0.129    10.3    11.0    11.5    12.9    12.7
03054 20240317  2.622 -102.77   33.96    11.6     1.1     6.3     7.7     0.0     3.96 C    15.5     0.8     8.3    92.6    54.5    80.6   0.116   0.155   0.177   0.107   0.129     9.9    10.6    11.0    12.3    12.6
03054 20240318  2.622 -102.77   33.96    17.2    -0.1     8.6     7.4     0.0    18.83 C    37.7    -1.3    11.2    94.3    25.2    62.5   0.116   0.155   0.175   0.107   0.129    10.8    10.5    10.5    11.8    12.6
03054 20240319  2.622 -102.77   33.96    20.0    -1.5     9.2     9.7     0.0    20.64 C    36.8    -2.7    12.4    88.0    30.9    58.9   0.116   0.155   0.176   0.107   0.130    12.0    11.5    11.3    11.9    12.5
03054 20240320  2.622 -102.77   33.96    22.9     3.6    13.3    14.1     0.4    15.58 C    43.7     1.3    16.2    82.9    15.5    46.8   0.116   0.155   0.176   0.108   0.130    13.7    12.9    12.4    12.4    12.5
03054 20240321  2.622 -102.77   33.96    22.4     3.4    12.9    13.7     0.0    15.88 C    47.6     2.9    16.9    80.3    15.9    47.0   0.116   0.155   0.176   0.108   0.129    15.2    14.3    13.6    13.0    12.5
03054 20240322  2.622 -102.77   33.96    22.4     0.1    11.2    12.0     0.0    22.30 C    42.8    -0.3    16.2    75.5    20.2    45.2   0.115   0.153   0.174   0.108   0.129    15.0    14.4    13.8    13.5    12.7
03054 20240323  2.622 -102.77   33.96    17.4     1.8     9.6    10.8     0.0    11.14 C    26.0     2.0    12.2    90.3    40.0    61.4   0.112   0.151   0.173   0.108   0.128    13.7    14.0    13.9    13.9    12.9
03054 20240324  2.622 -102.77   33.96    21.8     5.1    13.4    13.8     0.0    17.81 C    32.5     2.1    14.5    81.3    10.7    35.8   0.111   0.150   0.171   0.108   0.128    14.2    14.1    13.9    13.9    13.0
03054 20240325  2.622 -102.77   33.96     7.3    -3.6     1.8     3.4     0.0    13.87 C    31.8    -2.3     8.3    71.0    34.7    51.1   0.108   0.147   0.168   0.108   0.129    11.3    12.4    12.9    13.7    13.2
03054 20240326  2.622 -102.77   33.96    16.0    -7.9     4.1     4.4     0.2    18.58 C    38.7    -6.5    10.2    87.9    17.5    56.5   0.106   0.145   0.166   0.108   0.130    10.9    11.2    11.6    13.0    13.2
03054 20240327  2.622 -102.77   33.96    16.3    -6.4     5.0     5.9     0.4    22.27 C    41.6    -5.5    12.0    89.1    23.0    55.5   0.105   0.145   0.165   0.108   0.130    12.2    12.1    12.0    12.7    13.1
03054 20240328  2.622 -102.77   33.96    24.7    -3.1    10.8    11.1     0.4    23.56 C    39.7    -3.6    13.7    87.9     6.7    39.9   0.103   0.144   0.165   0.108   0.129    13.0    12.6    12.4    12.8    13.1
03054 20240329  2.622 -102.77   33.96    27.0     5.5    16.2    16.2     0.0    16.67 C    41.4     1.6    16.2    53.9     7.0    24.5   0.101   0.144   0.164   0.108   0.130    14.8    14.0    13.5    13.2    13.1
03054 20240330  2.622 -102.77   33.96    28.1     4.0    16.1    16.7     0.0    16.68 C    45.6     1.8    18.3    38.7     4.7    18.1   0.099   0.143   0.162   0.108   0.130    16.0    14.8    14.2    13.8    13.2
03054 20240331  2.622 -102.77   33.96    26.1     6.8    16.4    18.6     0.0    11.22 C    35.8     6.2    18.3    46.6    10.1    20.1   0.096   0.142   0.161   0.109   0.130    16.7    15.8    15.1    14.4    13.3
03054 20240401  2.622 -102.77   33.96    20.3     8.6    14.4    13.7     5.4     8.77 C    30.3     4.5    13.2    78.9    16.7    41.8   0.092   0.141   0.161   0.109   0.130    14.8    15.5    15.4    14.9    13.4
03054 20240402  2.622 -102.77   33.96    16.3    -1.2     7.6     8.4     0.0    21.95 C    33.2    -0.2    11.7    87.4    16.4    50.3   0.091   0.137   0.157   0.109   0.131    12.3    12.9    13.2    14.3    13.6
03054 20240403  2.622 -102.77   33.96    23.5    -2.8    10.4    11.4     0.0    24.74 C    44.0    -2.5    16.2    72.7    11.6    36.8   0.094   0.137   0.156   0.109   0.130    14.6    13.7    13.2    13.8    13.6
03054 20240404  2.622 -102.77   33.96    28.2     1.5    14.8    16.5     0.0    25.10 C    46.0     1.1    18.9    65.1     6.7    23.4   0.098   0.137   0.156   0.109   0.130    16.9    15.7    14.8    14.3    13.6
03054 20240405  2.622 -102.77   33.96    28.9     3.3    16.1    18.4     0.0    23.48 C    40.3     0.6    18.7    39.7     5.7    16.7   0.099   0.136   0.155   0.109   0.131    17.2    16.5    15.7    15.0    13.7
03054 20240406  2.622 -102.77   33.96    18.6     8.5    13.6    13.3     0.0    24.84 C    36.4     5.0    16.3    56.1     6.9    24.5   0.098   0.135   0.154   0.110   0.131    16.8    16.7    16.3    15.6    13.9
03054 20240407  2.622 -102.77   33.96    22.8     5.4    14.1    13.3     0.0    25.90 C    38.5     1.4    15.8    23.1     4.6    13.6   0.096   0.132   0.152   0.110   0.131    15.8    15.7    15.5    15.5    14.1
03054 20240408  2.622 -102.77   33.96    21.8     0.2    11.0    12.4     0.0    16.30 C    33.6     0.3    14.2    42.7    12.1    24.6   0.093   0.131   0.150   0.110   0.132    15.4    15.4    15.3    15.4    14.2
03054 20240409  2.622 -102.77   33.96     9.9     4.3     7.1     6.0    25.3     6.35 C    18.4     5.6     8.0    90.9    41.2    81.9   0.152   0.150   0.148   0.110   0.132    10.5    12.6    13.9    15.2    14.3
03054 20240410  2.622 -102.77   33.96    18.6     1.1     9.9    10.0     1.8    25.28 C    29.5     1.5    13.4    92.5    25.8    65.1   0.195   0.215   0.150   0.109   0.132    12.4    12.2    12.2    13.8    14.3
03054 20240411  2.622 -102.77   33.96    21.8     2.8    12.3    12.3     0.0    25.37 C    32.5     2.1    14.4    84.0    21.1    53.5   0.171   0.202   0.170   0.109   0.132    14.5    13.9    13.5    13.7    14.2
03054 20240412  2.622 -102.77   33.96    28.9     1.7    15.3    16.4     0.0    24.76 C    37.8     2.2    17.2    89.1     8.3    42.0   0.160   0.193   0.180   0.109   0.131    15.9    15.2    14.5    14.2    14.1
03054 20240413  2.622 -102.77   33.96    29.6     2.9    16.3    18.1     0.0    26.26 C    44.1     3.4    20.1    80.3     5.8    31.8   0.154   0.186   0.182   0.110   0.132    17.7    16.6    15.6    14.9    14.1
03054 20240414  2.622 -102.77   33.96    29.8     6.1    18.0    19.5     0.0    24.25 C    45.8     5.7    21.9    67.4     4.9    27.2   0.149   0.179   0.182   0.110   0.132    19.1    18.0    16.9    15.8    14.3
03054 20240415  2.622 -102.77   33.96    31.6     9.2    20.4    21.2     0.0    22.75 C    42.8     7.8    21.4    56.7     1.7    17.4   0.142   0.171   0.180   0.110   0.132    19.5    18.8    17.8    16.6    14.5
03054 20240416  2.622 -102.77   33.96    27.6     6.0    16.8    17.6     0.0    26.00 C    43.5     4.7    20.1    40.6     6.8    19.0   0.136   0.163   0.176   0.111   0.132    19.0    18.5    17.8    17.1    14.7
03054 20240417  2.622 -102.77   33.96    30.6    11.2    20.9    20.4     0.0    26.95 C    48.1     7.5    23.0    33.3     4.6    17.6   0.131   0.158   0.173   0.111   0.133    20.6    19.5    18.5    17.4    15.0
03054 20240418  2.622 -102.77   33.96    20.6     5.9    13.2    13.5     0.0    25.19 C    41.5     5.2    19.0    66.6    20.0    42.4   0.123   0.152   0.169   0.111   0.132    19.3    19.2    18.7    17.9    15.2
03054 20240419  2.622 -102.77   33.96    17.5     4.5    11.0    11.5     0.0    22.53 C    37.0     5.1    17.7    83.1    32.5    53.4   0.119   0.148   0.165   0.111   0.132    19.1    18.7    18.2    17.8    15.4
03054 20240420  2.622 -102.77   33.96    11.4     7.2     9.3     9.2     0.0     7.21 C    20.8     8.7    12.5    66.1    41.6    52.4   0.115   0.144   0.161   0.111   0.133    16.1    17.1    17.6    17.8    15.6
03054 20240421  2.622 -102.77   33.96    15.7     3.1     9.4     9.2     0.0    14.85 C    36.6     2.7    14.2    78.7    36.7    57.6   0.112   0.141   0.157   0.111   0.134    16.2    16.2    16.2    16.9    15.7
03054 20240422  2.622 -102.77   33.96    26.2     1.4    13.8    15.4     0.0    25.67 C    40.3     1.2    19.5    87.1    23.8    52.9   0.110   0.139   0.155   0.111   0.133    18.3    17.2    16.5    16.7    15.6
03054 20240423  2.622 -102.77   33.96    33.1     8.2    20.6    21.2     0.0    23.51 C    54.2     7.2    24.4    84.0     8.7    42.7   0.107   0.138   0.154   0.111   0.133    21.4    19.8    18.4    17.2    15.6
03054 20240424  2.622 -102.77   33.96    26.3    10.8    18.5    18.7     0.0    19.89 C    46.6     9.5    23.0    92.5    38.6    65.6   0.104   0.136   0.152   0.111   0.133    22.5    21.1    19.8    18.1    15.7
03054 20240425  2.622 -102.77   33.96    32.3    12.8    22.5    22.2     0.0    23.47 C    47.3    11.1    24.9    95.4     5.0    45.4   0.099   0.134   0.151   0.112   0.134    23.4    22.1    20.7    18.9    16.0
03054 20240426  2.622 -102.77   33.96    27.4     7.7    17.5    18.5     0.0    27.69 C    45.0     5.4    22.2    43.3     6.6    21.2   0.093   0.130   0.148   0.113   0.134    21.9    21.5    20.7    19.4    16.3
03054 20240427  2.622 -102.77   33.96    26.9     6.7    16.8    18.8     0.0    24.99 C    44.7     5.3    22.6    35.7     5.2    16.8   0.087   0.127   0.145   0.113   0.134    21.5    21.0    20.4    19.4    16.6
03054 20240428  2.622 -102.77   33.96    24.2     3.4    13.8    14.8     0.0    27.17 C    50.6     3.7    23.4    67.1    19.0    39.4   0.083   0.125   0.144   0.113   0.135    22.7    21.6    20.7    19.4    16.8
03054 20240429  2.622 -102.77   33.96    28.4     4.5    16.5    19.3     0.0    27.79 C    51.6     5.2    25.2    66.8     8.1    25.7   0.080   0.124   0.143   0.113   0.134    23.6    22.4    21.3    19.8    17.0
03054 20240430  2.622 -102.77   33.96    32.0     6.7    19.3    21.3     0.0    28.11 C    53.4     6.1    25.9    40.8     5.6    17.8   0.076   0.122   0.141   0.113   0.134    24.0    22.8    21.8    20.2    17.2
03054 20240501  2.622 -102.77   33.96    33.9    11.9    22.9    23.9     0.0    27.74 C    55.4    10.9    29.0    91.2     6.0    45.0   0.073   0.121   0.141   0.113   0.134    26.2    24.2    22.7    20.6    17.4
03054 20240502  2.622 -102.77   33.96    27.9     7.6    17.8    19.7     0.2    27.18 C    54.2     7.3    27.4    89.6    20.4    52.1   0.069   0.121   0.140   0.113   0.134    26.2    24.9    23.6    21.3    17.7
03054 20240503  2.622 -102.77   33.96    32.9    14.1    23.5    22.0     0.0    25.46 C    50.4    14.1    27.6    93.5     5.4    51.6   0.067   0.120   0.140   0.113   0.133    27.1    25.5    24.1    21.7    18.0
03054 20240504  2.622 -102.77   33.96    18.1    11.3    14.7    14.5     3.6    11.22 C    29.7    11.7    18.2    88.0    55.9    74.4   0.063   0.116   0.138   0.113   0.135    21.7    23.0    23.2    22.0    18.2
03054 20240505  2.622 -102.77   33.96    25.3     8.6    16.9    17.5     0.0    20.59 C    41.4     8.5    21.1    95.5    42.6    72.4   0.063   0.113   0.135   0.112   0.135    21.6    21.4    21.2    21.1    18.5
03054 20240506  2.622 -102.77   33.96    30.6    11.2    20.9    22.5     0.0    27.97 C    50.5     8.9    27.0    85.5     7.3    38.3   0.068   0.115   0.136   0.112   0.135    24.5    23.4    22.1    21.0    18.5
03054 20240507  2.622 -102.77   33.96    31.6     8.0    19.8    20.5     0.0    29.15 C    48.7     4.2    24.1    26.1     2.6    11.3   0.069   0.114   0.136   0.112   0.134    22.8    22.6    22.0    21.2    18.5
03054 20240508  2.622 -102.77   33.96    30.2     9.5    19.8    20.6     0.0    28.86 C    51.3     6.5    25.7    23.6     5.1    12.1   0.068   0.114   0.135   0.112   0.134    24.0    23.2    22.3    21.2    18.6
03054 20240509  2.622 -102.77   33.96    26.6     9.5    18.1    18.6     0.0    27.81 C    48.4     8.0    24.0    64.3    14.8    32.9   0.065   0.114   0.135   0.112   0.134    24.8    23.7    22.7    21.4    18.6
03054 20240510  2.622 -102.77   33.96    24.8     6.7    15.7    16.4     0.0    18.76 C    41.8     6.5    20.7    61.9    26.0    41.9   0.062   0.113   0.135   0.112   0.133    23.2    23.0    22.6    21.6    18.8
03054 20240511  2.622 -102.77   33.96    17.7    11.1    14.4    14.9     1.6     5.47 C    22.1    10.7    15.6    84.5    53.0    69.0   0.060   0.111   0.132   0.112   0.134    19.3    20.8    21.3    21.4    18.9
03054 20240512  2.622 -102.77   33.96    28.2    11.9    20.0    18.8     0.6    21.04 C    47.8    11.4    23.3    95.3     9.3    59.3   0.060   0.110   0.131   0.111   0.134    21.9    20.8    20.3    20.5    18.9
03054 20240513  2.622 -102.77   33.96    29.1     5.8    17.4    18.9     0.0    28.59 C    54.8     5.3    26.0    83.3    12.6    40.0   0.062   0.111   0.132   0.111   0.134    23.7    22.5    21.4    20.5    18.9
03054 20240514  2.622 -102.77   33.96    33.2     5.6    19.4    20.7     0.0    25.74 C    55.7     6.1    25.4    72.6     5.1    31.4   0.062   0.111   0.133   0.111   0.134    24.5    23.3    22.3    20.9    18.8
03054 20240515  2.622 -102.77   33.96    32.3     9.6    20.9    21.0     2.5    16.82 C    56.4     8.9    23.5    76.7     9.3    38.0   0.060   0.111   0.133   0.111   0.134    23.8    23.5    22.8    21.4    18.9
03054 20240516  2.622 -102.77   33.96    24.2    11.6    17.9    15.0    20.9     9.51 C    36.3    12.0    16.4    91.4    40.9    77.0   0.096   0.109   0.132   0.112   0.134    18.4    20.2    21.1    21.3    19.1
03054 20240517  2.622 -102.77   33.96    27.6    10.7    19.1    18.6     0.0    28.59 C    38.7     9.9    21.5    91.2    23.7    61.6   0.178   0.165   0.129   0.111   0.134    21.0    20.2    19.7    20.2    19.1
03054 20240518  2.622 -102.77   33.96    34.7    11.1    22.9    23.4     0.0    27.53 C    49.4    10.1    25.2    85.6     7.2    41.2   0.157   0.174   0.132   0.111   0.134    23.4    22.4    21.4    20.4    19.0
03054 20240519  2.622 -102.77   33.96    35.7    11.5    23.6    25.5     0.0    28.98 C    48.0    10.2    26.7    69.3     5.4    25.8   0.146   0.165   0.134   0.111   0.134    24.4    23.5    22.5    21.1    19.0
03054 20240520  2.622 -102.77   33.96    35.4     9.2    22.3    25.6     0.0    29.24 C    52.2     8.9    28.4    61.8     4.9    18.1   0.136   0.156   0.136   0.111   0.134    25.4    24.5    23.3    21.8    19.1
03054 20240521  2.622 -102.77   33.96    31.8    12.3    22.1    24.1     0.0    29.83 C    51.3    13.0    28.2    45.7     6.9    16.6   0.125   0.148   0.138   0.112   0.134    26.2    25.5    24.2    22.4    19.3
03054 20240522  2.622 -102.77   33.96    28.0    11.2    19.6    20.1     0.0    28.78 C    48.5    10.9    26.2    72.5    20.9    43.2   0.116   0.139   0.138   0.112   0.135    25.7    25.1    24.1    22.8    19.5
03054 20240523  2.622 -102.77   33.96    33.3    14.0    23.7    24.3     0.0    29.83 C    53.1    14.0    29.7    86.0     2.5    33.2   0.109   0.133   0.139   0.112   0.134    27.4    26.4    25.0    23.1    19.7
03054 20240524  2.622 -102.77   33.96    29.4    14.2    21.8    21.0     0.0    29.61 C    52.5    12.3    27.1    38.5     8.4    16.3   0.100   0.126   0.138   0.112   0.135    26.7    26.1    25.1    23.5    20.0
03054 20240525  2.622 -102.77   33.96    35.5     7.8    21.6    24.1     0.0    25.48 C    49.5     7.6    26.2    65.7     2.7    24.5   0.090   0.121   0.137   0.113   0.135    25.5    25.3    24.8    23.6    20.2
03054 20240526  2.622 -102.77   33.96    33.3    15.3    24.3    25.2     0.0    30.17 C    56.1    11.6    29.8    22.8     4.9    11.4   0.083   0.119   0.137   0.113   0.135    27.5    26.4    25.1    23.5    20.4
03054 20240527  2.622 -102.77   33.96    35.2     9.0    22.1    24.0     0.0    29.44 C    58.5     8.7    29.9    48.5     5.7    21.3   0.077   0.118   0.137   0.112   0.135    28.6    27.2    25.9    23.8    20.5
03054 20240528  2.622 -102.77   33.96    34.3    14.2    24.2    21.7    36.8    13.68 C    51.4    13.4    23.8    84.0    25.6    65.2   0.103   0.133   0.136   0.113   0.135    25.2    26.0    25.9    24.4    20.7
03054 20240529  2.622 -102.77   33.96    28.4    11.5    20.0    20.5     1.5    27.18 C    35.3    12.0    21.9    91.1    42.7    67.1   0.205   0.240   0.181   0.113   0.135    22.3    22.6    22.8    23.5    20.9
03054 20240530  2.622 -102.77   33.96    28.6    15.9    22.2    21.7     0.0    15.83 C    38.8    14.8    22.0    94.1    19.6    67.8   0.172   0.213   0.210   0.112   0.135    22.9    23.2    23.1    23.0    20.9
03054 20240531  2.622 -102.77   33.96    30.3    13.3    21.8    20.5    17.0    25.10 C    44.8    12.8    24.4    90.1    25.2    64.7   0.177   0.210   0.211   0.112   0.135    23.9    23.2    22.6    22.6    20.8
03054 20240601  2.622 -102.77   33.96    30.4    13.8    22.1    22.2     0.0    27.24 C    33.8    13.4    22.4    89.8    28.3    61.8   0.207   0.244   0.251   0.112   0.135    22.7    22.8    22.5    22.6    20.7
03054 20240602  2.622 -102.77   33.96    35.1    19.0    27.0    25.8     0.0    27.16 C    43.7    18.2    27.0    92.4     9.2    58.0   0.178   0.220   0.239   0.112   0.135    25.7    24.4    23.5    22.7    20.7
03054 20240603  2.622 -102.77   33.96    34.5    15.5    25.0    25.4     0.0    28.98 C    48.9    14.8    28.5    93.1     8.0    49.8   0.164   0.204   0.226   0.112   0.136    26.9    25.6    24.4    23.3    20.8
03054 20240604  2.622 -102.77   33.96    35.6    10.8    23.2    25.6     0.0    22.28 C    48.8    10.9    26.5    72.8    10.4    34.6   0.152   0.190   0.213   0.113   0.135    25.5    24.8    24.3    23.8    20.9
03054 20240605  2.622 -102.77   33.96    33.3    16.3    24.8    25.2     0.0    28.53 C    46.9    15.3    29.1    92.0    24.0    55.3   0.144   0.179   0.203   0.113   0.135    27.9    26.4    25.0    23.9    21.0
03054 20240606  2.622 -102.77   33.96    37.6    17.1    27.3    27.8     0.0    28.35 C    50.8    16.3    31.2    86.7    17.1    46.3   0.134   0.168   0.190   0.113   0.135    29.1    27.7    26.3    24.7    21.1
03054 20240607  2.622 -102.77   33.96    36.5    20.8    28.6    28.3     0.0    24.77 C    48.6    20.1    30.8    69.0    15.0    40.2   0.124   0.157   0.175   0.114   0.136    29.5    28.4    27.1    25.5    21.3
03054 20240608  2.622 -102.77   33.96    36.2    16.6    26.4    27.5     0.0    24.12 C    53.2    16.7    31.2    72.2    16.2    37.9   0.115   0.148   0.163   0.114   0.137    29.6    28.4    27.3    25.8    21.6
03054 20240609  2.622 -102.77   33.96    33.0    15.5    24.3    22.9    41.1    18.18 C    52.4    17.3    26.7    89.3    34.3    61.5   0.147   0.173   0.164   0.114   0.136    27.0    27.3    27.1    26.0    21.8
03054 20240610  2.622 -102.77   33.96    25.0    13.9    19.5    18.6    18.5    15.73 C    31.1    15.3    20.7    91.9    58.7    81.5   0.240   0.277   0.287   0.114   0.137    22.5    23.4    24.0    24.9    22.1
03054 20240611  2.622 -102.77   33.96    27.5    17.2    22.3    21.6     0.0    27.80 C    37.3    17.4    24.8    93.5    43.5    73.1   0.221   0.265   0.287   0.113   0.137    25.1    24.3    23.7    23.9    22.0
03054 20240612  2.622 -102.77   33.96    32.2    17.0    24.6    24.0     0.0    27.73 C    38.9    17.2    26.0    93.7    37.3    68.9   0.195   0.240   0.267   0.114   0.137    25.8    25.2    24.6    24.1    21.9
03054 20240613  2.622 -102.77   33.96    35.5    16.4    25.9    26.5     0.0    28.86 C    43.5    16.2    28.1    92.6    25.9    58.7   0.176   0.222   0.253   0.117   0.138    27.2    26.1    25.3    24.6    21.9
03054 20240614  2.622 -102.77   33.96    33.3    16.5    24.9    25.6     6.9    26.02 C    44.1    17.3    28.4    88.8    29.4    58.7   0.165   0.207   0.240   0.121   0.137    27.9    26.8    25.9    25.2    22.0
03054 20240615  2.622 -102.77   33.96    32.2    17.1    24.7    24.4    10.5    28.00 C    34.5    17.0    24.3    87.5    38.0    63.1   0.213   0.244   0.255   0.122   0.138    25.2    25.5    25.4    25.4    22.2
03054 20240616  2.622 -102.77   33.96    32.6    19.0    25.8    26.4     0.0    28.65 C    39.2    17.5    27.0    80.0    34.7    56.9   0.184   0.225   0.251   0.123   0.137    26.8    26.1    25.5    25.1    22.3
03054 20240617  2.622 -102.77   33.96    35.0    20.3    27.7    27.6     0.0    27.98 C    42.5    18.5    28.9    78.0    28.4    51.9   0.167   0.207   0.237   0.125   0.138    27.9    26.7    25.9    25.4    22.4
03054 20240618  2.622 -102.77   33.96    35.1    19.7    27.4    27.8     0.0    28.30 C    43.8    18.5    29.9    75.8    22.1    51.6   0.157   0.192   0.224   0.126   0.138    28.9    27.6    26.6    25.8    22.5
03054 20240619  2.622 -102.77   33.96    28.1    20.2    24.1    23.6     0.4    12.01 C    32.0    20.1    24.2    89.2    46.5    66.6   0.147   0.180   0.213   0.127   0.138    26.1    26.4    26.3    26.2    22.7
03054 20240620  2.622 -102.77   33.96    24.3    19.4    21.9    21.3     2.0    10.10 C    30.7    19.2    22.7    89.8    62.4    76.1   0.141   0.172   0.208   0.127   0.137    24.7    25.1    25.1    25.5    22.8
03054 20240621  2.622 -102.77   33.96    29.0    17.9    23.5    23.2     0.0    15.55 C    33.5    17.5    24.1    92.0    46.1    71.9   0.137   0.167   0.202   0.127   0.138    25.1    24.8    24.6    24.9    22.8
03054 20240622  2.622 -102.77   33.96    33.2    14.8    24.0    24.8     0.0    29.05 C    46.3    14.8    27.6    91.7    23.8    57.8   0.133   0.162   0.194   0.128   0.138    27.0    25.7    24.9    24.7    22.8
03054 20240623  2.622 -102.77   33.96    33.5    17.9    25.7    26.1     0.0    28.48 C    47.0    17.8    29.3    75.3    23.5    46.8   0.126   0.156   0.182   0.128   0.138    28.8    27.2    26.2    25.3    22.7
03054 20240624  2.622 -102.77   33.96    35.0    13.5    24.3    26.2     0.0    28.94 C    48.0    14.1    29.5    83.8    20.7    45.7   0.119   0.150   0.170   0.128   0.139    29.0    27.7    26.7    25.9    22.8
03054 20240625  2.622 -102.77   33.96    36.8    19.5    28.1    27.7     0.0    20.28 C    50.0    19.8    30.6    72.5    25.6    51.5   0.113   0.146   0.163   0.127   0.138    30.1    28.6    27.5    26.4    22.9
03054 20240626  2.622 -102.77   33.96    38.4    18.3    28.4    28.7     0.0    28.27 C    54.4    18.7    33.6    84.8    18.9    50.6   0.108   0.142   0.158   0.127   0.140    31.8    29.5    28.1    26.7    23.2
03054 20240627  2.622 -102.77   33.96    36.7    21.3    29.0    28.3     0.0    26.68 C    51.3    22.1    33.0    78.3    18.4    47.2   0.100   0.138   0.154   0.125   0.140    32.5    30.6    29.1    27.4    23.4
03054 20240628  2.622 -102.77   33.96    38.4    19.9    29.2    29.3     0.0    28.53 C    56.9    20.4    35.2    73.1    16.1    40.9   0.093   0.134   0.151   0.124   0.140    33.1    31.0    29.5    27.8    23.6
03054 20240629  2.622 -102.77   33.96    37.5    18.7    28.1    29.6     0.0    28.42 C    54.9    19.1    34.7    70.8    20.4    39.0   0.087   0.131   0.148   0.122   0.140    33.9    31.7    30.1    28.1    23.9
03054 20240630  2.622 -102.77   33.96    36.1    18.8    27.4    28.3     0.0    29.16 C    51.6    19.5    33.2    78.5    17.4    42.5   0.081   0.128   0.146   0.120   0.140    33.9    32.0    30.6    28.6    24.1
03054 20240701  2.622 -102.77   33.96    36.6    20.0    28.3    29.3     0.0    28.64 C    53.2    19.8    33.7    73.2    20.2    40.8   0.077   0.125   0.144   0.119   0.141    33.7    32.0    30.7    28.8    24.4
03054 20240702  2.622 -102.77   33.96 -9999.0 -9999.0 -9999.0 -9999.0 -9999.0 -9999.00 U -9999.0 -9999.0 -9999.0 -9999.0 -9999.0 -9999.0 -99.000 -99.000 -99.000 -99.000 -99.000 -9999.0 -9999.0 -9999.0 -9999.0 -9999.0
