63891 20240101  7.001  -86.61   32.85    10.4    -2.5     3.9     4.7     0.0 -9999.00 U -9999.0 -9999.0 -9999.0    97.1    41.9    70.0 -99.000 -99.000 -99.000 -99.000 -99.000 -9999.0 -9999.0 -9999.0 -9999.0 -9999.0
63891 20240102  7.001  -86.61   32.85    11.2    -3.2     4.0     2.4     0.0 -9999.00 U -9999.0 -9999.0 -9999.0    95.5    33.2    70.2 -99.000 -99.000 -99.000 -99.000 -99.000 -9999.0 -9999.0 -9999.0 -9999.0 -9999.0
63891 20240103  7.001  -86.61   32.85     6.0    -3.5     1.3     1.7     0.5 -9999.00 U -9999.0 -9999.0 -9999.0    99.3    66.6    89.5 -99.000 -99.000 -99.000 -99.000 -99.000 -9999.0 -9999.0 -9999.0 -9999.0 -9999.0
63891 20240104  7.001  -86.61   32.85    10.8    -2.9     4.0     3.6     0.0 -9999.00 U -9999.0 -9999.0 -9999.0    99.5    42.6    75.9 -99.000 -99.000 -99.000 -99.000 -99.000 -9999.0 -9999.0 -9999.0 -9999.0 -9999.0
63891 20240105  7.001  -86.61   32.85    12.6    -2.8     4.9     6.2    32.9 -9999.00 U -9999.0 -9999.0 -9999.0    96.9    43.4    73.3 -99.000 -99.000 -99.000 -99.000 -99.000 -9999.0 -9999.0 -9999.0 -9999.0 -9999.0
63891 20240106  7.001  -86.61   32.85    10.4     4.9     7.7     8.6     1.5 -9999.00 U -9999.0 -9999.0 -9999.0    98.7    72.6    86.7 -99.000 -99.000 -99.000 -99.000 -99.000 -9999.0 -9999.0 -9999.0 -9999.0 -9999.0
63891 20240107  7.001  -86.61   32.85    11.2    -1.4     4.9     5.5     0.0 -9999.00 U -9999.0 -9999.0 -9999.0    97.1    41.3    75.1 -99.000 -99.000 -99.000 -99.000 -99.000 -9999.0 -9999.0 -9999.0 -9999.0 -9999.0
63891 20240108  7.001  -86.61   32.85    10.9    -1.5     4.7     6.7    34.5 -9999.00 U -9999.0 -9999.0 -9999.0    96.2    42.7    73.6 -99.000 -99.000 -99.000 -99.000 -99.000 -9999.0 -9999.0 -9999.0 -9999.0 -9999.0
63891 20240109  7.001  -86.61   32.85    15.5     4.0     9.8     9.5    89.5 -9999.00 U -9999.0 -9999.0 -9999.0    98.7    54.1    78.9 -99.000 -99.000 -99.000 -99.000 -99.000 -9999.0 -9999.0 -9999.0 -9999.0 -9999.0
63891 20240110  7.001  -86.61   32.85    11.4    -1.9     4.7     3.9     0.0 -9999.00 U -9999.0 -9999.0 -9999.0    95.8    36.2    70.7 -99.000 -99.000 -99.000 -99.000 -99.000 -9999.0 -9999.0 -9999.0 -9999.0 -9999.0
63891 20240111  7.001  -86.61   32.85    18.2    -0.9     8.7     8.9     0.0 -9999.00 U -9999.0 -9999.0 -9999.0    97.3    44.5    75.8 -99.000 -99.000 -99.000 -99.000 -99.000 -9999.0 -9999.0 -9999.0 -9999.0 -9999.0
63891 20240112  7.001  -86.61   32.85    17.6     2.7    10.1    11.1    10.1 -9999.00 U -9999.0 -9999.0 -9999.0    96.5    47.7    76.7 -99.000 -99.000 -99.000 -99.000 -99.000 -9999.0 -9999.0 -9999.0 -9999.0 -9999.0
63891 20240113  7.001  -86.61   32.85     9.4    -2.2     3.6     2.3     0.0 -9999.00 U -9999.0 -9999.0 -9999.0    93.9    33.7    68.2 -99.000 -99.000 -99.000 -99.000 -99.000 -9999.0 -9999.0 -9999.0 -9999.0 -9999.0
63891 20240114  7.001  -86.61   32.85    13.7    -2.5     5.6     5.7     0.0 -9999.00 U -9999.0 -9999.0 -9999.0    96.2    30.2    67.8 -99.000 -99.000 -99.000 -99.000 -99.000 -9999.0 -9999.0 -9999.0 -9999.0 -9999.0
63891 20240115  7.001  -86.61   32.85    15.9     0.0     8.0     6.9     1.6 -9999.00 U -9999.0 -9999.0 -9999.0    92.2    37.2    66.7 -99.000 -99.000 -99.000 -99.000 -99.000 -9999.0 -9999.0 -9999.0 -9999.0 -9999.0
63891 20240116  7.001  -86.61   32.85     0.4    -8.7    -4.2    -4.9     3.8 -9999.00 U -9999.0 -9999.0 -9999.0    94.9    67.3    81.4 -99.000 -99.000 -99.000 -99.000 -99.000 -9999.0 -9999.0 -9999.0 -9999.0 -9999.0
63891 20240117  7.001  -86.61   32.85     2.0   -11.1    -4.5    -5.2     0.0 -9999.00 U -9999.0 -9999.0 -9999.0    93.8    42.0    73.6 -99.000 -99.000 -99.000 -99.000 -99.000 -9999.0 -9999.0 -9999.0 -9999.0 -9999.0
63891 20240118  7.001  -86.61   32.85    10.2    -7.5     1.4     3.0     2.6 -9999.00 U -9999.0 -9999.0 -9999.0    97.4    35.3    71.8 -99.000 -99.000 -99.000 -99.000 -99.000 -9999.0 -9999.0 -9999.0 -9999.0 -9999.0
63891 20240119  7.001  -86.61   32.85     8.4    -3.0     2.7     3.7     0.3 -9999.00 U -9999.0 -9999.0 -9999.0    97.6    49.6    69.0 -99.000 -99.000 -99.000 -99.000 -99.000 -9999.0 -9999.0 -9999.0 -9999.0 -9999.0
63891 20240120  7.001  -86.61   32.85     0.2    -7.9    -3.8    -4.0     0.0 -9999.00 U -9999.0 -9999.0 -9999.0    75.1    34.0    53.3 -99.000 -99.000 -99.000 -99.000 -99.000 -9999.0 -9999.0 -9999.0 -9999.0 -9999.0
63891 20240121  7.001  -86.61   32.85     5.7   -10.3    -2.3    -3.3     0.0 -9999.00 U -9999.0 -9999.0 -9999.0    80.5    22.6    54.9 -99.000 -99.000 -99.000 -99.000 -99.000 -9999.0 -9999.0 -9999.0 -9999.0 -9999.0
63891 20240122  7.001  -86.61   32.85    12.3    -5.1     3.6     5.0     0.0 -9999.00 U -9999.0 -9999.0 -9999.0    79.3    42.6    53.7 -99.000 -99.000 -99.000 -99.000 -99.000 -9999.0 -9999.0 -9999.0 -9999.0 -9999.0
63891 20240123  7.001  -86.61   32.85    18.5     8.4    13.4    12.9     0.4 -9999.00 U -9999.0 -9999.0 -9999.0    93.8    64.4    78.7 -99.000 -99.000 -99.000 -99.000 -99.000 -9999.0 -9999.0 -9999.0 -9999.0 -9999.0
63891 20240124  7.001  -86.61   32.85    20.1    14.1    17.1    16.6    49.3 -9999.00 U -9999.0 -9999.0 -9999.0    98.8    86.1    95.2 -99.000 -99.000 -99.000 -99.000 -99.000 -9999.0 -9999.0 -9999.0 -9999.0 -9999.0
63891 20240125  7.001  -86.61   32.85    21.4    15.2    18.3    17.8    23.0 -9999.00 U -9999.0 -9999.0 -9999.0    98.7    84.4    95.6 -99.000 -99.000 -99.000 -99.000 -99.000 -9999.0 -9999.0 -9999.0 -9999.0 -9999.0
63891 20240126  7.001  -86.61   32.85    19.4    13.9    16.7    16.5     0.0 -9999.00 U -9999.0 -9999.0 -9999.0    99.6    81.0    94.6 -99.000 -99.000 -99.000 -99.000 -99.000 -9999.0 -9999.0 -9999.0 -9999.0 -9999.0
63891 20240127  7.001  -86.61   32.85    19.6     8.4    14.0    15.2    19.9 -9999.00 U -9999.0 -9999.0 -9999.0    99.9    78.1    91.6 -99.000 -99.000 -99.000 -99.000 -99.000 -9999.0 -9999.0 -9999.0 -9999.0 -9999.0
63891 20240128  7.001  -86.61   32.85     8.4     5.7     7.1     7.4     0.0 -9999.00 U -9999.0 -9999.0 -9999.0    86.5    72.8    79.8 -99.000 -99.000 -99.000 -99.000 -99.000 -9999.0 -9999.0 -9999.0 -9999.0 -9999.0
63891 20240129  7.001  -86.61   32.85    12.9     0.5     6.7     7.2     0.0 -9999.00 U -9999.0 -9999.0 -9999.0    97.4    45.8    70.5 -99.000 -99.000 -99.000 -99.000 -99.000 -9999.0 -9999.0 -9999.0 -9999.0 -9999.0
63891 20240130  7.001  -86.61   32.85    17.6    -1.8     7.9     8.6     0.0 -9999.00 U -9999.0 -9999.0 -9999.0    98.8    42.4    70.6 -99.000 -99.000 -99.000 -99.000 -99.000 -9999.0 -9999.0 -9999.0 -9999.0 -9999.0
63891 20240131  7.001  -86.61   32.85    13.8     0.7     7.2     7.9     0.0 -9999.00 U -9999.0 -9999.0 -9999.0    96.5    39.2    66.0 -99.000 -99.000 -99.000 -99.000 -99.000 -9999.0 -9999.0 -9999.0 -9999.0 -9999.0
63891 20240201  7.001  -86.61   32.85    17.1    -1.9     7.6     6.6     0.0 -9999.00 U -9999.0 -9999.0 -9999.0    98.2    32.9    72.7 -99.000 -99.000 -99.000 -99.000 -99.000 -9999.0 -9999.0 -9999.0 -9999.0 -9999.0
63891 20240202  7.001  -86.61   32.85    20.4     0.8    10.6    10.1     0.0 -9999.00 U -9999.0 -9999.0 -9999.0    98.4    30.7    70.2 -99.000 -99.000 -99.000 -99.000 -99.000 -9999.0 -9999.0 -9999.0 -9999.0 -9999.0
63891 20240203  7.001  -86.61   32.85    19.7     2.7    11.2    11.9     0.0 -9999.00 U -9999.0 -9999.0 -9999.0    97.0    40.8    66.6 -99.000 -99.000 -99.000 -99.000 -99.000 -9999.0 -9999.0 -9999.0 -9999.0 -9999.0
63891 20240204  7.001  -86.61   32.85    13.4     5.3     9.3     7.6    58.7 -9999.00 U -9999.0 -9999.0 -9999.0    96.8    62.1    88.7 -99.000 -99.000 -99.000 -99.000 -99.000 -9999.0 -9999.0 -9999.0 -9999.0 -9999.0
63891 20240205  7.001  -86.61   32.85    14.3     5.0     9.6     8.9     2.4 -9999.00 U -9999.0 -9999.0 -9999.0    98.0    57.0    82.8 -99.000 -99.000 -99.000 -99.000 -99.000 -9999.0 -9999.0 -9999.0 -9999.0 -9999.0
63891 20240206  7.001  -86.61   32.85    19.3     1.2    10.3     9.7     0.0 -9999.00 U -9999.0 -9999.0 -9999.0    98.2    28.1    64.6 -99.000 -99.000 -99.000 -99.000 -99.000 -9999.0 -9999.0 -9999.0 -9999.0 -9999.0
63891 20240207  7.001  -86.61   32.85    17.3     0.1     8.7     8.6     0.0 -9999.00 U -9999.0 -9999.0 -9999.0    98.1    23.7    61.7 -99.000 -99.000 -99.000 -99.000 -99.000 -9999.0 -9999.0 -9999.0 -9999.0 -9999.0
63891 20240208  7.001  -86.61   32.85    16.4     1.2     8.8     9.7     0.0 -9999.00 U -9999.0 -9999.0 -9999.0    93.9    34.8    59.1 -99.000 -99.000 -99.000 -99.000 -99.000 -9999.0 -9999.0 -9999.0 -9999.0 -9999.0
63891 20240209  7.001  -86.61   32.85    21.6     9.4    15.5    16.0     0.0 -9999.00 U -9999.0 -9999.0 -9999.0    86.3    60.4    71.5 -99.000 -99.000 -99.000 -99.000 -99.000 -9999.0 -9999.0 -9999.0 -9999.0 -9999.0
63891 20240210  7.001  -86.61   32.85    20.3    13.8    17.0    17.1    15.2 -9999.00 U -9999.0 -9999.0 -9999.0    97.0    62.6    89.1 -99.000 -99.000 -99.000 -99.000 -99.000 -9999.0 -9999.0 -9999.0 -9999.0 -9999.0
63891 20240211  7.001  -86.61   32.85    21.6    15.2    18.4    17.9    64.2 -9999.00 U -9999.0 -9999.0 -9999.0    98.4    69.1    91.1 -99.000 -99.000 -99.000 -99.000 -99.000 -9999.0 -9999.0 -9999.0 -9999.0 -9999.0
63891 20240212  7.001  -86.61   32.85    16.5     6.9    11.7    13.3    35.2 -9999.00 U -9999.0 -9999.0 -9999.0    98.0    75.3    90.7 -99.000 -99.000 -99.000 -99.000 -99.000 -9999.0 -9999.0 -9999.0 -9999.0 -9999.0
63891 20240213  7.001  -86.61   32.85    12.6     1.3     6.9     6.7     0.0 -9999.00 U -9999.0 -9999.0 -9999.0    97.4    32.3    69.7 -99.000 -99.000 -99.000 -99.000 -99.000 -9999.0 -9999.0 -9999.0 -9999.0 -9999.0
63891 20240214  7.001  -86.61   32.85    18.5    -0.6     9.0     8.0     0.0 -9999.00 U -9999.0 -9999.0 -9999.0    99.1    27.6    69.9 -99.000 -99.000 -99.000 -99.000 -99.000 -9999.0 -9999.0 -9999.0 -9999.0 -9999.0
63891 20240215  7.001  -86.61   32.85    20.1     1.0    10.5    10.4     0.0 -9999.00 U -9999.0 -9999.0 -9999.0    97.7    29.2    68.3 -99.000 -99.000 -99.000 -99.000 -99.000 -9999.0 -9999.0 -9999.0 -9999.0 -9999.0
63891 20240216  7.001  -86.61   32.85    19.0     6.1    12.5    13.1     0.0 -9999.00 U -9999.0 -9999.0 -9999.0    96.2    36.8    67.1 -99.000 -99.000 -99.000 -99.000 -99.000 -9999.0 -9999.0 -9999.0 -9999.0 -9999.0
63891 20240217  7.001  -86.61   32.85    13.7     1.8     7.8     5.7     0.2 -9999.00 U -9999.0 -9999.0 -9999.0    93.3    47.2    68.0 -99.000 -99.000 -99.000 -99.000 -99.000 -9999.0 -9999.0 -9999.0 -9999.0 -9999.0
63891 20240218  7.001  -86.61   32.85    11.1    -0.5     5.3     4.4     0.0 -9999.00 U -9999.0 -9999.0 -9999.0    86.0    21.6    44.1 -99.000 -99.000 -99.000 -99.000 -99.000 -9999.0 -9999.0 -9999.0 -9999.0 -9999.0
63891 20240219  7.001  -86.61   32.85    15.8    -3.7     6.0     5.1     0.0 -9999.00 U -9999.0 -9999.0 -9999.0    96.5    17.2    59.3 -99.000 -99.000 -99.000 -99.000 -99.000 -9999.0 -9999.0 -9999.0 -9999.0 -9999.0
63891 20240220  7.001  -86.61   32.85    17.8    -1.7     8.1     7.5     0.0 -9999.00 U -9999.0 -9999.0 -9999.0    96.8    20.7    61.7 -99.000 -99.000 -99.000 -99.000 -99.000 -9999.0 -9999.0 -9999.0 -9999.0 -9999.0
63891 20240221  7.001  -86.61   32.85    20.5     0.3    10.4    11.4     0.0 -9999.00 U -9999.0 -9999.0 -9999.0    96.3    31.7    59.2 -99.000 -99.000 -99.000 -99.000 -99.000 -9999.0 -9999.0 -9999.0 -9999.0 -9999.0
63891 20240222  7.001  -86.61   32.85    23.3     5.4    14.3    16.0     0.0 -9999.00 U -9999.0 -9999.0 -9999.0    88.3    44.6    64.9 -99.000 -99.000 -99.000 -99.000 -99.000 -9999.0 -9999.0 -9999.0 -9999.0 -9999.0
63891 20240223  7.001  -86.61   32.85    20.2     8.8    14.5    14.9     8.8 -9999.00 U -9999.0 -9999.0 -9999.0    98.6    29.8    67.4 -99.000 -99.000 -99.000 -99.000 -99.000 -9999.0 -9999.0 -9999.0 -9999.0 -9999.0
63891 20240224  7.001  -86.61   32.85    19.9     3.1    11.5    11.7     0.0 -9999.00 U -9999.0 -9999.0 -9999.0    95.7    21.9    52.7 -99.000 -99.000 -99.000 -99.000 -99.000 -9999.0 -9999.0 -9999.0 -9999.0 -9999.0
63891 20240225  7.001  -86.61   32.85    20.8    -0.4    10.2    10.3     0.0 -9999.00 U -9999.0 -9999.0 -9999.0    96.2    23.2    57.6 -99.000 -99.000 -99.000 -99.000 -99.000 -9999.0 -9999.0 -9999.0 -9999.0 -9999.0
63891 20240226  7.001  -86.61   32.85    23.7     3.4    13.5    15.2     0.0 -9999.00 U -9999.0 -9999.0 -9999.0    91.2    32.6    59.9 -99.000 -99.000 -99.000 -99.000 -99.000 -9999.0 -9999.0 -9999.0 -9999.0 -9999.0
63891 20240227  7.001  -86.61   32.85    24.9    15.6    20.3    20.0     0.0 -9999.00 U -9999.0 -9999.0 -9999.0    91.5    54.4    73.5   0.128   0.154   0.247   0.212 -99.000    15.9    15.3    14.4    13.2 -9999.0
63891 20240228  7.001  -86.61   32.85    25.7     7.5    16.6    16.8     6.3 -9999.00 U -9999.0 -9999.0 -9999.0    93.8    42.3    69.3   0.126   0.153   0.245   0.210 -99.000    16.0    15.9    15.4    14.0 -9999.0
63891 20240229  7.001  -86.61   32.85    10.8     4.6     7.7     7.7     0.0 -9999.00 U -9999.0 -9999.0 -9999.0    60.8    32.8    43.1   0.125   0.151   0.244   0.208 -99.000    11.6    12.2    13.2    13.8 -9999.0
63891 20240301  7.001  -86.61   32.85    10.7     7.4     9.0     9.4    40.0 -9999.00 U -9999.0 -9999.0 -9999.0    98.4    48.9    84.7   0.152   0.182   0.294   0.308 -99.000    10.7    11.1    11.9    13.0 -9999.0
63891 20240302  7.001  -86.61   32.85    16.9     9.7    13.3    12.0     0.3 -9999.00 U -9999.0 -9999.0 -9999.0    99.1    72.0    92.4   0.161   0.192   0.301   0.299 -99.000    13.0    12.7    12.4    12.5 -9999.0
63891 20240303  7.001  -86.61   32.85    20.2    10.2    15.2    15.6     0.0 -9999.00 U -9999.0 -9999.0 -9999.0    99.6    71.6    92.5   0.155   0.182   0.283   0.268 -99.000    14.4    14.0    13.6    13.0 -9999.0
63891 20240304  7.001  -86.61   32.85    24.0    13.8    18.9    18.2     0.0 -9999.00 U -9999.0 -9999.0 -9999.0    99.7    58.9    83.7   0.151   0.176   0.274   0.253 -99.000    15.6    15.1    14.5    13.5 -9999.0
63891 20240305  7.001  -86.61   32.85    20.7    16.8    18.7    17.9     2.7 -9999.00 U -9999.0 -9999.0 -9999.0    97.3    74.9    87.7   0.146   0.172   0.267   0.242 -99.000    16.2    15.8    15.3    14.2 -9999.0
63891 20240306  7.001  -86.61   32.85    20.4    10.4    15.4    16.2     7.9 -9999.00 U -9999.0 -9999.0 -9999.0    98.6    59.4    87.9   0.150   0.174   0.267   0.237 -99.000    16.6    16.3    15.8    14.6 -9999.0
63891 20240307  7.001  -86.61   32.85    24.1     7.3    15.7    15.4     0.0 -9999.00 U -9999.0 -9999.0 -9999.0    99.8    32.8    75.5   0.149   0.175   0.268   0.240 -99.000    16.6    16.2    15.8    14.8 -9999.0
63891 20240308  7.001  -86.61   32.85    18.8    13.1    16.0    15.9    60.5 -9999.00 U -9999.0 -9999.0 -9999.0    98.1    70.1    86.5   0.279   0.303   0.324   0.305 -99.000    15.6    15.7    15.8    15.2 -9999.0
63891 20240309  7.001  -86.61   32.85    19.3     9.5    14.4    15.8     0.0 -9999.00 U -9999.0 -9999.0 -9999.0    99.1    59.3    81.2   0.331   0.378   0.404   0.422 -99.000    16.3    16.2    16.0    15.3 -9999.0
63891 20240310  7.001  -86.61   32.85    16.5     3.6    10.1    10.3     0.0 -9999.00 U -9999.0 -9999.0 -9999.0    91.1    25.1    55.9   0.167   0.203   0.308   0.368 -99.000    14.7    14.9    15.2    15.3 -9999.0
63891 20240311  7.001  -86.61   32.85    18.3     1.3     9.8     9.4     0.0 -9999.00 U -9999.0 -9999.0 -9999.0    93.3    16.9    55.2   0.155   0.186   0.283   0.274 -99.000    13.7    13.9    14.3    14.8 -9999.0
63891 20240312  7.001  -86.61   32.85    22.3     2.1    12.2    12.0     0.0 -9999.00 U -9999.0 -9999.0 -9999.0    96.5    20.2    59.1   0.148   0.177   0.271   0.250 -99.000    14.6    14.6    14.5    14.6 -9999.0
63891 20240313  7.001  -86.61   32.85    24.3     5.4    14.8    14.4     0.0 -9999.00 U -9999.0 -9999.0 -9999.0    95.2    44.8    73.9   0.143   0.172   0.263   0.237 -99.000    15.7    15.4    15.1    14.7 -9999.0
63891 20240314  7.001  -86.61   32.85    28.0     8.8    18.4    19.1     0.0 -9999.00 U -9999.0 -9999.0 -9999.0    98.1    42.7    71.5   0.140   0.167   0.259   0.228 -99.000    17.6    16.9    16.1    15.0 -9999.0
63891 20240315  7.001  -86.61   32.85    21.8    14.6    18.2    18.7    11.2 -9999.00 U -9999.0 -9999.0 -9999.0    99.1    66.6    90.4   0.136   0.165   0.255   0.221 -99.000    18.2    17.9    17.3    15.8 -9999.0
63891 20240316  7.001  -86.61   32.85    20.6    11.1    15.8    16.3     0.0 -9999.00 U -9999.0 -9999.0 -9999.0    99.4    59.6    84.8   0.140   0.165   0.253   0.218 -99.000    17.9    17.7    17.2    16.1 -9999.0
63891 20240317  7.001  -86.61   32.85    16.0    10.6    13.3    13.0    14.9 -9999.00 U -9999.0 -9999.0 -9999.0    99.6    74.8    93.6   0.145   0.170   0.255   0.216 -99.000    16.0    16.2    16.5    16.2 -9999.0
63891 20240318  7.001  -86.61   32.85    14.8     3.2     9.0    10.1     0.0 -9999.00 U -9999.0 -9999.0 -9999.0    99.6    26.3    57.1   0.154   0.178   0.265   0.224 -99.000    15.2    15.4    15.8    15.8 -9999.0
63891 20240319  7.001  -86.61   32.85    15.8    -0.9     7.5     6.9     0.0 -9999.00 U -9999.0 -9999.0 -9999.0    87.1    18.4    49.0   0.148   0.174   0.262   0.226 -99.000    13.6    13.9    14.5    15.3 -9999.0
63891 20240320  7.001  -86.61   32.85    22.5     0.5    11.5    11.3     0.0 -9999.00 U -9999.0 -9999.0 -9999.0    97.7    26.9    63.5   0.142   0.169   0.258   0.223 -99.000    14.6    14.5    14.6    14.9 -9999.0
63891 20240321  7.001  -86.61   32.85    23.9     5.8    14.8    15.0     0.0 -9999.00 U -9999.0 -9999.0 -9999.0    96.9    28.5    63.5   0.140   0.164   0.254   0.220 -99.000    15.8    15.6    15.4    15.0 -9999.0
63891 20240322  7.001  -86.61   32.85    18.0    10.8    14.4    14.5     6.5 -9999.00 U -9999.0 -9999.0 -9999.0    98.3    63.3    85.4   0.136   0.160   0.251   0.217 -99.000    15.5    15.6    15.6    15.3 -9999.0
63891 20240323  7.001  -86.61   32.85    20.0    10.1    15.0    15.2     1.4 -9999.00 U -9999.0 -9999.0 -9999.0    98.1    38.3    67.0   0.135   0.158   0.248   0.215 -99.000    16.5    16.3    16.0    15.4 -9999.0
63891 20240324  7.001  -86.61   32.85    21.5     4.1    12.8    14.2     0.0 -9999.00 U -9999.0 -9999.0 -9999.0    85.0    36.0    53.5   0.134   0.158   0.247   0.212 -99.000    15.3    15.3    15.4    15.4 -9999.0
63891 20240325  7.001  -86.61   32.85    20.4    11.7    16.1    16.3     0.0 -9999.00 U -9999.0 -9999.0 -9999.0    76.5    54.4    63.4   0.131   0.156   0.245   0.210 -99.000    15.8    15.7    15.6    15.4 -9999.0
63891 20240326  7.001  -86.61   32.85    19.8     8.9    14.3    14.9    28.5 -9999.00 U -9999.0 -9999.0 -9999.0    98.4    59.2    85.5   0.151   0.176   0.280   0.238 -99.000    16.2    16.1    16.0    15.5 -9999.0
63891 20240327  7.001  -86.61   32.85    22.0     6.9    14.5    14.7     0.0 -9999.00 U -9999.0 -9999.0 -9999.0    99.6    27.0    61.2   0.155   0.179   0.279   0.246 -99.000    16.3    16.1    15.9    15.5 -9999.0
63891 20240328  7.001  -86.61   32.85    20.4     5.7    13.1    13.2     0.0 -9999.00 U -9999.0 -9999.0 -9999.0    89.8    19.3    43.6   0.147   0.171   0.265   0.233 -99.000    16.2    16.1    16.0    15.7 -9999.0
63891 20240329  7.001  -86.61   32.85    22.7     2.5    12.6    12.8     0.0 -9999.00 U -9999.0 -9999.0 -9999.0    96.9    18.0    56.8   0.141   0.164   0.256   0.224 -99.000    16.5    16.2    15.9    15.6 -9999.0
63891 20240330  7.001  -86.61   32.85    24.8     7.4    16.1    16.3     0.0 -9999.00 U -9999.0 -9999.0 -9999.0    91.9    27.5    61.8   0.135   0.160   0.250   0.218 -99.000    18.0    17.5    16.8    15.8 -9999.0
63891 20240331  7.001  -86.61   32.85    26.3    12.0    19.1    19.3     1.2 -9999.00 U -9999.0 -9999.0 -9999.0    97.2    46.9    73.3   0.131   0.155   0.244   0.213 -99.000    18.9    18.4    17.6    16.3 -9999.0
63891 20240401  7.001  -86.61   32.85    25.5    17.9    21.7    21.1     0.0 -9999.00 U -9999.0 -9999.0 -9999.0    93.1    62.2    80.3   0.126   0.152   0.238   0.210 -99.000    19.1    18.7    18.1    16.8 -9999.0
63891 20240402  7.001  -86.61   32.85    27.1    19.6    23.3    22.2    37.9 -9999.00 U -9999.0 -9999.0 -9999.0    96.6    53.1    81.3   0.128   0.155   0.244   0.224 -99.000    20.2    19.6    18.8    17.2 -9999.0
63891 20240403  7.001  -86.61   32.85    19.9     6.7    13.3    14.2     0.0 -9999.00 U -9999.0 -9999.0 -9999.0    95.3    28.1    54.9   0.160   0.194   0.290   0.286 -99.000    19.1    19.1    19.0    17.9 -9999.0
63891 20240404  7.001  -86.61   32.85    19.5     4.8    12.2    12.2     0.0 -9999.00 U -9999.0 -9999.0 -9999.0    82.0    21.9    47.5   0.147   0.173   0.262   0.240 -99.000    17.1    17.3    17.5    17.5 -9999.0
63891 20240405  7.001  -86.61   32.85    18.4     3.0    10.7    10.9     0.0 -9999.00 U -9999.0 -9999.0 -9999.0    96.1    31.9    62.9   0.139   0.163   0.250   0.222 -99.000    17.2    17.2    17.3    17.1 -9999.0
63891 20240406  7.001  -86.61   32.85    19.1     2.7    10.9    11.0     0.0 -9999.00 U -9999.0 -9999.0 -9999.0    95.3    29.3    63.2   0.134   0.159   0.244   0.215 -99.000    17.2    17.1    17.1    16.9 -9999.0
63891 20240407  7.001  -86.61   32.85    25.1     4.8    14.9    15.7     0.0 -9999.00 U -9999.0 -9999.0 -9999.0    96.9    29.0    60.0   0.129   0.154   0.239   0.210 -99.000    17.9    17.6    17.2    16.8 -9999.0
63891 20240408  7.001  -86.61   32.85    24.2    11.9    18.0    17.7     6.1 -9999.00 U -9999.0 -9999.0 -9999.0    96.8    37.1    72.0   0.124   0.150   0.234   0.206 -99.000    18.6    18.3    17.9    17.0 -9999.0
63891 20240409  7.001  -86.61   32.85    18.8    14.0    16.4    16.2     3.9 -9999.00 U -9999.0 -9999.0 -9999.0    98.0    85.6    94.4   0.124   0.148   0.231   0.203 -99.000    17.5    17.5    17.6    17.2 -9999.0
63891 20240410  7.001  -86.61   32.85    20.4    14.8    17.6    17.2    21.5 -9999.00 U -9999.0 -9999.0 -9999.0    98.7    74.8    88.8   0.146   0.170   0.269   0.232 -99.000    17.1    17.2    17.3    17.1 -9999.0
63891 20240411  7.001  -86.61   32.85    20.3     9.7    15.0    15.4     4.2 -9999.00 U -9999.0 -9999.0 -9999.0    98.2    69.9    89.0   0.164   0.193   0.290   0.264 -99.000    17.4    17.4    17.4    17.1 -9999.0
63891 20240412  7.001  -86.61   32.85    21.8     6.4    14.1    13.8     0.0 -9999.00 U -9999.0 -9999.0 -9999.0    98.3    22.1    60.0   0.156   0.184   0.276   0.245 -99.000    17.0    16.9    17.0    16.9 -9999.0
63891 20240413  7.001  -86.61   32.85    26.4     4.6    15.5    15.8     0.0 -9999.00 U -9999.0 -9999.0 -9999.0    98.2    23.5    62.9   0.146   0.173   0.258   0.229 -99.000    17.9    17.6    17.3    16.8 -9999.0
63891 20240414  7.001  -86.61   32.85    27.8    10.1    18.9    19.1     0.5 -9999.00 U -9999.0 -9999.0 -9999.0    97.6    31.2    64.9   0.139   0.165   0.247   0.219 -99.000    19.1    18.7    18.1    17.1 -9999.0
63891 20240415  7.001  -86.61   32.85    28.0    10.4    19.2    19.2     0.0 -9999.00 U -9999.0 -9999.0 -9999.0    95.9    33.7    69.6   0.133   0.159   0.241   0.213 -99.000    20.2    19.7    18.9    17.5 -9999.0
63891 20240416  7.001  -86.61   32.85    27.5    15.0    21.3    21.1     0.0 -9999.00 U -9999.0 -9999.0 -9999.0    98.7    36.9    70.7   0.128   0.155   0.236   0.208 -99.000    20.4    20.0    19.3    18.0 -9999.0
63891 20240417  7.001  -86.61   32.85    26.2    15.3    20.8    21.3     0.0 -9999.00 U -9999.0 -9999.0 -9999.0    93.6    52.3    72.0   0.123   0.152   0.232   0.205 -99.000    21.1    20.6    19.8    18.3 -9999.0
63891 20240418  7.001  -86.61   32.85    26.9    17.3    22.1    21.6     0.0 -9999.00 U -9999.0 -9999.0 -9999.0    97.4    60.3    82.9   0.120   0.154   0.228   0.201 -99.000    21.6    21.1    20.3    18.7 -9999.0
63891 20240419  7.001  -86.61   32.85    27.0    16.9    21.9    21.5     0.0 -9999.00 U -9999.0 -9999.0 -9999.0    98.7    61.8    87.5   0.116   0.152   0.225   0.198 -99.000    21.6    21.2    20.5    19.0 -9999.0
63891 20240420  7.001  -86.61   32.85    22.4    13.1    17.7    18.4     7.3 -9999.00 U -9999.0 -9999.0 -9999.0    99.3    73.9    90.5   0.114   0.149   0.223   0.195 -99.000    20.8    20.7    20.4    19.2 -9999.0
63891 20240421  7.001  -86.61   32.85    17.7     8.5    13.1    12.5    12.7 -9999.00 U -9999.0 -9999.0 -9999.0    95.4    39.3    73.2   0.116   0.148   0.223   0.194 -99.000    19.0    19.2    19.3    19.0 -9999.0
63891 20240422  7.001  -86.61   32.85    19.7     5.7    12.7    12.0     0.0 -9999.00 U -9999.0 -9999.0 -9999.0    97.0    24.7    58.6   0.120   0.151   0.225   0.194 -99.000    18.4    18.4    18.4    18.4 -9999.0
63891 20240423  7.001  -86.61   32.85    23.4     3.7    13.6    14.1     0.0 -9999.00 U -9999.0 -9999.0 -9999.0    98.5    29.8    68.1   0.118   0.150   0.224   0.193 -99.000    18.3    18.3    18.2    18.1 -9999.0
63891 20240424  7.001  -86.61   32.85    25.3    12.1    18.7    18.5     0.0 -9999.00 U -9999.0 -9999.0 -9999.0    97.7    52.1    77.4   0.116   0.147   0.222   0.193 -99.000    19.9    19.5    18.9    18.1 -9999.0
63891 20240425  7.001  -86.61   32.85    27.6    12.1    19.9    19.7     0.0 -9999.00 U -9999.0 -9999.0 -9999.0    98.7    34.9    73.0   0.114   0.146   0.219   0.191 -99.000    21.1    20.6    19.8    18.5 -9999.0
63891 20240426  7.001  -86.61   32.85    28.7    14.1    21.4    21.9     0.0 -9999.00 U -9999.0 -9999.0 -9999.0    96.6    43.8    68.1   0.109   0.143   0.214   0.188 -99.000    21.9    21.4    20.5    19.0 -9999.0
63891 20240427  7.001  -86.61   32.85    26.3    16.7    21.5    21.6     0.0 -9999.00 U -9999.0 -9999.0 -9999.0    84.0    53.4    70.8   0.103   0.138   0.209   0.185 -99.000    22.0    21.5    20.9    19.4 -9999.0
63891 20240428  7.001  -86.61   32.85    26.3    18.1    22.2    21.2     0.0 -9999.00 U -9999.0 -9999.0 -9999.0    86.5    52.9    71.1   0.099   0.134   0.206   0.183 -99.000    21.5    21.3    20.8    19.6 -9999.0
63891 20240429  7.001  -86.61   32.85    27.1    14.2    20.6    21.2     0.0 -9999.00 U -9999.0 -9999.0 -9999.0    94.3    50.7    72.4   0.094   0.131   0.202   0.180 -99.000    21.9    21.5    20.9    19.7 -9999.0
63891 20240430  7.001  -86.61   32.85    26.8    16.6    21.7    21.2     0.5 -9999.00 U -9999.0 -9999.0 -9999.0    97.3    55.1    79.7   0.089   0.127   0.200   0.177 -99.000    22.6    22.2    21.4    19.9 -9999.0
63891 20240501  7.001  -86.61   32.85    29.3    14.4    21.8    21.6     0.0 -9999.00 U -9999.0 -9999.0 -9999.0    98.0    33.1    71.5   0.085   0.122   0.196   0.175 -99.000    22.9    22.4    21.7    20.2 -9999.0
63891 20240502  7.001  -86.61   32.85    30.6    13.9    22.3    22.5     0.0 -9999.00 U -9999.0 -9999.0 -9999.0    96.2    38.2    71.4   0.080   0.117   0.190   0.172 -99.000    23.2    22.7    21.9    20.4 -9999.0
63891 20240503  7.001  -86.61   32.85    29.7    19.2    24.4    23.9     3.5 -9999.00 U -9999.0 -9999.0 -9999.0    96.4    44.1    72.7   0.075   0.112   0.184   0.169 -99.000    24.3    23.7    22.7    20.8 -9999.0
63891 20240504  7.001  -86.61   32.85    28.8    18.2    23.5    22.6     4.8 -9999.00 U -9999.0 -9999.0 -9999.0    98.1    48.5    79.6   0.073   0.108   0.181   0.168 -99.000    24.3    23.8    23.0    21.2 -9999.0
63891 20240505  7.001  -86.61   32.85    29.8    17.4    23.6    22.6    26.2 -9999.00 U -9999.0 -9999.0 -9999.0    98.0    52.1    83.4   0.089   0.119   0.190   0.166 -99.000    24.0    23.6    23.0    21.4 -9999.0
63891 20240506  7.001  -86.61   32.85    29.9    18.8    24.3    24.0     0.0 -9999.00 U -9999.0 -9999.0 -9999.0    99.2    50.9    77.5   0.126   0.145   0.204   0.168 -99.000    24.3    23.9    23.2    21.6 -9999.0
63891 20240507  7.001  -86.61   32.85    30.1    20.3    25.2    24.8     0.0 -9999.00 U -9999.0 -9999.0 -9999.0    95.2    57.2    78.5   0.118   0.138   0.199   0.167 -99.000    24.7    24.3    23.5    21.8 -9999.0
63891 20240508  7.001  -86.61   32.85    30.0    22.0    26.0    25.4     0.2 -9999.00 U -9999.0 -9999.0 -9999.0    94.6    64.1    80.3   0.113   0.133   0.196   0.167 -99.000    24.9    24.5    23.8    22.1 -9999.0
63891 20240509  7.001  -86.61   32.85    29.8    18.6    24.2    24.0    59.4 -9999.00 U -9999.0 -9999.0 -9999.0    96.9    67.3    88.2   0.159   0.176   0.225   0.206 -99.000    24.5    24.1    23.7    22.5 -9999.0
63891 20240510  7.001  -86.61   32.85    27.6    17.2    22.4    21.6    15.4 -9999.00 U -9999.0 -9999.0 -9999.0    97.6    37.6    72.7   0.274   0.302   0.334   0.359 -99.000    23.2    22.9    22.6    22.0 -9999.0
63891 20240511  7.001  -86.61   32.85    24.5    12.7    18.6    18.1     0.0 -9999.00 U -9999.0 -9999.0 -9999.0    97.0    34.7    68.4   0.151   0.176   0.259   0.252 -99.000    22.8    22.8    22.7    21.9 -9999.0
63891 20240512  7.001  -86.61   32.85    25.5    13.3    19.4    19.5     0.2 -9999.00 U -9999.0 -9999.0 -9999.0    97.3    39.8    76.1   0.140   0.163   0.241   0.222 -99.000    22.1    22.1    22.1    21.7 -9999.0
63891 20240513  7.001  -86.61   32.85    23.3    16.5    19.9    18.6    16.1 -9999.00 U -9999.0 -9999.0 -9999.0    96.8    69.0    88.9   0.161   0.184   0.268   0.233 -99.000    21.6    21.7    21.8    21.6 -9999.0
63891 20240514  7.001  -86.61   32.85    26.3    17.6    21.9    21.0     0.0 -9999.00 U -9999.0 -9999.0 -9999.0    97.2    61.8    83.2   0.157   0.182   0.263   0.242 -99.000    22.3    22.1    21.8    21.4 -9999.0
63891 20240515  7.001  -86.61   32.85    26.8    16.5    21.6    21.6     0.0 -9999.00 U -9999.0 -9999.0 -9999.0    98.0    52.6    77.7   0.146   0.169   0.245   0.222 -99.000    23.1    22.8    22.4    21.5 -9999.0
63891 20240516  7.001  -86.61   32.85    28.6    14.6    21.6    21.8     0.0 -9999.00 U -9999.0 -9999.0 -9999.0    98.6    48.2    77.3   0.136   0.160   0.235   0.210 -99.000    23.4    23.1    22.6    21.7 -9999.0
63891 20240517  7.001  -86.61   32.85    21.3    18.8    20.0    20.1     2.9 -9999.00 U -9999.0 -9999.0 -9999.0    97.5    87.9    93.6   0.131   0.155   0.229   0.204 -99.000    22.3    22.4    22.5    21.9 -9999.0
63891 20240518  7.001  -86.61   32.85    27.4    18.1    22.7    21.8    13.3 -9999.00 U -9999.0 -9999.0 -9999.0    99.1    65.2    89.7   0.134   0.154   0.226   0.200 -99.000    23.1    22.9    22.5    21.7 -9999.0
63891 20240519  7.001  -86.61   32.85    28.5    17.8    23.2    22.3     0.0 -9999.00 U -9999.0 -9999.0 -9999.0    99.5    54.4    83.0   0.145   0.164   0.234   0.202 -99.000    23.9    23.5    23.0    21.9 -9999.0
63891 20240520  7.001  -86.61   32.85    28.4    17.2    22.8    22.5     0.0 -9999.00 U -9999.0 -9999.0 -9999.0    98.1    46.5    76.5   0.139   0.161   0.232   0.202 -99.000    24.5    24.1    23.5    22.2 -9999.0
63891 20240521  7.001  -86.61   32.85    29.3    14.8    22.1    22.3     8.6 -9999.00 U -9999.0 -9999.0 -9999.0    98.6    48.4    76.7   0.132   0.155   0.226   0.198 -99.000    24.3    24.0    23.6    22.5 -9999.0
63891 20240522  7.001  -86.61   32.85    29.7    16.3    23.0    23.0     0.0 -9999.00 U -9999.0 -9999.0 -9999.0    98.1    51.2    78.7   0.126   0.152   0.223   0.197 -99.000    24.4    24.2    23.7    22.6 -9999.0
63891 20240523  7.001  -86.61   32.85    30.0    20.0    25.0    24.4     0.0 -9999.00 U -9999.0 -9999.0 -9999.0    96.4    49.5    76.0   0.120   0.147   0.218   0.192 -99.000    25.0    24.7    24.1    22.9 -9999.0
63891 20240524  7.001  -86.61   32.85    31.1    19.8    25.4    25.2     0.0 -9999.00 U -9999.0 -9999.0 -9999.0    97.3    48.9    75.3   0.115   0.143   0.214   0.190 -99.000    25.5    25.1    24.5    23.1 -9999.0
63891 20240525  7.001  -86.61   32.85    30.5    21.4    26.0    24.7     9.0 -9999.00 U -9999.0 -9999.0 -9999.0    96.4    56.9    86.3   0.120   0.142   0.212   0.188 -99.000    25.6    25.3    24.8    23.4 -9999.0
63891 20240526  7.001  -86.61   32.85    31.3    20.6    25.9    25.9     0.0 -9999.00 U -9999.0 -9999.0 -9999.0    97.7    51.3    76.7   0.120   0.143   0.212   0.185 -99.000    25.8    25.5    24.9    23.6 -9999.0
63891 20240527  7.001  -86.61   32.85    32.3    19.9    26.1    26.0     1.1 -9999.00 U -9999.0 -9999.0 -9999.0    96.8    47.2    78.9   0.117   0.140   0.210   0.184 -99.000    26.2    25.9    25.3    23.8 -9999.0
63891 20240528  7.001  -86.61   32.85    31.2    17.4    24.3    24.5     0.0 -9999.00 U -9999.0 -9999.0 -9999.0    98.5    34.7    64.4   0.112   0.137   0.207   0.181 -99.000    25.8    25.6    25.2    24.0 -9999.0
63891 20240529  7.001  -86.61   32.85    30.3    14.9    22.6    22.9     0.0 -9999.00 U -9999.0 -9999.0 -9999.0    96.6    28.1    64.2   0.105   0.133   0.203   0.179 -99.000    25.3    25.2    24.9    23.9 -9999.0
63891 20240530  7.001  -86.61   32.85    26.6    17.6    22.1    21.7     0.0 -9999.00 U -9999.0 -9999.0 -9999.0    96.9    47.9    70.1   0.101   0.130   0.200   0.176 -99.000    24.7    24.7    24.6    23.9 -9999.0
63891 20240531  7.001  -86.61   32.85    29.7    16.6    23.1    23.5     0.0 -9999.00 U -9999.0 -9999.0 -9999.0    97.6    41.9    66.2   0.096   0.127   0.197   0.173 -99.000    24.8    24.6    24.3    23.7 -9999.0
63891 20240601  7.001  -86.61   32.85    22.5    18.2    20.4    20.2    12.2 -9999.00 U -9999.0 -9999.0 -9999.0    96.8    73.3    89.1   0.111   0.128   0.196   0.173 -99.000    23.2    23.5    23.8    23.6 -9999.0
63891 20240602  7.001  -86.61   32.85    29.1    18.8    24.0    22.2    12.3 -9999.00 U -9999.0 -9999.0 -9999.0    99.1    61.8    88.4   0.134   0.144   0.202   0.172 -99.000    23.9    23.7    23.6    23.2 -9999.0
63891 20240603  7.001  -86.61   32.85    29.5    19.4    24.4    23.7     0.0 -9999.00 U -9999.0 -9999.0 -9999.0    99.7    58.6    84.1   0.132   0.146   0.205   0.173 -99.000    24.8    24.5    24.2    23.3 -9999.0
63891 20240604  7.001  -86.61   32.85    31.1    20.4    25.7    24.8     0.3 -9999.00 U -9999.0 -9999.0 -9999.0    98.2    58.1    83.4   0.125   0.142   0.203   0.173 -99.000    25.3    25.0    24.6    23.6 -9999.0
63891 20240605  7.001  -86.61   32.85    30.6    20.7    25.7    24.2     7.1 -9999.00 U -9999.0 -9999.0 -9999.0    97.4    60.0    83.3   0.122   0.139   0.201   0.172 -99.000    25.8    25.5    25.0    23.8 -9999.0
63891 20240606  7.001  -86.61   32.85    29.9    20.8    25.3    24.7    30.6 -9999.00 U -9999.0 -9999.0 -9999.0    98.2    58.4    83.2   0.164   0.186   0.280   0.269 -99.000    26.3    25.9    25.3    24.2 -9999.0
63891 20240607  7.001  -86.61   32.85    30.4    16.0    23.2    24.1     0.0 -9999.00 U -9999.0 -9999.0 -9999.0    99.3    33.7    70.9   0.149   0.173   0.257   0.234 -99.000    26.7    26.4    25.9    24.4 -9999.0
63891 20240608  7.001  -86.61   32.85    30.4    13.9    22.1    22.8     0.0 -9999.00 U -9999.0 -9999.0 -9999.0    97.7    33.5    67.9   0.141   0.164   0.241   0.211 -99.000    26.1    25.9    25.6    24.6 -9999.0
63891 20240609  7.001  -86.61   32.85    32.7    17.6    25.2    25.8     0.0 -9999.00 U -9999.0 -9999.0 -9999.0    96.9    48.1    73.7   0.134   0.157   0.233   0.202 -99.000    27.2    26.7    26.1    24.7 -9999.0
63891 20240610  7.001  -86.61   32.85    29.7    17.9    23.8    25.0     0.0 -9999.00 U -9999.0 -9999.0 -9999.0    92.6    32.4    68.6   0.127   0.153   0.226   0.197 -99.000    28.0    27.6    26.8    25.1 -9999.0
63891 20240611  7.001  -86.61   32.85 -9999.0 -9999.0 -9999.0 -9999.0 -9999.0 -9999.00 U -9999.0 -9999.0 -9999.0 -9999.0 -9999.0 -9999.0 -99.000 -99.000 -99.000 -99.000 -99.000 -9999.0 -9999.0 -9999.0 -9999.0 -9999.0
63891 20240612  7.001  -86.61   32.85    29.9    15.5    22.7    23.0     0.0 -9999.00 U -9999.0 -9999.0 -9999.0    96.9    38.7    71.1   0.118   0.145   0.216   0.188 -99.000    27.2    26.9    26.4    25.2 -9999.0
63891 20240613  7.001  -86.61   32.85    32.0    16.9    24.5    24.9     0.0 -9999.00 U -9999.0 -9999.0 -9999.0    98.1    44.6    75.4   0.113   0.141   0.213   0.186 -99.000    27.8    27.3    26.6    25.2 -9999.0
63891 20240614  7.001  -86.61   32.85    33.6    19.5    26.5    26.6     0.0 -9999.00 U -9999.0 -9999.0 -9999.0    97.7    36.1    71.1   0.108   0.138   0.208   0.182 -99.000    28.8    28.2    27.3    25.5 -9999.0
63891 20240615  7.001  -86.61   32.85    34.7    20.5    27.6    27.6     0.0 -9999.00 U -9999.0 -9999.0 -9999.0    95.9    39.3    70.6   0.104   0.134   0.204   0.180 -99.000    29.6    28.9    27.9    25.9 -9999.0
63891 20240616  7.001  -86.61   32.85    34.3    22.0    28.1    27.5     0.0 -9999.00 U -9999.0 -9999.0 -9999.0    95.5    42.3    72.7   0.099   0.129   0.199   0.176 -99.000    29.9    29.3    28.4    26.3 -9999.0
63891 20240617  7.001  -86.61   32.85    32.5    22.8    27.6    27.0     0.0 -9999.00 U -9999.0 -9999.0 -9999.0    94.5    48.4    74.0   0.095   0.130   0.197   0.174 -99.000    29.6    29.1    28.4    26.6 -9999.0
63891 20240618  7.001  -86.61   32.85    30.4    22.0    26.2    26.0     0.0 -9999.00 U -9999.0 -9999.0 -9999.0    82.9    48.3    66.8   0.092   0.129   0.194   0.172 -99.000    28.8    28.5    28.1    26.6 -9999.0
63891 20240619  7.001  -86.61   32.85    30.4    20.3    25.3    25.3     0.0 -9999.00 U -9999.0 -9999.0 -9999.0    89.8    46.8    67.9   0.089   0.126   0.191   0.170 -99.000    28.3    28.0    27.6    26.5 -9999.0
63891 20240620  7.001  -86.61   32.85    30.7    20.0    25.4    25.4     0.0 -9999.00 U -9999.0 -9999.0 -9999.0    95.5    48.5    70.3   0.086   0.123   0.188   0.168 -99.000    28.1    27.8    27.4    26.3 -9999.0
63891 20240621  7.001  -86.61   32.85    33.3    17.8    25.6    25.6     0.0 -9999.00 U -9999.0 -9999.0 -9999.0    97.4    35.9    68.9   0.082   0.119   0.185   0.166 -99.000    29.0    28.4    27.6    26.3 -9999.0
63891 20240622  7.001  -86.61   32.85    34.5    18.8    26.6    26.7     0.0 -9999.00 U -9999.0 -9999.0 -9999.0    96.1    29.4    66.6   0.079   0.116   0.181   0.164 -99.000    29.6    29.0    28.2    26.5 -9999.0
63891 20240623  7.001  -86.61   32.85    35.5    19.2    27.4    27.7     0.0 -9999.00 U -9999.0 -9999.0 -9999.0    97.3    31.9    64.1   0.077   0.112   0.178   0.163 -99.000    30.0    29.4    28.5    26.8 -9999.0
63891 20240624  7.001  -86.61   32.85    35.1    22.0    28.5    27.6     3.0 -9999.00 U -9999.0 -9999.0 -9999.0    96.9    36.7    76.5   0.075   0.110   0.176   0.162 -99.000    29.7    29.3    28.7    27.0 -9999.0
63891 20240625  7.001  -86.61   32.85    36.3    18.8    27.6    27.8     0.0 -9999.00 U -9999.0 -9999.0 -9999.0    97.9    30.8    65.1   0.074   0.108   0.173   0.159 -99.000    29.6    29.1    28.4    27.0 -9999.0
63891 20240626  7.001  -86.61   32.85    36.9    20.3    28.6    28.2     0.0 -9999.00 U -9999.0 -9999.0 -9999.0    95.3    32.5    68.0   0.072   0.104   0.167   0.157 -99.000    30.3    29.7    28.9    27.2 -9999.0
63891 20240627  7.001  -86.61   32.85    30.7    22.5    26.6    25.5     0.0 -9999.00 U -9999.0 -9999.0 -9999.0    96.5    66.1    83.7   0.071   0.102   0.165   0.154 -99.000    29.5    29.2    28.7    27.4 -9999.0
63891 20240628  7.001  -86.61   32.85    34.4    23.0    28.7    27.7     0.0 -9999.00 U -9999.0 -9999.0 -9999.0    97.3    48.8    77.3   0.069   0.100   0.163   0.153 -99.000    30.0    29.4    28.7    27.3 -9999.0
63891 20240629  7.001  -86.61   32.85    30.7    23.9    27.3    26.3     8.7 -9999.00 U -9999.0 -9999.0 -9999.0    96.2    68.6    87.9   0.096   0.109   0.161   0.152 -99.000    29.0    28.9    28.6    27.4 -9999.0
63891 20240630  7.001  -86.61   32.85    33.5    23.4    28.5    27.4     0.0 -9999.00 U -9999.0 -9999.0 -9999.0    96.8    55.4    80.2   0.116   0.123   0.162   0.151 -99.000    29.2    28.9    28.4    27.3 -9999.0
63891 20240701  7.001  -86.61   32.85    34.6    21.6    28.1    28.1     0.0 -9999.00 U -9999.0 -9999.0 -9999.0    96.9    40.6    71.5   0.103   0.115   0.161   0.150 -99.000    29.9    29.4    28.7    27.3 -9999.0
63891 20240702  7.001  -86.61   32.85 -9999.0 -9999.0 -9999.0 -9999.0 -9999.0 -9999.00 U -9999.0 -9999.0 -9999.0 -9999.0 -9999.0 -9999.0 -99.000 -99.000 -99.000 -99.000 -99.000 -9999.0 -9999.0 -9999.0 -9999.0 -9999.0
