94059 20240101  2.622 -105.21   48.49     3.2    -5.3    -1.1    -1.0     0.0     3.75 C     6.0    -8.1    -2.9    85.9    52.9    72.3 -99.000 -99.000 -99.000 -99.000 -99.000    -3.2    -3.0    -2.4    -2.3    -1.7
94059 20240102  2.622 -105.21   48.49     0.4    -8.1    -3.9    -4.3     0.2     3.57 C     5.1    -8.7    -4.0    86.7    76.2    83.5 -99.000 -99.000 -99.000 -99.000 -99.000    -3.0    -2.7    -2.1    -2.0    -1.5
94059 20240103  2.622 -105.21   48.49    -6.7    -9.6    -8.1    -8.4     0.0     3.22 C    -0.3    -9.4    -6.6    85.5    71.5    81.9 -99.000 -99.000 -99.000 -99.000 -99.000    -3.4    -2.9    -2.1    -2.0    -1.5
94059 20240104  2.622 -105.21   48.49    -4.1    -6.8    -5.5    -5.5     0.0     0.91 C    -2.5    -6.3    -4.8    85.9    83.6    85.0 -99.000 -99.000 -99.000 -99.000 -99.000    -3.4    -3.1    -2.4    -2.3    -1.7
94059 20240105  2.622 -105.21   48.49    -3.5    -8.0    -5.7    -6.6     0.0     1.49 C    -0.4    -7.3    -5.6    86.5    82.4    83.6 -99.000 -99.000 -99.000 -99.000 -99.000    -3.2    -2.8    -2.2    -2.1    -1.6
94059 20240106  2.622 -105.21   48.49    -3.2    -8.8    -6.0    -6.4     0.0     1.64 C    -1.6    -7.9    -5.6    86.4    81.8    83.8 -99.000 -99.000 -99.000 -99.000 -99.000    -3.4    -3.0    -2.3    -2.2    -1.6
94059 20240107  2.622 -105.21   48.49    -5.9   -12.5    -9.2    -8.2     0.7     2.61 C    -3.5   -11.9    -7.4    84.3    78.2    82.2 -99.000 -99.000 -99.000 -99.000 -99.000    -3.6    -3.1    -2.4    -2.3    -1.7
94059 20240108  2.622 -105.21   48.49   -12.1   -19.5   -15.8   -14.4     0.0     5.01 C   -10.0   -21.5   -15.0    78.6    64.3    73.6 -99.000 -99.000 -99.000 -99.000 -99.000    -4.7    -3.9    -2.8    -2.8    -1.9
94059 20240109  2.622 -105.21   48.49    -1.6   -13.4    -7.5    -7.9     2.2     1.34 C    -5.7   -18.6   -10.5    85.0    55.7    72.4 -99.000 -99.000 -99.000 -99.000 -99.000    -5.6    -4.9    -3.7    -3.7    -2.6
94059 20240110  2.622 -105.21   48.49    -4.0   -23.1   -13.5   -18.9     0.0     4.39 C    -7.5   -24.5   -19.6    72.9    60.6    65.8 -99.000 -99.000 -99.000 -99.000 -99.000    -5.6    -5.0    -3.8    -3.8    -2.8
94059 20240111  2.622 -105.21   48.49   -21.4   -27.4   -24.4   -24.7     0.0     4.45 C   -20.8   -27.7   -24.5    67.7    59.1    64.2 -99.000 -99.000 -99.000 -99.000 -99.000    -7.4    -6.5    -4.8    -4.8    -3.9
94059 20240112  2.622 -105.21   48.49   -27.4   -38.4   -32.9   -31.2     0.0     3.87 C   -26.9   -40.0   -30.8    62.9    50.8    57.7 -99.000 -99.000 -99.000 -99.000 -99.000    -8.7    -7.8    -5.9    -5.9    -4.9
94059 20240113  2.622 -105.21   48.49   -31.4   -38.7   -35.0   -35.5     0.0     4.99 C   -29.8   -40.4   -36.6    60.0    53.4    56.5 -99.000 -99.000 -99.000 -99.000 -99.000   -10.3    -9.4    -7.1    -7.0    -6.0
94059 20240114  2.622 -105.21   48.49   -27.1   -36.1   -31.6   -32.0     0.0     5.40 C   -27.0   -37.9   -33.1    61.8    54.8    58.9 -99.000 -99.000 -99.000 -99.000 -99.000   -11.4   -10.7    -8.2    -8.1    -6.8
94059 20240115  2.622 -105.21   48.49   -22.8   -32.4   -27.6   -27.7     0.0     5.59 C   -24.2   -34.4   -29.7    62.9    45.2    54.8 -99.000 -99.000 -99.000 -99.000 -99.000   -11.7   -11.2    -8.8    -8.7    -7.6
94059 20240116  2.622 -105.21   48.49   -14.0   -27.0   -20.5   -19.6     0.0     3.96 C   -13.5   -29.9   -21.4    66.1    47.9    54.5 -99.000 -99.000 -99.000 -99.000 -99.000   -11.4   -11.0    -9.0    -8.9    -7.2
94059 20240117  2.622 -105.21   48.49   -13.9   -21.0   -17.5   -17.8     0.2     3.88 C   -15.2   -20.9   -18.1    68.1    48.5    57.9 -99.000 -99.000 -99.000 -99.000 -99.000   -10.1    -9.9    -8.5    -8.3    -7.2
94059 20240118  2.622 -105.21   48.49   -19.4   -22.8   -21.1   -21.4     0.2     4.39 C   -18.5   -24.9   -21.9    67.6    57.7    62.9 -99.000 -99.000 -99.000 -99.000 -99.000   -10.1    -9.7    -8.2    -8.1    -7.0
94059 20240119  2.622 -105.21   48.49   -18.0   -24.2   -21.1   -21.1     0.0     4.33 C   -12.0   -28.1   -21.0    75.7    62.8    67.7 -99.000 -99.000 -99.000 -99.000 -99.000   -10.8   -10.2    -8.7    -8.6    -7.3
94059 20240120  2.622 -105.21   48.49    -5.9   -20.7   -13.3   -12.7     0.0     4.14 C    -6.2   -22.5   -13.7    75.1    56.6    64.4 -99.000 -99.000 -99.000 -99.000 -99.000   -10.1    -9.8    -8.6    -8.5    -7.7
94059 20240121  2.622 -105.21   48.49    -4.9   -11.0    -8.0    -7.6     0.0     3.62 C    -1.4   -13.9    -7.4    82.0    66.1    74.5 -99.000 -99.000 -99.000 -99.000 -99.000    -8.2    -8.2    -7.6    -7.4    -6.8
94059 20240122  2.622 -105.21   48.49    -7.1   -10.5    -8.8    -9.0     1.4     3.36 C    -6.8   -10.2    -8.5    83.1    78.3    80.6 -99.000 -99.000 -99.000 -99.000 -99.000    -6.9    -6.9    -6.5    -6.3    -5.9
94059 20240123  2.622 -105.21   48.49    -3.3    -7.6    -5.4    -4.7     0.0     2.52 C    -1.9    -8.1    -5.0    85.0    82.3    83.9 -99.000 -99.000 -99.000 -99.000 -99.000    -6.0    -6.0    -5.8    -5.6    -5.3
94059 20240124  2.622 -105.21   48.49    -0.4    -8.8    -4.6    -3.8     0.0     4.31 C    -0.1   -10.9    -5.8    85.1    69.6    78.4 -99.000 -99.000 -99.000 -99.000 -99.000    -5.4    -5.4    -5.2    -5.0    -4.8
94059 20240125  2.622 -105.21   48.49     1.0    -8.9    -4.0    -2.4     0.2     6.03 C     0.1   -10.3    -5.6    86.2    62.6    77.1 -99.000 -99.000 -99.000 -99.000 -99.000    -5.0    -4.9    -4.7    -4.6    -4.4
94059 20240126  2.622 -105.21   48.49     2.1    -3.8    -0.9    -1.2     0.0     6.52 C    -0.1    -9.6    -4.3    74.1    59.4    66.5 -99.000 -99.000 -99.000 -99.000 -99.000    -4.4    -4.4    -4.3    -4.1    -4.0
94059 20240127  2.622 -105.21   48.49     1.6    -3.6    -1.0    -0.7     0.0     5.90 C     0.0   -11.4    -5.1    74.3    56.8    65.3 -99.000 -99.000 -99.000 -99.000 -99.000    -4.1    -4.0    -4.0    -3.8    -3.7
94059 20240128  2.622 -105.21   48.49     7.8    -2.3     2.8     3.1     0.3     6.65 C     6.2    -5.3     0.1    76.8    57.2    68.6 -99.000 -99.000 -99.000 -99.000 -99.000    -3.0    -3.2    -3.5    -3.2    -3.3
94059 20240129  2.622 -105.21   48.49     8.8     1.2     5.0     5.0     0.0     6.26 C    13.8    -1.2     2.9    81.2    54.5    69.1 -99.000 -99.000 -99.000 -99.000 -99.000    -1.1    -1.7    -2.4    -2.0    -2.6
94059 20240130  2.622 -105.21   48.49    14.8     3.5     9.1     7.8     0.0     6.77 C    16.9    -0.9     4.4    71.9    36.4    58.4 -99.000 -99.000 -99.000 -99.000 -99.000    -0.5    -1.0    -1.6    -1.3    -1.9
94059 20240131  2.622 -105.21   48.49    14.8     3.8     9.3     8.3     0.0     6.63 C    17.6    -0.9     5.2    69.8    39.8    57.5 -99.000 -99.000 -99.000 -99.000 -99.000     0.1    -0.3    -1.2    -0.9    -1.4
94059 20240201  2.622 -105.21   48.49    11.9     2.5     7.2     7.0     0.0     7.27 C    15.1     0.6     5.1    77.4    47.8    61.6 -99.000   0.159 -99.000 -99.000 -99.000     1.0     0.6    -0.8    -0.6    -1.0
94059 20240202  2.622 -105.21   48.49     5.8    -0.2     2.8     2.1     0.0     5.88 C     9.4    -1.4     2.2    89.8    65.4    82.4 -99.000   0.173 -99.000 -99.000 -99.000     0.6     0.5    -0.3    -0.1    -0.6
94059 20240203  2.622 -105.21   48.49     3.5    -0.8     1.3     1.2     0.0     2.14 C     7.9    -0.4     1.8    91.1    79.5    88.2   0.249   0.183 -99.000   0.046 -99.000     0.8     0.7     0.0     0.3    -0.3
94059 20240204  2.622 -105.21   48.49     4.5     0.9     2.7     2.3     4.2     2.01 C     6.4     0.5     2.7    91.2    77.6    88.7   0.252   0.165   0.097   0.049   0.082     1.4     1.3     0.4     0.7     0.1
94059 20240205  2.622 -105.21   48.49     1.3    -2.3    -0.5    -0.3     0.0     1.66 C     4.7    -1.7     0.3    91.5    84.9    89.0   0.272   0.145   0.099   0.053   0.082     0.8     1.1     0.6     0.9     0.4
94059 20240206  2.622 -105.21   48.49    -0.2    -2.3    -1.2    -1.1     0.2     2.13 C     2.7    -1.6    -0.1    91.3    86.8    89.6 -99.000   0.139   0.098   0.060   0.082     0.4     0.7     0.4     0.7     0.3
94059 20240207  2.622 -105.21   48.49    -0.7    -2.6    -1.7    -1.4     2.4     1.25 C    -0.2    -1.9    -0.8    90.1    87.4    89.2 -99.000   0.077   0.098   0.064 -99.000     0.0     0.3     0.3     0.5     0.3
94059 20240208  2.622 -105.21   48.49    -2.6    -6.0    -4.3    -4.3     0.2     3.77 C    -1.9    -5.3    -3.4    87.7    82.2    84.8 -99.000   0.079 -99.000   0.067 -99.000    -0.1     0.1     0.1     0.3     0.2
94059 20240209  2.622 -105.21   48.49    -4.1    -7.4    -5.8    -5.9     0.0     3.70 C    -2.5    -7.0    -4.9    86.3    74.5    82.3 -99.000 -99.000 -99.000   0.068 -99.000    -0.2     0.0     0.0     0.3     0.1
94059 20240210  2.622 -105.21   48.49    -6.3   -14.9   -10.6    -9.5     0.0     7.22 C    -4.9   -15.1    -9.3    83.9    68.1    75.6 -99.000 -99.000 -99.000 -99.000 -99.000    -0.4    -0.1     0.0     0.2     0.1
94059 20240211  2.622 -105.21   48.49     1.6    -8.4    -3.4    -3.3     0.0     8.49 C     1.7   -11.1    -3.9    83.7    60.0    69.9 -99.000 -99.000 -99.000 -99.000 -99.000    -0.6    -0.3    -0.1     0.1     0.1
94059 20240212  2.622 -105.21   48.49     0.9    -5.9    -2.5    -2.5     0.6     5.81 C     5.5    -6.6    -1.9    89.4    50.7    70.8 -99.000 -99.000 -99.000 -99.000 -99.000    -0.8    -0.5    -0.2     0.0     0.0
94059 20240213  2.622 -105.21   48.49    -0.8    -8.4    -4.6    -3.9     0.0     8.30 C     0.7    -7.5    -3.3    89.4    50.5    71.3 -99.000 -99.000 -99.000 -99.000 -99.000    -0.5    -0.3    -0.2     0.0     0.0
94059 20240214  2.622 -105.21   48.49    -5.3   -12.0    -8.7    -8.7     0.0     8.93 C     2.7   -11.1    -6.3    74.9    53.4    67.2 -99.000 -99.000 -99.000 -99.000 -99.000    -1.7    -1.1    -0.3    -0.2    -0.1
94059 20240215  2.622 -105.21   48.49    -9.9   -16.7   -13.3   -14.0     0.0     8.34 C    -2.7   -15.9   -11.4    78.6    51.5    68.5 -99.000 -99.000 -99.000 -99.000 -99.000    -4.4    -3.2    -1.0    -1.3    -0.7
94059 20240216  2.622 -105.21   48.49    -9.3   -14.6   -12.0   -11.7     0.0     9.08 C    -2.1   -13.9   -10.1    71.6    49.4    60.8 -99.000 -99.000 -99.000 -99.000 -99.000    -5.8    -4.7    -2.8    -3.1    -2.0
94059 20240217  2.622 -105.21   48.49     0.8   -12.8    -6.0    -6.7     0.0     9.98 C     4.6   -14.2    -7.0    65.4    39.5    53.0 -99.000 -99.000 -99.000 -99.000 -99.000    -5.8    -5.2    -3.9    -4.0    -3.0
94059 20240218  2.622 -105.21   48.49     5.5   -10.5    -2.5    -2.5     0.0     9.38 C     9.4   -13.8    -3.6    67.6    22.6    47.4 -99.000 -99.000 -99.000 -99.000 -99.000    -4.5    -4.4    -3.8    -3.7    -3.1
94059 20240219  2.622 -105.21   48.49    -1.9   -11.1    -6.5    -6.4     0.0    10.18 C     6.8   -11.4    -5.1    74.9    46.0    61.2 -99.000 -99.000 -99.000 -99.000 -99.000    -3.8    -3.7    -3.2    -3.2    -2.8
94059 20240220  2.622 -105.21   48.49     6.3   -10.3    -2.0    -0.1     0.0     7.16 C    13.0   -11.4    -2.0    70.5    34.4    53.5 -99.000 -99.000 -99.000 -99.000 -99.000    -3.7    -3.7    -3.3    -3.2    -2.8
94059 20240221  2.622 -105.21   48.49     6.4    -3.1     1.6     1.8     0.0     9.00 C    13.1    -3.8     0.7    84.9    54.2    69.3 -99.000 -99.000 -99.000 -99.000 -99.000    -1.9    -2.1    -2.3    -2.1    -2.2
94059 20240222  2.622 -105.21   48.49     5.8    -3.9     1.0     0.5     0.0    10.15 C    10.5    -5.8     0.1    84.9    50.2    67.2 -99.000 -99.000 -99.000 -99.000 -99.000    -1.4    -1.6    -1.7    -1.5    -1.7
94059 20240223  2.622 -105.21   48.49     7.2    -3.8     1.7     1.4     0.0     9.93 C    11.9    -5.2     0.7    72.3    43.5    61.0 -99.000 -99.000 -99.000 -99.000 -99.000    -1.0    -1.2    -1.4    -1.2    -1.3
94059 20240224  2.622 -105.21   48.49     7.3    -1.5     2.9     1.7     0.0     7.30 C    12.7    -2.8     1.0    82.5    43.0    64.2 -99.000 -99.000 -99.000 -99.000 -99.000    -0.7    -0.9    -1.1    -0.9    -1.0
94059 20240225  2.622 -105.21   48.49     3.9    -3.7     0.1    -0.6     3.3     7.22 C     4.3    -3.4    -0.7    87.2    74.3    82.5 -99.000 -99.000 -99.000 -99.000 -99.000    -0.6    -0.7    -0.9    -0.7    -0.8
94059 20240226  2.622 -105.21   48.49     8.7   -19.0    -5.2    -2.8     0.0     4.76 C     7.6   -14.4    -2.2    82.9    48.5    63.8 -99.000 -99.000 -99.000 -99.000 -99.000    -0.5    -0.6    -0.8    -0.5    -0.6
94059 20240227  2.622 -105.21   48.49   -13.5   -21.4   -17.4   -17.3     0.0    10.99 C     4.2   -18.5   -10.9    68.7    44.2    59.2 -99.000 -99.000 -99.000 -99.000 -99.000    -3.8    -2.7    -1.3    -1.5    -0.9
94059 20240228  2.622 -105.21   48.49    -0.4   -17.0    -8.7    -8.0     0.0     9.42 C     6.6   -14.9    -6.1    74.4    39.2    58.6 -99.000 -99.000 -99.000 -99.000 -99.000    -5.0    -4.3    -3.1    -3.1    -2.2
94059 20240229  2.622 -105.21   48.49    14.1    -1.3     6.4     6.1     0.0    10.69 C    17.1    -5.0     3.3    66.0    24.9    45.6 -99.000 -99.000 -99.000 -99.000 -99.000    -2.5    -2.7    -2.7    -2.4    -2.3
94059 20240301  2.622 -105.21   48.49     7.2    -7.0     0.1    -0.1     0.0     6.65 C     7.8    -6.2     0.3    80.5    43.5    59.8 -99.000 -99.000 -99.000 -99.000 -99.000    -0.8    -1.2    -1.6    -1.3    -1.5
94059 20240302  2.622 -105.21   48.49     0.0    -6.8    -3.4    -4.2     0.0     4.00 C     4.3    -6.2    -3.1    87.1    75.2    82.2 -99.000 -99.000 -99.000 -99.000 -99.000    -1.2    -1.1    -1.2    -1.0    -1.1
94059 20240303  2.622 -105.21   48.49    -6.0   -17.5   -11.7   -11.0     6.3     7.78 C    -5.5   -19.6   -11.2    85.4    66.6    75.1 -99.000 -99.000 -99.000 -99.000 -99.000    -1.9    -1.6    -1.3    -1.2    -1.1
94059 20240304  2.622 -105.21   48.49   -12.8   -19.7   -16.2   -16.4     0.0    13.22 C    -8.3   -22.4   -17.1    69.2    50.6    59.8 -99.000 -99.000 -99.000 -99.000 -99.000    -2.7    -2.2    -1.7    -1.6    -1.4
94059 20240305  2.622 -105.21   48.49   -11.2   -19.5   -15.4   -15.1     0.0     8.95 C    -8.8   -20.6   -14.2    79.8    61.4    68.2 -99.000 -99.000 -99.000 -99.000 -99.000    -3.5    -3.0    -2.3    -2.3    -1.9
94059 20240306  2.622 -105.21   48.49   -10.6   -19.2   -14.9   -13.3     0.8    10.10 C    -8.0   -22.8   -13.4    80.2    63.9    74.5 -99.000 -99.000 -99.000 -99.000 -99.000    -3.7    -3.4    -2.8    -2.7    -2.3
94059 20240307  2.622 -105.21   48.49    -7.8   -21.4   -14.6   -13.4     0.0    13.97 C    -5.0   -24.6   -15.1    77.6    45.3    64.3 -99.000 -99.000 -99.000 -99.000 -99.000    -4.0    -3.7    -3.0    -2.9    -2.6
94059 20240308  2.622 -105.21   48.49     1.9   -13.1    -5.6    -5.4     0.0    14.19 C     2.0   -21.2    -7.9    79.3    45.5    60.3 -99.000 -99.000 -99.000 -99.000 -99.000    -3.9    -3.7    -3.1    -3.0    -2.7
94059 20240309  2.622 -105.21   48.49     8.0    -3.7     2.2     2.3     0.0    13.63 C     9.8    -7.4     0.2    58.7    38.0    49.0 -99.000 -99.000 -99.000 -99.000 -99.000    -2.5    -2.6    -2.7    -2.5    -2.5
94059 20240310  2.622 -105.21   48.49    12.0     2.3     7.2     7.0     0.0    13.77 C    15.7    -1.5     4.3    52.9    27.7    40.7 -99.000 -99.000 -99.000 -99.000 -99.000    -0.9    -1.2    -1.6    -1.4    -1.7
94059 20240311  2.622 -105.21   48.49    10.7     3.2     7.0     6.7     0.0    13.81 C    16.2    -2.7     4.4    62.2    30.8    44.0 -99.000 -99.000 -99.000 -99.000 -99.000    -0.4    -0.7    -1.1    -0.9    -1.2
94059 20240312  2.622 -105.21   48.49    11.4     2.5     6.9     6.8     0.0     8.99 C    21.0    -2.0     4.9    65.2    34.6    46.6 -99.000 -99.000 -99.000 -99.000 -99.000     0.2    -0.3    -0.8    -0.6    -0.8
94059 20240313  2.622 -105.21   48.49    11.0    -0.4     5.3     4.7     0.0    15.00 C    23.2    -2.3     6.3    89.6    36.4    64.9 -99.000 -99.000 -99.000 -99.000 -99.000     1.3     0.5    -0.6    -0.4    -0.6
94059 20240314  2.622 -105.21   48.49     4.3    -2.1     1.1     0.1     0.0    13.12 C    20.0    -3.5     3.3    88.5    53.3    71.9   0.275   0.261 -99.000   0.063 -99.000     1.5     1.1     0.0     0.2    -0.1
94059 20240315  2.622 -105.21   48.49    12.1    -1.8     5.1     3.9     0.0    12.83 C    19.2    -3.9     3.8    74.8    32.9    57.4 -99.000   0.244   0.105   0.070   0.083     1.4     1.1     0.5     0.6     0.2
94059 20240316  2.622 -105.21   48.49     5.0    -5.9    -0.5    -0.5     0.0    12.79 C    14.9    -6.5     1.0    81.0    32.3    61.6   0.253   0.183   0.106   0.072   0.083     1.0     1.2     0.7     0.9     0.4
94059 20240317  2.622 -105.21   48.49     1.8    -7.1    -2.7    -3.7     0.0    15.56 C    19.4    -7.4     0.8    81.2    28.2    55.4 -99.000   0.143   0.110   0.072   0.083     0.5     0.7     0.5     0.7     0.4
94059 20240318  2.622 -105.21   48.49    18.2    -5.7     6.2     5.4     0.0    15.87 C    25.2    -6.4     6.2    62.5    21.7    45.0 -99.000   0.130   0.116   0.090   0.083     1.4     1.3     0.6     0.9     0.3
94059 20240319  2.622 -105.21   48.49     4.9    -5.8    -0.4     0.6     0.0     8.71 C    16.6    -5.5     2.4    72.8    48.0    61.4   0.242   0.173   0.138   0.117   0.086     2.0     2.2     1.5     1.7     1.0
94059 20240320  2.622 -105.21   48.49    -5.6    -9.8    -7.7    -8.3     2.3     7.04 C    -4.3   -10.5    -7.3    80.5    62.2    72.7 -99.000   0.130   0.138   0.082   0.087     0.1     0.8     1.0     1.1     0.9
94059 20240321  2.622 -105.21   48.49    -6.0   -10.2    -8.1    -8.1     3.1     8.75 C    -5.0   -12.4    -8.0    82.6    73.2    78.2 -99.000   0.105   0.126   0.070   0.084    -0.2     0.2     0.4     0.5     0.5
94059 20240322  2.622 -105.21   48.49    -6.1   -14.9   -10.5    -9.6     0.0    14.08 C     0.1   -16.6    -9.8    83.0    49.7    66.8 -99.000   0.105   0.127   0.070 -99.000    -0.3     0.1     0.2     0.4     0.4
94059 20240323  2.622 -105.21   48.49    -5.2   -11.4    -8.3    -7.7     0.3    10.72 C    -3.5   -12.6    -7.5    79.7    59.9    72.9 -99.000 -99.000 -99.000   0.069 -99.000    -0.3     0.0     0.1     0.3     0.3
94059 20240324  2.622 -105.21   48.49    -6.5    -9.7    -8.1    -8.0     3.9    10.74 C    -5.3   -10.4    -7.7    81.5    71.8    77.4 -99.000 -99.000 -99.000 -99.000 -99.000    -0.4    -0.2     0.0     0.2     0.2
94059 20240325  2.622 -105.21   48.49    -7.9   -16.4   -12.2   -11.2     0.0    18.31 C    -6.1   -17.8   -12.6    80.8    43.4    61.3 -99.000 -99.000 -99.000 -99.000 -99.000    -0.6    -0.2    -0.1     0.1     0.2
94059 20240326  2.622 -105.21   48.49    -8.2   -17.7   -12.9   -12.4     0.0    18.63 C    -2.7   -20.1   -12.9    71.4    48.8    59.1 -99.000 -99.000 -99.000 -99.000 -99.000    -0.9    -0.4    -0.1     0.0     0.1
94059 20240327  2.622 -105.21   48.49    -3.9   -13.5    -8.7    -8.0     0.0    18.17 C    -1.7   -18.4    -9.2    72.9    43.2    57.7 -99.000 -99.000 -99.000 -99.000 -99.000    -1.2    -0.7    -0.3    -0.1     0.0
94059 20240328  2.622 -105.21   48.49     1.7    -8.2    -3.3    -2.2     1.4    11.24 C     1.8   -10.1    -2.5    87.5    60.2    70.3 -99.000 -99.000 -99.000 -99.000 -99.000    -1.2    -0.8    -0.4    -0.3    -0.1
94059 20240329  2.622 -105.21   48.49     0.2    -4.2    -2.0    -1.8     1.2     7.79 C     0.0    -5.2    -2.1    89.3    68.9    78.2 -99.000 -99.000 -99.000 -99.000 -99.000    -0.7    -0.6    -0.4    -0.3    -0.1
94059 20240330  2.622 -105.21   48.49    -2.3    -9.9    -6.1    -5.0     0.0    15.16 C     4.4   -14.0    -4.2    80.4    57.5    67.5 -99.000 -99.000 -99.000 -99.000 -99.000    -0.6    -0.5    -0.4    -0.2    -0.1
94059 20240331  2.622 -105.21   48.49     2.3    -5.4    -1.5    -2.2     0.0    15.03 C    12.1    -4.4    -0.2    74.9    55.1    66.5 -99.000 -99.000 -99.000 -99.000 -99.000    -0.6    -0.4    -0.3    -0.2    -0.1
94059 20240401  2.622 -105.21   48.49    10.6    -3.6     3.5     2.8     0.0    18.33 C    16.5    -4.0     3.6    82.7    37.5    65.6 -99.000 -99.000 -99.000 -99.000 -99.000    -0.4    -0.3    -0.3    -0.1    -0.1
94059 20240402  2.622 -105.21   48.49    12.1    -0.8     5.7     5.8     0.0    18.66 C    28.9    -2.8     8.5    76.0    22.6    43.2 -99.000 -99.000 -99.000 -99.000 -99.000     1.4     1.1     0.1     0.1     0.0
94059 20240403  2.622 -105.21   48.49    21.3     2.6    11.9    10.5     0.0    18.07 C    32.5     0.0    11.8    64.8    22.7    41.1   0.279   0.195   0.172   0.122 -99.000     4.5     4.0     2.0     2.0     0.8
94059 20240404  2.622 -105.21   48.49    20.0     0.8    10.4    10.3     0.0    16.56 C    27.0    -0.1    11.0    76.0    24.3    45.0   0.267   0.201   0.173   0.154   0.091     6.3     5.9     4.5     4.7     3.1
94059 20240405  2.622 -105.21   48.49    19.5     4.5    12.0    10.4     0.0    14.09 C    25.0     2.7    10.5    45.7    25.3    35.6   0.259   0.198   0.179   0.149   0.092     6.3     6.1     5.1     5.2     4.1
94059 20240406  2.622 -105.21   48.49    13.2     1.9     7.5     7.6     0.0    14.18 C    28.9     0.8     9.8    70.1    38.9    53.2   0.253   0.195   0.180   0.146   0.093     6.9     6.6     5.6     5.7     4.6
94059 20240407  2.622 -105.21   48.49    10.9     1.9     6.4     5.5     1.3     9.11 C    21.7     0.8     7.1    81.7    35.4    61.9   0.248   0.193   0.179   0.143   0.095     6.6     6.5     5.8     5.9     5.0
94059 20240408  2.622 -105.21   48.49     8.1     0.6     4.3     4.9     1.6     3.97 C    11.1    -1.1     4.8    88.7    58.4    75.8   0.241   0.191   0.176   0.141   0.095     5.4     5.6     5.4     5.5     4.9
94059 20240409  2.622 -105.21   48.49    15.9     1.9     8.9     8.8     0.0    17.99 C    27.0    -0.2     9.5    68.9    20.7    43.8   0.242   0.190   0.175   0.140   0.095     6.4     6.0     5.3     5.5     4.8
94059 20240410  2.622 -105.21   48.49    10.9    -0.2     5.3     5.9     0.0    12.04 C    19.3    -2.7     6.0    77.8    20.1    45.0   0.239   0.189   0.174   0.138   0.096     5.9     6.0     5.7     5.8     5.2
94059 20240411  2.622 -105.21   48.49    12.5    -2.1     5.2     5.1     0.0    21.51 C    29.0    -4.3     8.4    64.7    13.8    35.2   0.237   0.189   0.172   0.137   0.095     6.1     5.8     5.2     5.3     4.8
94059 20240412  2.622 -105.21   48.49    22.6     2.9    12.7    12.8     0.0    19.12 C    34.8     0.3    13.7    41.7    15.4    28.1   0.234   0.188   0.171   0.135   0.095     7.9     7.3     6.2     6.3     5.3
94059 20240413  2.622 -105.21   48.49    20.3     7.4    13.8    13.7     0.0    18.37 C    36.5     3.6    14.9    48.6    14.9    31.7   0.235   0.186   0.171   0.136   0.098    10.5     9.6     8.1     8.2     6.7
94059 20240414  2.622 -105.21   48.49    22.8     5.8    14.3    14.1     0.0    20.68 C    35.5     1.5    16.5    48.5    17.9    31.6   0.230   0.187   0.170   0.135   0.099    11.3    10.5     9.1     9.2     7.8
94059 20240415  2.622 -105.21   48.49    18.9     4.7    11.8    11.1     0.0    12.65 C    29.4     3.6    13.0    71.4    23.9    43.9   0.224   0.183   0.170   0.134   0.101    11.0    10.7     9.7     9.7     8.6
94059 20240416  2.622 -105.21   48.49    17.8     3.3    10.6     8.6     0.0    15.76 C    34.4     2.3    12.0    70.3    26.7    51.3   0.216   0.181   0.168   0.131   0.103    10.9    10.6     9.7     9.7     8.7
94059 20240417  2.622 -105.21   48.49     3.7    -3.3     0.2     1.2     0.0     7.12 C     9.3    -4.3     2.7    71.3    43.0    60.5   0.206   0.174   0.165   0.128   0.103     7.5     8.3     8.5     8.5     8.3
94059 20240418  2.622 -105.21   48.49    -0.9    -6.8    -3.8    -3.7     0.0     8.40 C     6.5    -7.5    -2.1    77.5    45.1    63.5   0.199   0.168   0.161   0.124   0.102     3.7     5.0     5.9     5.8     6.3
94059 20240419  2.622 -105.21   48.49     0.5    -7.9    -3.7    -3.8     0.0    12.31 C    15.4    -9.0    -1.1    77.7    47.0    62.0   0.194   0.164   0.157   0.121   0.101     2.8     3.5     4.2     4.2     4.7
94059 20240420  2.622 -105.21   48.49     9.4    -9.0     0.2     1.6     0.0    22.96 C    31.4   -10.2     6.5    74.8    13.0    37.9   0.199   0.164   0.157   0.120   0.101     4.9     4.6     4.3     4.4     4.3
94059 20240421  2.622 -105.21   48.49    20.0    -1.2     9.4     9.5     0.0    19.91 C    31.6    -6.1    11.0    37.9    13.2    24.1   0.197   0.166   0.157   0.121   0.103     6.8     6.3     5.6     5.8     5.1
94059 20240422  2.622 -105.21   48.49    11.1     2.5     6.8     6.7     0.0    14.56 C    19.9     0.2     7.7    78.1    28.8    47.2   0.195   0.165   0.157   0.121   0.107     7.5     7.4     6.8     6.9     6.1
94059 20240423  2.622 -105.21   48.49    17.4     0.9     9.2     9.8     0.0    22.93 C    41.9    -2.6    14.8    74.2    14.9    35.0   0.194   0.164   0.156   0.120   0.107     9.5     8.6     7.3     7.5     6.5
94059 20240424  2.622 -105.21   48.49    21.7     6.2    13.9    14.0     0.0    21.92 C    37.8     2.9    16.6    44.6    13.7    25.8   0.190   0.164   0.156   0.120   0.111    11.4    10.5     9.1     9.2     7.9
94059 20240425  2.622 -105.21   48.49    21.6     5.5    13.5    14.6     0.0    14.20 C    43.3     3.3    16.5    60.4    18.7    34.3   0.185   0.163   0.157   0.120   0.114    12.4    11.6    10.3    10.4     9.0
94059 20240426  2.622 -105.21   48.49    20.6     6.0    13.3    13.3     0.0    19.12 C    40.7     3.8    16.1    44.2    14.4    27.7   0.180   0.160   0.156   0.116   0.115    12.6    12.0    10.8    10.8     9.6
94059 20240427  2.622 -105.21   48.49    15.4     1.1     8.2     8.8     0.0    22.68 C    39.6     0.0    14.8    57.1    23.2    38.2   0.175   0.156   0.153   0.114   0.117    12.7    12.1    11.0    11.0     9.9
94059 20240428  2.622 -105.21   48.49    16.4     2.8     9.6     9.2     0.0    21.38 C    38.6     1.9    14.4    72.5    20.8    41.8   0.171   0.152   0.151   0.111   0.120    12.7    12.2    11.3    11.3    10.3
94059 20240429  2.622 -105.21   48.49    18.6     3.8    11.2    11.7     0.0    22.37 C    42.3     2.2    17.1    67.1    16.2    36.3   0.167   0.150   0.148   0.108   0.120    13.6    12.9    11.6    11.8    10.6
94059 20240430  2.622 -105.21   48.49    12.0     2.1     7.0     6.3     6.8     4.40 C    10.3     0.9     6.8    86.2    31.9    72.4   0.160   0.147   0.148   0.105   0.121    10.7    11.3    11.3    11.2    10.7
94059 20240501  2.622 -105.21   48.49    11.0     0.3     5.6     5.3     0.0    17.30 C    23.7    -0.6     7.4    84.0    30.0    56.9   0.154   0.142   0.145   0.101   0.121     8.3     8.9     9.1     9.2     9.2
94059 20240502  2.622 -105.21   48.49     6.9    -0.2     3.4     3.0     4.6     8.82 C    20.8    -1.7     4.8    84.9    62.5    77.2   0.151   0.139   0.143   0.099   0.120     7.2     7.8     8.2     8.3     8.4
94059 20240503  2.622 -105.21   48.49     7.6     1.0     4.3     4.1     0.0    10.17 C    20.2     1.8     5.8    88.1    48.5    70.6   0.151   0.139   0.142   0.098   0.120     6.8     7.2     7.5     7.5     7.6
94059 20240504  2.622 -105.21   48.49    13.1     2.6     7.8     6.9     0.0    15.31 C    35.5     1.8    10.3    79.3    28.2    56.4   0.154   0.139   0.140   0.099   0.120     8.6     8.1     7.7     7.9     7.5
94059 20240505  2.622 -105.21   48.49    21.8     3.6    12.7    13.4     0.0    20.04 C    32.2     2.0    14.9    68.4    22.5    43.3   0.157   0.141   0.142   0.099   0.121    10.1     9.5     8.7     8.8     8.1
94059 20240506  2.622 -105.21   48.49    12.9     9.3    11.1    10.8    23.0     2.24 C    13.4     8.3    10.5    90.2    55.5    79.0   0.184   0.145   0.143   0.105   0.123    10.3    10.1     9.6     9.7     8.9
94059 20240507  2.622 -105.21   48.49    12.4     8.2    10.3     9.8    19.2     6.00 C    13.3     8.4    10.7    90.5    77.3    86.3   0.321   0.240   0.232   0.184   0.133    10.6    10.3     9.8     9.9     9.2
94059 20240508  2.622 -105.21   48.49    12.5     8.8    10.7    10.6     0.6     6.99 C    17.1     8.4    11.0    86.8    66.9    79.5   0.305   0.246   0.248   0.179   0.157    10.3    10.1     9.8     9.8     9.3
94059 20240509  2.622 -105.21   48.49    19.3     9.0    14.2    14.3     0.0    24.17 C    30.8     7.1    16.0    79.7    22.9    49.9   0.291   0.240   0.243   0.173   0.172    12.5    11.5    10.6    10.7     9.7
94059 20240510  2.622 -105.21   48.49    22.5     6.4    14.5    15.2     0.0    22.31 C    36.4     4.7    17.3    65.2    20.8    39.6   0.276   0.234   0.237   0.167   0.173    13.2    12.5    11.5    11.7    10.6
94059 20240511  2.622 -105.21   48.49    26.1    11.8    19.0    18.9     0.0    24.11 C    41.3     9.5    21.5    50.5    15.4    33.7   0.266   0.229   0.231   0.161   0.182    15.5    14.5    13.0    13.2    11.7
94059 20240512  2.622 -105.21   48.49    20.1     7.6    13.9    14.1     0.0    19.69 C    39.6     5.8    17.9    63.3    22.5    36.8   0.252   0.223   0.225   0.156   0.192    15.6    15.0    13.8    13.9    12.7
94059 20240513  2.622 -105.21   48.49    25.7    10.6    18.2    16.7     7.6    20.91 C    44.2     8.9    20.8    73.9    19.7    44.4   0.240   0.216   0.219   0.152   0.199    16.5    15.8    14.5    14.6    13.2
94059 20240514  2.622 -105.21   48.49    18.1     6.3    12.2    12.7     0.0    23.34 C    33.8     6.5    16.6    85.4    44.1    63.3   0.234   0.211   0.215   0.148   0.200    15.8    15.4    14.6    14.6    13.6
94059 20240515  2.622 -105.21   48.49    19.9     4.7    12.3    11.7     1.8    21.68 C    40.4     4.4    16.7    85.0    32.1    64.5   0.229   0.205   0.209   0.145   0.196    15.2    14.9    14.2    14.2    13.4
94059 20240516  2.622 -105.21   48.49    20.4     8.9    14.7    14.0     7.8    16.20 C    34.3     7.3    16.1    84.4    33.5    64.0   0.227   0.201   0.206   0.144   0.195    15.3    15.0    14.3    14.4    13.5
94059 20240517  2.622 -105.21   48.49    19.5     6.9    13.2    14.0     0.0    19.82 C    30.1     6.7    15.3    80.7    31.5    56.6   0.241   0.196   0.201   0.143   0.193    14.6    14.5    14.0    14.1    13.4
94059 20240518  2.622 -105.21   48.49    15.0     4.0     9.5    10.0     1.3    22.29 C    27.2     4.4    11.8    81.0    24.9    49.8   0.237   0.191   0.197   0.142   0.192    12.9    13.2    13.2    13.2    12.8
94059 20240519  2.622 -105.21   48.49    13.0     5.6     9.3     9.4     6.6     5.21 C    20.0     4.3     9.6    88.0    35.6    58.5   0.233   0.187   0.193   0.141   0.189    11.1    11.7    12.0    12.0    12.0
94059 20240520  2.622 -105.21   48.49    15.2     3.7     9.4     9.4     0.0    23.06 C    34.7     3.2    13.2    85.5    32.2    58.8   0.261   0.187   0.192   0.147   0.186    12.4    12.1    11.6    11.8    11.3
94059 20240521  2.622 -105.21   48.49    13.3     4.7     9.0     9.0     0.0    17.42 C    29.3     2.0    11.6    78.5    35.7    57.1   0.257   0.186   0.191   0.147   0.185    12.1    12.1    11.9    12.0    11.6
94059 20240522  2.622 -105.21   48.49    16.9     6.7    11.8    11.0     6.4    16.77 C    36.2     3.6    14.1    82.3    39.8    63.6   0.254   0.187   0.188   0.145   0.184    12.8    12.5    12.1    12.2    11.6
94059 20240523  2.622 -105.21   48.49    12.1     3.7     7.9     7.9     0.0    13.41 C    24.0     3.5    10.0    86.8    56.4    74.3   0.266   0.184   0.189   0.150   0.184    11.6    11.7    11.9    11.8    11.6
94059 20240524  2.622 -105.21   48.49    13.1     1.9     7.5     8.3     1.0    17.03 C    30.6     1.7    12.0    86.1    40.3    67.6   0.259   0.187   0.188   0.147   0.183    11.5    11.4    11.2    11.3    11.1
94059 20240525  2.622 -105.21   48.49    17.0     4.3    10.7    11.0     0.0    23.52 C    33.7     4.5    15.7    86.4    34.9    56.0   0.254   0.189   0.187   0.145   0.182    13.5    12.9    12.1    12.2    11.5
94059 20240526  2.622 -105.21   48.49    17.5     7.2    12.3    12.7     0.0    17.92 C    33.7     6.7    15.2    81.3    30.1    55.5   0.241   0.190   0.187   0.142   0.183    14.1    13.8    13.1    13.2    12.3
94059 20240527  2.622 -105.21   48.49    20.4     5.9    13.1    13.1     2.4    21.24 C    40.5     5.4    15.8    84.2    31.9    58.7   0.229   0.187   0.185   0.137   0.183    14.3    13.9    13.2    13.3    12.5
94059 20240528  2.622 -105.21   48.49    22.8     6.9    14.8    15.8     0.0    27.46 C    38.8     6.0    19.5    72.7    30.5    48.4   0.219   0.186   0.183   0.133   0.182    16.0    15.0    14.0    14.1    13.0
94059 20240529  2.622 -105.21   48.49    23.6    11.1    17.4    17.0     1.0    21.03 C    40.5     9.9    19.9    73.2    37.0    52.5   0.206   0.182   0.180   0.129   0.183    17.1    16.2    15.1    15.3    14.0
94059 20240530  2.622 -105.21   48.49    14.2     6.9    10.5    11.0     0.6    20.80 C    27.9     5.8    13.3    79.6    33.7    52.8   0.193   0.176   0.176   0.124   0.181    15.3    15.5    15.0    15.1    14.3
94059 20240531  2.622 -105.21   48.49    18.4     5.0    11.7    11.3     0.3    21.28 C    32.3     2.7    14.0    75.7    18.5    47.8   0.186   0.170   0.170   0.116   0.179    14.2    14.3    13.8    14.0    13.5
94059 20240601  2.622 -105.21   48.49    21.6     4.9    13.3    14.9     0.0    27.91 C    40.8     1.6    18.9    67.9    17.8    34.4   0.181   0.166   0.166   0.113   0.176    15.8    15.2    14.2    14.4    13.5
94059 20240602  2.622 -105.21   48.49    22.6    10.1    16.3    17.1     2.8    20.14 C    40.2     9.2    18.3    73.9    26.2    45.8   0.176   0.164   0.162   0.110   0.174    17.1    16.4    15.4    15.5    14.3
94059 20240603  2.622 -105.21   48.49    21.4    11.7    16.5    17.0     0.3     9.20 C    24.3     9.2    16.1    84.0    37.5    52.7   0.169   0.161   0.158   0.107   0.172    15.5    15.3    15.0    15.1    14.3
94059 20240604  2.622 -105.21   48.49    20.7     7.2    14.0    14.7     0.0    23.58 C    31.6     5.8    16.7    76.7    21.8    43.4   0.166   0.157   0.153   0.103   0.167    15.4    15.1    14.5    14.6    14.0
94059 20240605  2.622 -105.21   48.49    19.7     9.3    14.5    15.4     0.0    26.82 C    31.5     7.6    17.8    51.8    18.6    33.6   0.164   0.152   0.149   0.100   0.163    16.3    15.9    14.9    15.0    14.1
94059 20240606  2.622 -105.21   48.49    21.3     7.0    14.2    15.2     0.0    28.81 C    38.6     5.1    19.3    52.7    16.9    31.3   0.160   0.148   0.146   0.097   0.158    17.1    16.4    15.2    15.3    14.3
94059 20240607  2.622 -105.21   48.49    20.8    10.3    15.5    15.6     0.0    20.35 C    45.1     7.3    19.1    50.9    18.7    32.0   0.158   0.146   0.142   0.095   0.155    17.6    16.9    15.9    15.9    14.8
94059 20240608  2.622 -105.21   48.49    19.5     6.9    13.2    13.5     0.0    14.25 C    38.0     6.3    15.8    65.1    21.6    38.5   0.153   0.142   0.139   0.093   0.151    16.2    16.0    15.5    15.5    14.8
94059 20240609  2.622 -105.21   48.49    20.8     4.3    12.6    13.5     0.0    24.78 C    43.6     3.9    19.7    65.6    26.3    43.1   0.153   0.140   0.137   0.091   0.149    17.2    16.4    15.5    15.5    14.6
94059 20240610  2.622 -105.21   48.49    20.2    10.7    15.4    14.7     7.6    11.40 C    25.1    10.2    15.3    86.7    48.0    65.8   0.152   0.140   0.135   0.091   0.146    16.3    16.2    15.8    15.9    15.0
94059 20240611  2.622 -105.21   48.49    26.8    10.4    18.6    19.6     0.0    27.34 C    41.1     9.0    22.2    76.7    21.3    43.9   0.155   0.139   0.134   0.091   0.145    18.0    16.9    15.8    16.1    14.9
94059 20240612  2.622 -105.21   48.49    24.5    13.8    19.1    19.3     1.0    28.12 C    40.6    10.1    22.1    65.6    15.4    36.5   0.156   0.141   0.134   0.092   0.143    19.4    18.5    17.2    17.3    15.9
94059 20240613  2.622 -105.21   48.49    23.1     8.9    16.0    16.8     0.0    28.92 C    40.5     7.7    21.4    63.6    20.0    38.8   0.154   0.141   0.134   0.091   0.141    19.3    18.6    17.3    17.5    16.2
94059 20240614  2.622 -105.21   48.49    24.9    12.4    18.6    18.9     0.3    22.81 C    43.0    10.6    21.6    73.8    25.9    47.0   0.152   0.138   0.131   0.089   0.139    19.3    18.6    17.6    17.7    16.5
94059 20240615  2.622 -105.21   48.49    25.2    11.4    18.3    18.3    10.9    14.25 C    40.1    10.2    20.0    87.5    31.3    57.3   0.150   0.136   0.132   0.088   0.139    18.8    18.3    17.6    17.7    16.6
94059 20240616  2.622 -105.21   48.49    17.0     6.0    11.5    11.4     0.0    23.07 C    26.9     5.8    13.3    76.1    33.5    51.7   0.146   0.133   0.128   0.086   0.137    15.0    15.7    16.0    16.1    15.8
94059 20240617  2.622 -105.21   48.49    14.6     7.1    10.8    10.1     2.4     8.77 C    25.3     7.0    11.9    87.2    45.7    70.6   0.145   0.131   0.126   0.084   0.135    13.5    14.1    14.6    14.6    14.7
94059 20240618  2.622 -105.21   48.49    12.4     6.9     9.6     8.7    16.2     8.65 C    17.4     6.4    10.0    88.0    44.5    73.7   0.230   0.154   0.126   0.118   0.134    11.8    12.5    13.2    13.1    13.6
94059 20240619  2.622 -105.21   48.49    20.5     6.0    13.2    12.4     1.4    27.01 C    31.8     4.6    15.9    81.2    28.0    58.1   0.273   0.188   0.125   0.140   0.133    14.0    13.5    13.3    13.5    13.1
94059 20240620  2.622 -105.21   48.49    23.0     8.5    15.8    16.4     0.0    26.25 C    39.3     7.8    21.0    80.1    33.7    60.1   0.258   0.186   0.128   0.138   0.134    17.2    16.2    15.2    15.5    14.3
94059 20240621  2.622 -105.21   48.49    18.0    12.6    15.3    15.2     0.5     7.82 C    24.7    12.4    16.7    90.7    69.8    83.7   0.244   0.183   0.131   0.134   0.136    17.2    16.8    16.3    16.4    15.5
94059 20240622  2.622 -105.21   48.49    25.3    13.5    19.4    18.9     0.0    23.41 C    43.8    13.7    23.2    91.4    26.6    62.2   0.239   0.181   0.133   0.131   0.136    19.6    18.4    17.0    17.3    15.8
94059 20240623  2.622 -105.21   48.49    29.2    13.7    21.4    22.9     0.0    27.94 C    43.3    12.3    26.5    66.8    25.5    47.4   0.217   0.179   0.135   0.124   0.138    21.3    20.1    18.6    18.8    17.1
94059 20240624  2.622 -105.21   48.49 -9999.0 -9999.0 -9999.0 -9999.0     0.0 -9999.00 U -9999.0 -9999.0 -9999.0 -9999.0 -9999.0 -9999.0 -99.000 -99.000 -99.000 -99.000 -99.000 -9999.0 -9999.0 -9999.0 -9999.0 -9999.0
94059 20240625  2.622 -105.21   48.49    25.3    12.0    18.6    18.6     0.0    25.51 C    47.9    10.5    23.9    84.2    22.5    42.7   0.177   0.160   0.137   0.107   0.139    22.0    21.4    20.1    20.1    18.6
94059 20240626  2.622 -105.21   48.49    22.2    10.2    16.2    16.3     0.0    25.91 C    48.5    10.2    23.7    88.0    41.3    64.8   0.167   0.150   0.135   0.100   0.139    21.9    21.1    19.9    20.0    18.6
94059 20240627  2.622 -105.21   48.49    20.0    11.3    15.7    15.5     0.9    10.68 C    31.2    10.6    18.1    88.3    65.7    78.9   0.159   0.144   0.135   0.096   0.137    20.1    20.0    19.5    19.6    18.6
94059 20240628  2.622 -105.21   48.49    16.5     8.8    12.6    12.7     1.5    13.27 C    32.1     8.9    14.9    87.4    47.4    70.6   0.153   0.140   0.131   0.092   0.135    17.4    17.8    17.9    18.0    17.6
94059 20240629  2.622 -105.21   48.49    19.5     5.9    12.7    12.8     0.0    26.40 C    43.3     6.0    19.7    86.2    34.5    59.2   0.152   0.138   0.131   0.090   0.134    18.0    17.7    17.1    17.3    16.8
94059 20240630  2.622 -105.21   48.49    24.7     8.7    16.7    17.4     0.2    27.21 C    41.0     8.1    22.4    79.6    41.2    57.9   0.152   0.137   0.131   0.089   0.133    19.6    18.8    17.9    18.1    17.1
94059 20240701  2.622 -105.21   48.49    24.6    13.3    19.0    18.9     0.4    17.71 C    40.4    12.8    21.5    84.9    32.4    60.5   0.151   0.136   0.130   0.089   0.132    20.3    19.7    18.8    19.1    17.9
94059 20240702  2.622 -105.21   48.49 -9999.0 -9999.0 -9999.0 -9999.0 -9999.0 -9999.00 U -9999.0 -9999.0 -9999.0 -9999.0 -9999.0 -9999.0 -99.000 -99.000 -99.000 -99.000 -99.000 -9999.0 -9999.0 -9999.0 -9999.0 -9999.0
