92826 20240101  2.623  -81.32   25.90    22.1    10.4    16.2    15.7     0.0    15.06 C    29.9     9.3    17.2    99.9    45.8    81.0 -99.000 -99.000 -99.000 -99.000 -99.000 -9999.0 -9999.0 -9999.0 -9999.0 -9999.0
92826 20240102  2.623  -81.32   25.90    22.4    12.3    17.3    16.2     0.0    11.45 C    28.1    11.2    16.8    99.8    51.4    79.6 -99.000 -99.000 -99.000 -99.000 -99.000 -9999.0 -9999.0 -9999.0 -9999.0 -9999.0
92826 20240103  2.623  -81.32   25.90    22.5    10.3    16.4    16.1     0.0     8.99 C    27.8     9.4    16.6    95.0    59.1    80.7 -99.000 -99.000 -99.000 -99.000 -99.000 -9999.0 -9999.0 -9999.0 -9999.0 -9999.0
92826 20240104  2.623  -81.32   25.90    24.4    15.0    19.7    19.1     0.0     7.16 C    30.8    13.8    19.7    99.0    68.6    85.5 -99.000 -99.000 -99.000 -99.000 -99.000 -9999.0 -9999.0 -9999.0 -9999.0 -9999.0
92826 20240105  2.623  -81.32   25.90    27.4    13.6    20.5    19.8     0.0    12.14 C    34.2    13.1    21.3    94.7    61.3    80.8 -99.000 -99.000 -99.000 -99.000 -99.000 -9999.0 -9999.0 -9999.0 -9999.0 -9999.0
92826 20240106  2.623  -81.32   25.90    24.5    19.7    22.1    21.3    14.2     1.69 C    26.1    18.8    20.9    99.8    84.3    95.2 -99.000 -99.000 -99.000 -99.000 -99.000 -9999.0 -9999.0 -9999.0 -9999.0 -9999.0
92826 20240107  2.623  -81.32   25.90    21.1    14.1    17.6    18.1     1.6     2.96 C    21.0    13.1    17.6    99.9    65.3    88.3 -99.000 -99.000 -99.000 -99.000 -99.000 -9999.0 -9999.0 -9999.0 -9999.0 -9999.0
92826 20240108  2.623  -81.32   25.90    23.4    14.4    18.9    19.3     0.0     7.00 C    29.8    13.5    20.0    87.6    68.1    80.1 -99.000 -99.000 -99.000 -99.000 -99.000 -9999.0 -9999.0 -9999.0 -9999.0 -9999.0
92826 20240109  2.623  -81.32   25.90    25.8    18.4    22.1    22.9     6.1     6.97 C    29.5    17.9    23.4    98.7    79.0    90.3 -99.000 -99.000 -99.000 -99.000 -99.000 -9999.0 -9999.0 -9999.0 -9999.0 -9999.0
92826 20240110  2.623  -81.32   25.90    23.2    17.7    20.4    19.4     0.0    11.50 C    32.2    17.0    20.9    95.8    59.2    79.3   0.124   0.168 -99.000 -99.000 -99.000    21.2    21.2 -9999.0 -9999.0 -9999.0
92826 20240111  2.623  -81.32   25.90    19.1    15.8    17.5    17.5     0.0     3.42 C    21.6    15.9    17.9    96.2    77.7    88.3 -99.000 -99.000 -99.000 -99.000 -99.000 -9999.0 -9999.0 -9999.0 -9999.0 -9999.0
92826 20240112  2.623  -81.32   25.90    27.1    17.6    22.3    22.8     0.0     6.92 C    32.1    17.3    23.9   100.0    84.3    94.7 -99.000 -99.000 -99.000 -99.000 -99.000 -9999.0 -9999.0 -9999.0 -9999.0 -9999.0
92826 20240113  2.623  -81.32   25.90    25.8    18.0    21.9    22.2     0.0     4.30 C    30.3    17.8    22.6    95.9    60.4    86.5   0.109   0.143 -99.000 -99.000 -99.000    22.1    22.1 -9999.0 -9999.0 -9999.0
92826 20240114  2.623  -81.32   25.90    19.5    13.3    16.4    16.2     5.6     2.11 C    18.7    13.1    16.1    98.6    59.4    85.0   0.125   0.159 -99.000 -99.000 -99.000    18.8    19.3 -9999.0 -9999.0 -9999.0
92826 20240115  2.623  -81.32   25.90    28.0    18.1    23.0    22.7     0.0    11.38 C    36.4    17.3    23.9    99.7    72.9    89.0   0.116   0.154 -99.000 -99.000 -99.000    21.7    21.4 -9999.0 -9999.0 -9999.0
92826 20240116  2.623  -81.32   25.90    27.1    21.1    24.1    23.1     1.6     6.46 C    32.7    20.6    23.6   100.0    86.3    94.8   0.114   0.147 -99.000 -99.000 -99.000    22.6    22.5 -9999.0 -9999.0 -9999.0
92826 20240117  2.623  -81.32   25.90    21.5    15.1    18.3    18.2     0.0     8.87 C    26.4    15.2    19.3    99.6    61.8    82.4   0.115   0.149 -99.000 -99.000 -99.000    20.9    21.1 -9999.0 -9999.0 -9999.0
92826 20240118  2.623  -81.32   25.90    29.3    16.2    22.7    21.8     0.0    11.83 C    39.5    16.2    24.6    98.4    67.8    84.4   0.107   0.142 -99.000 -99.000 -99.000    22.3    22.0 -9999.0 -9999.0 -9999.0
92826 20240119  2.623  -81.32   25.90    22.0    18.7    20.3    20.0     1.1     2.36 C    24.3    18.3    20.3    99.0    88.4    95.8   0.108   0.139 -99.000 -99.000 -99.000    21.7    21.8 -9999.0 -9999.0 -9999.0
92826 20240120  2.623  -81.32   25.90    21.5    10.9    16.2    16.7     0.0    13.99 C    26.9    10.2    17.8    99.7    40.5    73.4   0.106   0.138 -99.000 -99.000 -99.000    19.8    20.2 -9999.0 -9999.0 -9999.0
92826 20240121  2.623  -81.32   25.90    19.6     7.4    13.5    13.9     0.0    12.82 C    23.5     6.9    14.6    85.1    56.5    69.7   0.100   0.135 -99.000 -99.000 -99.000    17.5    18.0 -9999.0 -9999.0 -9999.0
92826 20240122  2.623  -81.32   25.90    23.2    13.6    18.4    18.4     0.0    10.32 C    29.3    13.2    19.3    88.3    58.9    73.1   0.096   0.132 -99.000 -99.000 -99.000    19.4    19.4 -9999.0 -9999.0 -9999.0
92826 20240123  2.623  -81.32   25.90    27.0    16.1    21.6    21.1     0.0    10.26 C    33.3    15.1    22.2    94.8    61.8    80.1   0.093   0.129 -99.000 -99.000 -99.000    20.9    20.6 -9999.0 -9999.0 -9999.0
92826 20240124  2.623  -81.32   25.90    28.3    20.2    24.3    23.6     0.0     9.11 C    33.7    19.4    24.5    93.7    67.3    82.4   0.091   0.127 -99.000 -99.000 -99.000    22.7    22.3 -9999.0 -9999.0 -9999.0
92826 20240125  2.623  -81.32   25.90    28.5    21.2    24.9    23.7     0.0    10.06 C    34.7    20.2    24.4    95.2    66.7    85.0   0.090   0.125 -99.000 -99.000 -99.000    23.3    23.0 -9999.0 -9999.0 -9999.0
92826 20240126  2.623  -81.32   25.90    29.2    19.7    24.4    23.3     0.0    11.64 C    36.3    18.9    24.6   100.0    54.3    83.7   0.088   0.124 -99.000 -99.000 -99.000    23.2    22.9 -9999.0 -9999.0 -9999.0
92826 20240127  2.623  -81.32   25.90    29.1    20.0    24.6    23.5     0.0    11.61 C    36.0    19.3    24.6    99.9    66.1    87.8   0.087   0.122 -99.000 -99.000 -99.000    23.5    23.2 -9999.0 -9999.0 -9999.0
92826 20240128  2.623  -81.32   25.90    26.2    15.0    20.6    20.9     0.0    10.71 C    30.5    14.1    21.6   100.0    70.0    87.9   0.086   0.121 -99.000 -99.000 -99.000    22.8    22.7 -9999.0 -9999.0 -9999.0
92826 20240129  2.623  -81.32   25.90    19.7    10.6    15.1    14.7     0.0    17.20 C    25.1     9.2    15.8    93.5    46.0    76.8   0.084   0.120 -99.000 -99.000 -99.000    20.2    20.5 -9999.0 -9999.0 -9999.0
92826 20240130  2.623  -81.32   25.90    22.1     8.1    15.1    13.8     0.0    16.12 C    30.8     6.9    15.8    98.6    39.3    75.7   0.082   0.119 -99.000 -99.000 -99.000    19.3    19.5 -9999.0 -9999.0 -9999.0
92826 20240131  2.623  -81.32   25.90    22.6     9.6    16.1    15.6     0.0    16.63 C    28.8     7.6    16.4    98.8    47.8    79.8   0.080   0.117 -99.000 -99.000 -99.000    19.3    19.4 -9999.0 -9999.0 -9999.0
92826 20240201  2.623  -81.32   25.90    23.3     8.7    16.0    15.3     0.0    13.26 C    31.3     7.2    16.8    95.3    44.8    74.4   0.079   0.116 -99.000 -99.000 -99.000    19.0    19.1 -9999.0 -9999.0 -9999.0
92826 20240202  2.623  -81.32   25.90    25.2    12.5    18.8    17.4     0.0    14.25 C    33.2    11.7    19.0    89.5    52.9    74.6   0.077   0.114 -99.000 -99.000 -99.000    20.2    20.1 -9999.0 -9999.0 -9999.0
92826 20240203  2.623  -81.32   25.90    24.0     9.8    16.9    16.3     0.0    17.49 C    33.0     8.2    18.2    99.8    34.2    76.9   0.074   0.113 -99.000 -99.000 -99.000    20.0    20.0 -9999.0 -9999.0 -9999.0
92826 20240204  2.623  -81.32   25.90    22.9    15.3    19.1    18.6     5.8     8.86 C    29.1    13.8    18.6    98.8    65.3    87.2   0.085   0.142 -99.000 -99.000 -99.000    19.8    19.9 -9999.0 -9999.0 -9999.0
92826 20240205  2.623  -81.32   25.90    18.5    13.9    16.2    15.9     4.6     5.40 C    21.8    13.2    15.8   100.0    76.6    93.6   0.102   0.157 -99.000 -99.000 -99.000    18.7    19.1 -9999.0 -9999.0 -9999.0
92826 20240206  2.623  -81.32   25.90    21.4    12.1    16.7    15.3     0.0    14.69 C    25.1    10.8    16.2    98.5    55.2    81.0   0.103   0.147 -99.000 -99.000 -99.000    18.3    18.5 -9999.0 -9999.0 -9999.0
92826 20240207  2.623  -81.32   25.90    23.7    10.2    16.9    16.1     0.0    17.66 C    29.6     9.5    17.2    89.9    43.7    67.4   0.096   0.136 -99.000 -99.000 -99.000    18.4    18.5 -9999.0 -9999.0 -9999.0
92826 20240208  2.623  -81.32   25.90    26.4    11.2    18.8    17.9     0.0    16.06 C    34.4    10.4    19.4    99.3    49.7    78.6   0.090   0.129 -99.000 -99.000 -99.000    19.9    19.6 -9999.0 -9999.0 -9999.0
92826 20240209  2.623  -81.32   25.90    26.6    15.3    20.9    20.5     0.0    17.46 C    34.0    14.3    22.6    99.2    51.6    75.6   0.087   0.125 -99.000 -99.000 -99.000    22.1    21.4 -9999.0 -9999.0 -9999.0
92826 20240210  2.623  -81.32   25.90    27.1    16.7    21.9    21.5     0.0    10.98 C    34.2    15.8    22.7    91.7    54.5    76.2   0.084   0.121 -99.000 -99.000 -99.000    22.4    22.1 -9999.0 -9999.0 -9999.0
92826 20240211  2.623  -81.32   25.90    27.1    17.2    22.2    21.8     0.5    11.70 C    33.0    16.6    22.5   100.0    67.6    88.6   0.083   0.119 -99.000 -99.000 -99.000    21.9    21.8 -9999.0 -9999.0 -9999.0
92826 20240212  2.623  -81.32   25.90    27.7    18.8    23.2    22.9     0.0    14.51 C    32.7    17.7    23.7   100.0    59.7    87.7   0.082   0.117 -99.000 -99.000 -99.000    22.9    22.6 -9999.0 -9999.0 -9999.0
92826 20240213  2.623  -81.32   25.90    25.3    13.2    19.3    20.7     2.2    17.22 C    31.7    12.4    21.9    96.3    50.8    76.7   0.091   0.131 -99.000 -99.000 -99.000    23.0    22.9 -9999.0 -9999.0 -9999.0
92826 20240214  2.623  -81.32   25.90    27.1    10.4    18.7    17.9     0.0    17.76 C    35.8     9.2    19.7    97.7    44.9    78.3   0.087   0.124 -99.000 -99.000 -99.000    21.4    21.3 -9999.0 -9999.0 -9999.0
92826 20240215  2.623  -81.32   25.90    28.0    14.2    21.1    20.6     0.0    16.82 C    36.5    13.3    22.8    95.8    44.5    75.2   0.082   0.119 -99.000 -99.000 -99.000    22.8    22.3 -9999.0 -9999.0 -9999.0
92826 20240216  2.623  -81.32   25.90    27.4    15.0    21.2    20.8     0.0    14.66 C    35.5    14.3    22.3    99.5    57.4    82.6   0.079   0.115 -99.000 -99.000 -99.000    23.0    22.7 -9999.0 -9999.0 -9999.0
92826 20240217  2.623  -81.32   25.90    26.7    17.4    22.1    22.0     0.0    12.96 C    31.6    16.8    22.8   100.0    76.9    91.3   0.076   0.113 -99.000 -99.000 -99.000    23.1    22.9 -9999.0 -9999.0 -9999.0
92826 20240218  2.623  -81.32   25.90    21.8    15.7    18.7    18.0    77.5     0.60 C    21.4    15.0    17.6   100.0    97.4    98.7   0.130   0.249 -99.000 -99.000 -99.000    20.0    20.2 -9999.0 -9999.0 -9999.0
92826 20240219  2.623  -81.32   25.90    20.0    12.9    16.4    16.1     0.2    10.12 C    26.5    11.4    17.2    98.3    66.8    87.7   0.128   0.206 -99.000 -99.000 -99.000    19.1    19.4 -9999.0 -9999.0 -9999.0
92826 20240220  2.623  -81.32   25.90    21.8     9.3    15.6    14.8     0.0    19.97 C    31.4     8.5    17.2    96.7    37.6    72.8   0.114   0.172 -99.000 -99.000 -99.000    18.6    18.8 -9999.0 -9999.0 -9999.0
92826 20240221  2.623  -81.32   25.90    21.9     8.8    15.4    15.0     0.0    19.75 C    29.6     7.9    16.7    95.4    31.9    65.7   0.106   0.159 -99.000 -99.000 -99.000    18.3    18.4 -9999.0 -9999.0 -9999.0
92826 20240222  2.623  -81.32   25.90    25.1     9.0    17.1    16.6     0.0    20.06 C    36.5     7.4    18.7    97.0    34.0    69.7   0.101   0.150 -99.000 -99.000 -99.000    19.4    19.2 -9999.0 -9999.0 -9999.0
92826 20240223  2.623  -81.32   25.90    24.7    12.5    18.6    19.1     0.0    17.65 C    32.9    11.3    20.4    98.5    55.7    81.8   0.096   0.143 -99.000 -99.000 -99.000    20.5    20.3 -9999.0 -9999.0 -9999.0
92826 20240224  2.623  -81.32   25.90    24.6    13.2    18.9    19.8     0.8    18.88 C    37.3    11.1    21.9    96.3    32.9    67.9   0.096   0.138 -99.000 -99.000 -99.000    21.5    21.3 -9999.0 -9999.0 -9999.0
92826 20240225  2.623  -81.32   25.90    24.5    11.7    18.1    17.5     0.0    20.17 C    38.4     8.9    19.3    93.0    29.9    69.2   0.091   0.133 -99.000 -99.000 -99.000    20.2    20.1 -9999.0 -9999.0 -9999.0
92826 20240226  2.623  -81.32   25.90    26.4    12.0    19.2    18.4     0.0    20.21 C    37.3     9.9    20.4    97.6    36.7    72.9   0.088   0.129 -99.000 -99.000 -99.000    21.1    20.8 -9999.0 -9999.0 -9999.0
92826 20240227  2.623  -81.32   25.90    27.2    13.6    20.4    19.8     0.0    19.94 C    42.5    11.3    22.0    97.6    45.1    75.8   0.085   0.126 -99.000 -99.000 -99.000    22.1    21.7 -9999.0 -9999.0 -9999.0
92826 20240228  2.623  -81.32   25.90    29.0    16.4    22.7    21.8     0.0    18.47 C    38.7    14.3    23.1    98.4    57.7    81.9   0.082   0.122 -99.000 -99.000 -99.000    23.1    22.6 -9999.0 -9999.0 -9999.0
92826 20240229  2.623  -81.32   25.90    29.2    18.4    23.8    22.7     0.0    15.23 C    41.0    17.2    24.6    99.8    50.0    80.6   0.079   0.119 -99.000 -99.000 -99.000    23.9    23.4 -9999.0 -9999.0 -9999.0
92826 20240301  2.623  -81.32   25.90    28.5    18.8    23.6    23.0     0.0    15.06 C    38.1    17.4    24.7    99.5    55.2    81.4   0.076   0.117 -99.000 -99.000 -99.000    24.4    23.8 -9999.0 -9999.0 -9999.0
92826 20240302  2.623  -81.32   25.90    28.2    20.0    24.1    23.2     0.0    12.01 C    38.3    19.0    24.7    99.9    64.8    86.4   0.073   0.115 -99.000 -99.000 -99.000    24.5    24.1 -9999.0 -9999.0 -9999.0
92826 20240303  2.623  -81.32   25.90    28.3    20.5    24.4    23.4     0.0    12.92 C    40.4    19.4    25.3    99.5    65.8    86.5   0.071   0.113 -99.000 -99.000 -99.000    25.1    24.6 -9999.0 -9999.0 -9999.0
92826 20240304  2.623  -81.32   25.90    30.7    19.5    25.1    23.6     0.0    13.56 C    46.9    18.3    26.2    99.3    51.9    83.6   0.068   0.111 -99.000 -99.000 -99.000    25.5    24.9 -9999.0 -9999.0 -9999.0
92826 20240305  2.623  -81.32   25.90    31.7    20.5    26.1    24.8     0.0    17.80 C    43.4    19.1    27.3    99.7    54.1    83.4   0.065   0.108 -99.000 -99.000 -99.000    26.6    25.9 -9999.0 -9999.0 -9999.0
92826 20240306  2.623  -81.32   25.90    26.4    20.7    23.5    23.2    30.7     6.54 C    31.2    20.5    23.8    99.6    79.3    92.5   0.107   0.203 -99.000 -99.000 -99.000    24.4    24.4 -9999.0 -9999.0 -9999.0
92826 20240307  2.623  -81.32   25.90    27.7    21.0    24.3    24.2     3.7    17.95 C    36.8    20.5    25.9    99.8    74.5    89.3   0.111   0.180 -99.000 -99.000 -99.000    25.3    25.0 -9999.0 -9999.0 -9999.0
92826 20240308  2.623  -81.32   25.90    30.0    21.9    25.9    25.5     0.0    17.95 C    40.7    21.1    27.5   100.0    69.1    87.6   0.104   0.160 -99.000 -99.000 -99.000    26.3    25.8 -9999.0 -9999.0 -9999.0
92826 20240309  2.623  -81.32   25.90    28.9    22.4    25.6    25.6     0.0    16.25 C    38.0    21.3    26.9   100.0    71.5    88.7   0.098   0.148 -99.000 -99.000 -99.000    26.2    25.9 -9999.0 -9999.0 -9999.0
92826 20240310  2.623  -81.32   25.90    27.2    17.6    22.4    24.3     5.0     8.91 C    32.5    16.7    24.7    96.5    73.4    86.1   0.108   0.166 -99.000 -99.000 -99.000    25.3    25.3 -9999.0 -9999.0 -9999.0
92826 20240311  2.623  -81.32   25.90    28.0    14.6    21.3    20.7     0.0    21.76 C    37.3    14.0    23.2    92.4    41.6    68.4   0.103   0.151 -99.000 -99.000 -99.000    23.9    23.7 -9999.0 -9999.0 -9999.0
92826 20240312  2.623  -81.32   25.90    29.3    16.5    22.9    22.2     0.0    19.90 C    40.1    15.8    24.8    98.4    46.2    78.0   0.096   0.141 -99.000 -99.000 -99.000    25.2    24.7 -9999.0 -9999.0 -9999.0
92826 20240313  2.623  -81.32   25.90    29.7    18.4    24.1    23.6     0.0    20.78 C    40.9    17.1    26.1   100.0    51.1    78.8   0.091   0.133 -99.000 -99.000 -99.000    26.2    25.7 -9999.0 -9999.0 -9999.0
92826 20240314  2.623  -81.32   25.90    30.3    19.9    25.1    24.5     0.0    18.36 C    43.0    19.0    27.0   100.0    54.7    78.5   0.086   0.128 -99.000 -99.000 -99.000    26.9    26.3 -9999.0 -9999.0 -9999.0
92826 20240315  2.623  -81.32   25.90    30.9    19.0    24.9    24.2     0.0    20.01 C    42.8    17.8    26.4    99.1    54.6    81.4   0.081   0.123 -99.000 -99.000 -99.000    27.0    26.4 -9999.0 -9999.0 -9999.0
92826 20240316  2.623  -81.32   25.90 -9999.0 -9999.0 -9999.0 -9999.0     0.0 -9999.00 U -9999.0 -9999.0 -9999.0 -9999.0 -9999.0 -9999.0 -99.000 -99.000 -99.000 -99.000 -99.000 -9999.0 -9999.0 -9999.0 -9999.0 -9999.0
92826 20240317  2.623  -81.32   25.90    29.7    20.7    25.2    24.9     0.0    20.00 C    46.5    18.9    27.9   100.0    69.8    88.3 -99.000 -99.000 -99.000 -99.000 -99.000 -9999.0 -9999.0 -9999.0 -9999.0 -9999.0
92826 20240318  2.623  -81.32   25.90    30.5    22.6    26.5    26.0     0.0    19.36 C    47.2    20.7    28.9    99.0    68.9    86.4   0.068   0.115 -99.000 -99.000 -99.000    28.1    27.6 -9999.0 -9999.0 -9999.0
92826 20240319  2.623  -81.32   25.90    24.6    16.5    20.6    20.8     3.4    21.78 C    42.9    15.4    25.2    97.3    45.3    73.9 -99.000 -99.000 -99.000 -99.000 -99.000 -9999.0 -9999.0 -9999.0 -9999.0 -9999.0
92826 20240320  2.623  -81.32   25.90    28.1    14.2    21.1    21.1     0.0    21.00 C    47.4    13.7    25.3    95.1    49.8    74.0 -99.000 -99.000 -99.000 -99.000 -99.000 -9999.0 -9999.0 -9999.0 -9999.0 -9999.0
92826 20240321  2.623  -81.32   25.90    30.1    17.2    23.6    22.9     0.0    15.85 C    51.3    16.4    26.0    97.9    54.8    78.2   0.067   0.113 -99.000 -99.000 -99.000    26.5    26.1 -9999.0 -9999.0 -9999.0
92826 20240322  2.623  -81.32   25.90    21.4    18.6    20.0    20.0    86.6     2.83 C    24.5    18.5    20.1    99.3    77.1    91.8   0.116   0.244 -99.000 -99.000 -99.000    22.4    22.7 -9999.0 -9999.0 -9999.0
92826 20240323  2.623  -81.32   25.90    26.8    19.1    23.0    22.5     0.0    11.91 C    35.7    18.0    22.9    98.8    45.8    82.5 -99.000 -99.000 -99.000 -99.000 -99.000 -9999.0 -9999.0 -9999.0 -9999.0 -9999.0
92826 20240324  2.623  -81.32   25.90    27.2    16.3    21.7    21.6     0.0    22.76 C    42.6    14.3    25.0    96.0    52.2    76.5 -99.000 -99.000 -99.000 -99.000 -99.000 -9999.0 -9999.0 -9999.0 -9999.0 -9999.0
92826 20240325  2.623  -81.32   25.90    28.2    19.1    23.7    23.0     0.0    19.62 C    46.4    17.7    26.1    96.2    59.5    77.8 -99.000 -99.000 -99.000 -99.000 -99.000 -9999.0 -9999.0 -9999.0 -9999.0 -9999.0
92826 20240326  2.623  -81.32   25.90    29.8    20.0    24.9    24.6     0.0    22.74 C    46.7    17.8    27.5    94.7    55.7    78.2 -99.000 -99.000 -99.000 -99.000 -99.000 -9999.0 -9999.0 -9999.0 -9999.0 -9999.0
92826 20240327  2.623  -81.32   25.90    30.4    22.0    26.2    25.6     0.0    14.75 C    46.4    20.1    27.8    96.9    65.6    83.7 -99.000 -99.000 -99.000 -99.000 -99.000 -9999.0 -9999.0 -9999.0 -9999.0 -9999.0
92826 20240328  2.623  -81.32   25.90    27.5    17.7    22.6    24.6     0.0    18.49 C    39.1    15.7    26.2    95.2    41.0    78.2 -99.000 -99.000 -99.000 -99.000 -99.000 -9999.0 -9999.0 -9999.0 -9999.0 -9999.0
92826 20240329  2.623  -81.32   25.90    27.5    15.1    21.3    21.5     0.0    24.66 C    46.8    13.3    25.8    95.6    32.9    65.2 -99.000 -99.000 -99.000 -99.000 -99.000 -9999.0 -9999.0 -9999.0 -9999.0 -9999.0
92826 20240330  2.623  -81.32   25.90    28.8    17.2    23.0    22.5     0.0    22.33 C    49.7    14.9    26.4    96.0    44.3    69.8 -99.000 -99.000 -99.000 -99.000 -99.000    27.3    26.7 -9999.0 -9999.0 -9999.0
92826 20240331  2.623  -81.32   25.90    28.6    16.7    22.6    22.6     0.0    22.77 C    50.6    14.1    26.1    96.3    45.5    71.1   0.069   0.120 -99.000 -99.000 -99.000    27.2    26.6 -9999.0 -9999.0 -9999.0
92826 20240401  2.623  -81.32   25.90    29.0    16.8    22.9    23.1     0.0    16.88 C    44.8    14.7    25.1    96.4    54.3    78.7   0.065   0.117 -99.000 -99.000 -99.000    26.4    26.2 -9999.0 -9999.0 -9999.0
92826 20240402  2.623  -81.32   25.90    30.4    19.6    25.0    24.9     0.0    23.02 C    48.3    17.5    28.4    97.4    56.6    82.7   0.062   0.113 -99.000 -99.000 -99.000    28.0    27.4 -9999.0 -9999.0 -9999.0
92826 20240403  2.623  -81.32   25.90    29.1    23.4    26.3    26.1     1.3    21.72 C    43.6    22.2    29.6    97.1    74.2    86.2   0.060   0.110 -99.000 -99.000 -99.000    28.6    28.1 -9999.0 -9999.0 -9999.0
92826 20240404  2.623  -81.32   25.90    27.2    19.9    23.5    22.7     0.0    17.03 C    44.4    17.1    25.3    94.2    41.2    70.7   0.064   0.108 -99.000 -99.000 -99.000    26.7    26.7 -9999.0 -9999.0 -9999.0
92826 20240405  2.623  -81.32   25.90    26.8    16.2    21.5    20.5     0.0    24.38 C    47.8    13.3    24.5    95.8    36.2    66.9   0.061   0.105 -99.000 -99.000 -99.000    26.5    26.2 -9999.0 -9999.0 -9999.0
92826 20240406  2.623  -81.32   25.90    27.4    14.8    21.1    20.8     0.0    24.42 C    47.1    11.0    24.1    92.6    37.1    62.4   0.056   0.102 -99.000 -99.000 -99.000    26.4    26.0 -9999.0 -9999.0 -9999.0
92826 20240407  2.623  -81.32   25.90    28.6    13.5    21.1    21.1     0.0    21.96 C    53.4    12.4    25.8    98.1    43.3    71.9   0.052   0.099 -99.000 -99.000 -99.000    27.0    26.5 -9999.0 -9999.0 -9999.0
92826 20240408  2.623  -81.32   25.90    27.5    16.4    21.9    21.7     0.0    21.58 C    50.0    15.2    26.5    96.1    48.8    71.2   0.049   0.096 -99.000 -99.000 -99.000    27.3    26.8 -9999.0 -9999.0 -9999.0
92826 20240409  2.623  -81.32   25.90    29.5    18.8    24.1    23.3     0.0    22.54 C    52.5    15.7    28.4    90.5    49.2    70.2   0.045   0.092 -99.000 -99.000 -99.000    28.6    27.8 -9999.0 -9999.0 -9999.0
92826 20240410  2.623  -81.32   25.90    30.8    19.1    25.0    24.5     0.0    21.91 C    50.6    17.5    28.5    92.2    55.3    76.5   0.041   0.088 -99.000 -99.000 -99.000    28.9    28.2 -9999.0 -9999.0 -9999.0
92826 20240411  2.623  -81.32   25.90    29.0    22.8    25.9    25.6     0.0    17.32 C    44.0    21.7    28.6    96.0    76.1    85.3   0.039   0.085 -99.000 -99.000 -99.000    28.7    28.4 -9999.0 -9999.0 -9999.0
92826 20240412  2.623  -81.32   25.90    28.2    16.8    22.5    22.7     0.0    25.64 C    50.2    13.9    28.3    88.5    36.9    66.3   0.038   0.083 -99.000 -99.000 -99.000    29.4    28.6 -9999.0 -9999.0 -9999.0
92826 20240413  2.623  -81.32   25.90    28.3    14.1    21.2    21.0     0.0    25.85 C    49.5    11.3    25.8    90.7    31.4    63.0   0.036   0.080 -99.000 -99.000 -99.000    28.1    27.5 -9999.0 -9999.0 -9999.0
92826 20240414  2.623  -81.32   25.90    29.3    14.8    22.0    21.5     0.0    25.27 C    52.3    12.4    26.5    98.0    43.8    70.9   0.034   0.076 -99.000 -99.000 -99.000    28.5    27.8 -9999.0 -9999.0 -9999.0
92826 20240415  2.623  -81.32   25.90    29.5    14.3    21.9    21.8     0.0    23.64 C    51.8    13.2    26.8    97.2    42.1    71.2   0.032   0.071 -99.000 -99.000 -99.000    28.8    28.1 -9999.0 -9999.0 -9999.0
92826 20240416  2.623  -81.32   25.90    30.3    15.3    22.8    22.5     0.0    25.06 C    53.5    13.8    27.8    98.2    48.7    74.1   0.030   0.068 -99.000 -99.000 -99.000    29.2    28.4 -9999.0 -9999.0 -9999.0
92826 20240417  2.623  -81.32   25.90    31.0    18.1    24.6    23.7     0.0    24.45 C    53.9    16.6    29.0    97.1    44.6    73.9   0.029   0.064 -99.000 -99.000 -99.000    30.1    29.1 -9999.0 -9999.0 -9999.0
92826 20240418  2.623  -81.32   25.90    31.5    16.4    23.9    23.3     0.0    20.52 C    53.0    14.6    27.3    99.4    45.7    77.7   0.028   0.061 -99.000 -99.000 -99.000    29.4    28.8 -9999.0 -9999.0 -9999.0
92826 20240419  2.623  -81.32   25.90    32.5    18.5    25.5    24.7     0.0    22.76 C    52.9    16.7    29.2    97.9    48.9    77.3   0.028   0.058 -99.000 -99.000 -99.000    30.5    29.7 -9999.0 -9999.0 -9999.0
92826 20240420  2.623  -81.32   25.90    31.5    19.3    25.4    25.0     0.0    23.52 C    51.9    17.6    29.5    99.5    56.7    81.4   0.027   0.054 -99.000 -99.000 -99.000    31.1    30.3 -9999.0 -9999.0 -9999.0
92826 20240421  2.623  -81.32   25.90    30.6    20.1    25.4    25.0     0.0    24.61 C    47.5    18.1    29.2    99.2    43.8    80.0   0.026   0.051 -99.000 -99.000 -99.000    31.2    30.5 -9999.0 -9999.0 -9999.0
92826 20240422  2.623  -81.32   25.90    30.9    19.4    25.1    24.4     0.0    18.68 C    48.7    18.2    27.9   100.0    56.1    80.4   0.026   0.049 -99.000 -99.000 -99.000    30.3    29.7 -9999.0 -9999.0 -9999.0
92826 20240423  2.623  -81.32   25.90    29.8    15.2    22.5    22.3     0.0    21.17 C    53.6    14.8    27.4    95.4    42.0    67.7 -99.000 -99.000 -99.000 -99.000 -99.000 -9999.0 -9999.0 -9999.0 -9999.0 -9999.0
92826 20240424  2.623  -81.32   25.90    30.0    16.7    23.4    22.7     0.0    20.62 C    53.7    15.6    27.1    90.0    38.7    66.0 -99.000 -99.000 -99.000 -99.000 -99.000 -9999.0 -9999.0 -9999.0 -9999.0 -9999.0
92826 20240425  2.623  -81.32   25.90    30.7    15.1    22.9    22.7     0.0    20.81 C    53.5    13.8    27.3    98.8    40.9    71.3 -99.000 -99.000 -99.000 -99.000 -99.000 -9999.0 -9999.0 -9999.0 -9999.0 -9999.0
92826 20240426  2.623  -81.32   25.90    31.6    15.7    23.7    23.1     0.0    22.45 C    53.8    14.2    27.7    95.3    40.7    68.1 -99.000 -99.000 -99.000 -99.000 -99.000 -9999.0 -9999.0 -9999.0 -9999.0 -9999.0
92826 20240427  2.623  -81.32   25.90    29.4    17.4    23.4    23.1     0.0    19.26 C    43.8    16.5    25.8    94.1    52.7    73.5 -99.000 -99.000 -99.000 -99.000 -99.000 -9999.0 -9999.0 -9999.0 -9999.0 -9999.0
92826 20240428  2.623  -81.32   25.90    30.1    18.8    24.4    23.8     0.0    18.12 C    51.1    17.8    28.0    95.8    51.1    74.0 -99.000 -99.000 -99.000 -99.000 -99.000 -9999.0 -9999.0 -9999.0 -9999.0 -9999.0
92826 20240429  2.623  -81.32   25.90    32.4    18.7    25.6    24.1     0.0    21.98 C    55.8    17.2    29.0    93.8    44.4    69.9 -99.000 -99.000 -99.000 -99.000 -99.000 -9999.0 -9999.0 -9999.0 -9999.0 -9999.0
92826 20240430  2.623  -81.32   25.90    32.2    17.8    25.0    23.6     0.7    19.66 C    53.6    17.2    27.5    97.9    51.3    83.5 -99.000 -99.000 -99.000 -99.000 -99.000 -9999.0 -9999.0 -9999.0 -9999.0 -9999.0
92826 20240501  2.623  -81.32   25.90    32.3    19.0    25.7    24.6     1.2    19.92 C    52.5    18.3    27.9    99.8    51.3    83.0 -99.000 -99.000 -99.000 -99.000 -99.000 -9999.0 -9999.0 -9999.0 -9999.0 -9999.0
92826 20240502  2.623  -81.32   25.90    34.1    19.8    26.9    25.7     0.0    19.99 C    54.3    18.6    29.4   100.0    43.8    76.4 -99.000 -99.000 -99.000 -99.000 -99.000 -9999.0 -9999.0 -9999.0 -9999.0 -9999.0
92826 20240503  2.623  -81.32   25.90    33.8    18.4    26.1    25.0     0.0    19.36 C    56.7    17.4    29.1   100.0    40.5    75.7 -99.000 -99.000 -99.000 -99.000 -99.000 -9999.0 -9999.0 -9999.0 -9999.0 -9999.0
92826 20240504  2.623  -81.32   25.90    33.6    19.1    26.3    24.5    36.1    18.66 C    57.0    18.0    28.1    98.5    45.0    82.7 -99.000 -99.000 -99.000 -99.000 -99.000 -9999.0 -9999.0 -9999.0 -9999.0 -9999.0
92826 20240505  2.623  -81.32   25.90    32.9    19.5    26.2    24.5     1.0    18.45 C    50.6    17.8    27.4   100.0    49.4    83.6 -99.000 -99.000 -99.000 -99.000 -99.000 -9999.0 -9999.0 -9999.0 -9999.0 -9999.0
92826 20240506  2.623  -81.32   25.90    34.4    19.6    27.0    25.4     0.0    23.60 C    51.6    19.8    29.6   100.0    46.7    80.2 -99.000 -99.000 -99.000 -99.000 -99.000 -9999.0 -9999.0 -9999.0 -9999.0 -9999.0
92826 20240507  2.623  -81.32   25.90    34.6    20.4    27.5    26.5     0.0    23.46 C    50.7    19.9    30.3   100.0    46.2    79.4 -99.000 -99.000 -99.000 -99.000 -99.000 -9999.0 -9999.0 -9999.0 -9999.0 -9999.0
92826 20240508  2.623  -81.32   25.90    34.4    21.6    28.0    27.2     0.0    25.64 C    51.7    21.1    31.2    99.7    50.4    79.5   0.072   0.104 -99.000 -99.000 -99.000    31.4    30.8 -9999.0 -9999.0 -9999.0
92826 20240509  2.623  -81.32   25.90    33.4    20.8    27.1    26.8     0.0    25.93 C    48.8    20.2    30.9   100.0    57.4    82.0   0.064   0.097 -99.000 -99.000 -99.000    31.6    31.0 -9999.0 -9999.0 -9999.0
92826 20240510  2.623  -81.32   25.90    32.2    21.3    26.7    26.8     0.0    25.37 C    49.1    19.9    30.7   100.0    51.4    81.4   0.057   0.090 -99.000 -99.000 -99.000    31.8    31.2 -9999.0 -9999.0 -9999.0
92826 20240511  2.623  -81.32   25.90    32.3    20.9    26.6    27.0     0.0    24.53 C    48.4    20.4    30.8   100.0    64.6    83.8   0.050   0.082 -99.000 -99.000 -99.000    32.1    31.5 -9999.0 -9999.0 -9999.0
92826 20240512  2.623  -81.32   25.90    34.5    20.8    27.6    26.7     0.0    24.86 C    51.9    19.0    31.3    99.6    27.6    70.3   0.043   0.074 -99.000 -99.000 -99.000    32.3    31.6 -9999.0 -9999.0 -9999.0
92826 20240513  2.623  -81.32   25.90    35.1    21.5    28.3    28.1     0.0    21.38 C    51.1    21.2    31.8   100.0    55.1    81.4   0.038   0.069 -99.000 -99.000 -99.000    32.4    31.8 -9999.0 -9999.0 -9999.0
92826 20240514  2.623  -81.32   25.90    34.1    24.1    29.1    28.6     0.0    23.62 C    50.9    22.9    32.8    99.2    54.3    80.3   0.035   0.062 -99.000 -99.000 -99.000    33.4    32.6 -9999.0 -9999.0 -9999.0
92826 20240515  2.623  -81.32   25.90    33.9    25.8    29.9    29.2     0.0    18.07 C    50.5    24.8    32.2    96.0    53.2    78.2   0.033   0.057 -99.000 -99.000 -99.000    33.1    32.4 -9999.0 -9999.0 -9999.0
92826 20240516  2.623  -81.32   25.90    32.8    24.6    28.7    28.8     0.0    18.65 C    47.8    23.4    31.5    97.2    60.1    79.6   0.031   0.053 -99.000 -99.000 -99.000    33.0    32.4 -9999.0 -9999.0 -9999.0
92826 20240517  2.623  -81.32   25.90    34.8    22.7    28.7    28.2     0.0    22.63 C    51.5    22.3    32.1   100.0    55.8    81.6   0.029   0.050 -99.000 -99.000 -99.000    33.2    32.5 -9999.0 -9999.0 -9999.0
92826 20240518  2.623  -81.32   25.90    34.8    24.1    29.5    29.2     0.0    24.94 C    51.4    23.0    33.6   100.0    56.2    78.8   0.027   0.047 -99.000 -99.000 -99.000    34.4    33.4 -9999.0 -9999.0 -9999.0
92826 20240519  2.623  -81.32   25.90    34.4    23.0    28.7    28.6    29.3    22.18 C    47.4    21.6    31.5    97.7    52.6    80.3   0.071   0.142 -99.000 -99.000 -99.000    31.7    31.3 -9999.0 -9999.0 -9999.0
92826 20240520  2.623  -81.32   25.90    33.1    23.0    28.0    27.5     0.0    25.33 C    46.4    22.5    30.9    99.9    49.4    80.0   0.074   0.117 -99.000 -99.000 -99.000    32.2    31.8 -9999.0 -9999.0 -9999.0
92826 20240521  2.623  -81.32   25.90    34.3    20.5    27.4    26.5     0.0    22.57 C    49.5    20.7    30.1    98.5    44.1    76.3   0.066   0.106 -99.000 -99.000 -99.000    31.9    31.5 -9999.0 -9999.0 -9999.0
92826 20240522  2.623  -81.32   25.90    35.1    20.8    28.0    26.6     9.1    22.38 C    51.6    20.6    30.3    99.0    45.4    78.4   0.060   0.104 -99.000 -99.000 -99.000    31.5    31.2 -9999.0 -9999.0 -9999.0
92826 20240523  2.623  -81.32   25.90    34.5    21.3    27.9    27.4     0.0    23.96 C    51.5    22.2    31.4   100.0    44.3    75.7   0.078   0.129 -99.000 -99.000 -99.000    31.1    30.9 -9999.0 -9999.0 -9999.0
92826 20240524  2.623  -81.32   25.90    34.0    21.7    27.9    27.6     0.0    23.57 C    49.1    21.8    30.8    97.5    48.4    76.3   0.071   0.111 -99.000 -99.000 -99.000    31.9    31.4 -9999.0 -9999.0 -9999.0
92826 20240525  2.623  -81.32   25.90    34.3    22.5    28.4    28.1     0.0    22.78 C    48.9    22.5    31.3    98.4    52.0    75.9   0.061   0.101 -99.000 -99.000 -99.000    32.4    31.8 -9999.0 -9999.0 -9999.0
92826 20240526  2.623  -81.32   25.90    34.4    21.1    27.8    27.8     0.0    26.74 C    49.6    20.2    31.5    99.9    41.7    73.8   0.051   0.090 -99.000 -99.000 -99.000    32.9    32.2 -9999.0 -9999.0 -9999.0
92826 20240527  2.623  -81.32   25.90    35.1    21.3    28.2    28.4     0.0    26.12 C    50.5    20.5    32.3   100.0    45.8    75.7   0.042   0.078 -99.000 -99.000 -99.000    33.5    32.7 -9999.0 -9999.0 -9999.0
92826 20240528  2.623  -81.32   25.90    34.5    23.5    29.0    29.1     0.0    25.93 C    51.2    22.9    33.1    98.9    51.3    76.9   0.037   0.068 -99.000 -99.000 -99.000    34.3    33.5 -9999.0 -9999.0 -9999.0
92826 20240529  2.623  -81.32   25.90    34.7    21.6    28.2    28.1     0.0    25.04 C    51.1    22.0    32.5   100.0    39.2    78.0   0.033   0.059 -99.000 -99.000 -99.000    34.4    33.6 -9999.0 -9999.0 -9999.0
92826 20240530  2.623  -81.32   25.90    35.8    20.7    28.2    26.5     2.6    23.04 C    55.0    21.0    30.8    98.4    50.8    80.1   0.034   0.058 -99.000 -99.000 -99.000    32.5    32.4 -9999.0 -9999.0 -9999.0
92826 20240531  2.623  -81.32   25.90    35.2    20.1    27.6    27.3     0.0    22.10 C    53.0    20.3    31.2    98.7    45.7    71.4   0.036   0.059 -99.000 -99.000 -99.000    31.5    31.4 -9999.0 -9999.0 -9999.0
92826 20240601  2.623  -81.32   25.90    34.5    19.5    27.0    26.6     0.0    22.19 C    53.9    19.1    31.0    93.3    45.1    71.3   0.031   0.054 -99.000 -99.000 -99.000    32.0    31.4 -9999.0 -9999.0 -9999.0
92826 20240602  2.623  -81.32   25.90    33.6    21.5    27.6    25.0     4.4    14.58 C    50.0    21.4    27.4    97.6    58.6    85.8   0.036   0.060 -99.000 -99.000 -99.000    29.7    30.0 -9999.0 -9999.0 -9999.0
92826 20240603  2.623  -81.32   25.90    34.5    20.7    27.6    26.4     0.0    19.65 C    51.9    20.7    29.9   100.0    44.3    78.4   0.043   0.064 -99.000 -99.000 -99.000    30.1    30.0 -9999.0 -9999.0 -9999.0
92826 20240604  2.623  -81.32   25.90    35.4    20.4    27.9    27.4     0.0    24.76 C    53.6    20.0    32.1    96.6    38.9    71.3   0.035   0.057 -99.000 -99.000 -99.000    32.2    31.4 -9999.0 -9999.0 -9999.0
92826 20240605  2.623  -81.32   25.90    36.1    20.4    28.3    27.2     3.1    21.69 C    52.4    20.1    31.4    97.4    47.8    79.5   0.033   0.056 -99.000 -99.000 -99.000    32.3    31.8 -9999.0 -9999.0 -9999.0
92826 20240606  2.623  -81.32   25.90    35.2    22.8    29.0    28.5     0.0    24.36 C    49.4    22.7    32.3   100.0    46.4    77.8   0.039   0.058 -99.000 -99.000 -99.000    32.4    32.1 -9999.0 -9999.0 -9999.0
92826 20240607  2.623  -81.32   25.90    35.3    21.6    28.5    27.9     0.0    21.12 C    50.2    21.7    32.0    96.8    54.1    77.9   0.032   0.052 -99.000 -99.000 -99.000    32.7    32.1 -9999.0 -9999.0 -9999.0
92826 20240608  2.623  -81.32   25.90    33.7    22.3    28.0    27.8    26.9    24.22 C    45.9    21.7    30.8    99.5    59.8    82.6   0.062   0.125 -99.000 -99.000 -99.000    31.5    31.2 -9999.0 -9999.0 -9999.0
92826 20240609  2.623  -81.32   25.90    33.5    23.8    28.7    28.9     0.0    25.47 C    46.8    23.8    32.2    99.2    63.0    80.5   0.065   0.111 -99.000 -99.000 -99.000    33.1    32.4 -9999.0 -9999.0 -9999.0
92826 20240610  2.623  -81.32   25.90    33.2    24.9    29.0    28.7    13.4    20.89 C    44.2    24.8    31.0    98.5    64.0    83.5 -99.000 -99.000 -99.000 -99.000 -99.000 -9999.0 -9999.0 -9999.0 -9999.0 -9999.0
92826 20240611  2.623  -81.32   25.90    27.5    22.9    25.2    24.9   187.8     0.52 C    27.4    24.0    25.7   100.0    90.0    97.6 -99.000 -99.000 -99.000 -99.000 -99.000 -9999.0 -9999.0 -9999.0 -9999.0 -9999.0
92826 20240612  2.623  -81.32   25.90    29.3    24.0    26.7    25.4   146.4     2.02 C    29.9    22.4    24.5   100.0    85.5    97.6   0.195   0.274 -99.000 -99.000 -99.000    25.9    26.3 -9999.0 -9999.0 -9999.0
92826 20240613  2.623  -81.32   25.90    28.8    23.3    26.1    25.6    39.0     4.36 C    32.7    22.7    26.5   100.0    84.0    96.4   0.169   0.243 -99.000 -99.000 -99.000    26.3    26.5 -9999.0 -9999.0 -9999.0
92826 20240614  2.623  -81.32   25.90    29.0    23.9    26.5    26.2     2.3    11.82 C    37.6    24.4    28.7   100.0    75.7    91.0   0.146   0.214 -99.000 -99.000 -99.000    27.4    27.4 -9999.0 -9999.0 -9999.0
92826 20240615  2.623  -81.32   25.90    29.7    24.9    27.3    27.1     0.0     9.41 C    36.8    25.2    29.3    97.6    66.9    85.4   0.137   0.201 -99.000 -99.000 -99.000    28.1    28.0 -9999.0 -9999.0 -9999.0
92826 20240616  2.623  -81.32   25.90    32.6    25.6    29.1    28.7     0.0    18.14 C    45.7    24.8    31.5    96.7    58.5    79.1   0.127   0.190 -99.000 -99.000 -99.000    29.5    29.1 -9999.0 -9999.0 -9999.0
92826 20240617  2.623  -81.32   25.90    31.5    25.9    28.7    28.6     0.0    22.64 C    46.2    25.1    31.9    98.7    63.1    79.7   0.118   0.179 -99.000 -99.000 -99.000    30.1    29.7 -9999.0 -9999.0 -9999.0
92826 20240618  2.623  -81.32   25.90    32.2    25.9    29.0    28.8     0.0    24.83 C    47.5    24.2    32.2    87.4    56.0    72.4   0.111   0.169 -99.000 -99.000 -99.000    30.4    30.0 -9999.0 -9999.0 -9999.0
92826 20240619  2.623  -81.32   25.90    31.3    24.7    28.0    28.2    11.7    16.98 C    43.4    24.4    30.4    96.3    60.6    80.8   0.124   0.184 -99.000 -99.000 -99.000    29.5    29.4 -9999.0 -9999.0 -9999.0
92826 20240620  2.623  -81.32   25.90    32.0    25.1    28.6    28.2     0.0    20.90 C    46.0    24.5    30.9    98.8    57.8    79.2   0.120   0.177 -99.000 -99.000 -99.000    29.8    29.5 -9999.0 -9999.0 -9999.0
92826 20240621  2.623  -81.32   25.90    34.6    24.4    29.5    28.5     0.0    22.15 C    48.6    23.6    31.9    97.7    59.0    83.2   0.108   0.163 -99.000 -99.000 -99.000    30.9    30.4 -9999.0 -9999.0 -9999.0
92826 20240622  2.623  -81.32   25.90    33.6    24.6    29.1    27.2    32.4    13.67 C    47.8    23.9    29.2    98.6    62.0    89.6   0.134   0.203 -99.000 -99.000 -99.000    29.6    29.7 -9999.0 -9999.0 -9999.0
92826 20240623  2.623  -81.32   25.90    31.6    24.7    28.1    26.6    10.2    16.14 C    46.1    24.0    30.1   100.0    71.3    91.5   0.138   0.207 -99.000 -99.000 -99.000    29.4    29.4 -9999.0 -9999.0 -9999.0
92826 20240624  2.623  -81.32   25.90    32.0    24.4    28.2    27.0     2.9    16.73 C    45.4    24.4    30.0    99.4    64.3    88.2   0.133   0.196 -99.000 -99.000 -99.000    29.6    29.6 -9999.0 -9999.0 -9999.0
92826 20240625  2.623  -81.32   25.90    30.9    26.0    28.4    27.8     4.6    18.89 C    42.3    25.9    30.2    99.8    73.9    88.9   0.130   0.191 -99.000 -99.000 -99.000    30.0    29.9 -9999.0 -9999.0 -9999.0
92826 20240626  2.623  -81.32   25.90    31.9    26.2    29.1    29.0     0.0    21.02 C    44.7    25.8    31.6    96.4    66.6    81.3   0.119   0.178 -99.000 -99.000 -99.000    30.7    30.5 -9999.0 -9999.0 -9999.0
92826 20240627  2.623  -81.32   25.90    32.3    27.3    29.8    29.7     0.0    24.88 C    43.6    25.5    32.2    90.2    65.2    77.8   0.109   0.167 -99.000 -99.000 -99.000    31.7    31.2 -9999.0 -9999.0 -9999.0
92826 20240628  2.623  -81.32   25.90    34.3    27.3    30.8    29.9     0.0    24.20 C    46.0    26.4    33.0    93.6    56.8    79.5   0.101   0.159 -99.000 -99.000 -99.000    32.8    32.2 -9999.0 -9999.0 -9999.0
92826 20240629  2.623  -81.32   25.90    35.1    24.3    29.7    29.0     4.7    21.81 C    50.2    25.1    32.5    96.3    56.5    81.7   0.101   0.154 -99.000 -99.000 -99.000    32.5    32.1 -9999.0 -9999.0 -9999.0
92826 20240630  2.623  -81.32   25.90    31.2    25.1    28.2    26.7     0.6    11.63 C    44.2    25.5    29.5    99.4    69.1    90.9   0.111   0.158 -99.000 -99.000 -99.000    29.9    30.0 -9999.0 -9999.0 -9999.0
92826 20240701  2.623  -81.32   25.90    31.9    24.2    28.0    26.3     9.7    14.19 C    39.4    24.3    28.1   100.0    67.4    92.3   0.122   0.176 -99.000 -99.000 -99.000    29.3    29.5 -9999.0 -9999.0 -9999.0
92826 20240702  2.623  -81.32   25.90 -9999.0 -9999.0 -9999.0 -9999.0 -9999.0 -9999.00 U -9999.0 -9999.0 -9999.0 -9999.0 -9999.0 -9999.0 -99.000 -99.000 -99.000 -99.000 -99.000 -9999.0 -9999.0 -9999.0 -9999.0 -9999.0
