53926 20240101  2.622  -97.09   36.12     5.4    -4.2     0.6     0.1     0.0     8.28 C    10.4    -5.9     1.1    87.2    47.9    69.5   0.326   0.327   0.416   0.499   0.494     4.2     6.1     8.0     8.5    10.2
53926 20240102  2.622  -97.09   36.12     8.2    -4.2     2.0     0.8     0.0     5.55 C    12.9    -5.8     0.4    90.2    52.5    75.8   0.323   0.327   0.394   0.499   0.498     4.1     5.7     7.6     8.2    10.0
53926 20240103  2.622  -97.09   36.12    10.7    -4.6     3.0     1.1     0.0    10.42 C    15.1    -6.2     0.8    92.0    44.2    77.9   0.322   0.326   0.383   0.501   0.496     4.1     5.7     7.4     7.9     9.7
53926 20240104  2.622  -97.09   36.12    11.5    -5.8     2.8     3.2     0.0     8.75 C    14.6    -7.1     2.8    90.8    44.4    69.4   0.319   0.325   0.379   0.500   0.494     4.6     5.7     7.2     7.7     9.5
53926 20240105  2.622  -97.09   36.12     5.4     2.0     3.7     3.4     6.6     0.82 C     5.6     2.1     3.6    92.2    68.2    88.1   0.345   0.331   0.385   0.499   0.493     5.4     6.4     7.5     7.8     9.3
53926 20240106  2.622  -97.09   36.12     7.7    -0.1     3.8     2.7     0.0     3.97 C    12.0    -2.9     2.8    90.5    61.4    81.2   0.348   0.334   0.410   0.498   0.490     5.7     6.6     7.6     7.9     9.3
53926 20240107  2.622  -97.09   36.12    13.0    -4.6     4.2     4.6     0.0     9.99 C    15.7    -6.6     3.4    90.3    31.4    61.4   0.343   0.334   0.420   0.498   0.496     4.9     6.1     7.5     7.8     9.3
53926 20240108  2.622  -97.09   36.12     9.1     4.2     6.7     6.5    13.1     1.91 C     8.3     2.8     6.1    91.4    44.4    78.8   0.395   0.409   0.458   0.499   0.497     6.2     6.7     7.5     7.8     9.2
53926 20240109  2.622  -97.09   36.12     4.2    -5.0    -0.4    -0.8     0.3     6.62 C     5.6    -6.4    -0.8    90.9    60.3    73.5   0.381   0.441   0.476   0.498   0.497     4.1     6.4     7.5     7.9     9.2
53926 20240110  2.622  -97.09   36.12    11.6    -5.4     3.1     1.7     0.0    11.23 C    15.1    -6.4     0.5    86.7    30.8    63.1   0.367   0.408 -99.000   0.488   0.486     3.7     5.4     6.9     7.4     9.1
53926 20240111  2.622  -97.09   36.12    17.2    -5.0     6.1     5.7     0.0    10.93 C    16.7    -6.6     4.2    88.2    25.6    60.1   0.361   0.387 -99.000   0.495   0.485     4.7     5.6     6.7     7.0     8.8
53926 20240112  2.622  -97.09   36.12     0.9    -9.4    -4.3    -5.0     0.0    11.28 C     4.7    -9.5    -4.2    76.8    38.9    60.0   0.347   0.362   0.475   0.497   0.486     2.1     5.0     6.7     7.1     8.7
53926 20240113  2.622  -97.09   36.12    -6.6   -16.3   -11.4   -10.5     0.0     9.56 C    -0.4   -14.5    -8.6    76.0    48.2    62.1 -99.000   0.346   0.449   0.496   0.496     0.1     3.3     5.8     6.5     8.5
53926 20240114  2.622  -97.09   36.12   -14.6   -21.1   -17.9   -16.6     4.9     3.38 C    -8.4   -22.6   -14.9    75.9    42.9    58.8 -99.000   0.339   0.432   0.496   0.497    -1.6     2.0     4.9     5.8     8.1
53926 20240115  2.622  -97.09   36.12   -10.1   -22.2   -16.1   -14.8     0.0    11.54 C    -5.2   -23.6   -14.1    76.4    46.2    60.7 -99.000   0.335   0.422   0.496   0.496    -1.2     1.8     4.3     5.2     7.6
53926 20240116  2.622  -97.09   36.12    -6.5   -19.7   -13.1   -12.9     0.0    12.15 C    -0.8   -23.7   -13.7    69.1    29.5    50.4 -99.000   0.331   0.384   0.493   0.494    -1.0     1.6     4.0     4.8     7.2
53926 20240117  2.622  -97.09   36.12     6.9   -12.5    -2.8    -2.1     0.0    11.77 C     5.9   -16.6    -3.8    52.9    28.1    40.4 -99.000   0.333   0.383   0.493   0.497    -0.5     1.5     3.7     4.6     6.9
53926 20240118  2.622  -97.09   36.12     8.3    -6.9     0.7     0.9     0.0    10.86 C    13.0    -8.1     0.2    78.3    31.8    51.9 -99.000   0.332   0.381   0.487   0.498    -0.1     1.6     3.6     4.4     6.6
53926 20240119  2.622  -97.09   36.12    -4.6   -11.9    -8.3    -8.5     0.0    11.96 C     1.7   -10.6    -6.6    62.6    37.0    50.4 -99.000   0.328   0.374   0.443   0.495    -0.7     1.5     3.6     4.3     6.4
53926 20240120  2.622  -97.09   36.12    -2.3   -13.2    -7.7    -8.2     0.0    11.43 C     3.1   -12.0    -6.2    62.4    34.9    50.3 -99.000   0.326   0.372   0.386   0.496    -1.1     1.3     3.4     4.2     6.3
53926 20240121  2.622  -97.09   36.12     1.6    -7.9    -3.2    -2.7     0.0     2.96 C     5.3    -8.6    -2.3    86.1    36.1    54.7 -99.000   0.325   0.368   0.372   0.493    -0.6     1.2     3.2     3.9     6.1
53926 20240122  2.622  -97.09   36.12     1.1    -1.6    -0.3    -0.2    10.5     1.25 C     0.8    -1.4    -0.2    93.5    86.2    90.9 -99.000   0.340   0.388   0.400   0.496    -0.1     1.4     3.1     3.8     5.9
53926 20240123  2.622  -97.09   36.12     4.9     0.5     2.7     2.6     0.0     1.75 C     6.2     0.4     2.9    96.3    93.2    94.8 -99.000   0.435   0.470   0.493   0.500     0.3     1.5     3.0     3.7     5.8
53926 20240124  2.622  -97.09   36.12     6.2     2.6     4.4     4.3     1.3     2.47 C     8.6     2.7     4.9    95.6    92.8    94.4   0.380   0.434   0.468   0.493   0.496     3.2     2.9     3.5     3.9     5.7
53926 20240125  2.622  -97.09   36.12     8.5     3.6     6.1     5.8     0.0     3.09 C    11.6     3.4     6.3    95.5    79.1    90.2   0.369   0.436   0.473   0.496   0.496     5.1     4.4     4.6     4.8     5.9
53926 20240126  2.622  -97.09   36.12     7.4     4.5     6.0     6.0    10.4     1.72 C     8.5     4.5     6.1    92.9    80.3    89.7   0.374   0.418   0.475   0.494   0.492     5.7     5.4     5.5     5.6     6.4
53926 20240127  2.622  -97.09   36.12     4.5    -2.7     0.9     1.1     6.2     1.86 C     4.5    -4.6     1.2    93.2    82.3    88.9   0.431   0.436   0.470   0.493   0.495     4.3     5.2     5.8     6.1     6.8
53926 20240128  2.622  -97.09   36.12    15.7    -4.9     5.4     4.0     0.0    13.27 C    18.8    -6.2     2.6    93.8    34.5    75.9   0.401   0.440   0.470   0.494   0.493     3.9     4.5     5.5     5.9     6.9
53926 20240129  2.622  -97.09   36.12    20.9    -2.2     9.3     7.6     0.0    12.99 C    24.4    -3.7     6.3    92.7    30.5    71.3   0.383   0.441   0.468   0.480   0.485     5.5     5.2     5.7     6.0     7.0
53926 20240130  2.622  -97.09   36.12    19.1     2.4    10.8     9.1     0.0    12.89 C    23.1    -0.7     7.2    90.4    37.3    69.0   0.371   0.417   0.471   0.491   0.485     6.5     6.1     6.3     6.5     7.1
53926 20240131  2.622  -97.09   36.12    23.3    -0.5    11.4    10.9     0.0    12.65 C    27.0    -2.1     8.8    92.7    26.0    62.3   0.362   0.391   0.476   0.495   0.494     7.3     6.6     6.8     7.0     7.4
53926 20240201  2.622  -97.09   36.12    24.2     9.5    16.8    15.6     0.0     9.85 C    27.7     5.1    13.5    68.6    22.2    47.4   0.356   0.384   0.481   0.494   0.502     9.3     7.8     7.5     7.6     7.7
53926 20240202  2.622  -97.09   36.12    19.5     9.5    14.5    13.9     0.2     8.28 C    23.9     5.4    13.0    88.7    53.5    77.0   0.352   0.377   0.475   0.493   0.506    10.6     8.9     8.3     8.3     8.2
53926 20240203  2.622  -97.09   36.12    14.8    10.3    12.6    12.3     3.7     2.65 C    15.6     9.5    11.6    89.6    67.7    84.5   0.353   0.369   0.483   0.492   0.516    10.6     9.7     9.0     9.0     8.6
53926 20240204  2.622  -97.09   36.12    10.3     6.3     8.3     8.7     3.5     1.12 C    10.8     5.8     8.7    91.2    84.3    89.0   0.355   0.368   0.488   0.498   0.508     9.1     9.2     9.3     9.4     9.1
53926 20240205  2.622  -97.09   36.12    11.3    -0.2     5.6     5.7     0.0    12.74 C    16.8    -2.1     5.5    92.6    54.1    79.9   0.348   0.367   0.479   0.497   0.510     7.4     8.3     9.0     9.3     9.3
53926 20240206  2.622  -97.09   36.12    17.3    -2.2     7.5     7.0     0.0    12.08 C    23.0    -3.4     6.7    98.7    27.6    69.5   0.343   0.364   0.475   0.502   0.505     7.2     7.6     8.5     9.0     9.3
53926 20240207  2.622  -97.09   36.12    18.9     7.0    13.0    13.3     0.0     8.01 C    20.5     3.9    11.9    70.2    30.1    47.1   0.340   0.362   0.479   0.491   0.504     9.1     8.5     8.7     9.0     9.3
53926 20240208  2.622  -97.09   36.12    21.2    10.9    16.0    15.5     0.0    14.45 C    27.4     6.4    13.7    71.8    19.6    42.1   0.332   0.355   0.456   0.495   0.499    10.7     9.6     9.3     9.3     9.4
53926 20240209  2.622  -97.09   36.12    17.2     6.4    11.8    12.1     0.0     5.34 C    19.1     2.9     9.5    61.0    26.6    42.5   0.328   0.351   0.436   0.498   0.494     9.0     9.2     9.5     9.7     9.6
53926 20240210  2.622  -97.09   36.12    11.2     3.9     7.5     7.3     0.0     6.39 C    15.7     1.6     7.0    76.9    47.9    60.8   0.325   0.345   0.433   0.500   0.492     7.7     8.6     9.3     9.6     9.8
53926 20240211  2.622  -97.09   36.12     5.9     1.3     3.6     4.3     2.5     2.30 C     7.7     1.8     4.5    87.8    54.4    68.2   0.320   0.344   0.430   0.500   0.496     5.9     7.6     8.9     9.3     9.7
53926 20240212  2.622  -97.09   36.12    12.0    -0.3     5.9     4.0     6.0    15.12 C    18.6    -2.6     4.1    92.4    32.1    73.9   0.351   0.367   0.453   0.494   0.500     5.8     7.0     8.3     8.8     9.6
53926 20240213  2.622  -97.09   36.12    17.0    -2.3     7.3     7.1     0.0    15.28 C    23.5    -4.2     5.9    92.0    21.4    59.5   0.344   0.379   0.477   0.499   0.498     6.5     7.1     8.1     8.6     9.4
53926 20240214  2.622  -97.09   36.12    20.9     0.5    10.7    11.8     0.0    14.96 C    25.8    -1.7    10.0    82.4    25.1    54.3   0.338   0.364   0.476   0.494   0.503     8.2     7.8     8.3     8.6     9.3
53926 20240215  2.622  -97.09   36.12    14.3     2.4     8.3     8.6     0.0    14.91 C    21.2     0.5     8.4    82.5    42.4    65.4   0.333   0.358   0.463   0.492   0.501     8.2     8.4     8.8     9.0     9.4
53926 20240216  2.622  -97.09   36.12     8.3    -0.7     3.8     3.6     0.0    11.57 C    14.5     0.0     4.6    89.8    42.4    63.8   0.327   0.353   0.429   0.494   0.483     5.8     7.5     8.8     9.2     9.5
53926 20240217  2.622  -97.09   36.12     1.2    -7.4    -3.1    -2.9     0.0     8.74 C     9.1    -9.3    -1.9    77.1    27.9    52.5   0.318   0.349   0.428   0.492   0.481     2.6     5.6     8.0     8.8     9.5
53926 20240218  2.622  -97.09   36.12    13.4    -7.3     3.0     2.9     0.0    16.15 C    23.0    -9.5     2.6    85.3    24.0    55.2   0.310   0.346   0.428   0.487   0.480     3.6     5.1     7.0     8.0     9.2
53926 20240219  2.622  -97.09   36.12    16.9     0.8     8.8     7.4     0.0    15.54 C    25.6    -3.9     6.8    83.2    30.1    53.3   0.308   0.346   0.391   0.493   0.486     6.1     6.3     7.2     7.8     8.9
53926 20240220  2.622  -97.09   36.12    24.9    -2.1    11.4    11.3     0.0    15.88 C    29.2    -4.1     9.8    90.1    15.9    53.2   0.304   0.345   0.421   0.484   0.489     7.7     7.2     7.7     8.1     8.8
53926 20240221  2.622  -97.09   36.12    29.2     1.5    15.3    16.9     0.0    13.60 C    33.4    -1.2    14.9    87.5    10.4    46.2   0.302   0.343   0.434   0.494   0.488    10.3     8.6     8.4     8.6     8.9
53926 20240222  2.622  -97.09   36.12    21.5     7.1    14.3    14.5     0.0    14.97 C    27.2     2.7    13.1    88.2    35.3    57.8   0.301   0.341   0.390   0.484   0.492    11.0     9.9     9.5     9.4     9.2
53926 20240223  2.622  -97.09   36.12    20.5     2.0    11.3    10.5     0.0    16.35 C    30.3    -1.6     9.5    77.4    16.7    49.1   0.298   0.342   0.432   0.464   0.486     9.2     9.4     9.7     9.9     9.7
53926 20240224  2.622  -97.09   36.12    23.0    -0.7    11.1    12.4     0.0    16.44 C    30.6    -3.5    11.3    80.6    11.5    43.4   0.294   0.342   0.446   0.464   0.500     9.3     9.1     9.6     9.9     9.9
53926 20240225  2.622  -97.09   36.12    25.8     5.8    15.8    16.0     0.0    16.37 C    33.3     1.9    14.6    75.1    17.0    41.4   0.291   0.339   0.388   0.396   0.492    11.4    10.3    10.0    10.2    10.0
53926 20240226  2.622  -97.09   36.12    30.9     1.6    16.2    17.6     0.0    13.11 C    35.8    -0.6    15.6    86.4    11.6    43.6   0.290   0.342   0.436   0.410   0.487    11.7    10.4    10.4    10.6    10.3
53926 20240227  2.622  -97.09   36.12    29.3     0.9    15.1    19.5     0.0     9.18 C    35.1     0.7    17.3    47.4    18.8    30.2   0.283 -99.000   0.445   0.439   0.476    13.1    11.7    11.1    11.1    10.5
53926 20240228  2.622  -97.09   36.12     7.1    -5.0     1.0     0.5     0.0    16.96 C    17.9    -6.1     2.7    69.6    24.4    43.6   0.281   0.340   0.379   0.391   0.475     6.2     9.1    10.7    11.2    10.8
53926 20240229  2.622  -97.09   36.12    11.9    -3.1     4.4     2.9     4.1     8.07 C    20.0    -6.1     2.8    86.9    14.6    59.9   0.279 -99.000   0.401   0.407   0.472     5.7     7.9     9.6    10.3    10.8
53926 20240301  2.622  -97.09   36.12    14.2     1.7     8.0     6.6     0.0    11.55 C    20.7     0.8     7.3    88.9    50.6    75.4   0.281   0.341   0.377   0.377   0.474     7.3     8.1     9.1     9.6    10.4
53926 20240302  2.622  -97.09   36.12    28.0     5.2    16.6    16.2     0.0    17.76 C    33.3     3.1    15.5    91.8    16.8    54.5   0.277 -99.000   0.428   0.425   0.481    11.1     9.4     9.5     9.8    10.2
53926 20240303  2.622  -97.09   36.12    28.8    15.6    22.2    21.6     0.0    17.29 C    36.4    11.6    20.5    66.0    15.8    44.7   0.277   0.339   0.479   0.468   0.508    14.6    11.7    10.8    10.7    10.4
53926 20240304  2.622  -97.09   36.12    25.9     8.5    17.2    18.2     0.0    15.44 C    37.1     4.0    17.5    80.7    24.5    54.2   0.275 -99.000   0.438   0.446   0.474    14.9    12.9    12.0    11.8    10.9
53926 20240305  2.622  -97.09   36.12    17.9     3.0    10.5     9.9     0.0    13.23 C    27.2     0.2    10.3    85.7    42.0    66.9   0.276 -99.000   0.450   0.437   0.491    10.8    11.5    11.8    12.0    11.3
53926 20240306  2.622  -97.09   36.12    20.0     4.8    12.4    12.1     0.0    12.65 C    28.4     1.2    13.2    88.1    41.0    67.6   0.274   0.333   0.381   0.385   0.481    11.5    11.3    11.6    11.9    11.5
53926 20240307  2.622  -97.09   36.12    26.2    10.3    18.2    17.3     9.5    11.53 C    32.9     8.8    16.7    86.5    26.9    62.9   0.275 -99.000   0.432   0.436   0.479    13.7    12.3    12.0    12.2    11.6
53926 20240308  2.622  -97.09   36.12    12.4     3.5     7.9     7.5     4.4     1.75 C    11.6     3.6     7.6    92.4    74.0    87.0   0.327 -99.000   0.460   0.457   0.490    10.2    11.6    12.3    12.5    11.9
53926 20240309  2.622  -97.09   36.12    13.0     0.0     6.5     6.4     0.0    19.21 C    22.6    -2.2     7.7    87.1    27.6    56.1   0.335   0.341   0.385   0.393   0.482     8.7    10.0    11.3    11.8    11.9
53926 20240310  2.622  -97.09   36.12    20.1    -2.5     8.8     9.4     0.0    19.45 C    30.6    -3.9     9.7    92.2    19.7    55.0   0.324   0.340   0.384   0.387   0.494     9.5     9.8    10.8    11.4    11.7
53926 20240311  2.622  -97.09   36.12    22.7     3.5    13.1    14.3     0.0    19.00 C    31.4    -0.3    13.9    71.0    24.5    44.0   0.319 -99.000   0.427   0.434   0.492    11.4    10.8    11.1    11.4    11.5
53926 20240312  2.622  -97.09   36.12    25.7    10.0    17.8    17.4     0.0    18.47 C    34.3     6.6    17.1    82.8    31.7    52.7   0.314 -99.000   0.452   0.454   0.481    13.5    12.0    11.6    11.8    11.6
53926 20240313  2.622  -97.09   36.12    29.6     9.1    19.4    19.8     0.0    18.40 C    34.8     6.5    19.4    91.6    18.1    61.8   0.308   0.343   0.416   0.423   0.485    15.1    13.0    12.5    12.5    11.8
53926 20240314  2.622  -97.09   36.12    25.1    11.0    18.1    20.1     0.0    18.61 C    37.8     9.8    21.4    83.7    30.2    60.0   0.303   0.344   0.407   0.400   0.491    16.9    14.7    13.5    13.4    12.2
53926 20240315  2.622  -97.09   36.12    19.8     6.6    13.2    13.4     0.0    12.75 C    31.3     3.1    14.2    77.9    32.5    57.8   0.299 -99.000   0.412   0.422   0.460    13.4    13.7    13.8    13.9    12.7
53926 20240316  2.622  -97.09   36.12    19.1     2.4    10.8    11.7     0.0    10.36 C    25.7     0.8    12.3    89.7    32.6    60.0   0.292   0.361   0.470   0.466   0.483    12.3    12.7    13.3    13.6    13.0
53926 20240317  2.622  -97.09   36.12    17.8     4.4    11.1    12.5     0.0    19.88 C    28.3     0.6    13.8    69.9    18.4    34.3   0.287   0.359   0.463   0.461   0.486    12.3    12.8    13.2    13.5    13.0
53926 20240318  2.622  -97.09   36.12    11.3     1.0     6.2     5.7     0.0    20.77 C    23.7    -2.8     7.7    53.9    17.4    36.1   0.281   0.347   0.410   0.415   0.459     9.6    11.5    12.8    13.3    13.0
53926 20240319  2.622  -97.09   36.12    24.1     1.7    12.9    13.4     0.0    20.32 C    36.2    -2.8    13.8    47.2    18.2    34.1   0.270   0.340   0.386   0.389   0.463    11.9    11.4    12.3    12.9    12.9
53926 20240320  2.622  -97.09   36.12    26.7    10.3    18.5    17.1     6.3    16.03 C    40.9     5.6    17.5    79.9    23.1    50.1   0.268   0.340   0.420   0.423   0.458    14.4    12.9    12.8    13.1    12.8
53926 20240321  2.622  -97.09   36.12    18.8     8.1    13.4    13.9     4.4     8.11 C    24.2     6.1    14.0    90.8    49.2    75.8   0.302 -99.000   0.473   0.454   0.489    13.6    13.2    13.3    13.5    12.9
53926 20240322  2.622  -97.09   36.12    16.5     4.9    10.7    13.0     0.0     7.00 C    19.9     4.0    12.8    92.4    44.6    74.8   0.305 -99.000   0.444   0.448   0.470    12.9    13.2    13.4    13.6    13.1
53926 20240323  2.622  -97.09   36.12    16.0     2.2     9.1     8.8     0.0    18.84 C    24.6     1.6    11.3    82.1    36.5    59.2   0.304   0.339   0.385   0.389   0.453    10.7    11.9    12.8    13.3    13.1
53926 20240324  2.622  -97.09   36.12    15.7    12.0    13.8    13.4     0.7     1.79 C    14.5    11.1    12.5    81.9    64.2    70.9   0.301   0.343   0.377   0.390   0.441    11.9    12.1    12.8    13.2    13.1
53926 20240325  2.622  -97.09   36.12    15.6     1.7     8.7     9.3     0.0    14.44 C    29.3     1.4    11.9    85.8    41.5    62.8   0.297   0.341   0.380   0.385   0.457    11.9    12.4    12.7    13.0    13.0
53926 20240326  2.622  -97.09   36.12    10.5     0.0     5.2     4.1     0.0    21.34 C    26.8    -2.6     7.7    79.0    33.6    50.6   0.290   0.340   0.408   0.414   0.454     9.6    11.0    12.2    12.6    12.9
53926 20240327  2.622  -97.09   36.12    11.7    -3.4     4.1     4.2     0.0    13.26 C    22.9    -4.8     5.3    85.9    31.1    58.8   0.286   0.337   0.379   0.384   0.460     8.5    10.4    11.7    12.2    12.7
53926 20240328  2.622  -97.09   36.12    21.7    -2.5     9.6    10.8     0.0    22.02 C    33.0    -3.9    12.2    91.0    23.5    55.7   0.278   0.336   0.417   0.418   0.471    10.8    10.6    11.3    11.8    12.4
53926 20240329  2.622  -97.09   36.12    24.4    13.8    19.1    18.5     0.0     9.83 C    29.2    10.9    17.1    68.2    38.3    52.7   0.272 -99.000   0.434   0.434   0.455    13.8    12.3    12.2    12.3    12.3
53926 20240330  2.622  -97.09   36.12    25.2     7.8    16.5    17.1     0.0    13.14 C    34.0     5.3    17.2    90.3    46.6    69.3   0.265 -99.000   0.456   0.449   0.473    14.7    13.2    12.8    12.8    12.5
53926 20240331  2.622  -97.09   36.12    25.0    12.9    19.0    20.5     0.0     9.22 C    28.3    10.3    19.9    87.3    57.1    73.3   0.257 -99.000   0.422   0.419   0.470    16.3    14.2    13.6    13.5    12.8
53926 20240401  2.622  -97.09   36.12    26.1    10.3    18.2    19.9    26.6     6.19 C    33.4     9.3    19.6    88.2    59.2    77.5   0.290   0.398   0.460   0.470   0.478    16.9    15.3    14.4    14.2    13.2
53926 20240402  2.622  -97.09   36.12    14.7     5.6    10.2     9.2     0.0    11.96 C    21.7     3.0     9.4    86.6    39.4    69.8   0.370   0.423   0.449   0.471   0.461    12.0    13.9    14.4    14.5    13.6
53926 20240403  2.622  -97.09   36.12    17.8     3.2    10.5    10.9     0.0    23.39 C    27.2     1.0    11.8    83.7    17.5    44.3   0.341   0.387   0.450   0.474   0.465    11.3    12.4    13.6    13.9    13.6
53926 20240404  2.622  -97.09   36.12    20.9     0.8    10.9    10.8     0.0    23.16 C    32.0    -0.5    12.5    90.4    24.0    58.2   0.322   0.367   0.452   0.466   0.462    11.6    12.2    13.3    13.6    13.5
53926 20240405  2.622  -97.09   36.12    26.9     5.6    16.2    17.1     0.0    22.02 C    35.4     3.1    16.8    83.9    20.9    41.6   0.309   0.364   0.468   0.471   0.485    13.5    12.9    13.4    13.7    13.5
53926 20240406  2.622  -97.09   36.12 -9999.0 -9999.0 -9999.0 -9999.0     1.5 -9999.00 U -9999.0 -9999.0 -9999.0 -9999.0 -9999.0 -9999.0 -99.000 -99.000 -99.000 -99.000 -99.000 -9999.0 -9999.0 -9999.0 -9999.0 -9999.0
53926 20240407  2.622  -97.09   36.12    23.5     9.3    16.4    16.7     0.0    23.87 C    37.1     3.5    16.5    53.8    11.8    24.7   0.284   0.389   0.468   0.465   0.476    15.1    14.5    14.5    14.6    13.8
53926 20240408  2.622  -97.09   36.12    22.0     5.0    13.5    14.6     0.0    16.67 C    32.3     1.4    14.7    76.6    26.4    45.9   0.277   0.415   0.456   0.447   0.473    14.2    14.2    14.4    14.5    14.0
53926 20240409  2.622  -97.09   36.12    23.3    12.0    17.6    17.4     0.5    14.55 C    31.2     8.2    17.2    61.0    28.2    42.5   0.267   0.368   0.478   0.469   0.484    15.1    14.4    14.3    14.5    14.0
53926 20240410  2.622  -97.09   36.12    18.4     7.9    13.2    13.1    20.5     7.42 C    19.8     4.9    12.0    88.9    38.3    68.1   0.359   0.406   0.459   0.478   0.485    13.7    14.0    14.4    14.5    14.1
53926 20240411  2.622  -97.09   36.12    20.1     4.8    12.5    12.8     0.0    24.41 C    30.5     1.7    13.0    90.3    14.8    49.9   0.358   0.422   0.461   0.483   0.474    14.0    13.9    14.0    14.2    14.0
53926 20240412  2.622  -97.09   36.12    27.5     2.6    15.0    15.7     0.0    23.13 C    37.1     0.8    16.9    91.2    20.6    51.7   0.334   0.391   0.450   0.460   0.490    14.5    13.9    14.0    14.0    13.9
53926 20240413  2.622  -97.09   36.12    29.4    11.6    20.5    21.7     0.0    23.61 C    36.7     6.7    21.2    77.4    19.6    45.6   0.313   0.359   0.464   0.474   0.470    16.8    15.2    14.7    14.5    13.9
53926 20240414  2.622  -97.09   36.12    33.2    17.7    25.4    25.1     0.0    23.63 C    42.0    13.6    25.4    78.2    22.3    49.6   0.292   0.387   0.449   0.443   0.432    19.3    16.6    15.5    15.3    14.3
53926 20240415  2.622  -97.09   36.12    23.3    17.2    20.3    20.9     0.0     7.02 C    26.6    15.9    20.8    91.5    70.1    79.6   0.279   0.385   0.450   0.448   0.446    18.7    17.3    16.5    16.3    14.8
53926 20240416  2.622  -97.09   36.12    29.5    14.2    21.8    23.9     0.0    24.76 C    38.1    10.5    24.3    79.6    13.9    42.0   0.264   0.342   0.437   0.487   0.486    19.7    17.8    16.8    16.6    15.2
53926 20240417  2.622  -97.09   36.12    32.4    10.0    21.2    22.1     0.0    23.58 C    40.6     7.9    23.3    88.0    22.1    55.0   0.248   0.343   0.444   0.491   0.494    19.2    17.5    17.1    17.0    15.6
53926 20240418  2.622  -97.09   36.12    25.2     8.6    16.9    17.7     0.0     9.02 C    28.7     7.2    18.5    80.1    58.2    68.7   0.233   0.341   0.455   0.493   0.500    18.6    17.9    17.5    17.5    15.9
53926 20240419  2.622  -97.09   36.12    18.7     6.9    12.8    12.7     0.0    18.27 C    30.3     5.8    14.3    84.1    21.6    46.0   0.227   0.358   0.429   0.477   0.462    15.7    16.1    16.7    17.0    16.1
53926 20240420  2.622  -97.09   36.12    17.0     8.4    12.7    13.1     0.0    14.68 C    26.5     4.5    14.5    54.7    27.0    36.3   0.221   0.374   0.465   0.457   0.464    15.0    15.4    16.2    16.5    16.0
53926 20240421  2.622  -97.09   36.12    18.5     3.5    11.0    11.1     0.0    24.42 C    34.7     0.4    14.6    83.7    22.7    44.3   0.211   0.358   0.479   0.468   0.485    15.6    15.3    15.9    16.2    15.8
53926 20240422  2.622  -97.09   36.12    23.1     1.9    12.5    14.2     0.0    24.99 C    33.6    -0.5    15.6    88.0    27.1    50.7   0.201   0.359   0.474   0.478   0.488    15.2    15.0    15.8    16.1    15.6
53926 20240423  2.622  -97.09   36.12    27.1    12.3    19.7    19.6     0.0    19.74 C    44.0     9.1    20.9    83.2    35.4    51.7   0.191   0.367   0.461   0.465   0.469    18.1    16.2    16.2    16.3    15.6
53926 20240424  2.622  -97.09   36.12    24.7    10.9    17.8    18.1     1.1    15.83 C    35.6     8.6    18.5    88.2    31.6    52.9   0.185   0.346   0.466   0.462   0.474    17.0    16.3    16.5    16.6    15.8
53926 20240425  2.622  -97.09   36.12    28.6    17.5    23.0    22.6     4.1    10.67 C    35.7    15.9    22.4    85.1    48.0    68.1   0.182   0.347   0.415   0.446   0.461    19.0    17.2    16.7    16.8    15.9
53926 20240426  2.622  -97.09   36.12    30.8    17.0    23.9    23.7     2.1    21.54 C    38.0    16.5    24.0    87.4    16.9    60.8   0.192   0.373   0.441   0.445   0.459    20.3    18.2    17.4    17.3    16.1
53926 20240427  2.622  -97.09   36.12    27.7    16.9    22.3    23.4    18.8     9.70 C    33.7    16.8    22.9    88.1    52.9    71.1   0.206   0.379   0.440   0.450   0.453    20.2    18.6    18.0    17.8    16.5
53926 20240428  2.622  -97.09   36.12    24.3    14.7    19.5    18.7     2.1    11.79 C    31.7    12.5    19.3    94.1    52.0    78.6   0.320   0.347   0.453   0.450   0.473    18.9    18.3    17.9    17.9    16.7
53926 20240429  2.622  -97.09   36.12    27.2     9.3    18.3    19.2     0.0    26.09 C    39.3     7.1    20.7    93.5    27.2    59.1 -99.000   0.369   0.463   0.461   0.470    18.8    18.0    17.8    17.8    16.8
53926 20240430  2.622  -97.09   36.12    30.5    14.7    22.6    23.1     0.0    23.27 C    38.8    12.0    24.2    86.5    42.3    64.5 -99.000   0.384   0.457   0.473   0.478    20.5    18.8    18.2    18.1    17.0
53926 20240501  2.622  -97.09   36.12    28.6    16.7    22.7    22.4     3.8    21.51 C    37.3    16.0    23.8    84.6    37.9    63.6 -99.000   0.342   0.443   0.433   0.463    21.0    19.5    18.9    18.7    17.2
53926 20240502  2.622  -97.09   36.12    26.1    16.5    21.3    21.9     0.7    13.41 C    40.7    15.6    23.0    79.7    51.0    65.2   0.269   0.339   0.454   0.436   0.468    20.7    19.6    19.1    19.0    17.5
53926 20240503  2.622  -97.09   36.12    25.6    15.0    20.3    19.8     0.0    14.31 C    38.8    14.2    21.6    84.8    55.0    73.6   0.251   0.359   0.449   0.473   0.477    20.1    19.3    19.0    19.0    17.7
53926 20240504  2.622  -97.09   36.12    21.4    16.3    18.9    19.1     1.2    12.10 C    33.5    14.2    19.8    78.7    52.3    67.8   0.240   0.326   0.481   0.485   0.487    19.5    19.2    19.0    19.1    17.9
53926 20240505  2.622  -97.09   36.12    20.4    13.0    16.7    16.5    19.4    11.22 C    28.7    13.7    18.1    91.5    68.2    82.7   0.313   0.330   0.442   0.436   0.472    18.5    18.4    18.6    18.7    17.9
53926 20240506  2.622  -97.09   36.12    27.4    15.6    21.5    20.0    49.8     8.51 C    32.5    15.0    20.4    91.2    63.4    81.7   0.346   0.394   0.474   0.462   0.483    19.5    18.7    18.6    18.6    17.8
53926 20240507  2.622  -97.09   36.12    27.9    10.4    19.2    20.3     0.0    27.50 C    36.5     8.0    20.7    94.6    17.2    51.6   0.403   0.441   0.485   0.490   0.507    19.1    18.5    18.5    18.5    17.8
53926 20240508  2.622  -97.09   36.12    27.0    12.6    19.8    22.3     0.0    24.76 C    39.0    10.6    24.2    86.4    35.3    59.3 -99.000   0.434   0.458   0.444   0.467    20.8    19.4    18.9    18.8    17.8
53926 20240509  2.622  -97.09   36.12    26.5     9.0    17.7    18.3     0.0    23.68 C    38.5     8.0    20.0    87.3    25.6    56.6   0.325   0.408   0.453   0.456   0.452    18.6    18.9    19.1    19.1    18.0
53926 20240510  2.622  -97.09   36.12    25.4    10.3    17.9    18.1     0.0    26.00 C    39.5     8.4    21.0    88.3    31.9    61.9 -99.000   0.369   0.473   0.459   0.465    18.8    18.7    18.9    19.0    18.1
53926 20240511  2.622  -97.09   36.12    27.8    10.9    19.3    20.2     0.0    22.43 C    41.0     9.5    21.9    92.0    27.9    60.2   0.270   0.368   0.461   0.455   0.490    19.2    18.8    19.0    19.1    18.2
53926 20240512  2.622  -97.09   36.12    22.8    12.8    17.8    18.3    17.4    15.14 C    30.7    11.5    19.2    91.7    51.4    75.9   0.275   0.360   0.455   0.461   0.449    19.0    18.8    19.0    19.2    18.2
53926 20240513  2.622  -97.09   36.12    23.6    14.5    19.1    18.5     8.3    19.68 C    34.8    13.1    20.6    92.4    50.1    76.2 -99.000   0.442   0.450   0.446   0.448    19.7    19.0    19.0    19.1    18.3
53926 20240514  2.622  -97.09   36.12    26.4    13.1    19.7    19.3     0.0    26.91 C    37.3    12.3    21.6    89.1    29.4    63.1 -99.000   0.422   0.467   0.457   0.436    19.6    19.2    19.1    19.2    18.3
53926 20240515  2.622  -97.09   36.12    30.6    13.4    22.0    22.3     1.1    23.05 C    37.9    12.0    23.4    90.2    35.6    63.5   0.320   0.380   0.448   0.465   0.477    20.5    19.4    19.4    19.4    18.4
53926 20240516  2.622  -97.09   36.12    25.6    17.4    21.5    20.2    15.1    17.12 C    31.7    16.8    21.6    91.5    56.7    77.4 -99.000   0.429   0.453   0.435   0.445    20.8    20.0    19.8    19.8    18.6
53926 20240517  2.622  -97.09   36.12    27.6    15.3    21.5    21.7     0.0    24.91 C    37.7    14.1    23.8    94.0    45.0    69.8 -99.000   0.442   0.464   0.433   0.456    21.1    20.2    20.2    20.1    18.8
53926 20240518  2.622  -97.09   36.12    31.7    16.0    23.9    24.3     0.0    27.42 C    40.6    14.5    25.7    89.0    35.7    62.1 -99.000   0.399   0.470   0.448   0.457    21.8    20.6    20.4    20.4    19.1
53926 20240519  2.622  -97.09   36.12    31.8    16.5    24.2    25.3     3.0    24.85 C    39.3    14.9    26.2    89.4    47.3    66.2 -99.000   0.403   0.469   0.458   0.485    22.5    21.1    20.8    20.8    19.3
53926 20240520  2.622  -97.09   36.12    31.7    16.9    24.3    24.5    66.6    25.51 C    37.0    17.0    25.1    88.0    43.4    64.7   0.400   0.457   0.459   0.458   0.465    22.0    20.5    20.8    20.9    19.5
53926 20240521  2.622  -97.09   36.12    32.5    19.9    26.2    26.1     0.0    25.78 C    41.2    18.1    27.2    74.8    24.9    56.9 -99.000   0.438   0.458   0.459   0.460    23.3    21.8    21.3    21.3    19.7
53926 20240522  2.622  -97.09   36.12    25.3    16.0    20.6    20.4     4.6    22.77 C    34.2    15.5    22.0    84.1    41.6    62.1 -99.000   0.439   0.467   0.431   0.465    20.8    21.0    21.4    21.5    20.0
53926 20240523  2.622  -97.09   36.12    28.9    16.3    22.6    23.1     0.0    15.44 C    36.6    15.3    24.0    83.7    62.0    74.4 -99.000   0.416   0.459   0.458   0.429    21.7    20.8    21.3    21.5    20.1
53926 20240524  2.622  -97.09   36.12    29.1    14.5    21.8    24.0     0.0    24.42 C    38.8    13.2    25.6    82.3    31.2    58.3 -99.000   0.400   0.456   0.450   0.465    22.2    21.6    21.5    21.6    20.2
53926 20240525  2.622  -97.09   36.12    31.7    13.5    22.6    23.7     0.0    23.94 C    37.9    12.2    24.9    84.5    45.2    63.3 -99.000   0.380   0.472   0.455   0.470    21.8    21.0    21.5    21.7    20.4
53926 20240526  2.622  -97.09   36.12    31.0    18.4    24.7    26.4     0.0    25.67 C    41.8    16.6    28.2    84.5    38.8    62.4   0.215   0.404   0.461   0.453   0.443    23.7    22.3    21.9    22.1    20.5
53926 20240527  2.622  -97.09   36.12    31.8    15.4    23.6    24.4     0.0    27.47 C    40.3    14.3    26.2    91.5    25.5    58.7   0.222   0.366   0.467   0.446   0.474    22.5    21.9    22.3    22.4    20.8
53926 20240528  2.622  -97.09   36.12    27.4    18.8    23.1    22.2     1.8    13.00 C    32.3    16.6    21.6    83.1    51.4    67.9   0.204   0.405   0.436   0.421   0.442    21.6    21.6    22.1    22.5    21.0
53926 20240529  2.622  -97.09   36.12    27.9    16.8    22.4    22.2     0.0    17.52 C    34.7    15.7    22.9    90.8    42.8    70.3   0.207   0.385   0.448   0.445   0.464    21.5    21.2    21.8    22.1    21.0
53926 20240530  2.622  -97.09   36.12    24.9    18.7    21.8    21.0     2.9     8.52 C    27.4    17.9    21.0    90.4    70.7    83.5 -99.000   0.390   0.440   0.456   0.458    21.2    21.2    21.6    21.9    20.9
53926 20240531  2.622  -97.09   36.12    25.9    17.9    21.9    21.1     0.0    11.89 C    33.0    17.3    22.0    90.1    57.4    78.8   0.201   0.355   0.458   0.439   0.455    21.0    20.9    21.3    21.6    20.8
53926 20240601  2.622  -97.09   36.12    30.6    15.7    23.2    23.5     0.0    21.28 C    38.3    15.1    24.9    94.2    45.6    72.1   0.199   0.349   0.454   0.441   0.447    21.8    21.1    21.3    21.5    20.7
53926 20240602  2.622  -97.09   36.12    26.5    19.2    22.8    22.3     0.5     8.67 C    29.9    18.2    22.0    86.5    58.8    72.8   0.194   0.341   0.419   0.465   0.463    21.4    21.4    21.7    21.8    20.7
53926 20240603  2.622  -97.09   36.12    26.5    19.2    22.9    21.8     3.4    10.08 C    31.6    18.5    22.0    87.8    56.2    77.1   0.191   0.275   0.384   0.463   0.485    21.0    20.9    21.2    21.5    20.7
53926 20240604  2.622  -97.09   36.12    30.2    19.3    24.7    24.6     5.5    17.40 C    37.3    19.0    25.7    90.5    52.7    73.2   0.192   0.270   0.400   0.441   0.493    22.6    21.5    21.4    21.5    20.6
53926 20240605  2.622  -97.09   36.12    30.9    18.3    24.6    24.0     0.0    28.64 C    39.6    16.8    25.9    92.3    27.0    60.7   0.210   0.263   0.379   0.409   0.484    22.1    21.7    21.9    21.9    20.7
53926 20240606  2.622  -97.09   36.12    32.8    16.7    24.7    25.3     0.0    22.47 C    41.1    15.5    26.8    88.4    42.8    60.6   0.194   0.255   0.379   0.392   0.486    22.3    21.6    22.1    22.3    20.9
53926 20240607  2.622  -97.09   36.12    33.9    19.6    26.7    27.4     0.0    22.75 C    41.7    17.9    28.4    79.1    34.6    54.6   0.186   0.248   0.377   0.391   0.486    23.6    22.2    22.5    22.7    21.2
53926 20240608  2.622  -97.09   36.12    36.6    24.6    30.6    29.9     0.0    19.79 C    44.9    23.0    30.9    72.4    34.6    54.1   0.180   0.240   0.375   0.389   0.486    24.9    23.1    22.9    23.1    21.4
53926 20240609  2.622  -97.09   36.12    29.3    20.2    24.7    25.2     0.0    21.04 C    43.2    18.5    27.4    77.7    50.8    62.8   0.176   0.234   0.373   0.388   0.484    23.8    23.0    23.3    23.5    21.7
53926 20240610  2.622  -97.09   36.12    29.0    14.6    21.8    22.5     0.0    24.22 C    40.2    12.6    24.4    85.2    29.1    55.0   0.173   0.229   0.362   0.384   0.484    22.0    21.8    23.1    23.6    22.0
53926 20240611  2.622  -97.09   36.12    30.2    14.0    22.1    22.9     0.0    23.89 C    44.3    12.6    25.0    90.8    32.7    60.7   0.171   0.224   0.367   0.390   0.489    22.0    21.5    22.8    23.5    22.1
53926 20240612  2.622  -97.09   36.12    32.9    14.7    23.8    25.1     0.0    27.54 C    47.2    13.4    28.4    91.3    34.8    60.9   0.168   0.221   0.362   0.387   0.490    23.2    21.9    22.8    23.4    22.1
53926 20240613  2.622  -97.09   36.12    34.9    20.9    27.9    28.2     0.0    26.90 C    48.9    19.7    31.7    79.5    42.5    60.5   0.166   0.219   0.357   0.391   0.489    25.5    23.3    23.5    23.8    22.1
53926 20240614  2.622  -97.09   36.12    36.7    20.9    28.8    29.5     0.0    26.51 C    49.2    19.4    33.2    82.4    30.9    55.5   0.164   0.217   0.338   0.381   0.485    26.0    24.0    24.1    24.4    22.4
53926 20240615  2.622  -97.09   36.12    34.8    23.8    29.3    28.9     0.0    24.68 C    48.0    22.6    31.7    79.2    32.9    55.0   0.162   0.215   0.334   0.385   0.485    26.3    24.6    24.6    24.9    22.8
53926 20240616  2.622  -97.09   36.12    34.7    23.0    28.8    28.8     0.0    23.10 C    46.4    21.9    31.2    73.8    40.7    55.3   0.159   0.212   0.320   0.384   0.477    26.5    24.8    24.8    25.1    23.1
53926 20240617  2.622  -97.09   36.12    34.7    23.3    29.0    28.9     0.0    23.82 C    43.7    22.2    31.0    77.9    40.0    57.9   0.157   0.211   0.315   0.393   0.482    27.0    25.2    25.0    25.2    23.3
53926 20240618  2.622  -97.09   36.12    32.5    25.5    29.0    28.2     0.0    18.57 C    38.1    24.5    29.4    70.4    44.8    59.2   0.154   0.209   0.302   0.390   0.479    26.6    25.1    25.1    25.4    23.5
53926 20240619  2.622  -97.09   36.12    32.9    21.0    26.9    27.1     0.0    19.73 C    41.7    21.3    29.4    85.2    40.0    63.7   0.152   0.208   0.291   0.368   0.472    26.1    25.2    25.0    25.3    23.6
53926 20240620  2.622  -97.09   36.12    32.6    21.7    27.1    27.1     0.0    16.84 C    39.9    21.2    28.7    86.4    44.2    64.9   0.151   0.206   0.284   0.357   0.476    25.9    25.1    25.1    25.4    23.7
53926 20240621  2.622  -97.09   36.12    34.5    23.6    29.1    28.8     0.0    22.42 C    42.6    23.3    30.7    82.2    37.4    59.1   0.150   0.206   0.280   0.351   0.476    26.8    25.4    25.2    25.5    23.8
53926 20240622  2.622  -97.09   36.12    37.1    23.7    30.4    30.5     0.0    25.22 C    48.1    23.1    33.5    70.6    32.5    51.1   0.148   0.205   0.269   0.335   0.470    27.8    25.8    25.5    25.8    23.9
53926 20240623  2.622  -97.09   36.12    38.7    23.6    31.2    31.8     0.0    26.89 C    53.2    22.8    35.2    74.5    28.8    49.6   0.147   0.204   0.262   0.318   0.460    28.2    26.5    26.1    26.2    24.1
53926 20240624  2.622  -97.09   36.12    36.7    26.8    31.7    31.1     0.0    20.54 C    52.6    25.4    33.8    72.0    33.9    52.8   0.145   0.203   0.257   0.304   0.458    28.3    26.8    26.5    26.7    24.4
53926 20240625  2.622  -97.09   36.12    38.1    22.9    30.5    30.1    35.9    24.13 C    52.3    21.8    33.5    86.1    36.8    59.5   0.172   0.216   0.263   0.303   0.465    28.2    26.7    26.5    26.8    24.7
53926 20240626  2.622  -97.09   36.12    34.6    22.8    28.7    28.4     0.0    24.01 C    44.1    21.8    30.1    86.9    43.8    62.7   0.294   0.265   0.286   0.314   0.472    26.0    25.6    26.2    26.7    24.8
53926 20240627  2.622  -97.09   36.12    34.1    21.1    27.6    28.2     0.0    26.75 C    41.9    20.2    30.1    86.5    37.0    56.8   0.275   0.261   0.281   0.314   0.472    25.7    25.3    26.1    26.5    24.8
53926 20240628  2.622  -97.09   36.12    37.1    25.5    31.3    30.7     0.0    24.89 C    44.7    25.2    32.4    71.9    39.3    57.5   0.254   0.256   0.273   0.299   0.459    26.8    25.7    26.1    26.4    24.8
53926 20240629  2.622  -97.09   36.12    37.5    23.9    30.7    30.8     0.5    22.28 C    46.2    22.9    32.5    81.8    40.7    59.8   0.238   0.250   0.273   0.297   0.457    27.4    26.3    26.4    26.7    24.9
53926 20240630  2.622  -97.09   36.12    32.5    23.2    27.9    26.7     0.0    18.77 C    39.2    23.6    28.4    86.0    44.3    70.1   0.224   0.247   0.272   0.302   0.470    25.6    25.5    26.5    26.9    25.1
53926 20240701  2.622  -97.09   36.12    37.3    23.4    30.3    30.8     0.0    26.84 C    46.9    23.1    33.1    89.3    35.6    58.7   0.208   0.239   0.261   0.288   0.450    27.2    25.9    26.5    26.9    25.1
53926 20240702  2.622  -97.09   36.12 -9999.0 -9999.0 -9999.0 -9999.0 -9999.0 -9999.00 U -9999.0 -9999.0 -9999.0 -9999.0 -9999.0 -9999.0 -99.000 -99.000 -99.000 -99.000 -99.000 -9999.0 -9999.0 -9999.0 -9999.0 -9999.0
