27516 20240101  2.424 -156.61   71.32   -25.8   -29.6   -27.7   -28.2     0.0     0.00 C   -26.0   -29.7   -28.4    76.1    73.3    74.4 -99.000 -99.000 -99.000 -99.000 -99.000 -9999.0 -9999.0 -9999.0 -9999.0 -9999.0
27516 20240102  2.424 -156.61   71.32   -18.7   -26.2   -22.4   -21.7     1.2     0.00 C   -18.9   -26.3   -21.9    82.7    75.6    79.0 -99.000 -99.000 -99.000 -99.000 -99.000 -9999.0 -9999.0 -9999.0 -9999.0 -9999.0
27516 20240103  2.424 -156.61   71.32   -16.6   -19.0   -17.8   -17.6     1.2     0.00 C   -17.3   -19.7   -18.4    83.1    80.6    81.9 -99.000 -99.000 -99.000 -99.000 -99.000 -9999.0 -9999.0 -9999.0 -9999.0 -9999.0
27516 20240104  2.424 -156.61   71.32   -16.3   -19.1   -17.7   -17.4     0.0     0.00 C   -17.3   -20.2   -18.4    83.5    75.5    79.6 -99.000 -99.000 -99.000 -99.000 -99.000 -9999.0 -9999.0 -9999.0 -9999.0 -9999.0
27516 20240105  2.424 -156.61   71.32   -17.7   -19.4   -18.5   -18.6     0.4     0.00 C   -18.7   -20.4   -19.6    81.7    75.7    78.6 -99.000 -99.000 -99.000 -99.000 -99.000 -9999.0 -9999.0 -9999.0 -9999.0 -9999.0
27516 20240106  2.424 -156.61   71.32   -16.8   -19.6   -18.2   -18.2     2.1     0.00 C   -17.1   -20.3   -18.6    84.1    81.2    82.6 -99.000 -99.000 -99.000 -99.000 -99.000 -9999.0 -9999.0 -9999.0 -9999.0 -9999.0
27516 20240107  2.424 -156.61   71.32   -12.8   -18.0   -15.4   -15.2     1.3     0.00 C   -13.2   -18.4   -15.7    85.4    78.7    82.5 -99.000 -99.000 -99.000 -99.000 -99.000 -9999.0 -9999.0 -9999.0 -9999.0 -9999.0
27516 20240108  2.424 -156.61   71.32   -11.7   -15.8   -13.8   -13.5     0.0     0.00 C   -11.8   -16.8   -13.9    86.2    77.2    82.5 -99.000 -99.000 -99.000 -99.000 -99.000 -9999.0 -9999.0 -9999.0 -9999.0 -9999.0
27516 20240109  2.424 -156.61   71.32   -14.7   -19.6   -17.2   -17.0     0.0     0.00 C   -15.8   -20.4   -18.0    84.7    77.1    82.1 -99.000 -99.000 -99.000 -99.000 -99.000 -9999.0 -9999.0 -9999.0 -9999.0 -9999.0
27516 20240110  2.424 -156.61   71.32   -16.4   -19.2   -17.8   -17.5     0.0     0.00 C   -16.7   -20.8   -18.2    84.6    73.4    77.5 -99.000 -99.000 -99.000 -99.000 -99.000 -9999.0 -9999.0 -9999.0 -9999.0 -9999.0
27516 20240111  2.424 -156.61   71.32   -11.2   -19.7   -15.5   -15.3     0.0     0.00 C   -11.4   -21.4   -16.0    84.9    75.5    81.5 -99.000 -99.000 -99.000 -99.000 -99.000 -9999.0 -9999.0 -9999.0 -9999.0 -9999.0
27516 20240112  2.424 -156.61   71.32   -10.7   -13.3   -12.0   -11.9     0.0     0.00 C   -11.1   -14.3   -12.6    84.9    73.8    80.6 -99.000 -99.000 -99.000 -99.000 -99.000 -9999.0 -9999.0 -9999.0 -9999.0 -9999.0
27516 20240113  2.424 -156.61   71.32   -11.1   -15.3   -13.2   -12.9     0.0     0.00 C   -11.5   -16.5   -13.5    84.1    72.4    79.4 -99.000 -99.000 -99.000 -99.000 -99.000 -9999.0 -9999.0 -9999.0 -9999.0 -9999.0
27516 20240114  2.424 -156.61   71.32   -11.3   -16.4   -13.9   -14.1     0.8     0.00 C   -11.7   -17.1   -14.5    85.1    69.1    80.0 -99.000 -99.000 -99.000 -99.000 -99.000 -9999.0 -9999.0 -9999.0 -9999.0 -9999.0
27516 20240115  2.424 -156.61   71.32    -3.7   -18.2   -10.9   -13.8     0.7     0.00 C    -4.5   -19.3   -14.4    91.0    81.4    84.9 -99.000 -99.000 -99.000 -99.000 -99.000 -9999.0 -9999.0 -9999.0 -9999.0 -9999.0
27516 20240116  2.424 -156.61   71.32    -3.0   -16.7    -9.8   -10.3     1.5     0.00 C    -3.5   -17.7   -10.9    89.4    66.9    78.6 -99.000 -99.000 -99.000 -99.000 -99.000 -9999.0 -9999.0 -9999.0 -9999.0 -9999.0
27516 20240117  2.424 -156.61   71.32    -4.7   -16.6   -10.6   -10.3     1.2     0.00 C    -5.0   -17.6   -10.8    92.7    66.9    83.7 -99.000 -99.000 -99.000 -99.000 -99.000 -9999.0 -9999.0 -9999.0 -9999.0 -9999.0
27516 20240118  2.424 -156.61   71.32    -3.6   -16.3    -9.9    -9.1     0.0     0.00 C    -3.8   -16.9    -9.3    94.5    72.1    86.1 -99.000 -99.000 -99.000 -99.000 -99.000 -9999.0 -9999.0 -9999.0 -9999.0 -9999.0
27516 20240119  2.424 -156.61   71.32   -14.0   -24.8   -19.4   -19.0     0.0     0.00 C   -14.4   -26.2   -19.8    79.5    65.3    74.0 -99.000 -99.000 -99.000 -99.000 -99.000 -9999.0 -9999.0 -9999.0 -9999.0 -9999.0
27516 20240120  2.424 -156.61   71.32   -24.2   -32.4   -28.3   -26.4     0.0     0.00 C   -26.1   -33.7   -29.0    81.1    72.5    77.2 -99.000 -99.000 -99.000 -99.000 -99.000 -9999.0 -9999.0 -9999.0 -9999.0 -9999.0
27516 20240121  2.424 -156.61   71.32   -21.9   -32.8   -27.4   -25.5     0.0     0.00 C   -23.1   -34.4   -28.3    80.6    72.1    77.9 -99.000 -99.000 -99.000 -99.000 -99.000 -9999.0 -9999.0 -9999.0 -9999.0 -9999.0
27516 20240122  2.424 -156.61   71.32   -13.8   -33.9   -23.8   -27.2     0.3     0.00 C   -14.3   -34.9   -27.7    85.8    71.0    75.5 -99.000 -99.000 -99.000 -99.000 -99.000 -9999.0 -9999.0 -9999.0 -9999.0 -9999.0
27516 20240123  2.424 -156.61   71.32   -20.7   -27.6   -24.2   -25.7     0.0     0.00 C   -21.0   -28.3   -26.4    80.1    74.9    76.2 -99.000 -99.000 -99.000 -99.000 -99.000 -9999.0 -9999.0 -9999.0 -9999.0 -9999.0
27516 20240124  2.424 -156.61   71.32   -23.8   -26.5   -25.2   -25.4     0.0     0.00 C   -24.0   -27.7   -26.1    77.4    68.3    73.3 -99.000 -99.000 -99.000 -99.000 -99.000 -9999.0 -9999.0 -9999.0 -9999.0 -9999.0
27516 20240125  2.424 -156.61   71.32   -26.5   -29.8   -28.1   -27.9     0.0     0.00 C   -27.4   -31.2   -29.1    75.7    72.7    74.8 -99.000 -99.000 -99.000 -99.000 -99.000 -9999.0 -9999.0 -9999.0 -9999.0 -9999.0
27516 20240126  2.424 -156.61   71.32   -28.4   -34.4   -31.4   -31.2     0.0     0.00 C   -29.2   -35.2   -32.2    77.9    72.0    74.5 -99.000 -99.000 -99.000 -99.000 -99.000 -9999.0 -9999.0 -9999.0 -9999.0 -9999.0
27516 20240127  2.424 -156.61   71.32   -33.6   -36.8   -35.2   -34.9     0.0     0.00 C   -33.9   -37.6   -35.6    72.0    69.5    71.0 -99.000 -99.000 -99.000 -99.000 -99.000 -9999.0 -9999.0 -9999.0 -9999.0 -9999.0
27516 20240128  2.424 -156.61   71.32   -28.2   -37.6   -32.9   -33.8     0.4     0.04 C   -30.2   -38.7   -35.1    75.9    69.1    71.6 -99.000 -99.000 -99.000 -99.000 -99.000 -9999.0 -9999.0 -9999.0 -9999.0 -9999.0
27516 20240129  2.424 -156.61   71.32   -19.3   -31.5   -25.4   -24.8     0.2     0.00 C   -19.4   -32.3   -25.3    81.0    72.0    77.1 -99.000 -99.000 -99.000 -99.000 -99.000 -9999.0 -9999.0 -9999.0 -9999.0 -9999.0
27516 20240130  2.424 -156.61   71.32   -18.7   -27.2   -22.9   -20.2     5.5     0.00 C   -18.8   -28.3   -20.5    81.9    74.7    80.1 -99.000 -99.000 -99.000 -99.000 -99.000 -9999.0 -9999.0 -9999.0 -9999.0 -9999.0
27516 20240131  2.424 -156.61   71.32   -23.2   -27.3   -25.3   -24.4     0.0     0.02 C   -23.4   -28.3   -24.7    79.0    71.6    75.6 -99.000 -99.000 -99.000 -99.000 -99.000 -9999.0 -9999.0 -9999.0 -9999.0 -9999.0
27516 20240201  2.424 -156.61   71.32   -24.2   -27.9   -26.1   -25.9     0.0     0.01 C   -24.3   -28.3   -25.9    79.0    73.8    76.0 -99.000 -99.000 -99.000 -99.000 -99.000 -9999.0 -9999.0 -9999.0 -9999.0 -9999.0
27516 20240202  2.424 -156.61   71.32   -18.6   -24.6   -21.6   -21.3     1.5     0.26 C   -19.3   -25.0   -22.2    82.8    74.0    79.8 -99.000 -99.000 -99.000 -99.000 -99.000 -9999.0 -9999.0 -9999.0 -9999.0 -9999.0
27516 20240203  2.424 -156.61   71.32   -19.4   -24.3   -21.9   -21.4     0.4     0.03 C   -19.6   -25.0   -21.9    82.0    79.3    80.3 -99.000 -99.000 -99.000 -99.000 -99.000 -9999.0 -9999.0 -9999.0 -9999.0 -9999.0
27516 20240204  2.424 -156.61   71.32   -17.1   -27.1   -22.1   -20.3     0.6     0.06 C   -17.3   -27.9   -20.8    82.9    79.1    81.7 -99.000 -99.000 -99.000 -99.000 -99.000 -9999.0 -9999.0 -9999.0 -9999.0 -9999.0
27516 20240205  2.424 -156.61   71.32   -17.1   -24.7   -20.9   -21.2     0.2     0.28 C   -17.3   -25.7   -21.9    82.9    79.5    81.5 -99.000 -99.000 -99.000 -99.000 -99.000 -9999.0 -9999.0 -9999.0 -9999.0 -9999.0
27516 20240206  2.424 -156.61   71.32   -16.7   -27.7   -22.2   -21.0     0.0     0.13 C   -16.9   -28.3   -21.5    83.4    75.8    80.9 -99.000 -99.000 -99.000 -99.000 -99.000 -9999.0 -9999.0 -9999.0 -9999.0 -9999.0
27516 20240207  2.424 -156.61   71.32   -20.7   -29.3   -25.0   -26.2     0.3     0.00 C   -21.0   -30.0   -26.6    79.8    73.2    75.8 -99.000 -99.000 -99.000 -99.000 -99.000 -9999.0 -9999.0 -9999.0 -9999.0 -9999.0
27516 20240208  2.424 -156.61   71.32   -15.6   -20.9   -18.3   -17.5     0.2     0.07 C   -15.7   -21.1   -17.6    83.8    79.6    82.0 -99.000 -99.000 -99.000 -99.000 -99.000 -9999.0 -9999.0 -9999.0 -9999.0 -9999.0
27516 20240209  2.424 -156.61   71.32   -14.6   -20.1   -17.4   -16.0     0.0     0.27 C   -14.6   -20.5   -16.3    84.7    80.8    83.6 -99.000 -99.000 -99.000 -99.000 -99.000 -9999.0 -9999.0 -9999.0 -9999.0 -9999.0
27516 20240210  2.424 -156.61   71.32   -20.1   -21.8   -21.0   -21.3     0.0     0.36 C   -20.5   -22.3   -21.7    80.9    76.5    78.4 -99.000 -99.000 -99.000 -99.000 -99.000 -9999.0 -9999.0 -9999.0 -9999.0 -9999.0
27516 20240211  2.424 -156.61   71.32   -21.3   -23.3   -22.3   -22.5     0.0     0.16 C   -21.7   -24.2   -23.0    79.1    76.6    77.8 -99.000 -99.000 -99.000 -99.000 -99.000 -9999.0 -9999.0 -9999.0 -9999.0 -9999.0
27516 20240212  2.424 -156.61   71.32   -18.0   -22.5   -20.2   -20.3     0.0     0.25 C   -18.1   -23.7   -20.7    81.7    77.2    79.6 -99.000 -99.000 -99.000 -99.000 -99.000 -9999.0 -9999.0 -9999.0 -9999.0 -9999.0
27516 20240213  2.424 -156.61   71.32    -8.1   -21.5   -14.8   -14.7     0.0     0.24 C    -8.4   -22.3   -14.9    87.5    80.8    83.2 -99.000 -99.000 -99.000 -99.000 -99.000 -9999.0 -9999.0 -9999.0 -9999.0 -9999.0
27516 20240214  2.424 -156.61   71.32    -1.1   -16.8    -8.9    -9.0     0.0     0.96 C    -2.4   -17.8    -9.8    92.5    76.2    82.3 -99.000 -99.000 -99.000 -99.000 -99.000 -9999.0 -9999.0 -9999.0 -9999.0 -9999.0
27516 20240215  2.424 -156.61   71.32   -16.8   -23.0   -19.9   -19.2     0.0     0.40 C   -17.7   -23.9   -20.1    82.1    72.6    77.4 -99.000 -99.000 -99.000 -99.000 -99.000 -9999.0 -9999.0 -9999.0 -9999.0 -9999.0
27516 20240216  2.424 -156.61   71.32   -19.9   -26.8   -23.4   -23.5     0.0     1.61 C   -20.5   -27.8   -25.2    82.5    75.9    79.4 -99.000 -99.000 -99.000 -99.000 -99.000 -9999.0 -9999.0 -9999.0 -9999.0 -9999.0
27516 20240217  2.424 -156.61   71.32   -21.1   -27.3   -24.2   -24.0     0.0     0.58 C   -21.5   -28.3   -25.1    80.1    77.1    78.9 -99.000 -99.000 -99.000 -99.000 -99.000 -9999.0 -9999.0 -9999.0 -9999.0 -9999.0
27516 20240218  2.424 -156.61   71.32   -17.5   -24.9   -21.2   -22.1     0.0     1.85 C   -17.8   -25.8   -22.6    82.5    76.4    78.7 -99.000 -99.000 -99.000 -99.000 -99.000 -9999.0 -9999.0 -9999.0 -9999.0 -9999.0
27516 20240219  2.424 -156.61   71.32   -20.9   -28.6   -24.8   -25.5     0.0     1.81 C   -21.1   -29.5   -25.8    79.3    73.8    76.0 -99.000 -99.000 -99.000 -99.000 -99.000 -9999.0 -9999.0 -9999.0 -9999.0 -9999.0
27516 20240220  2.424 -156.61   71.32   -19.3   -23.2   -21.3   -20.5     0.2     1.25 C   -19.1   -23.5   -20.6    80.5    77.5    79.5 -99.000 -99.000 -99.000 -99.000 -99.000 -9999.0 -9999.0 -9999.0 -9999.0 -9999.0
27516 20240221  2.424 -156.61   71.32   -18.5   -19.7   -19.1   -19.1     0.8     0.50 C   -18.6   -19.8   -19.1    81.0    79.8    80.4 -99.000 -99.000 -99.000 -99.000 -99.000 -9999.0 -9999.0 -9999.0 -9999.0 -9999.0
27516 20240222  2.424 -156.61   71.32   -19.5   -24.8   -22.1   -21.3     0.3     1.42 C   -19.5   -25.8   -21.7    80.4    76.1    78.7 -99.000 -99.000 -99.000 -99.000 -99.000 -9999.0 -9999.0 -9999.0 -9999.0 -9999.0
27516 20240223  2.424 -156.61   71.32   -24.8   -27.3   -26.1   -26.4     0.0     2.82 C   -25.8   -28.8   -27.4    76.2    74.5    75.3 -99.000 -99.000 -99.000 -99.000 -99.000 -9999.0 -9999.0 -9999.0 -9999.0 -9999.0
27516 20240224  2.424 -156.61   71.32   -26.4   -30.5   -28.5   -28.3     0.0     2.99 C   -26.4   -31.7   -29.0    75.7    72.7    74.2 -99.000 -99.000 -99.000 -99.000 -99.000 -9999.0 -9999.0 -9999.0 -9999.0 -9999.0
27516 20240225  2.424 -156.61   71.32   -28.1   -31.6   -29.8   -30.1     0.0     3.19 C   -27.7   -32.6   -30.8    74.1    71.8    73.0 -99.000 -99.000 -99.000 -99.000 -99.000 -9999.0 -9999.0 -9999.0 -9999.0 -9999.0
27516 20240226  2.424 -156.61   71.32   -19.8   -35.3   -27.5   -27.4     0.0     1.59 C   -19.9   -36.0   -27.7    80.8    69.5    74.8 -99.000 -99.000 -99.000 -99.000 -99.000 -9999.0 -9999.0 -9999.0 -9999.0 -9999.0
27516 20240227  2.424 -156.61   71.32   -23.4   -28.7   -26.1   -27.1     0.0     2.74 C   -24.3   -29.7   -27.7    77.8    73.6    75.2 -99.000 -99.000 -99.000 -99.000 -99.000 -9999.0 -9999.0 -9999.0 -9999.0 -9999.0
27516 20240228  2.424 -156.61   71.32   -28.7   -30.2   -29.4   -29.5     0.0     2.87 C   -28.5   -32.2   -30.3    74.1    73.1    73.6 -99.000 -99.000 -99.000 -99.000 -99.000 -9999.0 -9999.0 -9999.0 -9999.0 -9999.0
27516 20240229  2.424 -156.61   71.32   -28.3   -34.9   -31.6   -31.8     0.0     3.49 C   -27.8   -36.5   -33.2    74.1    68.8    71.6 -99.000 -99.000 -99.000 -99.000 -99.000 -9999.0 -9999.0 -9999.0 -9999.0 -9999.0
27516 20240301  2.424 -156.61   71.32   -22.5   -35.7   -29.1   -29.6     0.0     2.15 C   -23.5   -36.8   -30.4    78.8    69.1    73.0 -99.000 -99.000 -99.000 -99.000 -99.000 -9999.0 -9999.0 -9999.0 -9999.0 -9999.0
27516 20240302  2.424 -156.61   71.32   -20.9   -29.6   -25.3   -25.8     0.0     2.58 C   -20.1   -30.4   -26.3    78.8    73.1    75.7 -99.000 -99.000 -99.000 -99.000 -99.000 -9999.0 -9999.0 -9999.0 -9999.0 -9999.0
27516 20240303  2.424 -156.61   71.32   -19.9   -25.6   -22.8   -22.9 -9999.0     1.71 C   -19.6   -26.3   -23.3    79.6    75.2    77.5 -99.000 -99.000 -99.000 -99.000 -99.000 -9999.0 -9999.0 -9999.0 -9999.0 -9999.0
27516 20240304  2.424 -156.61   71.32   -25.6   -29.0   -27.3   -27.7     0.0     2.88 C   -26.3   -29.8   -28.4    75.2    73.1    73.8 -99.000 -99.000 -99.000 -99.000 -99.000 -9999.0 -9999.0 -9999.0 -9999.0 -9999.0
27516 20240305  2.424 -156.61   71.32   -25.5   -29.6   -27.6   -28.0     0.0     3.56 C   -25.7   -30.9   -28.7    75.0    72.9    73.8 -99.000 -99.000 -99.000 -99.000 -99.000 -9999.0 -9999.0 -9999.0 -9999.0 -9999.0
27516 20240306  2.424 -156.61   71.32   -24.8   -32.0   -28.4   -28.7     0.0     4.44 C   -24.6   -33.1   -29.6    77.8    71.7    73.6 -99.000 -99.000 -99.000 -99.000 -99.000 -9999.0 -9999.0 -9999.0 -9999.0 -9999.0
27516 20240307  2.424 -156.61   71.32   -27.1   -32.3   -29.7   -29.8     0.0     4.66 C   -26.6   -33.7   -30.8    76.0    69.5    72.8 -99.000 -99.000 -99.000 -99.000 -99.000 -9999.0 -9999.0 -9999.0 -9999.0 -9999.0
27516 20240308  2.424 -156.61   71.32   -27.8   -32.5   -30.2   -29.5     0.0     4.53 C   -26.5   -33.9   -30.3    75.5    70.7    73.1 -99.000 -99.000 -99.000 -99.000 -99.000 -9999.0 -9999.0 -9999.0 -9999.0 -9999.0
27516 20240309  2.424 -156.61   71.32   -31.4   -34.3   -32.8   -32.5     0.0     5.65 C   -28.4   -36.8   -33.7    72.5    69.3    71.2 -99.000 -99.000 -99.000 -99.000 -99.000 -9999.0 -9999.0 -9999.0 -9999.0 -9999.0
27516 20240310  2.424 -156.61   71.32   -32.7   -38.5   -35.6   -35.5     0.0     6.50 C   -28.8   -40.3   -36.2    72.3    66.9    69.1 -99.000 -99.000 -99.000 -99.000 -99.000 -9999.0 -9999.0 -9999.0 -9999.0 -9999.0
27516 20240311  2.424 -156.61   71.32   -30.5   -39.1   -34.8   -35.8     0.0     6.55 C   -27.4   -40.0   -35.8    71.2    66.5    68.7 -99.000 -99.000 -99.000 -99.000 -99.000 -9999.0 -9999.0 -9999.0 -9999.0 -9999.0
27516 20240312  2.424 -156.61   71.32   -32.9   -38.5   -35.7   -36.0     0.0     6.58 C   -29.5   -39.5   -35.8    69.9    67.1    68.5 -99.000 -99.000 -99.000 -99.000 -99.000 -9999.0 -9999.0 -9999.0 -9999.0 -9999.0
27516 20240313  2.424 -156.61   71.32   -28.9   -37.3   -33.1   -33.3     0.2     7.05 C   -24.6   -38.8   -33.5    74.3    67.7    70.1 -99.000 -99.000 -99.000 -99.000 -99.000 -9999.0 -9999.0 -9999.0 -9999.0 -9999.0
27516 20240314  2.424 -156.61   71.32   -30.8   -36.6   -33.7   -33.3     0.0     7.96 C   -25.9   -38.0   -33.4    72.7    65.8    70.3 -99.000 -99.000 -99.000 -99.000 -99.000 -9999.0 -9999.0 -9999.0 -9999.0 -9999.0
27516 20240315  2.424 -156.61   71.32   -28.7   -35.6   -32.1   -31.7     0.3     9.02 C   -24.0   -37.7   -32.5    73.5    68.0    71.2 -99.000 -99.000 -99.000 -99.000 -99.000 -9999.0 -9999.0 -9999.0 -9999.0 -9999.0
27516 20240316  2.424 -156.61   71.32   -27.2   -35.3   -31.3   -31.3     0.0     7.83 C   -26.3   -36.5   -31.8    73.8    68.5    71.5 -99.000 -99.000 -99.000 -99.000 -99.000 -9999.0 -9999.0 -9999.0 -9999.0 -9999.0
27516 20240317  2.424 -156.61   71.32   -24.8   -30.2   -27.5   -27.3     0.0     7.42 C   -24.2   -31.5   -27.8    75.4    71.9    73.8 -99.000 -99.000 -99.000 -99.000 -99.000 -9999.0 -9999.0 -9999.0 -9999.0 -9999.0
27516 20240318  2.424 -156.61   71.32   -21.6   -29.8   -25.7   -24.1     2.1     3.57 C   -21.1   -31.4   -24.4    78.5    73.4    76.4 -99.000 -99.000 -99.000 -99.000 -99.000 -9999.0 -9999.0 -9999.0 -9999.0 -9999.0
27516 20240319  2.424 -156.61   71.32   -17.4   -32.2   -24.8   -25.5     0.0     6.60 C   -17.4   -33.7   -26.0    81.0    71.3    75.7 -99.000 -99.000 -99.000 -99.000 -99.000 -9999.0 -9999.0 -9999.0 -9999.0 -9999.0
27516 20240320  2.424 -156.61   71.32   -12.3   -18.2   -15.2   -14.6     1.3     4.15 C   -11.5   -18.5   -14.8    88.6    80.0    83.5 -99.000 -99.000 -99.000 -99.000 -99.000 -9999.0 -9999.0 -9999.0 -9999.0 -9999.0
27516 20240321  2.424 -156.61   71.32    -6.3   -16.7   -11.5   -11.6     0.0     4.69 C    -6.4   -17.3   -12.0    89.1    82.8    86.5 -99.000 -99.000 -99.000 -99.000 -99.000 -9999.0 -9999.0 -9999.0 -9999.0 -9999.0
27516 20240322  2.424 -156.61   71.32    -1.6    -8.5    -5.1    -5.0     0.3     6.72 C    -2.0    -9.5    -5.1    93.3    85.1    89.5 -99.000 -99.000 -99.000 -99.000 -99.000 -9999.0 -9999.0 -9999.0 -9999.0 -9999.0
27516 20240323  2.424 -156.61   71.32    -4.2   -18.5   -11.4   -10.2     0.5     5.33 C    -4.3   -20.5   -10.2    96.8    82.7    88.9 -99.000 -99.000 -99.000 -99.000 -99.000 -9999.0 -9999.0 -9999.0 -9999.0 -9999.0
27516 20240324  2.424 -156.61   71.32   -16.7   -19.9   -18.3   -17.4     0.9     5.41 C   -15.4   -22.0   -17.4    83.4    80.7    82.6 -99.000 -99.000 -99.000 -99.000 -99.000 -9999.0 -9999.0 -9999.0 -9999.0 -9999.0
27516 20240325  2.424 -156.61   71.32   -16.9   -20.4   -18.7   -18.4     0.0     7.70 C   -16.3   -21.1   -18.4    82.7    78.9    80.6 -99.000 -99.000 -99.000 -99.000 -99.000 -9999.0 -9999.0 -9999.0 -9999.0 -9999.0
27516 20240326  2.424 -156.61   71.32   -18.7   -22.0   -20.3   -20.3     0.0     9.53 C   -18.2   -23.0   -20.7    80.3    73.4    77.3 -99.000 -99.000 -99.000 -99.000 -99.000 -9999.0 -9999.0 -9999.0 -9999.0 -9999.0
27516 20240327  2.424 -156.61   71.32   -13.1   -20.6   -16.9   -16.8     0.0     7.20 C   -13.3   -21.5   -16.9    83.9    76.8    80.5 -99.000 -99.000 -99.000 -99.000 -99.000 -9999.0 -9999.0 -9999.0 -9999.0 -9999.0
27516 20240328  2.424 -156.61   71.32   -10.9   -14.3   -12.6   -12.1     0.0     6.37 C    -7.7   -15.1   -11.5    90.9    83.0    86.7 -99.000 -99.000 -99.000 -99.000 -99.000 -9999.0 -9999.0 -9999.0 -9999.0 -9999.0
27516 20240329  2.424 -156.61   71.32   -10.8   -13.0   -11.9   -11.9     0.3     6.02 C    -7.5   -13.0   -10.8    92.1    83.8    87.7 -99.000 -99.000 -99.000 -99.000 -99.000 -9999.0 -9999.0 -9999.0 -9999.0 -9999.0
27516 20240330  2.424 -156.61   71.32    -8.9   -15.0   -11.9   -11.5     0.4     6.57 C    -9.1   -15.1   -11.1    92.0    85.5    88.2 -99.000 -99.000 -99.000 -99.000 -99.000 -9999.0 -9999.0 -9999.0 -9999.0 -9999.0
27516 20240331  2.424 -156.61   71.32   -10.2   -15.6   -12.9   -12.7     0.9     6.11 C   -10.3   -16.0   -12.5    88.9    82.4    85.9 -99.000 -99.000 -99.000 -99.000 -99.000 -9999.0 -9999.0 -9999.0 -9999.0 -9999.0
27516 20240401  2.424 -156.61   71.32   -13.2   -23.1   -18.1   -17.6     0.8     8.56 C   -11.4   -22.2   -17.2    88.5    73.9    81.4 -99.000 -99.000 -99.000 -99.000 -99.000 -9999.0 -9999.0 -9999.0 -9999.0 -9999.0
27516 20240402  2.424 -156.61   71.32   -18.2   -26.4   -22.3   -22.4     0.0    11.30 C   -17.6   -27.7   -22.2    80.9    74.1    77.4 -99.000 -99.000 -99.000 -99.000 -99.000 -9999.0 -9999.0 -9999.0 -9999.0 -9999.0
27516 20240403  2.424 -156.61   71.32   -17.4   -31.0   -24.2   -23.4     0.0     9.42 C   -16.0   -32.6   -23.7    82.2    72.9    76.6 -99.000 -99.000 -99.000 -99.000 -99.000 -9999.0 -9999.0 -9999.0 -9999.0 -9999.0
27516 20240404  2.424 -156.61   71.32   -14.2   -22.6   -18.4   -17.5     0.0    10.80 C   -12.7   -24.0   -17.5    85.1    81.4    83.3 -99.000 -99.000 -99.000 -99.000 -99.000 -9999.0 -9999.0 -9999.0 -9999.0 -9999.0
27516 20240405  2.424 -156.61   71.32   -10.5   -14.7   -12.6   -12.4     2.4     8.69 C    -9.6   -14.7   -11.9    87.9    83.3    85.0 -99.000 -99.000 -99.000 -99.000 -99.000 -9999.0 -9999.0 -9999.0 -9999.0 -9999.0
27516 20240406  2.424 -156.61   71.32    -9.8   -14.6   -12.2   -11.7     0.3     9.66 C    -8.0   -14.2   -11.1    89.4    82.2    85.9 -99.000 -99.000 -99.000 -99.000 -99.000 -9999.0 -9999.0 -9999.0 -9999.0 -9999.0
27516 20240407  2.424 -156.61   71.32   -12.7   -24.8   -18.8   -20.0     0.0    12.21 C   -12.9   -25.7   -19.3    83.3    75.8    80.4 -99.000 -99.000 -99.000 -99.000 -99.000 -9999.0 -9999.0 -9999.0 -9999.0 -9999.0
27516 20240408  2.424 -156.61   71.32   -24.7   -33.1   -28.9   -27.3     0.0    14.71 C   -20.8   -34.6   -26.7    81.6    75.0    77.0 -99.000 -99.000 -99.000 -99.000 -99.000 -9999.0 -9999.0 -9999.0 -9999.0 -9999.0
27516 20240409  2.424 -156.61   71.32   -23.9   -35.8   -29.8   -29.0     0.0    14.87 C   -20.1   -36.8   -28.2    79.1    73.7    76.8 -99.000 -99.000 -99.000 -99.000 -99.000 -9999.0 -9999.0 -9999.0 -9999.0 -9999.0
27516 20240410  2.424 -156.61   71.32   -16.1   -29.9   -23.0   -23.3     0.0    14.97 C   -16.3   -30.7   -23.0    81.5    74.1    77.2 -99.000 -99.000 -99.000 -99.000 -99.000 -9999.0 -9999.0 -9999.0 -9999.0 -9999.0
27516 20240411  2.424 -156.61   71.32    -5.9   -16.1   -11.0   -11.2     0.0    10.70 C    -5.2   -16.6   -10.9    94.0    78.8    84.5 -99.000 -99.000 -99.000 -99.000 -99.000 -9999.0 -9999.0 -9999.0 -9999.0 -9999.0
27516 20240412  2.424 -156.61   71.32    -6.9   -19.2   -13.1   -13.7     0.0    13.38 C    -7.6   -20.4   -13.4    92.2    75.5    82.5 -99.000 -99.000 -99.000 -99.000 -99.000 -9999.0 -9999.0 -9999.0 -9999.0 -9999.0
27516 20240413  2.424 -156.61   71.32   -14.4   -20.2   -17.3   -18.2     0.0    14.36 C   -12.6   -21.2   -18.0    82.2    68.3    77.4 -99.000 -99.000 -99.000 -99.000 -99.000 -9999.0 -9999.0 -9999.0 -9999.0 -9999.0
27516 20240414  2.424 -156.61   71.32   -16.9   -21.4   -19.2   -19.3     0.0    14.76 C   -15.0   -22.8   -19.1    82.2    75.0    78.1 -99.000 -99.000 -99.000 -99.000 -99.000 -9999.0 -9999.0 -9999.0 -9999.0 -9999.0
27516 20240415  2.424 -156.61   71.32    -2.4   -17.7   -10.0    -7.1     0.0    11.22 C    -1.5   -18.4    -7.2    92.9    75.9    86.8 -99.000 -99.000 -99.000 -99.000 -99.000 -9999.0 -9999.0 -9999.0 -9999.0 -9999.0
27516 20240416  2.424 -156.61   71.32     1.2   -13.2    -6.0    -5.1     0.0    12.38 C     1.8   -13.5    -5.0    93.7    77.9    85.2 -99.000 -99.000 -99.000 -99.000 -99.000 -9999.0 -9999.0 -9999.0 -9999.0 -9999.0
27516 20240417  2.424 -156.61   71.32   -13.2   -18.4   -15.8   -15.1     0.0    14.11 C   -11.6   -17.7   -14.4    83.5    73.0    79.4 -99.000 -99.000 -99.000 -99.000 -99.000 -9999.0 -9999.0 -9999.0 -9999.0 -9999.0
27516 20240418  2.424 -156.61   71.32    -6.7   -13.5   -10.1    -9.6     0.0    10.02 C    -6.8   -13.5    -9.4    92.0    82.4    87.7 -99.000 -99.000 -99.000 -99.000 -99.000 -9999.0 -9999.0 -9999.0 -9999.0 -9999.0
27516 20240419  2.424 -156.61   71.32    -1.9    -7.9    -4.9    -4.8     0.0    11.22 C     2.4    -9.0    -4.0    92.4    78.1    89.1 -99.000 -99.000 -99.000 -99.000 -99.000 -9999.0 -9999.0 -9999.0 -9999.0 -9999.0
27516 20240420  2.424 -156.61   71.32    -7.3   -14.8   -11.1   -10.8     0.0    13.93 C    -6.8   -15.8   -10.2    89.4    77.8    83.9 -99.000 -99.000 -99.000 -99.000 -99.000 -9999.0 -9999.0 -9999.0 -9999.0 -9999.0
27516 20240421  2.424 -156.61   71.32   -14.8   -20.3   -17.5   -18.2     0.0    18.04 C   -13.6   -22.6   -17.5    86.1    78.8    81.2 -99.000 -99.000 -99.000 -99.000 -99.000 -9999.0 -9999.0 -9999.0 -9999.0 -9999.0
27516 20240422  2.424 -156.61   71.32   -14.1   -21.8   -17.9   -17.0     0.0    12.48 C   -12.2   -24.8   -16.8    87.3    82.5    84.3 -99.000 -99.000 -99.000 -99.000 -99.000 -9999.0 -9999.0 -9999.0 -9999.0 -9999.0
27516 20240423  2.424 -156.61   71.32   -11.6   -14.1   -12.8   -12.6     0.0    14.31 C    -9.3   -14.2   -11.8    86.0    77.9    82.9 -99.000 -99.000 -99.000 -99.000 -99.000 -9999.0 -9999.0 -9999.0 -9999.0 -9999.0
27516 20240424  2.424 -156.61   71.32    -9.6   -14.2   -11.9   -11.2     0.0    13.62 C    -8.4   -14.5   -10.8    89.5    83.9    86.3 -99.000 -99.000 -99.000 -99.000 -99.000 -9999.0 -9999.0 -9999.0 -9999.0 -9999.0
27516 20240425  2.424 -156.61   71.32    -9.7   -13.1   -11.4   -11.2     0.0    17.91 C    -8.7   -13.3   -10.8    89.4    79.5    84.2 -99.000 -99.000 -99.000 -99.000 -99.000 -9999.0 -9999.0 -9999.0 -9999.0 -9999.0
27516 20240426  2.424 -156.61   71.32   -11.4   -17.2   -14.3   -12.7     0.0    17.15 C    -9.1   -18.5   -12.4    85.8    78.2    82.2 -99.000 -99.000 -99.000 -99.000 -99.000 -9999.0 -9999.0 -9999.0 -9999.0 -9999.0
27516 20240427  2.424 -156.61   71.32   -10.8   -20.1   -15.4   -15.0     0.0    20.64 C    -9.1   -21.5   -14.8    84.9    74.8    81.5 -99.000 -99.000 -99.000 -99.000 -99.000 -9999.0 -9999.0 -9999.0 -9999.0 -9999.0
27516 20240428  2.424 -156.61   71.32   -12.5   -19.4   -15.9   -15.8     0.0    19.06 C   -10.5   -20.5   -15.2    86.8    82.5    84.3 -99.000 -99.000 -99.000 -99.000 -99.000 -9999.0 -9999.0 -9999.0 -9999.0 -9999.0
27516 20240429  2.424 -156.61   71.32   -10.5   -19.4   -15.0   -14.6     0.0    20.67 C    -4.5   -21.6   -12.9    88.3    78.8    84.8 -99.000 -99.000 -99.000 -99.000 -99.000 -9999.0 -9999.0 -9999.0 -9999.0 -9999.0
27516 20240430  2.424 -156.61   71.32   -10.7   -15.2   -12.9   -12.8     0.0    19.95 C    -8.0   -16.6   -11.8    85.7    74.1    80.7 -99.000 -99.000 -99.000 -99.000 -99.000 -9999.0 -9999.0 -9999.0 -9999.0 -9999.0
27516 20240501  2.424 -156.61   71.32    -8.2   -17.5   -12.9   -11.7     0.0    17.70 C    -3.6   -19.1   -10.2    89.4    77.8    83.0 -99.000 -99.000 -99.000 -99.000 -99.000 -9999.0 -9999.0 -9999.0 -9999.0 -9999.0
27516 20240502  2.424 -156.61   71.32    -7.7   -10.7    -9.2    -8.7     0.0    19.04 C     2.2   -11.6    -5.9    91.1    73.5    85.2 -99.000 -99.000 -99.000 -99.000 -99.000 -9999.0 -9999.0 -9999.0 -9999.0 -9999.0
27516 20240503  2.424 -156.61   71.32    -9.5   -12.5   -11.0   -11.0     0.5    16.80 C    -7.2   -12.9   -10.1    90.2    77.9    84.2 -99.000 -99.000 -99.000 -99.000 -99.000 -9999.0 -9999.0 -9999.0 -9999.0 -9999.0
27516 20240504  2.424 -156.61   71.32   -12.5   -16.3   -14.4   -14.2     0.0    20.21 C   -11.6   -16.7   -13.5    83.5    76.8    80.4 -99.000 -99.000 -99.000 -99.000 -99.000 -9999.0 -9999.0 -9999.0 -9999.0 -9999.0
27516 20240505  2.424 -156.61   71.32   -11.9   -18.2   -15.1   -13.9     0.0    18.27 C    -7.8   -18.6   -13.0    83.9    64.3    76.8 -99.000 -99.000 -99.000 -99.000 -99.000 -9999.0 -9999.0 -9999.0 -9999.0 -9999.0
27516 20240506  2.424 -156.61   71.32    -8.9   -12.8   -10.8   -10.8     0.2    14.33 C    -8.9   -13.3   -10.5    90.3    80.4    83.8 -99.000 -99.000 -99.000 -99.000 -99.000 -9999.0 -9999.0 -9999.0 -9999.0 -9999.0
27516 20240507  2.424 -156.61   71.32    -5.4    -8.9    -7.2    -7.2     1.8    14.36 C     3.0    -9.0    -4.9    93.3    82.9    90.4 -99.000 -99.000 -99.000 -99.000 -99.000 -9999.0 -9999.0 -9999.0 -9999.0 -9999.0
27516 20240508  2.424 -156.61   71.32    -5.0    -8.8    -6.9    -6.2     0.0    15.80 C    -0.2    -9.5    -4.6    94.7    80.5    88.7 -99.000 -99.000 -99.000 -99.000 -99.000 -9999.0 -9999.0 -9999.0 -9999.0 -9999.0
27516 20240509  2.424 -156.61   71.32    -4.7   -14.6    -9.7    -6.1     0.0    20.99 C     3.8   -15.2    -2.5    94.5    88.3    91.5 -99.000 -99.000 -99.000 -99.000 -99.000 -9999.0 -9999.0 -9999.0 -9999.0 -9999.0
27516 20240510  2.424 -156.61   71.32    -5.7   -16.9   -11.3   -10.1 -9999.0    18.82 C    -2.2   -16.9    -8.8    92.7    83.5    88.0 -99.000 -99.000 -99.000 -99.000 -99.000 -9999.0 -9999.0 -9999.0 -9999.0 -9999.0
27516 20240511  2.424 -156.61   71.32    -4.8   -16.2   -10.5    -8.9     0.0    19.47 C     7.8   -15.2    -5.4    91.7    74.4    86.4 -99.000 -99.000 -99.000 -99.000 -99.000 -9999.0 -9999.0 -9999.0 -9999.0 -9999.0
27516 20240512  2.424 -156.61   71.32    -6.2   -10.3    -8.2    -7.0     0.0    16.66 C     0.5   -10.7    -4.4    93.2    81.8    88.1 -99.000 -99.000 -99.000 -99.000 -99.000 -9999.0 -9999.0 -9999.0 -9999.0 -9999.0
27516 20240513  2.424 -156.61   71.32    -5.1   -11.9    -8.5    -7.5     0.0    16.93 C    -2.1   -12.0    -5.7    94.2    88.5    90.7 -99.000 -99.000 -99.000 -99.000 -99.000 -9999.0 -9999.0 -9999.0 -9999.0 -9999.0
27516 20240514  2.424 -156.61   71.32    -4.9    -8.0    -6.5    -6.1     0.0    18.17 C    -1.4    -8.1    -4.8    94.1    85.7    91.6 -99.000 -99.000 -99.000 -99.000 -99.000 -9999.0 -9999.0 -9999.0 -9999.0 -9999.0
27516 20240515  2.424 -156.61   71.32     3.5    -7.4    -2.0    -1.0     0.0    19.19 C     5.0    -7.7    -0.4    91.5    73.2    84.1 -99.000 -99.000 -99.000 -99.000 -99.000 -9999.0 -9999.0 -9999.0 -9999.0 -9999.0
27516 20240516  2.424 -156.61   71.32     2.6    -1.5     0.6     1.0     0.0    25.42 C     5.5    -1.9     2.0    92.1    77.0    84.7 -99.000 -99.000 -99.000 -99.000 -99.000 -9999.0 -9999.0 -9999.0 -9999.0 -9999.0
27516 20240517  2.424 -156.61   71.32     0.2    -6.0    -2.9    -1.7     0.0    24.77 C    10.5    -6.2     1.9    93.3    77.9    88.6 -99.000 -99.000 -99.000 -99.000 -99.000 -9999.0 -9999.0 -9999.0 -9999.0 -9999.0
27516 20240518  2.424 -156.61   71.32    -0.2    -6.2    -3.2    -1.9     0.0    14.88 C     1.5    -6.7    -1.3    93.9    85.8    90.9 -99.000 -99.000 -99.000 -99.000 -99.000 -9999.0 -9999.0 -9999.0 -9999.0 -9999.0
27516 20240519  2.424 -156.61   71.32    -1.5    -3.9    -2.7    -2.9     0.0    17.72 C    -0.7    -3.7    -2.1    92.5    85.7    89.9 -99.000 -99.000 -99.000 -99.000 -99.000 -9999.0 -9999.0 -9999.0 -9999.0 -9999.0
27516 20240520  2.424 -156.61   71.32    -1.7    -4.0    -2.8    -2.4     0.0    18.16 C    -0.2    -4.0    -1.6    93.9    86.7    91.2 -99.000 -99.000 -99.000 -99.000 -99.000 -9999.0 -9999.0 -9999.0 -9999.0 -9999.0
27516 20240521  2.424 -156.61   71.32    -1.3    -5.9    -3.6    -3.2     0.2    20.42 C     0.9    -6.2    -2.4    95.6    83.1    90.1 -99.000 -99.000 -99.000 -99.000 -99.000 -9999.0 -9999.0 -9999.0 -9999.0 -9999.0
27516 20240522  2.424 -156.61   71.32    -1.2    -6.1    -3.7    -3.2     0.0    20.71 C    -0.1    -6.9    -2.5    95.3    86.2    90.3 -99.000 -99.000 -99.000 -99.000 -99.000 -9999.0 -9999.0 -9999.0 -9999.0 -9999.0
27516 20240523  2.424 -156.61   71.32    -2.0    -5.2    -3.6    -3.8     0.0    18.71 C    -1.2    -5.0    -3.2    94.7    80.0    87.3 -99.000 -99.000 -99.000 -99.000 -99.000 -9999.0 -9999.0 -9999.0 -9999.0 -9999.0
27516 20240524  2.424 -156.61   71.32    -2.9    -5.7    -4.3    -3.8     0.0    16.65 C    -0.6    -5.5    -2.9    92.1    74.7    82.5 -99.000 -99.000 -99.000 -99.000 -99.000 -9999.0 -9999.0 -9999.0 -9999.0 -9999.0
27516 20240525  2.424 -156.61   71.32    -2.6    -6.4    -4.5    -4.6     1.7    23.24 C     0.8    -6.1    -3.0    95.0    83.2    90.0 -99.000 -99.000 -99.000 -99.000 -99.000 -9999.0 -9999.0 -9999.0 -9999.0 -9999.0
27516 20240526  2.424 -156.61   71.32    -0.9    -3.8    -2.4    -2.4     0.2    18.08 C    -0.2    -3.7    -1.9    95.0    88.3    91.6 -99.000 -99.000 -99.000 -99.000 -99.000 -9999.0 -9999.0 -9999.0 -9999.0 -9999.0
27516 20240527  2.424 -156.61   71.32    -0.1    -3.5    -1.8    -1.6     0.0    17.63 C     1.3    -3.3    -1.0    97.2    89.3    92.9 -99.000 -99.000 -99.000 -99.000 -99.000 -9999.0 -9999.0 -9999.0 -9999.0 -9999.0
27516 20240528  2.424 -156.61   71.32     0.2    -2.8    -1.3    -0.6     0.6    19.42 C    10.1    -2.2     3.2    98.2    94.2    96.2 -99.000 -99.000 -99.000 -99.000 -99.000 -9999.0 -9999.0 -9999.0 -9999.0 -9999.0
27516 20240529  2.424 -156.61   71.32    -0.1    -5.3    -2.7    -1.7     1.3    28.86 C    11.3    -3.7     3.0    98.0    89.6    93.9 -99.000 -99.000 -99.000 -99.000 -99.000 -9999.0 -9999.0 -9999.0 -9999.0 -9999.0
27516 20240530  2.424 -156.61   71.32    -0.3    -4.8    -2.5    -2.2     1.0    28.99 C     5.5    -4.6     1.0    96.4    88.0    92.6 -99.000 -99.000 -99.000 -99.000 -99.000 -9999.0 -9999.0 -9999.0 -9999.0 -9999.0
27516 20240531  2.424 -156.61   71.32 -9999.0    -6.3 -9999.0    -3.3     0.5    28.64 C     8.3    -5.5     2.1    97.1    89.3    93.5 -99.000 -99.000 -99.000 -99.000 -99.000 -9999.0 -9999.0 -9999.0 -9999.0 -9999.0
27516 20240601  2.424 -156.61   71.32    -0.3    -3.2    -1.8    -1.8     0.0    20.83 C     3.4    -3.3     0.0    96.8    83.3    91.9 -99.000 -99.000 -99.000 -99.000 -99.000 -9999.0 -9999.0 -9999.0 -9999.0 -9999.0
27516 20240602  2.424 -156.61   71.32    -2.1    -4.8    -3.4    -3.2     0.4    15.16 C     0.3    -4.2    -1.8    93.2    83.7    86.9 -99.000 -99.000 -99.000 -99.000 -99.000 -9999.0 -9999.0 -9999.0 -9999.0 -9999.0
27516 20240603  2.424 -156.61   71.32    -2.8    -4.9    -3.9    -3.7     1.4    14.72 C    -1.5    -4.3    -2.9    92.3    83.5    88.0 -99.000 -99.000 -99.000 -99.000 -99.000 -9999.0 -9999.0 -9999.0 -9999.0 -9999.0
27516 20240604  2.424 -156.61   71.32    -0.8    -4.3    -2.6    -2.4     0.0    15.12 C     0.8    -4.3    -1.5    97.4    86.9    92.8 -99.000 -99.000 -99.000 -99.000 -99.000 -9999.0 -9999.0 -9999.0 -9999.0 -9999.0
27516 20240605  2.424 -156.61   71.32    -0.1    -1.3    -0.7    -0.6     0.5    22.45 C     4.8    -0.6     1.3    97.9    86.5    94.4 -99.000 -99.000 -99.000 -99.000 -99.000 -9999.0 -9999.0 -9999.0 -9999.0 -9999.0
27516 20240606  2.424 -156.61   71.32     0.3    -0.7    -0.2     0.0     0.0    17.13 C     1.8    -0.5     0.6    98.3    93.8    96.1 -99.000 -99.000 -99.000 -99.000 -99.000 -9999.0 -9999.0 -9999.0 -9999.0 -9999.0
27516 20240607  2.424 -156.61   71.32     0.2    -1.0    -0.4    -0.4     0.7    20.15 C     7.1    -0.4     1.8    97.5    89.6    93.5 -99.000 -99.000 -99.000 -99.000 -99.000 -9999.0 -9999.0 -9999.0 -9999.0 -9999.0
27516 20240608  2.424 -156.61   71.32    -0.2    -1.9    -1.1    -0.9     0.3    27.07 C     7.2    -0.9     2.3    98.1    91.3    95.1 -99.000 -99.000 -99.000 -99.000 -99.000 -9999.0 -9999.0 -9999.0 -9999.0 -9999.0
27516 20240609  2.424 -156.61   71.32     0.6    -1.4    -0.4    -0.1     0.0    18.88 C     2.0    -1.3     0.5    98.1    95.5    96.8 -99.000 -99.000 -99.000 -99.000 -99.000 -9999.0 -9999.0 -9999.0 -9999.0 -9999.0
27516 20240610  2.424 -156.61   71.32     2.0    -1.6     0.2     0.2     0.0    27.38 C     3.9    -1.5     1.2    99.9    83.4    90.9 -99.000 -99.000 -99.000 -99.000 -99.000 -9999.0 -9999.0 -9999.0 -9999.0 -9999.0
27516 20240611  2.424 -156.61   71.32     0.7    -2.3    -0.8    -0.7     0.0    27.93 C     2.4    -2.4     0.1    98.9    83.9    93.7 -99.000 -99.000 -99.000 -99.000 -99.000 -9999.0 -9999.0 -9999.0 -9999.0 -9999.0
27516 20240612  2.424 -156.61   71.32     1.9    -2.2    -0.1     0.1     0.0    30.08 C     3.2    -2.2     1.0    97.3    87.5    90.9 -99.000 -99.000 -99.000 -99.000 -99.000 -9999.0 -9999.0 -9999.0 -9999.0 -9999.0
27516 20240613  2.424 -156.61   71.32     3.4    -0.4     1.5     1.6     0.0    30.01 C     4.4    -0.7     2.1    92.2    79.4    84.1 -99.000 -99.000 -99.000 -99.000 -99.000 -9999.0 -9999.0 -9999.0 -9999.0 -9999.0
27516 20240614  2.424 -156.61   71.32     2.0    -1.8     0.1     0.0     0.0    23.05 C     5.3    -1.3     1.3    97.3    89.9    94.3 -99.000 -99.000 -99.000 -99.000 -99.000 -9999.0 -9999.0 -9999.0 -9999.0 -9999.0
27516 20240615  2.424 -156.61   71.32     7.3    -0.7     3.3     3.2     0.3    26.31 C     8.1    -0.7     3.9    95.1    78.8    87.5 -99.000 -99.000 -99.000 -99.000 -99.000 -9999.0 -9999.0 -9999.0 -9999.0 -9999.0
27516 20240616  2.424 -156.61   71.32     9.2     2.8     6.0     6.0     0.6    17.79 C    10.2     2.1     5.7    91.7    61.8    79.0 -99.000 -99.000 -99.000 -99.000 -99.000 -9999.0 -9999.0 -9999.0 -9999.0 -9999.0
27516 20240617  2.424 -156.61   71.32     5.0     0.2     2.6     0.9     1.7    11.85 C     4.3     0.7     2.1    97.7    88.1    95.0 -99.000 -99.000 -99.000 -99.000 -99.000 -9999.0 -9999.0 -9999.0 -9999.0 -9999.0
27516 20240618  2.424 -156.61   71.32     3.1     0.0     1.5     1.4     0.0    21.48 C     6.7     0.3     2.7    97.7    83.0    90.3 -99.000 -99.000 -99.000 -99.000 -99.000 -9999.0 -9999.0 -9999.0 -9999.0 -9999.0
27516 20240619  2.424 -156.61   71.32     5.0     0.0     2.5     1.6     0.0    25.95 C     8.7    -0.2     3.4    96.9    73.1    87.5 -99.000 -99.000 -99.000 -99.000 -99.000 -9999.0 -9999.0 -9999.0 -9999.0 -9999.0
27516 20240620  2.424 -156.61   71.32     3.4    -1.7     0.9     1.1     0.0    28.13 C     9.0    -1.0     4.3    97.4    78.2    88.3 -99.000 -99.000 -99.000 -99.000 -99.000 -9999.0 -9999.0 -9999.0 -9999.0 -9999.0
27516 20240621  2.424 -156.61   71.32     5.8    -0.4     2.7     3.2     0.0    24.36 C    10.6    -0.6     5.6    94.5    67.9    82.7 -99.000 -99.000 -99.000 -99.000 -99.000 -9999.0 -9999.0 -9999.0 -9999.0 -9999.0
27516 20240622  2.424 -156.61   71.32     6.1     0.3     3.2     3.3     0.0    26.28 C    11.3     0.5     6.1    93.7    76.3    85.7 -99.000 -99.000 -99.000 -99.000 -99.000 -9999.0 -9999.0 -9999.0 -9999.0 -9999.0
27516 20240623  2.424 -156.61   71.32     2.8    -0.9     1.0     0.7     0.0    26.05 C     7.9     0.1     3.6    97.9    87.8    93.8 -99.000 -99.000 -99.000 -99.000 -99.000 -9999.0 -9999.0 -9999.0 -9999.0 -9999.0
27516 20240624  2.424 -156.61   71.32     1.8    -0.5     0.6     0.6     0.0    19.87 C     7.7     0.3     2.9    97.7    86.3    92.5 -99.000 -99.000 -99.000 -99.000 -99.000 -9999.0 -9999.0 -9999.0 -9999.0 -9999.0
27516 20240625  2.424 -156.61   71.32     4.5     0.5     2.5     2.2     0.0    21.14 C     9.1     0.9     4.1    95.3    83.1    89.5 -99.000 -99.000 -99.000 -99.000 -99.000 -9999.0 -9999.0 -9999.0 -9999.0 -9999.0
27516 20240626  2.424 -156.61   71.32    19.5     1.8    10.6     9.3     0.0    19.92 C    23.2     1.9    11.0    92.7    57.4    78.9 -99.000 -99.000 -99.000 -99.000 -99.000 -9999.0 -9999.0 -9999.0 -9999.0 -9999.0
27516 20240627  2.424 -156.61   71.32     9.6     2.7     6.1     5.7     0.0    18.74 C    13.4     3.3     7.2    90.7    75.2    83.5 -99.000 -99.000 -99.000 -99.000 -99.000 -9999.0 -9999.0 -9999.0 -9999.0 -9999.0
27516 20240628  2.424 -156.61   71.32     9.1     0.7     4.9     3.6     0.0    17.10 C    12.5     1.6     5.8    96.9    78.1    89.4 -99.000 -99.000 -99.000 -99.000 -99.000 -9999.0 -9999.0 -9999.0 -9999.0 -9999.0
27516 20240629  2.424 -156.61   71.32     7.9     0.8     4.4     3.3     0.0    14.64 C    14.9     1.3     5.8    97.3    81.4    92.4 -99.000 -99.000 -99.000 -99.000 -99.000 -9999.0 -9999.0 -9999.0 -9999.0 -9999.0
27516 20240630  2.424 -156.61   71.32     4.9     0.4     2.6     2.1     0.0    19.86 C    10.9     0.8     4.9    98.1    86.5    93.7 -99.000 -99.000 -99.000 -99.000 -99.000 -9999.0 -9999.0 -9999.0 -9999.0 -9999.0
27516 20240701  2.424 -156.61   71.32     5.1    -0.3     2.4     2.3     0.0    19.57 C    10.3    -0.4     4.4    98.2    85.3    91.8 -99.000 -99.000 -99.000 -99.000 -99.000 -9999.0 -9999.0 -9999.0 -9999.0 -9999.0
27516 20240702  2.424 -156.61   71.32 -9999.0 -9999.0 -9999.0 -9999.0 -9999.0 -9999.00 U -9999.0 -9999.0 -9999.0 -9999.0 -9999.0 -9999.0 -99.000 -99.000 -99.000 -99.000 -99.000 -9999.0 -9999.0 -9999.0 -9999.0 -9999.0
