94075 20240101  2.623 -105.54   40.04     1.9    -6.5    -2.3    -2.9     0.0     6.95 C     0.5   -12.8    -7.2    68.6    33.8    50.5 -99.000 -99.000 -99.000 -99.000 -99.000 -9999.0 -9999.0 -9999.0 -9999.0 -9999.0
94075 20240102  2.623 -105.54   40.04    -0.2   -13.1    -6.7    -5.0     0.0     7.41 C    -0.7   -16.0    -9.9    75.4    28.9    47.1 -99.000 -99.000 -99.000 -99.000 -99.000 -9999.0 -9999.0 -9999.0 -9999.0 -9999.0
94075 20240103  2.623 -105.54   40.04    -0.2   -12.2    -6.2    -6.8     0.0     8.03 C    -1.1   -17.6   -11.1    72.5    18.9    48.9 -99.000 -99.000 -99.000 -99.000 -99.000 -9999.0 -9999.0 -9999.0 -9999.0 -9999.0
94075 20240104  2.623 -105.54   40.04    -4.4   -13.8    -9.1    -9.0     0.5     3.83 C    -2.6   -18.9   -10.0    85.8    40.1    70.8 -99.000 -99.000 -99.000 -99.000 -99.000 -9999.0 -9999.0 -9999.0 -9999.0 -9999.0
94075 20240105  2.623 -105.54   40.04    -6.4   -16.8   -11.6   -11.0     0.0     5.62 C    -6.5   -20.3   -13.8    82.8    40.5    61.4 -99.000 -99.000 -99.000 -99.000 -99.000 -9999.0 -9999.0 -9999.0 -9999.0 -9999.0
94075 20240106  2.623 -105.54   40.04   -10.2   -17.8   -14.0   -12.3     0.0     7.88 C    -9.8   -22.3   -15.4    71.9    40.1    53.4 -99.000 -99.000 -99.000 -99.000 -99.000 -9999.0 -9999.0 -9999.0 -9999.0 -9999.0
94075 20240107  2.623 -105.54   40.04    -6.9   -17.4   -12.2   -12.9     0.5     4.18 C    -5.8   -21.7   -14.4    84.3    33.0    63.8 -99.000 -99.000 -99.000 -99.000 -99.000 -9999.0 -9999.0 -9999.0 -9999.0 -9999.0
94075 20240108  2.623 -105.54   40.04   -10.9   -18.2   -14.6   -14.2     1.8     4.82 C   -10.6   -26.8   -16.9    84.0    41.3    64.6 -99.000 -99.000 -99.000 -99.000 -99.000 -9999.0 -9999.0 -9999.0 -9999.0 -9999.0
94075 20240109  2.623 -105.54   40.04    -5.2   -16.8   -11.0   -10.6     2.4     5.71 C    -6.1   -21.0   -12.7    74.2    26.7    55.3 -99.000 -99.000 -99.000 -99.000 -99.000 -9999.0 -9999.0 -9999.0 -9999.0 -9999.0
94075 20240110  2.623 -105.54   40.04    -9.4   -14.3   -11.9   -12.9     6.7     3.53 C   -10.3   -15.1   -13.4    82.9    48.6    68.9 -99.000 -99.000 -99.000 -99.000 -99.000 -9999.0 -9999.0 -9999.0 -9999.0 -9999.0
94075 20240111  2.623 -105.54   40.04   -10.9   -18.0   -14.4   -14.4     2.8     5.88 C   -10.2   -23.1   -16.3    83.6    45.4    66.5 -99.000 -99.000 -99.000 -99.000 -99.000 -9999.0 -9999.0 -9999.0 -9999.0 -9999.0
94075 20240112  2.623 -105.54   40.04   -11.3   -17.7   -14.5   -15.2     8.0     3.19 C   -11.9   -19.9   -15.4    80.3    57.3    67.6 -99.000 -99.000 -99.000 -99.000 -99.000 -9999.0 -9999.0 -9999.0 -9999.0 -9999.0
94075 20240113  2.623 -105.54   40.04    -8.6   -15.3   -12.0   -12.4    15.9     5.37 C    -9.4   -16.7   -13.3    80.8    48.9    68.6 -99.000 -99.000 -99.000 -99.000 -99.000 -9999.0 -9999.0 -9999.0 -9999.0 -9999.0
94075 20240114  2.623 -105.54   40.04    -5.6    -9.4    -7.5    -7.7    11.7     2.68 C    -6.5   -10.8    -8.7    81.8    64.6    74.2 -99.000 -99.000 -99.000 -99.000 -99.000 -9999.0 -9999.0 -9999.0 -9999.0 -9999.0
94075 20240115  2.623 -105.54   40.04    -8.2   -30.2   -19.2   -19.0     1.3     2.19 C    -9.5   -33.5   -21.1    84.1    50.3    67.9 -99.000 -99.000 -99.000 -99.000 -99.000 -9999.0 -9999.0 -9999.0 -9999.0 -9999.0
94075 20240116  2.623 -105.54   40.04    -8.4   -19.8   -14.1   -13.8     1.4     6.16 C   -12.5   -21.9   -16.2    68.1    45.0    57.7 -99.000 -99.000 -99.000 -99.000 -99.000 -9999.0 -9999.0 -9999.0 -9999.0 -9999.0
94075 20240117  2.623 -105.54   40.04    -2.7    -9.4    -6.1    -5.6    46.7     3.82 C    -3.4   -12.9    -7.7    79.5    31.9    62.8 -99.000 -99.000 -99.000 -99.000 -99.000 -9999.0 -9999.0 -9999.0 -9999.0 -9999.0
94075 20240118  2.623 -105.54   40.04    -4.5    -6.4    -5.4    -5.3    15.5     5.18 C    -5.6   -11.2    -7.6    80.6    51.7    66.5 -99.000 -99.000 -99.000 -99.000 -99.000 -9999.0 -9999.0 -9999.0 -9999.0 -9999.0
94075 20240119  2.623 -105.54   40.04    -0.7    -7.6    -4.2    -3.6     1.1     5.41 C    -1.9   -13.8    -7.2    77.6    56.3    65.7 -99.000 -99.000 -99.000 -99.000 -99.000 -9999.0 -9999.0 -9999.0 -9999.0 -9999.0
94075 20240120  2.623 -105.54   40.04     5.0    -2.1     1.4     0.1     0.0     6.15 C     0.9    -7.7    -4.6    67.9    29.8    52.7 -99.000 -99.000 -99.000 -99.000 -99.000 -9999.0 -9999.0 -9999.0 -9999.0 -9999.0
94075 20240121  2.623 -105.54   40.04     0.5    -3.3    -1.4    -1.7     0.4     4.43 C    -0.8    -8.9    -4.5    81.2    49.8    61.0 -99.000 -99.000 -99.000 -99.000 -99.000 -9999.0 -9999.0 -9999.0 -9999.0 -9999.0
94075 20240122  2.623 -105.54   40.04     1.4    -6.3    -2.5    -2.9     0.0     5.84 C     0.9   -12.4    -5.8    85.3    44.9    66.4 -99.000 -99.000 -99.000 -99.000 -99.000 -9999.0 -9999.0 -9999.0 -9999.0 -9999.0
94075 20240123  2.623 -105.54   40.04    -0.4   -12.0    -6.2    -5.4     0.4     7.22 C     0.9   -16.1    -7.8    91.2    55.9    78.7 -99.000 -99.000 -99.000 -99.000 -99.000 -9999.0 -9999.0 -9999.0 -9999.0 -9999.0
94075 20240124  2.623 -105.54   40.04    -0.9    -9.8    -5.4    -4.9     0.2     5.46 C    -2.1   -16.0    -8.8    85.2    46.6    63.3 -99.000 -99.000 -99.000 -99.000 -99.000 -9999.0 -9999.0 -9999.0 -9999.0 -9999.0
94075 20240125  2.623 -105.54   40.04    -1.1    -9.7    -5.4    -5.0     0.3     9.32 C    -3.0   -17.1    -9.0    87.9    32.9    59.5 -99.000 -99.000 -99.000 -99.000 -99.000 -9999.0 -9999.0 -9999.0 -9999.0 -9999.0
94075 20240126  2.623 -105.54   40.04    -3.5   -13.3    -8.4    -7.5     0.7     4.40 C    -3.6   -19.7    -9.8    89.1    47.9    74.8 -99.000 -99.000 -99.000 -99.000 -99.000 -9999.0 -9999.0 -9999.0 -9999.0 -9999.0
94075 20240127  2.623 -105.54   40.04     1.8    -9.6    -3.9    -2.8     0.0    10.79 C    -3.0   -18.3   -10.0    60.4    11.2    30.4 -99.000 -99.000 -99.000 -99.000 -99.000 -9999.0 -9999.0 -9999.0 -9999.0 -9999.0
94075 20240128  2.623 -105.54   40.04     6.4    -3.0     1.7     1.8     0.0    11.00 C     0.2   -10.3    -4.9    63.4    16.5    40.6 -99.000 -99.000 -99.000 -99.000 -99.000 -9999.0 -9999.0 -9999.0 -9999.0 -9999.0
94075 20240129  2.623 -105.54   40.04     4.4    -7.1    -1.3    -0.6     0.0     9.55 C     1.3   -12.2    -6.0    77.3    38.4    57.1 -99.000 -99.000 -99.000 -99.000 -99.000 -9999.0 -9999.0 -9999.0 -9999.0 -9999.0
94075 20240130  2.623 -105.54   40.04     7.9    -8.4    -0.3    -0.7     0.0    11.50 C     2.1   -13.4    -7.0    71.8     5.3    36.9 -99.000 -99.000 -99.000 -99.000 -99.000 -9999.0 -9999.0 -9999.0 -9999.0 -9999.0
94075 20240131  2.623 -105.54   40.04     6.8    -9.1    -1.1     0.6     0.0    10.26 C     2.7   -13.4    -5.0    56.8    13.8    29.9 -99.000 -99.000 -99.000 -99.000 -99.000 -9999.0 -9999.0 -9999.0 -9999.0 -9999.0
94075 20240201  2.623 -105.54   40.04     3.7    -6.1    -1.2    -0.6     0.0    11.69 C     3.5    -8.7    -3.7    63.8    27.0    45.4 -99.000 -99.000 -99.000 -99.000 -99.000 -9999.0 -9999.0 -9999.0 -9999.0 -9999.0
94075 20240202  2.623 -105.54   40.04     2.3    -6.3    -2.0    -2.8     2.2     6.06 C     6.3    -9.4    -3.6    92.0    45.3    67.0 -99.000 -99.000 -99.000 -99.000 -99.000 -9999.0 -9999.0 -9999.0 -9999.0 -9999.0
94075 20240203  2.623 -105.54   40.04    -3.7   -10.6    -7.1    -5.3     7.4     1.59 C    -2.9   -18.7    -6.4    92.4    60.1    81.6 -99.000 -99.000 -99.000 -99.000 -99.000 -9999.0 -9999.0 -9999.0 -9999.0 -9999.0
94075 20240204  2.623 -105.54   40.04    -2.0   -15.2    -8.6    -8.0     0.0    13.44 C    -2.1   -22.1   -13.8    86.4    30.8    66.2 -99.000 -99.000 -99.000 -99.000 -99.000 -9999.0 -9999.0 -9999.0 -9999.0 -9999.0
94075 20240205  2.623 -105.54   40.04     6.7   -15.2    -4.3    -2.8     0.0    12.26 C     0.3   -20.6    -9.3    81.4    21.5    53.2 -99.000 -99.000 -99.000 -99.000 -99.000 -9999.0 -9999.0 -9999.0 -9999.0 -9999.0
94075 20240206  2.623 -105.54   40.04     6.9    -4.1     1.4     1.2     0.0     8.62 C     0.9   -12.9    -6.3    63.4    18.9    36.4 -99.000 -99.000 -99.000 -99.000 -99.000 -9999.0 -9999.0 -9999.0 -9999.0 -9999.0
94075 20240207  2.623 -105.54   40.04     2.7    -7.2    -2.2    -2.2     0.8     7.32 C    -2.1   -11.5    -7.3    73.5    26.2    45.7 -99.000 -99.000 -99.000 -99.000 -99.000 -9999.0 -9999.0 -9999.0 -9999.0 -9999.0
94075 20240208  2.623 -105.54   40.04    -4.3   -13.8    -9.0    -7.0     6.8    11.88 C    -4.3   -20.0    -9.9    82.0    41.6    59.7 -99.000 -99.000 -99.000 -99.000 -99.000 -9999.0 -9999.0 -9999.0 -9999.0 -9999.0
94075 20240209  2.623 -105.54   40.04    -4.3   -17.0   -10.6   -10.7     0.0     9.52 C    -1.0   -20.9   -13.1    81.6    39.4    66.0 -99.000 -99.000 -99.000 -99.000 -99.000 -9999.0 -9999.0 -9999.0 -9999.0 -9999.0
94075 20240210  2.623 -105.54   40.04    -9.4   -19.3   -14.3   -12.0     3.2     4.58 C    -7.3   -28.2   -12.9    89.1    73.2    83.5 -99.000 -99.000 -99.000 -99.000 -99.000 -9999.0 -9999.0 -9999.0 -9999.0 -9999.0
94075 20240211  2.623 -105.54   40.04    -5.3   -20.4   -12.8   -12.1     0.0    12.80 C    -6.6   -29.6   -18.4    82.3    35.4    65.0 -99.000 -99.000 -99.000 -99.000 -99.000 -9999.0 -9999.0 -9999.0 -9999.0 -9999.0
94075 20240212  2.623 -105.54   40.04    -0.3   -15.2    -7.8    -4.5     0.0    14.09 C    -1.8   -21.1    -8.5    77.6    40.0    53.1 -99.000 -99.000 -99.000 -99.000 -99.000 -9999.0 -9999.0 -9999.0 -9999.0 -9999.0
94075 20240213  2.623 -105.54   40.04    -1.4   -12.5    -6.9    -5.7     0.0    14.26 C    -3.6   -18.7   -10.9    62.4    31.2    45.5 -99.000 -99.000 -99.000 -99.000 -99.000 -9999.0 -9999.0 -9999.0 -9999.0 -9999.0
94075 20240214  2.623 -105.54   40.04    -3.1    -6.3    -4.7    -5.1     4.1     6.86 C    -3.5   -15.4    -8.4    80.6    42.0    58.8 -99.000 -99.000 -99.000 -99.000 -99.000 -9999.0 -9999.0 -9999.0 -9999.0 -9999.0
94075 20240215  2.623 -105.54   40.04     0.8    -7.0    -3.1    -3.6     5.7    11.45 C    -1.3   -14.7    -6.9    89.6    37.0    58.1 -99.000 -99.000 -99.000 -99.000 -99.000 -9999.0 -9999.0 -9999.0 -9999.0 -9999.0
94075 20240216  2.623 -105.54   40.04    -5.4   -17.5   -11.5    -9.6    11.5     5.62 C    -6.2   -20.4   -10.8    89.6    54.9    73.4 -99.000 -99.000 -99.000 -99.000 -99.000 -9999.0 -9999.0 -9999.0 -9999.0 -9999.0
94075 20240217  2.623 -105.54   40.04    -3.7   -19.9   -11.8   -12.0     0.0    10.92 C    -6.4   -30.3   -19.2    83.0    31.7    65.6 -99.000 -99.000 -99.000 -99.000 -99.000 -9999.0 -9999.0 -9999.0 -9999.0 -9999.0
94075 20240218  2.623 -105.54   40.04    -0.4   -17.0    -8.7    -6.0     1.9     9.61 C    -2.0   -24.8   -11.1    81.8    11.8    53.2 -99.000 -99.000 -99.000 -99.000 -99.000 -9999.0 -9999.0 -9999.0 -9999.0 -9999.0
94075 20240219  2.623 -105.54   40.04     1.5    -7.3    -2.9    -2.6     1.3    15.65 C    -1.8   -10.9    -7.2    74.2    22.2    43.4 -99.000 -99.000 -99.000 -99.000 -99.000 -9999.0 -9999.0 -9999.0 -9999.0 -9999.0
94075 20240220  2.623 -105.54   40.04     4.3    -1.2     1.6     0.5     0.8    12.45 C     0.8    -6.9    -3.0    76.4    38.1    53.8 -99.000 -99.000 -99.000 -99.000 -99.000 -9999.0 -9999.0 -9999.0 -9999.0 -9999.0
94075 20240221  2.623 -105.54   40.04     4.1    -3.8     0.1    -0.5     0.0    12.74 C     0.6    -9.6    -5.3    74.2    16.7    38.6 -99.000 -99.000 -99.000 -99.000 -99.000 -9999.0 -9999.0 -9999.0 -9999.0 -9999.0
94075 20240222  2.623 -105.54   40.04    -1.9    -7.8    -4.8    -5.3     0.4    10.50 C    -0.8   -12.2    -7.6    89.9    42.7    61.2 -99.000 -99.000 -99.000 -99.000 -99.000 -9999.0 -9999.0 -9999.0 -9999.0 -9999.0
94075 20240223  2.623 -105.54   40.04    -2.8    -8.8    -5.8    -6.3     1.3    15.67 C    -4.6   -13.4    -9.2    71.3    25.3    49.4 -99.000 -99.000 -99.000 -99.000 -99.000 -9999.0 -9999.0 -9999.0 -9999.0 -9999.0
94075 20240224  2.623 -105.54   40.04     1.4    -6.3    -2.5    -2.3     0.0    15.83 C    -0.9   -11.8    -7.3    49.8    14.8    26.3 -99.000 -99.000 -99.000 -99.000 -99.000 -9999.0 -9999.0 -9999.0 -9999.0 -9999.0
94075 20240225  2.623 -105.54   40.04     2.7    -3.5    -0.4    -1.0     0.0    15.60 C     1.8    -8.5    -4.8    41.8    23.6    30.1 -99.000 -99.000 -99.000 -99.000 -99.000 -9999.0 -9999.0 -9999.0 -9999.0 -9999.0
94075 20240226  2.623 -105.54   40.04     2.5    -3.6    -0.5    -0.4     0.3     8.66 C     3.9    -6.8    -2.6    81.0    29.4    44.7 -99.000 -99.000 -99.000 -99.000 -99.000 -9999.0 -9999.0 -9999.0 -9999.0 -9999.0
94075 20240227  2.623 -105.54   40.04    -1.9   -17.4    -9.6   -10.0     9.0     6.96 C    -3.6   -19.4   -10.2    90.7    49.7    67.8 -99.000 -99.000 -99.000 -99.000 -99.000 -9999.0 -9999.0 -9999.0 -9999.0 -9999.0
94075 20240228  2.623 -105.54   40.04    -0.9   -17.4    -9.2    -6.9     0.0    14.70 C     1.9   -19.1    -8.7    64.2    15.1    34.8 -99.000 -99.000 -99.000 -99.000 -99.000 -9999.0 -9999.0 -9999.0 -9999.0 -9999.0
94075 20240229  2.623 -105.54   40.04     3.0    -3.4    -0.2    -0.3     0.0    17.55 C     6.0    -9.8    -2.9    31.6    11.8    19.2 -99.000 -99.000 -99.000 -99.000 -99.000 -9999.0 -9999.0 -9999.0 -9999.0 -9999.0
94075 20240301  2.623 -105.54   40.04     3.5    -3.5     0.0    -0.1     0.0    17.02 C     8.7    -8.0    -1.6    45.3    26.4    35.8 -99.000 -99.000 -99.000 -99.000 -99.000 -9999.0 -9999.0 -9999.0 -9999.0 -9999.0
94075 20240302  2.623 -105.54   40.04     5.8    -3.6     1.1     1.1     3.0    15.53 C    12.0    -6.2     0.0    91.7    16.0    34.0 -99.000 -99.000 -99.000 -99.000 -99.000 -9999.0 -9999.0 -9999.0 -9999.0 -9999.0
94075 20240303  2.623 -105.54   40.04    -3.2   -12.0    -7.6    -8.3     8.9     6.59 C    -3.8   -13.7    -8.7    86.9    61.2    75.3 -99.000 -99.000 -99.000 -99.000 -99.000 -9999.0 -9999.0 -9999.0 -9999.0 -9999.0
94075 20240304  2.623 -105.54   40.04    -2.2   -12.0    -7.1    -6.7     2.1    15.81 C    -1.4   -21.7    -9.4    87.0    48.0    65.9 -99.000 -99.000 -99.000 -99.000 -99.000 -9999.0 -9999.0 -9999.0 -9999.0 -9999.0
94075 20240305  2.623 -105.54   40.04    -1.3   -10.3    -5.8    -5.2     4.5    10.23 C    -1.2   -10.7    -7.1    83.3    47.6    65.7 -99.000 -99.000 -99.000 -99.000 -99.000 -9999.0 -9999.0 -9999.0 -9999.0 -9999.0
94075 20240306  2.623 -105.54   40.04     0.5    -5.4    -2.5    -2.8     0.8    19.59 C    -1.8   -10.3    -6.5    87.6    34.2    51.1 -99.000 -99.000 -99.000 -99.000 -99.000 -9999.0 -9999.0 -9999.0 -9999.0 -9999.0
94075 20240307  2.623 -105.54   40.04    -3.2   -12.0    -7.6    -6.8    10.8     4.92 C    -0.1   -17.1    -7.6    91.3    78.9    86.9 -99.000 -99.000 -99.000 -99.000 -99.000 -9999.0 -9999.0 -9999.0 -9999.0 -9999.0
94075 20240308  2.623 -105.54   40.04    -7.5   -18.3   -12.9   -10.3     4.1     2.18 C    -6.4   -27.6   -11.2    88.3    79.0    85.6 -99.000 -99.000 -99.000 -99.000 -99.000 -9999.0 -9999.0 -9999.0 -9999.0 -9999.0
94075 20240309  2.623 -105.54   40.04     0.4   -19.5    -9.5    -8.1     0.0    18.56 C    -1.4   -28.8   -14.2    88.7    23.0    51.4 -99.000 -99.000 -99.000 -99.000 -99.000 -9999.0 -9999.0 -9999.0 -9999.0 -9999.0
94075 20240310  2.623 -105.54   40.04     4.8    -6.5    -0.9    -0.7     0.0    20.21 C     0.0   -16.7    -8.8    44.4     7.5    19.6 -99.000 -99.000 -99.000 -99.000 -99.000 -9999.0 -9999.0 -9999.0 -9999.0 -9999.0
94075 20240311  2.623 -105.54   40.04     4.6    -8.5    -2.0    -1.0     0.0    15.14 C     0.5   -16.4    -6.6    61.6    23.1    36.0 -99.000 -99.000 -99.000 -99.000 -99.000 -9999.0 -9999.0 -9999.0 -9999.0 -9999.0
94075 20240312  2.623 -105.54   40.04     3.7    -3.9    -0.1    -1.4     2.6    11.20 C     0.8    -8.7    -4.1    91.4    28.9    55.0 -99.000 -99.000 -99.000 -99.000 -99.000 -9999.0 -9999.0 -9999.0 -9999.0 -9999.0
94075 20240313  2.623 -105.54   40.04    -3.3    -6.7    -5.0    -4.3    42.4     0.94 C    -1.5   -10.5    -4.6    92.2    69.7    89.2 -99.000 -99.000 -99.000 -99.000 -99.000 -9999.0 -9999.0 -9999.0 -9999.0 -9999.0
94075 20240314  2.623 -105.54   40.04    -6.7    -9.8    -8.3    -7.8    82.4     5.64 C    -6.0   -10.0    -7.8    89.3    85.3    88.4 -99.000 -99.000 -99.000 -99.000 -99.000 -9999.0 -9999.0 -9999.0 -9999.0 -9999.0
94075 20240315  2.623 -105.54   40.04     1.0    -9.3    -4.2    -4.5     2.3    16.92 C     0.8   -14.3    -5.7    94.8    76.2    88.4 -99.000 -99.000 -99.000 -99.000 -99.000 -9999.0 -9999.0 -9999.0 -9999.0 -9999.0
94075 20240316  2.623 -105.54   40.04    -3.2   -12.5    -7.9    -6.7     0.0    12.11 C     0.4   -19.4    -8.1    91.5    66.9    84.4 -99.000 -99.000 -99.000 -99.000 -99.000 -9999.0 -9999.0 -9999.0 -9999.0 -9999.0
94075 20240317  2.623 -105.54   40.04    -3.0    -7.7    -5.4    -6.0     0.0     4.52 C    -1.5   -13.0    -6.3    91.3    67.4    86.3 -99.000 -99.000 -99.000 -99.000 -99.000 -9999.0 -9999.0 -9999.0 -9999.0 -9999.0
94075 20240318  2.623 -105.54   40.04     3.4   -15.3    -6.0    -4.0     0.0    21.37 C     0.1   -20.4    -9.2    87.9    36.5    60.3 -99.000 -99.000 -99.000 -99.000 -99.000 -9999.0 -9999.0 -9999.0 -9999.0 -9999.0
94075 20240319  2.623 -105.54   40.04     5.3   -10.8    -2.8    -1.7     0.0    21.35 C     0.4   -17.2    -8.5    77.7    21.9    48.8 -99.000 -99.000 -99.000 -99.000 -99.000 -9999.0 -9999.0 -9999.0 -9999.0 -9999.0
94075 20240320  2.623 -105.54   40.04     4.8   -10.9    -3.1    -2.0     0.0    21.07 C     0.6   -17.7    -8.4    76.7    24.9    50.0 -99.000 -99.000 -99.000 -99.000 -99.000 -9999.0 -9999.0 -9999.0 -9999.0 -9999.0
94075 20240321  2.623 -105.54   40.04     4.8    -2.4     1.2     1.0     0.7    21.94 C     0.0    -9.0    -4.2    91.4    22.1    43.6 -99.000 -99.000 -99.000 -99.000 -99.000 -9999.0 -9999.0 -9999.0 -9999.0 -9999.0
94075 20240322  2.623 -105.54   40.04     3.7    -5.3    -0.8    -1.2     0.0    19.54 C     0.1   -12.4    -6.7    63.6    20.2    46.7 -99.000 -99.000 -99.000 -99.000 -99.000 -9999.0 -9999.0 -9999.0 -9999.0 -9999.0
94075 20240323  2.623 -105.54   40.04     5.5    -6.6    -0.6     0.1     0.2    12.84 C     0.6   -14.7    -5.7    79.8    32.8    49.2 -99.000 -99.000 -99.000 -99.000 -99.000 -9999.0 -9999.0 -9999.0 -9999.0 -9999.0
94075 20240324  2.623 -105.54   40.04     1.9   -12.3    -5.2    -3.9    17.5     9.23 C    -0.4   -14.9    -7.1    91.4    28.1    63.4 -99.000 -99.000 -99.000 -99.000 -99.000 -9999.0 -9999.0 -9999.0 -9999.0 -9999.0
94075 20240325  2.623 -105.54   40.04    -7.7   -16.0   -11.9   -10.8     0.6     5.37 C    -1.0   -25.5   -12.7    89.2    53.0    79.7 -99.000 -99.000 -99.000 -99.000 -99.000 -9999.0 -9999.0 -9999.0 -9999.0 -9999.0
94075 20240326  2.623 -105.54   40.04    -5.3   -11.9    -8.6    -8.5     0.0     9.88 C    -6.8   -20.0   -11.7    81.9    43.6    63.0 -99.000 -99.000 -99.000 -99.000 -99.000 -9999.0 -9999.0 -9999.0 -9999.0 -9999.0
94075 20240327  2.623 -105.54   40.04    -3.0   -10.3    -6.7    -6.7     2.1    21.40 C    -4.1   -15.6    -9.5    81.0    34.6    58.2 -99.000 -99.000 -99.000 -99.000 -99.000 -9999.0 -9999.0 -9999.0 -9999.0 -9999.0
94075 20240328  2.623 -105.54   40.04     3.8    -5.7    -1.0    -0.9     0.0    18.77 C    -0.4   -12.3    -6.1    62.2    30.2    42.4 -99.000 -99.000 -99.000 -99.000 -99.000 -9999.0 -9999.0 -9999.0 -9999.0 -9999.0
94075 20240329  2.623 -105.54   40.04     0.0    -4.4    -2.2    -2.5     9.3     3.69 C     0.2    -8.7    -4.5    92.7    51.3    78.5 -99.000 -99.000 -99.000 -99.000 -99.000 -9999.0 -9999.0 -9999.0 -9999.0 -9999.0
94075 20240330  2.623 -105.54   40.04     5.7    -4.5     0.6    -0.3     0.0    19.29 C     0.6   -10.5    -3.9    92.8    33.3    65.4 -99.000 -99.000 -99.000 -99.000 -99.000 -9999.0 -9999.0 -9999.0 -9999.0 -9999.0
94075 20240331  2.623 -105.54   40.04     6.4    -3.1     1.6     0.5     0.6    17.35 C     0.8   -11.3    -4.4    81.9    26.8    50.5 -99.000 -99.000 -99.000 -99.000 -99.000 -9999.0 -9999.0 -9999.0 -9999.0 -9999.0
94075 20240401  2.623 -105.54   40.04     0.8    -6.9    -3.0    -3.7     0.8    19.56 C     0.6   -12.0    -5.1    91.8    30.2    64.9 -99.000 -99.000 -99.000 -99.000 -99.000 -9999.0 -9999.0 -9999.0 -9999.0 -9999.0
94075 20240402  2.623 -105.54   40.04     2.7    -9.7    -3.5    -2.4     0.0    24.41 C    -0.5   -17.9    -7.1    68.5    26.4    45.6 -99.000 -99.000 -99.000 -99.000 -99.000 -9999.0 -9999.0 -9999.0 -9999.0 -9999.0
94075 20240403  2.623 -105.54   40.04     6.5    -3.8     1.3     1.2     0.0    24.64 C     0.4   -10.4    -4.2    68.6    28.7    48.5 -99.000 -99.000 -99.000 -99.000 -99.000 -9999.0 -9999.0 -9999.0 -9999.0 -9999.0
94075 20240404  2.623 -105.54   40.04     9.8    -7.4     1.2     2.2     0.0    24.39 C     0.6   -13.3    -4.8    70.0    12.8    41.8 -99.000 -99.000 -99.000 -99.000 -99.000 -9999.0 -9999.0 -9999.0 -9999.0 -9999.0
94075 20240405  2.623 -105.54   40.04    10.7    -2.4     4.1     4.7     0.0    22.62 C     0.8    -9.4    -2.9    65.7    12.7    32.9 -99.000 -99.000 -99.000 -99.000 -99.000 -9999.0 -9999.0 -9999.0 -9999.0 -9999.0
94075 20240406  2.623 -105.54   40.04     2.4    -9.8    -3.7    -6.2     6.4    14.21 C    -3.0   -11.9    -7.7    81.8    37.6    60.9 -99.000 -99.000 -99.000 -99.000 -99.000 -9999.0 -9999.0 -9999.0 -9999.0 -9999.0
94075 20240407  2.623 -105.54   40.04    -3.2   -10.6    -6.9    -7.1     1.2    24.48 C    -2.7   -12.4    -9.2    77.0    36.7    54.1 -99.000 -99.000 -99.000 -99.000 -99.000 -9999.0 -9999.0 -9999.0 -9999.0 -9999.0
94075 20240408  2.623 -105.54   40.04    -0.2    -9.0    -4.6    -4.7     0.0    22.80 C    -0.5   -15.7    -8.3    61.7    22.1    42.0 -99.000 -99.000 -99.000 -99.000 -99.000 -9999.0 -9999.0 -9999.0 -9999.0 -9999.0
94075 20240409  2.623 -105.54   40.04     3.3   -12.2    -4.4    -2.7     0.0    25.77 C     0.5   -18.0    -7.4    70.5    11.3    41.3 -99.000 -99.000 -99.000 -99.000 -99.000 -9999.0 -9999.0 -9999.0 -9999.0 -9999.0
94075 20240410  2.623 -105.54   40.04     1.9    -5.6    -1.9    -2.3     1.6    18.44 C     0.4   -14.0    -4.0    93.4    37.8    65.5 -99.000 -99.000 -99.000 -99.000 -99.000 -9999.0 -9999.0 -9999.0 -9999.0 -9999.0
94075 20240411  2.623 -105.54   40.04     5.2    -8.0    -1.4    -1.0     0.0    23.66 C     0.2   -13.9    -5.8    93.0    16.4    49.7 -99.000 -99.000 -99.000 -99.000 -99.000 -9999.0 -9999.0 -9999.0 -9999.0 -9999.0
94075 20240412  2.623 -105.54   40.04    11.3    -3.8     3.7     4.7     0.0    25.65 C     0.7   -10.3    -2.9    65.4    15.2    32.2 -99.000 -99.000 -99.000 -99.000 -99.000 -9999.0 -9999.0 -9999.0 -9999.0 -9999.0
94075 20240413  2.623 -105.54   40.04    11.2    -1.2     5.0     5.4     0.0    24.13 C     0.9    -5.9    -1.9    69.1    17.4    38.2 -99.000 -99.000 -99.000 -99.000 -99.000 -9999.0 -9999.0 -9999.0 -9999.0 -9999.0
94075 20240414  2.623 -105.54   40.04    13.6    -2.2     5.7     5.7     0.0    26.27 C     1.1    -8.1    -2.8    68.5     8.3    35.1 -99.000 -99.000 -99.000 -99.000 -99.000 -9999.0 -9999.0 -9999.0 -9999.0 -9999.0
94075 20240415  2.623 -105.54   40.04    10.4    -4.0     3.2     2.1     3.3    19.75 C     1.6    -9.4    -3.5    84.0     9.4    42.6 -99.000 -99.000 -99.000 -99.000 -99.000 -9999.0 -9999.0 -9999.0 -9999.0 -9999.0
94075 20240416  2.623 -105.54   40.04     2.6    -3.0    -0.2     0.5     4.9    18.89 C     0.3    -4.3    -2.3    85.3    50.6    64.0 -99.000 -99.000 -99.000 -99.000 -99.000 -9999.0 -9999.0 -9999.0 -9999.0 -9999.0
94075 20240417  2.623 -105.54   40.04     8.7    -4.1     2.3     3.4     0.3    22.80 C     4.0    -5.1    -0.6    93.6    31.6    52.8 -99.000 -99.000 -99.000 -99.000 -99.000 -9999.0 -9999.0 -9999.0 -9999.0 -9999.0
94075 20240418  2.623 -105.54   40.04    -4.1    -8.0    -6.1    -6.7     4.5     5.58 C    -1.8    -6.5    -4.7    92.9    88.0    89.3 -99.000 -99.000 -99.000 -99.000 -99.000 -9999.0 -9999.0 -9999.0 -9999.0 -9999.0
94075 20240419  2.623 -105.54   40.04    -3.5    -8.3    -5.9    -6.8    18.3     3.66 C    -0.8    -9.0    -6.1    91.9    87.2    88.8 -99.000 -99.000 -99.000 -99.000 -99.000 -9999.0 -9999.0 -9999.0 -9999.0 -9999.0
94075 20240420  2.623 -105.54   40.04     1.6    -9.0    -3.7    -5.4     5.0     9.66 C     0.5   -11.7    -4.7    94.1    86.2    89.3 -99.000 -99.000 -99.000 -99.000 -99.000 -9999.0 -9999.0 -9999.0 -9999.0 -9999.0
94075 20240421  2.623 -105.54   40.04     7.8    -8.7    -0.4     0.6     0.0    27.48 C     0.8   -15.3    -5.3   100.0    20.2    63.7 -99.000 -99.000 -99.000 -99.000 -99.000 -9999.0 -9999.0 -9999.0 -9999.0 -9999.0
94075 20240422  2.623 -105.54   40.04    10.9     3.1     7.0     6.5     0.5    14.08 C     1.5    -5.5    -1.2    49.8    25.7    35.5 -99.000 -99.000 -99.000 -99.000 -99.000 -9999.0 -9999.0 -9999.0 -9999.0 -9999.0
94075 20240423  2.623 -105.54   40.04     6.0    -3.1     1.4     1.2     5.9    17.82 C     9.5    -5.7     0.2    93.3    39.1    68.2 -99.000 -99.000 -99.000 -99.000 -99.000 -9999.0 -9999.0 -9999.0 -9999.0 -9999.0
94075 20240424  2.623 -105.54   40.04    13.7    -2.3     5.7     4.8     0.0    24.78 C    23.0    -4.8     5.1    93.6    18.4    62.9 -99.000 -99.000 -99.000 -99.000 -99.000 -9999.0 -9999.0 -9999.0 -9999.0 -9999.0
94075 20240425  2.623 -105.54   40.04    10.7    -0.8     4.9     4.9     2.3    13.07 C    25.5    -2.2     4.8    88.8    19.9    46.6 -99.000 -99.000 -99.000 -99.000 -99.000 -9999.0 -9999.0 -9999.0 -9999.0 -9999.0
94075 20240426  2.623 -105.54   40.04     7.8    -1.3     3.2     1.7    23.6    24.74 C    25.4    -3.5     4.8    94.0    31.1    68.8 -99.000 -99.000 -99.000 -99.000 -99.000 -9999.0 -9999.0 -9999.0 -9999.0 -9999.0
94075 20240427  2.623 -105.54   40.04    -1.2    -4.6    -2.9    -3.4    18.3     5.55 C    -1.2    -6.2    -3.2    94.3    85.7    92.1 -99.000 -99.000 -99.000 -99.000 -99.000 -9999.0 -9999.0 -9999.0 -9999.0 -9999.0
94075 20240428  2.623 -105.54   40.04     2.6    -4.6    -1.0    -1.2     1.1    20.21 C     0.9    -6.9    -2.6    92.1    53.2    73.0 -99.000 -99.000 -99.000 -99.000 -99.000 -9999.0 -9999.0 -9999.0 -9999.0 -9999.0
94075 20240429  2.623 -105.54   40.04     4.9    -1.9     1.5     0.9     0.0    10.47 C     0.9    -7.7    -2.4    80.3    41.3    59.6 -99.000 -99.000 -99.000 -99.000 -99.000 -9999.0 -9999.0 -9999.0 -9999.0 -9999.0
94075 20240430  2.623 -105.54   40.04     8.1    -1.3     3.4     2.8     2.8    23.15 C     0.7    -5.6    -1.6    81.8    19.9    51.8 -99.000 -99.000 -99.000 -99.000 -99.000 -9999.0 -9999.0 -9999.0 -9999.0 -9999.0
94075 20240501  2.623 -105.54   40.04     8.8    -2.7     3.0     1.9     1.0    24.83 C     1.1    -8.9    -2.2    87.9    29.2    58.5 -99.000 -99.000 -99.000 -99.000 -99.000 -9999.0 -9999.0 -9999.0 -9999.0 -9999.0
94075 20240502  2.623 -105.54   40.04     5.4    -5.4     0.0    -0.9     0.0    26.61 C     3.9   -12.5    -4.3    73.7    22.0    39.6 -99.000 -99.000 -99.000 -99.000 -99.000 -9999.0 -9999.0 -9999.0 -9999.0 -9999.0
94075 20240503  2.623 -105.54   40.04     9.8    -4.2     2.8     2.3     2.4    21.46 C    18.7    -6.9     2.4    93.3    19.6    50.7 -99.000 -99.000 -99.000 -99.000 -99.000 -9999.0 -9999.0 -9999.0 -9999.0 -9999.0
94075 20240504  2.623 -105.54   40.04     6.5    -7.5    -0.5    -0.9     0.0    21.68 C    25.0   -10.8     4.0    93.4    54.1    78.8 -99.000 -99.000 -99.000 -99.000 -99.000 -9999.0 -9999.0 -9999.0 -9999.0 -9999.0
94075 20240505  2.623 -105.54   40.04    12.3    -2.5     4.9     5.5     0.0    16.89 C    27.6    -3.7     6.4    82.3    22.8    47.3 -99.000 -99.000 -99.000 -99.000 -99.000 -9999.0 -9999.0 -9999.0 -9999.0 -9999.0
94075 20240506  2.623 -105.54   40.04     4.2    -6.6    -1.2    -3.8    18.0    13.75 C     0.3    -7.1    -4.1    86.0    43.0    71.6 -99.000 -99.000 -99.000 -99.000 -99.000 -9999.0 -9999.0 -9999.0 -9999.0 -9999.0
94075 20240507  2.623 -105.54   40.04    -3.5    -7.8    -5.6    -5.2    15.8     4.01 C    -3.6    -9.3    -5.9    87.5    58.4    71.4 -99.000 -99.000 -99.000 -99.000 -99.000 -9999.0 -9999.0 -9999.0 -9999.0 -9999.0
94075 20240508  2.623 -105.54   40.04    -1.3    -9.0    -5.1    -5.0     1.6    29.27 C     8.8   -13.1    -4.0    74.4    44.8    56.5 -99.000 -99.000 -99.000 -99.000 -99.000 -9999.0 -9999.0 -9999.0 -9999.0 -9999.0
94075 20240509  2.623 -105.54   40.04    -1.2    -5.5    -3.4    -3.3     7.1     8.44 C     6.6    -4.0    -0.7    93.8    55.5    79.9 -99.000 -99.000 -99.000 -99.000 -99.000 -9999.0 -9999.0 -9999.0 -9999.0 -9999.0
94075 20240510  2.623 -105.54   40.04     0.1    -5.9    -2.9    -2.3     1.3     4.69 C     0.5    -7.8    -2.1    93.9    85.8    91.5 -99.000 -99.000 -99.000 -99.000 -99.000 -9999.0 -9999.0 -9999.0 -9999.0 -9999.0
94075 20240511  2.623 -105.54   40.04     7.9    -8.6    -0.4     0.7     0.2    18.26 C    23.5    -9.2     1.9    88.2    50.8    72.7 -99.000 -99.000 -99.000 -99.000 -99.000 -9999.0 -9999.0 -9999.0 -9999.0 -9999.0
94075 20240512  2.623 -105.54   40.04     8.4    -0.8     3.8     2.7     6.0    13.17 C    21.9    -2.0     3.8    92.8    40.6    72.5 -99.000 -99.000 -99.000 -99.000 -99.000 -9999.0 -9999.0 -9999.0 -9999.0 -9999.0
94075 20240513  2.623 -105.54   40.04    13.0    -2.1     5.5     6.3     0.0    25.36 C    30.8    -3.0     9.3    91.6    27.7    50.8 -99.000 -99.000 -99.000 -99.000 -99.000 -9999.0 -9999.0 -9999.0 -9999.0 -9999.0
94075 20240514  2.623 -105.54   40.04    11.1    -0.5     5.3     5.4     2.3    18.06 C    27.3    -0.1     8.0    93.3    34.3    59.4 -99.000 -99.000 -99.000 -99.000 -99.000 -9999.0 -9999.0 -9999.0 -9999.0 -9999.0
94075 20240515  2.623 -105.54   40.04     9.6    -0.1     4.8     3.5     1.8    23.72 C    30.5    -0.7    10.1    94.9    32.4    70.3 -99.000 -99.000 -99.000 -99.000 -99.000 -9999.0 -9999.0 -9999.0 -9999.0 -9999.0
94075 20240516  2.623 -105.54   40.04    12.8    -1.5     5.6     6.0     0.0    30.14 C    33.7    -1.9    12.0    92.7    18.4    47.9 -99.000 -99.000 -99.000 -99.000 -99.000 -9999.0 -9999.0 -9999.0 -9999.0 -9999.0
94075 20240517  2.623 -105.54   40.04    14.8     0.2     7.5     8.9     0.0    27.66 C    36.6    -1.6    12.3    70.9    19.8    36.6 -99.000 -99.000 -99.000 -99.000 -99.000 -9999.0 -9999.0 -9999.0 -9999.0 -9999.0
94075 20240518  2.623 -105.54   40.04    15.8     0.7     8.3     7.7     0.4    25.27 C    41.3    -2.4    12.7    79.8    19.6    47.9 -99.000 -99.000 -99.000 -99.000 -99.000 -9999.0 -9999.0 -9999.0 -9999.0 -9999.0
94075 20240519  2.623 -105.54   40.04    13.9    -0.6     6.7     6.3     1.5    23.23 C    37.3    -1.4    11.2    91.5    25.0    59.5 -99.000 -99.000 -99.000 -99.000 -99.000 -9999.0 -9999.0 -9999.0 -9999.0 -9999.0
94075 20240520  2.623 -105.54   40.04    10.2    -0.1     5.0     4.9     0.0    19.12 C    38.9    -0.4    11.7    95.4    57.5    78.7 -99.000 -99.000 -99.000 -99.000 -99.000 -9999.0 -9999.0 -9999.0 -9999.0 -9999.0
94075 20240521  2.623 -105.54   40.04     4.1    -3.6     0.3    -0.7     4.1    15.21 C    22.9    -7.6     2.0    95.7    42.1    70.9 -99.000 -99.000 -99.000 -99.000 -99.000 -9999.0 -9999.0 -9999.0 -9999.0 -9999.0
94075 20240522  2.623 -105.54   40.04     9.5    -4.4     2.6     3.0     0.0    28.02 C    31.2   -11.4     6.6    67.0    13.3    36.6 -99.000 -99.000 -99.000 -99.000 -99.000 -9999.0 -9999.0 -9999.0 -9999.0 -9999.0
94075 20240523  2.623 -105.54   40.04    13.9    -2.2     5.8     5.7     0.7    25.48 C    35.7    -4.8    10.4    81.4    17.6    38.5 -99.000 -99.000 -99.000 -99.000 -99.000 -9999.0 -9999.0 -9999.0 -9999.0 -9999.0
94075 20240524  2.623 -105.54   40.04     9.8    -2.0     3.9     3.9     0.0    26.29 C    34.0    -5.0     8.7    62.0    17.0    32.8 -99.000 -99.000 -99.000 -99.000 -99.000 -9999.0 -9999.0 -9999.0 -9999.0 -9999.0
94075 20240525  2.623 -105.54   40.04    11.8    -1.1     5.3     5.6     3.2    26.24 C    43.1    -3.2    10.7    91.7    26.6    50.8 -99.000 -99.000 -99.000 -99.000 -99.000 -9999.0 -9999.0 -9999.0 -9999.0 -9999.0
94075 20240526  2.623 -105.54   40.04     8.3    -0.7     3.8     3.3     3.6    19.98 C    24.2    -3.6     5.8    89.5    35.9    58.3 -99.000 -99.000 -99.000 -99.000 -99.000 -9999.0 -9999.0 -9999.0 -9999.0 -9999.0
94075 20240527  2.623 -105.54   40.04    13.8    -0.1     6.8     6.8     0.0    29.42 C    37.2    -0.7    13.9    80.1    23.0    45.8 -99.000 -99.000 -99.000 -99.000 -99.000 -9999.0 -9999.0 -9999.0 -9999.0 -9999.0
94075 20240528  2.623 -105.54   40.04    15.3    -1.8     6.7     6.9     0.0    25.12 C    41.5    -2.7    13.3    87.1    15.9    53.5 -99.000 -99.000 -99.000 -99.000 -99.000 -9999.0 -9999.0 -9999.0 -9999.0 -9999.0
94075 20240529  2.623 -105.54   40.04    17.3     0.7     9.0     9.0     0.0    22.64 C    43.2    -0.7    13.3    83.6    17.7    45.5 -99.000 -99.000 -99.000 -99.000 -99.000 -9999.0 -9999.0 -9999.0 -9999.0 -9999.0
94075 20240530  2.623 -105.54   40.04    15.6     0.2     7.9     7.5     0.0    24.38 C    43.5    -1.3    14.5    87.7    21.9    56.9 -99.000 -99.000 -99.000 -99.000 -99.000 -9999.0 -9999.0 -9999.0 -9999.0 -9999.0
94075 20240531  2.623 -105.54   40.04    16.2    -0.3     7.9     6.4     0.2    25.14 C    42.4    -2.1    13.7    89.6    16.5    59.0 -99.000 -99.000 -99.000 -99.000 -99.000 -9999.0 -9999.0 -9999.0 -9999.0 -9999.0
94075 20240601  2.623 -105.54   40.04    17.4    -1.6     7.9     8.5     0.0    26.88 C    45.9    -2.8    15.3    86.6    18.8    48.2 -99.000 -99.000 -99.000 -99.000 -99.000 -9999.0 -9999.0 -9999.0 -9999.0 -9999.0
94075 20240602  2.623 -105.54   40.04    18.5     0.5     9.5    10.1     1.3    24.41 C    43.1    -1.3    15.5    79.9    12.0    41.2 -99.000 -99.000 -99.000 -99.000 -99.000 -9999.0 -9999.0 -9999.0 -9999.0 -9999.0
94075 20240603  2.623 -105.54   40.04    17.7     1.3     9.5    10.4     0.0    19.85 C    36.5     0.0    13.8    80.2    22.9    46.5 -99.000 -99.000 -99.000 -99.000 -99.000 -9999.0 -9999.0 -9999.0 -9999.0 -9999.0
94075 20240604  2.623 -105.54   40.04    14.7     5.3    10.0     9.5     0.0    25.35 C    34.7     3.4    13.7    78.7    32.0    51.3 -99.000 -99.000 -99.000 -99.000 -99.000 -9999.0 -9999.0 -9999.0 -9999.0 -9999.0
94075 20240605  2.623 -105.54   40.04    18.3     8.3    13.3    13.1     0.0    29.54 C    42.5     5.4    18.8    46.8    25.8    35.5 -99.000 -99.000 -99.000 -99.000 -99.000 -9999.0 -9999.0 -9999.0 -9999.0 -9999.0
94075 20240606  2.623 -105.54   40.04    20.9     5.5    13.2    13.7     0.0    30.54 C    46.1     1.6    20.1    66.6    13.8    42.1 -99.000 -99.000 -99.000 -99.000 -99.000 -9999.0 -9999.0 -9999.0 -9999.0 -9999.0
94075 20240607  2.623 -105.54   40.04    20.3     3.2    11.8    13.3     0.0    24.77 C    43.4     2.0    17.9    74.4    21.7    43.0 -99.000 -99.000 -99.000 -99.000 -99.000 -9999.0 -9999.0 -9999.0 -9999.0 -9999.0
94075 20240608  2.623 -105.54   40.04    17.3     5.1    11.2    11.9     0.7    17.70 C    42.8     3.6    16.1    94.6    36.5    60.3 -99.000 -99.000 -99.000 -99.000 -99.000 -9999.0 -9999.0 -9999.0 -9999.0 -9999.0
94075 20240609  2.623 -105.54   40.04    17.1     2.9    10.0    10.3     0.4    18.95 C    42.1     1.2    15.1    93.7    41.9    72.4 -99.000 -99.000 -99.000 -99.000 -99.000 -9999.0 -9999.0 -9999.0 -9999.0 -9999.0
94075 20240610  2.623 -105.54   40.04    20.7     4.1    12.4    12.6     0.6    24.49 C    43.6     2.7    16.8    85.9    26.5    51.7 -99.000 -99.000 -99.000 -99.000 -99.000 -9999.0 -9999.0 -9999.0 -9999.0 -9999.0
94075 20240611  2.623 -105.54   40.04    20.3     4.1    12.2    13.0     0.0    29.72 C    44.0     2.3    18.8    83.0    21.1    44.2 -99.000 -99.000 -99.000 -99.000 -99.000 -9999.0 -9999.0 -9999.0 -9999.0 -9999.0
94075 20240612  2.623 -105.54   40.04    22.1     6.5    14.3    14.8     0.0    25.37 C    45.7     3.1    18.8    64.0    21.6    37.0 -99.000 -99.000 -99.000 -99.000 -99.000 -9999.0 -9999.0 -9999.0 -9999.0 -9999.0
94075 20240613  2.623 -105.54   40.04    23.5     6.5    15.0    15.6     0.0    28.20 C    45.9     3.7    21.2    83.0    10.7    41.9 -99.000 -99.000 -99.000 -99.000 -99.000 -9999.0 -9999.0 -9999.0 -9999.0 -9999.0
94075 20240614  2.623 -105.54   40.04    17.8     6.7    12.2    12.2     0.0    15.37 C    36.0     5.2    15.1    87.3    32.6    57.3 -99.000 -99.000 -99.000 -99.000 -99.000 -9999.0 -9999.0 -9999.0 -9999.0 -9999.0
94075 20240615  2.623 -105.54   40.04    20.8     7.3    14.1    14.2     0.3    24.84 C    43.9     4.3    18.0    58.5    20.8    36.7 -99.000 -99.000 -99.000 -99.000 -99.000 -9999.0 -9999.0 -9999.0 -9999.0 -9999.0
94075 20240616  2.623 -105.54   40.04    22.3     4.9    13.6    13.0     0.0    25.17 C    45.9     2.3    18.1    83.2    13.3    50.0 -99.000 -99.000 -99.000 -99.000 -99.000 -9999.0 -9999.0 -9999.0 -9999.0 -9999.0
94075 20240617  2.623 -105.54   40.04 -9999.0 -9999.0 -9999.0 -9999.0     0.0 -9999.00 U -9999.0 -9999.0 -9999.0 -9999.0 -9999.0 -9999.0 -99.000 -99.000 -99.000 -99.000 -99.000 -9999.0 -9999.0 -9999.0 -9999.0 -9999.0
94075 20240618  2.623 -105.54   40.04    13.4     3.1     8.2     8.3     0.0    20.74 C    39.9     3.5    14.7    74.4    28.0    46.2   0.045   0.076 -99.000 -99.000 -99.000    15.5    15.1 -9999.0 -9999.0 -9999.0
94075 20240619  2.623 -105.54   40.04    12.0    -0.4     5.8     6.2     1.2    15.29 C    38.5    -1.8    11.5    93.3    49.0    73.3   0.044   0.073 -99.000 -99.000 -99.000    13.9    13.7 -9999.0 -9999.0 -9999.0
94075 20240620  2.623 -105.54   40.04    21.8     5.8    13.8    13.2     0.0    25.44 C    42.9     3.6    18.0    90.3    20.6    53.9   0.044   0.072 -99.000 -99.000 -99.000    15.5    14.6 -9999.0 -9999.0 -9999.0
94075 20240621  2.623 -105.54   40.04    18.9     6.8    12.9    13.2     0.6    26.58 C    43.0     5.2    18.6    79.8    28.0    49.7   0.045   0.070 -99.000 -99.000 -99.000    16.6    15.6 -9999.0 -9999.0 -9999.0
94075 20240622  2.623 -105.54   40.04    20.5     4.4    12.4    13.2     0.0    25.09 C    43.7     1.9    17.7    75.9    21.8    40.3   0.044   0.068 -99.000 -99.000 -99.000    16.3    15.7 -9999.0 -9999.0 -9999.0
94075 20240623  2.623 -105.54   40.04    22.9    10.0    16.4    16.1     0.0    27.37 C    45.4     7.0    21.1    54.8    16.8    35.7   0.043   0.065 -99.000 -99.000 -99.000    17.7    16.5 -9999.0 -9999.0 -9999.0
94075 20240624  2.623 -105.54   40.04    24.0    13.6    18.8    17.5     0.0    25.26 C    49.5     9.2    21.9    44.9    19.2    31.4   0.042   0.064 -99.000 -99.000 -99.000    18.2    17.2 -9999.0 -9999.0 -9999.0
94075 20240625  2.623 -105.54   40.04    23.9    14.0    19.0    17.9     0.0    24.35 C    48.0     9.5    22.3    41.3    14.8    26.5   0.041   0.062 -99.000 -99.000 -99.000    18.6    17.6 -9999.0 -9999.0 -9999.0
94075 20240626  2.623 -105.54   40.04    20.0     7.1    13.6    13.9     0.4    18.81 C    46.6     4.4    18.2    83.0    30.9    55.5   0.039   0.060 -99.000 -99.000 -99.000    17.7    17.0 -9999.0 -9999.0 -9999.0
94075 20240627  2.623 -105.54   40.04    20.1     7.4    13.8    12.9     1.9    10.78 C    35.8     7.6    13.9    88.7    37.9    61.4   0.037   0.058 -99.000 -99.000 -99.000    15.3    15.1 -9999.0 -9999.0 -9999.0
94075 20240628  2.623 -105.54   40.04    19.6     7.2    13.4    11.9     5.1    20.18 C    36.8     6.2    14.8    91.4    33.2    62.0   0.037   0.058 -99.000 -99.000 -99.000    15.3    15.0 -9999.0 -9999.0 -9999.0
94075 20240629  2.623 -105.54   40.04    19.0     1.0    10.0     9.9     0.9    23.45 C    34.3     0.9    14.3    93.4    40.5    71.8   0.039   0.060 -99.000 -99.000 -99.000    15.3    14.8 -9999.0 -9999.0 -9999.0
94075 20240630  2.623 -105.54   40.04    21.5     8.2    14.8    14.0     4.8    18.80 C    38.0     7.2    16.6    91.4    28.4    64.2   0.043   0.061 -99.000 -99.000 -99.000    16.0    15.5 -9999.0 -9999.0 -9999.0
94075 20240701  2.623 -105.54   40.04    19.5     7.6    13.5    12.9     4.8    15.85 C    29.4     7.4    13.8    92.4    33.9    61.5   0.045   0.063 -99.000 -99.000 -99.000    14.5    14.3 -9999.0 -9999.0 -9999.0
94075 20240702  2.623 -105.54   40.04 -9999.0 -9999.0 -9999.0 -9999.0 -9999.0 -9999.00 U -9999.0 -9999.0 -9999.0 -9999.0 -9999.0 -9999.0 -99.000 -99.000 -99.000 -99.000 -99.000 -9999.0 -9999.0 -9999.0 -9999.0 -9999.0
