53155 20240101  2.623 -112.34   35.76     6.2    -5.4     0.4    -0.3     0.0     7.02 C    11.3    -7.1    -1.3    75.7    36.3    59.6 -99.000   0.116 -99.000 -99.000 -99.000     0.4     1.3 -9999.0 -9999.0 -9999.0
53155 20240102  2.623 -112.34   35.76     8.9    -5.9     1.5     1.1     0.0    11.47 C    15.2    -8.8    -1.0    69.4    18.7    47.6 -99.000 -99.000 -99.000 -99.000 -99.000     0.1     0.9 -9999.0 -9999.0 -9999.0
53155 20240103  2.623 -112.34   35.76     6.2    -5.7     0.3    -0.5     1.8     4.24 C     9.1    -8.1    -1.4    89.5    35.7    65.2 -99.000 -99.000 -99.000 -99.000 -99.000    -0.1     0.7 -9999.0 -9999.0 -9999.0
53155 20240104  2.623 -112.34   35.76     2.1    -7.9    -2.9    -2.2     0.0     7.08 C     4.7   -10.5    -2.5    89.1    63.5    79.6 -99.000   0.117 -99.000 -99.000 -99.000     0.8     1.3 -9999.0 -9999.0 -9999.0
53155 20240105  2.623 -112.34   35.76     3.2    -9.1    -3.0    -3.1     0.0     8.33 C     5.6    -8.5    -3.4    83.1    41.4    68.9 -99.000 -99.000 -99.000 -99.000 -99.000    -0.8     0.4 -9999.0 -9999.0 -9999.0
53155 20240106  2.623 -112.34   35.76     3.4   -11.1    -3.8    -2.9     0.0     7.14 C     9.4   -11.3    -3.0    80.1    25.3    54.5 -99.000 -99.000 -99.000 -99.000 -99.000    -1.5    -0.3 -9999.0 -9999.0 -9999.0
53155 20240107  2.623 -112.34   35.76    -0.6   -13.6    -7.1    -5.1     7.5     6.12 C    -1.9   -19.0    -6.4    87.5    45.3    75.3 -99.000 -99.000 -99.000 -99.000 -99.000    -0.6     0.0 -9999.0 -9999.0 -9999.0
53155 20240108  2.623 -112.34   35.76    -4.4   -15.7   -10.1   -10.3     0.0    12.21 C    -5.7   -20.8   -14.4    75.6    51.0    65.3 -99.000 -99.000 -99.000 -99.000 -99.000    -0.4     0.2 -9999.0 -9999.0 -9999.0
53155 20240109  2.623 -112.34   35.76    -0.5   -18.0    -9.2    -8.2     0.0    11.48 C    -2.3   -20.4   -11.8    77.6    40.6    60.5 -99.000 -99.000 -99.000 -99.000 -99.000    -0.5     0.1 -9999.0 -9999.0 -9999.0
53155 20240110  2.623 -112.34   35.76     2.6   -10.7    -4.1    -3.6     0.0    12.03 C     0.3   -16.3    -7.6    70.5    44.3    56.4 -99.000 -99.000 -99.000 -99.000 -99.000    -0.4     0.1 -9999.0 -9999.0 -9999.0
53155 20240111  2.623 -112.34   35.76    -2.1   -15.4    -8.7    -5.6     2.2    10.70 C    -2.5   -20.5    -8.9    90.3    43.9    64.7 -99.000 -99.000 -99.000 -99.000 -99.000    -0.2     0.2 -9999.0 -9999.0 -9999.0
53155 20240112  2.623 -112.34   35.76     1.9   -17.0    -7.6    -6.6     0.0    11.17 C    -1.2   -21.1   -10.8    71.3    35.5    53.0 -99.000 -99.000 -99.000 -99.000 -99.000    -0.3     0.2 -9999.0 -9999.0 -9999.0
53155 20240113  2.623 -112.34   35.76     6.2   -11.3    -2.5    -1.3     0.0    11.92 C     0.9   -14.6    -5.0    66.7    39.4    51.4 -99.000 -99.000 -99.000 -99.000 -99.000    -0.3     0.3 -9999.0 -9999.0 -9999.0
53155 20240114  2.623 -112.34   35.76     7.4    -2.9     2.3     1.3     0.0    11.56 C     2.6    -7.6    -2.9    68.7    41.5    54.2 -99.000   0.133 -99.000 -99.000 -99.000     0.0     0.5 -9999.0 -9999.0 -9999.0
53155 20240115  2.623 -112.34   35.76     7.0    -6.5     0.3    -0.1     0.0    10.80 C     4.3    -8.6    -3.1    79.2    38.3    63.2 -99.000   0.124 -99.000 -99.000 -99.000     0.0     0.5 -9999.0 -9999.0 -9999.0
53155 20240116  2.623 -112.34   35.76     8.4    -7.0     0.7     0.3     0.0    12.66 C     7.4    -7.3    -1.9    78.0    33.2    59.3 -99.000 -99.000 -99.000 -99.000 -99.000    -0.1     0.4 -9999.0 -9999.0 -9999.0
53155 20240117  2.623 -112.34   35.76     8.0    -3.1     2.5     2.9     0.0     2.74 C     5.4    -5.0    -0.5    71.7    38.5    54.6 -99.000   0.143 -99.000 -99.000 -99.000     0.0     0.5 -9999.0 -9999.0 -9999.0
53155 20240118  2.623 -112.34   35.76    12.0    -1.8     5.1     4.0     0.0    12.14 C    13.4    -4.0     1.7    72.3    27.3    57.1 -99.000   0.171 -99.000 -99.000 -99.000     0.8     1.1 -9999.0 -9999.0 -9999.0
53155 20240119  2.623 -112.34   35.76    11.5    -0.1     5.7     4.2     0.0     8.36 C    12.5    -2.2     2.3    68.5    36.2    56.6 -99.000   0.201 -99.000 -99.000 -99.000     2.1     2.1 -9999.0 -9999.0 -9999.0
53155 20240120  2.623 -112.34   35.76    10.7    -0.6     5.0     4.9     0.0     5.02 C    12.9    -2.3     3.5    76.6    40.9    59.0   0.149   0.200 -99.000 -99.000 -99.000     2.8     2.8 -9999.0 -9999.0 -9999.0
53155 20240121  2.623 -112.34   35.76     4.6     2.1     3.3     3.2     2.8     2.70 C     8.2     1.7     3.7    90.7    65.3    80.6   0.145   0.196 -99.000 -99.000 -99.000     3.6     3.6 -9999.0 -9999.0 -9999.0
53155 20240122  2.623 -112.34   35.76     6.2     1.4     3.8     3.0     2.3     4.63 C    11.6     1.9     4.4    90.9    54.5    81.8   0.157   0.202 -99.000 -99.000 -99.000     4.2     4.1 -9999.0 -9999.0 -9999.0
53155 20240123  2.623 -112.34   35.76     5.5     1.7     3.6     2.8     1.2     4.42 C    11.2     1.7     4.0    88.6    72.4    85.3   0.164   0.214 -99.000 -99.000 -99.000     4.5     4.5 -9999.0 -9999.0 -9999.0
53155 20240124  2.623 -112.34   35.76     7.1    -0.6     3.3     2.7     0.0     7.08 C    15.1    -1.0     3.9    91.3    66.3    83.2   0.159   0.215 -99.000 -99.000 -99.000     4.8     4.9 -9999.0 -9999.0 -9999.0
53155 20240125  2.623 -112.34   35.76     5.5    -1.8     1.9     1.6     3.1     2.30 C     8.1    -2.8     1.5    90.6    77.2    87.4   0.155   0.211 -99.000 -99.000 -99.000     3.1     3.8 -9999.0 -9999.0 -9999.0
53155 20240126  2.623 -112.34   35.76     7.2    -3.8     1.7     0.9     0.0    13.62 C    12.5    -4.8     1.2    88.9    51.7    74.8   0.155   0.214 -99.000 -99.000 -99.000     2.5     3.0 -9999.0 -9999.0 -9999.0
53155 20240127  2.623 -112.34   35.76    10.8    -3.8     3.5     2.5     0.0    13.56 C    12.3    -4.8     1.2    80.6    23.0    58.6   0.148   0.210 -99.000 -99.000 -99.000     2.2     2.9 -9999.0 -9999.0 -9999.0
53155 20240128  2.623 -112.34   35.76    11.6    -0.9     5.4     4.4     0.0    10.75 C    12.6    -3.0     2.4    68.9    34.3    49.9   0.141   0.206 -99.000 -99.000 -99.000     2.5     3.1 -9999.0 -9999.0 -9999.0
53155 20240129  2.623 -112.34   35.76    14.8    -0.3     7.2     5.8     0.0    12.93 C    20.5    -2.5     4.5    71.5    27.5    54.0   0.138   0.201 -99.000 -99.000 -99.000     3.8     4.0 -9999.0 -9999.0 -9999.0
53155 20240130  2.623 -112.34   35.76    15.0     0.0     7.5     5.7     0.0    14.10 C    20.9    -3.9     4.6    73.1    27.6    55.2   0.135   0.196 -99.000 -99.000 -99.000     4.2     4.5 -9999.0 -9999.0 -9999.0
53155 20240131  2.623 -112.34   35.76    15.0    -0.5     7.2     6.8     0.0    13.59 C    25.3    -3.2     6.5    74.7    24.4    54.5   0.132   0.194 -99.000 -99.000 -99.000     4.9     4.9 -9999.0 -9999.0 -9999.0
53155 20240201  2.623 -112.34   35.76    12.4     0.7     6.5     6.0     3.7     4.35 C    16.5     1.3     5.6    88.6    42.3    70.3   0.131   0.192 -99.000 -99.000 -99.000     5.6     5.7 -9999.0 -9999.0 -9999.0
53155 20240202  2.623 -112.34   35.76     3.7    -1.1     1.3     0.4     4.9     5.44 C    10.6    -1.1     1.5    91.0    74.4    86.8   0.162   0.209 -99.000 -99.000 -99.000     3.3     4.0 -9999.0 -9999.0 -9999.0
53155 20240203  2.623 -112.34   35.76     6.7    -3.2     1.7     0.5     0.3    12.78 C    15.3    -4.1     1.3    89.5    39.1    73.2   0.163   0.225 -99.000 -99.000 -99.000     3.1     3.5 -9999.0 -9999.0 -9999.0
53155 20240204  2.623 -112.34   35.76     6.9    -5.3     0.8    -0.2     0.0     7.60 C    13.0    -5.7    -0.1    85.9    49.9    72.5   0.150   0.217 -99.000 -99.000 -99.000     1.9     2.6 -9999.0 -9999.0 -9999.0
53155 20240205  2.623 -112.34   35.76    12.0    -1.0     5.5     4.8     0.0     8.73 C    18.3    -3.2     3.2    77.5    35.3    56.9   0.147   0.213 -99.000 -99.000 -99.000     2.8     3.0 -9999.0 -9999.0 -9999.0
53155 20240206  2.623 -112.34   35.76    10.0    -0.6     4.7     3.6    10.5     1.72 C     5.0    -0.5     2.5    89.3    31.3    72.3   0.159   0.217 -99.000 -99.000 -99.000     3.2     3.6 -9999.0 -9999.0 -9999.0
53155 20240207  2.623 -112.34   35.76     2.7    -1.5     0.6    -0.2     0.2     8.46 C     9.9    -1.6     1.4    89.2    65.8    82.8   0.175   0.236 -99.000 -99.000 -99.000     2.3     2.7 -9999.0 -9999.0 -9999.0
53155 20240208  2.623 -112.34   35.76    -0.3    -9.6    -4.9    -3.1    10.6     6.56 C     0.0   -17.1    -4.0    89.1    69.2    81.9   0.165   0.232 -99.000 -99.000 -99.000     1.2     1.9 -9999.0 -9999.0 -9999.0
53155 20240209  2.623 -112.34   35.76    -0.5    -8.5    -4.5    -4.3     0.0    12.85 C     0.7   -13.2    -4.2    87.3    68.7    81.9   0.166   0.230 -99.000 -99.000 -99.000     1.2     1.7 -9999.0 -9999.0 -9999.0
53155 20240210  2.623 -112.34   35.76     0.7    -8.2    -3.8    -4.2     0.0    13.27 C     3.9    -8.4    -3.5    87.3    60.9    77.0   0.166   0.233 -99.000 -99.000 -99.000     1.0     1.5 -9999.0 -9999.0 -9999.0
53155 20240211  2.623 -112.34   35.76     2.9   -11.2    -4.2    -4.1     0.0    16.37 C     7.2   -10.4    -3.1    74.5    35.3    57.6   0.164   0.230 -99.000 -99.000 -99.000     0.4     1.0 -9999.0 -9999.0 -9999.0
53155 20240212  2.623 -112.34   35.76     8.8    -8.8     0.0    -0.6     0.0    16.41 C    13.2    -7.7    -0.1    79.0    28.9    56.6 -99.000   0.229 -99.000 -99.000 -99.000     0.6     1.1 -9999.0 -9999.0 -9999.0
53155 20240213  2.623 -112.34   35.76     9.8    -3.3     3.2     2.4     0.0    16.47 C    17.5    -4.9     2.0    70.2    24.7    49.5 -99.000   0.235 -99.000 -99.000 -99.000     1.2     1.7 -9999.0 -9999.0 -9999.0
53155 20240214  2.623 -112.34   35.76     9.7    -3.1     3.3     2.9     0.0    16.38 C    18.0    -4.7     2.8    78.6    33.6    57.5 -99.000   0.236 -99.000 -99.000 -99.000     2.3     2.6 -9999.0 -9999.0 -9999.0
53155 20240215  2.623 -112.34   35.76     9.9    -2.5     3.7     3.5     0.0    10.12 C    13.6    -3.4     2.4    73.4    36.1    56.9   0.162   0.231 -99.000 -99.000 -99.000     2.6     2.9 -9999.0 -9999.0 -9999.0
53155 20240216  2.623 -112.34   35.76    10.8    -4.6     3.1     3.0     0.0    16.37 C    17.7    -5.1     3.1    82.1    32.9    59.2   0.156   0.226 -99.000 -99.000 -99.000     3.1     3.3 -9999.0 -9999.0 -9999.0
53155 20240217  2.623 -112.34   35.76    12.3    -3.1     4.6     4.1     0.0    14.79 C    20.1    -4.0     4.1    76.4    29.3    52.7   0.152   0.222 -99.000 -99.000 -99.000     3.7     3.9 -9999.0 -9999.0 -9999.0
53155 20240218  2.623 -112.34   35.76    14.0    -0.5     6.8     6.2     0.0    16.81 C    25.7    -3.1     7.3    68.5    24.1    47.0   0.151   0.219 -99.000 -99.000 -99.000     5.5     5.4 -9999.0 -9999.0 -9999.0
53155 20240219  2.623 -112.34   35.76    15.2    -2.2     6.5     5.9     0.0    15.55 C    28.9    -4.4     6.6    77.8    23.8    52.6   0.147   0.216 -99.000 -99.000 -99.000     5.2     5.3 -9999.0 -9999.0 -9999.0
53155 20240220  2.623 -112.34   35.76    14.5     2.3     8.4     7.9     0.0    11.38 C    27.9    -1.1     8.7    64.4    16.0    37.3   0.145   0.213 -99.000 -99.000 -99.000     6.5     6.2 -9999.0 -9999.0 -9999.0
53155 20240221  2.623 -112.34   35.76     7.4    -0.7     3.3     3.4     1.4     9.05 C    19.8    -4.6     3.3    88.1    33.1    61.6   0.140   0.210 -99.000 -99.000 -99.000     5.0     5.4 -9999.0 -9999.0 -9999.0
53155 20240222  2.623 -112.34   35.76    10.0    -3.1     3.4     2.1     0.0    15.84 C    22.2    -3.7     3.9    91.0    27.6    67.5   0.138   0.207 -99.000 -99.000 -99.000     4.8     5.2 -9999.0 -9999.0 -9999.0
53155 20240223  2.623 -112.34   35.76    12.3    -2.5     4.9     4.0     0.0    15.68 C    21.1    -5.2     3.1    58.6    16.5    38.2   0.135   0.205 -99.000 -99.000 -99.000     4.0     4.7 -9999.0 -9999.0 -9999.0
53155 20240224  2.623 -112.34   35.76    16.4    -2.2     7.1     6.2     0.0    15.66 C    32.9    -5.0     6.9    50.4    14.1    34.2   0.135   0.204 -99.000 -99.000 -99.000     5.2     5.2 -9999.0 -9999.0 -9999.0
53155 20240225  2.623 -112.34   35.76    17.3     0.0     8.7     8.5     0.0    11.62 C    27.6    -3.6     8.5    63.6    23.8    43.1   0.135   0.203 -99.000 -99.000 -99.000     6.6     6.3 -9999.0 -9999.0 -9999.0
53155 20240226  2.623 -112.34   35.76    13.2     4.9     9.1     8.5     0.0     9.12 C    27.5     1.8     8.7    65.9    25.2    44.2   0.134   0.201 -99.000 -99.000 -99.000     7.3     7.1 -9999.0 -9999.0 -9999.0
53155 20240227  2.623 -112.34   35.76    13.0    -1.2     5.9     6.3     0.0    14.69 C    26.7    -3.7     7.4    67.8    13.8    45.7   0.133   0.198 -99.000 -99.000 -99.000     7.5     7.5 -9999.0 -9999.0 -9999.0
53155 20240228  2.623 -112.34   35.76    12.8    -3.8     4.5     3.4     0.0    18.86 C    26.8    -6.2     5.0    57.9    17.4    32.9   0.127   0.195 -99.000 -99.000 -99.000     5.6     6.2 -9999.0 -9999.0 -9999.0
53155 20240229  2.623 -112.34   35.76    14.4    -5.8     4.3     4.9     0.0    17.63 C    30.4    -6.9     6.8    67.7    16.8    37.2   0.125   0.193 -99.000 -99.000 -99.000     5.8     6.1 -9999.0 -9999.0 -9999.0
53155 20240301  2.623 -112.34   35.76    14.7     2.1     8.4     7.6     0.0    19.03 C    30.7    -1.8     8.9    78.0    21.1    49.9   0.125   0.192 -99.000 -99.000 -99.000     7.2     7.1 -9999.0 -9999.0 -9999.0
53155 20240302  2.623 -112.34   35.76    12.6     2.2     7.4     7.0     0.0    17.35 C    28.4    -1.9     9.0    67.4    23.2    47.3   0.122   0.191 -99.000 -99.000 -99.000     7.0     7.1 -9999.0 -9999.0 -9999.0
53155 20240303  2.623 -112.34   35.76    12.0     2.1     7.1     5.9     0.0    16.85 C    29.7    -0.8     9.0    72.6    21.8    53.3   0.121   0.190 -99.000 -99.000 -99.000     7.7     7.6 -9999.0 -9999.0 -9999.0
53155 20240304  2.623 -112.34   35.76    13.2    -0.1     6.5     5.6     0.0    18.69 C    32.5    -2.3     9.7    81.2    14.9    51.0   0.119   0.188 -99.000 -99.000 -99.000     8.1     7.9 -9999.0 -9999.0 -9999.0
53155 20240305  2.623 -112.34   35.76    13.8    -3.0     5.4     4.7     0.0    19.18 C    33.0    -4.5     7.5    75.1    15.6    46.0   0.116   0.187 -99.000 -99.000 -99.000     7.3     7.5 -9999.0 -9999.0 -9999.0
53155 20240306  2.623 -112.34   35.76    12.9    -4.1     4.4     4.0     0.0    15.86 C    34.9    -5.8     7.3    78.2    22.0    48.3   0.113   0.186 -99.000 -99.000 -99.000     6.7     7.0 -9999.0 -9999.0 -9999.0
53155 20240307  2.623 -112.34   35.76     5.8     0.1     2.9     1.5     5.2     5.25 C    15.5    -1.6     2.6    89.4    50.8    76.2   0.112   0.184 -99.000 -99.000 -99.000     5.2     5.9 -9999.0 -9999.0 -9999.0
53155 20240308  2.623 -112.34   35.76    10.2    -2.4     3.9     3.2     0.0    17.26 C    22.7    -4.4     5.6    90.9    22.5    63.3   0.133   0.186 -99.000 -99.000 -99.000     6.6     6.6 -9999.0 -9999.0 -9999.0
53155 20240309  2.623 -112.34   35.76    11.7    -5.0     3.4     3.2     0.0    20.67 C    24.1    -6.7     4.6    59.0    20.4    38.6   0.129   0.187 -99.000 -99.000 -99.000     5.4     6.0 -9999.0 -9999.0 -9999.0
53155 20240310  2.623 -112.34   35.76    14.6    -4.8     4.9     5.9     0.0    19.26 C    33.5    -5.8     8.1    66.3    16.0    37.9   0.128   0.188 -99.000 -99.000 -99.000     6.8     6.7 -9999.0 -9999.0 -9999.0
53155 20240311  2.623 -112.34   35.76    13.3     0.2     6.8     6.4     0.0    12.84 C    31.7    -3.1     7.2    57.8    20.8    40.4   0.126   0.188 -99.000 -99.000 -99.000     6.9     7.1 -9999.0 -9999.0 -9999.0
53155 20240312  2.623 -112.34   35.76    13.4    -2.8     5.3     5.8     0.0    13.44 C    27.8    -5.2     7.2    69.7    24.9    45.5   0.121   0.186 -99.000 -99.000 -99.000     6.3     6.5 -9999.0 -9999.0 -9999.0
53155 20240313  2.623 -112.34   35.76    11.0    -2.5     4.2     4.4     0.0    16.55 C    28.1    -4.7     6.9    69.9    17.3    48.8   0.120   0.186 -99.000 -99.000 -99.000     7.6     7.5 -9999.0 -9999.0 -9999.0
53155 20240314  2.623 -112.34   35.76     7.6    -6.6     0.5     1.1     0.0    14.28 C    24.2    -7.5     3.6    81.4    35.3    59.2   0.114   0.184 -99.000 -99.000 -99.000     5.3     5.9 -9999.0 -9999.0 -9999.0
53155 20240315  2.623 -112.34   35.76     5.6    -2.2     1.7     1.8    10.6     7.63 C    14.2    -6.0     2.5    90.2    63.1    83.0   0.143   0.185 -99.000 -99.000 -99.000     5.0     5.6 -9999.0 -9999.0 -9999.0
53155 20240316  2.623 -112.34   35.76     4.4    -3.4     0.5     0.1     2.7    13.27 C    18.1    -5.7     2.6    90.4    55.5    81.9   0.177   0.220 -99.000 -99.000 -99.000     5.2     5.4 -9999.0 -9999.0 -9999.0
53155 20240317  2.623 -112.34   35.76     8.8    -2.8     3.0     2.2     0.6    14.67 C    21.4    -3.2     3.8    90.6    36.2    74.3   0.171   0.232 -99.000 -99.000 -99.000     4.9     5.3 -9999.0 -9999.0 -9999.0
53155 20240318  2.623 -112.34   35.76    10.8     0.3     5.6     4.2     3.7    16.43 C    19.7    -1.0     5.2    86.3    44.8    72.0   0.166   0.228 -99.000 -99.000 -99.000     5.4     5.8 -9999.0 -9999.0 -9999.0
53155 20240319  2.623 -112.34   35.76    11.5    -0.3     5.6     5.3     0.0    20.15 C    26.1    -1.3     6.8    87.4    33.8    68.0   0.173   0.233 -99.000 -99.000 -99.000     6.8     6.9 -9999.0 -9999.0 -9999.0
53155 20240320  2.623 -112.34   35.76    14.8    -1.6     6.6     6.0     0.0    19.28 C    31.0    -2.0     8.3    84.8    28.7    61.2   0.163   0.229 -99.000 -99.000 -99.000     7.8     7.7 -9999.0 -9999.0 -9999.0
53155 20240321  2.623 -112.34   35.76    17.8    -1.1     8.4     8.0     0.0    20.91 C    34.1    -2.3     9.7    82.4    19.3    50.3   0.157   0.225 -99.000 -99.000 -99.000     8.7     8.4 -9999.0 -9999.0 -9999.0
53155 20240322  2.623 -112.34   35.76    16.6    -0.5     8.1     8.0     0.0    19.11 C    37.0    -2.5    10.9    69.5    19.4    46.0   0.151   0.221 -99.000 -99.000 -99.000     9.2     8.9 -9999.0 -9999.0 -9999.0
53155 20240323  2.623 -112.34   35.76    14.9     1.6     8.2     8.1     0.0    15.19 C    31.3     0.0     9.9    84.7    21.7    45.2   0.145   0.217 -99.000 -99.000 -99.000     8.5     8.6 -9999.0 -9999.0 -9999.0
53155 20240324  2.623 -112.34   35.76     7.7    -3.8     1.9     1.0     7.4    10.69 C    14.0    -4.8     2.1    92.0    39.4    78.3   0.151   0.216 -99.000 -99.000 -99.000     5.7     6.6 -9999.0 -9999.0 -9999.0
53155 20240325  2.623 -112.34   35.76     9.4    -9.0     0.2     0.4     0.0    20.01 C    20.6    -8.8     2.7    89.8    29.7    64.9   0.162   0.223 -99.000 -99.000 -99.000     5.7     6.0 -9999.0 -9999.0 -9999.0
53155 20240326  2.623 -112.34   35.76     9.9    -0.8     4.6     3.8     0.0    18.00 C    22.1    -3.0     5.5    81.3    23.4    53.2   0.157   0.223 -99.000 -99.000 -99.000     5.8     6.1 -9999.0 -9999.0 -9999.0
53155 20240327  2.623 -112.34   35.76    13.9    -4.0     4.9     4.9     0.0    23.79 C    32.4    -5.3     8.6    79.5    14.9    45.9   0.153   0.221 -99.000 -99.000 -99.000     7.4     7.1 -9999.0 -9999.0 -9999.0
53155 20240328  2.623 -112.34   35.76    17.3    -0.5     8.4     8.3     0.0    23.80 C    38.4    -3.2    11.7    70.0    17.7    40.9   0.151   0.219 -99.000 -99.000 -99.000     9.0     8.5 -9999.0 -9999.0 -9999.0
53155 20240329  2.623 -112.34   35.76    15.7     1.2     8.5     8.9     0.0    22.31 C    37.2    -1.3    12.5    62.7    12.7    32.2   0.146   0.217 -99.000 -99.000 -99.000     9.7     9.3 -9999.0 -9999.0 -9999.0
53155 20240330  2.623 -112.34   35.76    15.4     2.9     9.1     9.3     0.0    18.51 C    35.0    -0.1    11.6    62.8    16.3    33.5   0.140   0.212 -99.000 -99.000 -99.000     9.3     9.1 -9999.0 -9999.0 -9999.0
53155 20240331  2.623 -112.34   35.76     6.3    -1.3     2.5     1.3    12.5    14.46 C    15.6    -1.7     2.8    90.2    48.8    79.1   0.166   0.222 -99.000 -99.000 -99.000     6.0     7.0 -9999.0 -9999.0 -9999.0
53155 20240401  2.623 -112.34   35.76     9.2    -2.2     3.5     2.8     0.0    21.65 C    24.1    -2.2     5.6    89.4    40.7    70.8   0.181   0.239 -99.000 -99.000 -99.000     6.6     6.8 -9999.0 -9999.0 -9999.0
53155 20240402  2.623 -112.34   35.76    14.6    -3.8     5.4     5.4     0.0    24.79 C    30.3    -4.0     8.7    88.5    20.1    56.4   0.169   0.233 -99.000 -99.000 -99.000     8.0     7.8 -9999.0 -9999.0 -9999.0
53155 20240403  2.623 -112.34   35.76    19.6    -2.4     8.6     8.9     0.0    25.01 C    38.4    -3.4    12.4    77.7    15.9    45.0   0.164   0.230 -99.000 -99.000 -99.000    10.3     9.5 -9999.0 -9999.0 -9999.0
53155 20240404  2.623 -112.34   35.76    19.3     0.3     9.8    10.4     0.0    23.90 C    39.6    -2.0    13.4    75.3     7.8    36.7   0.157   0.226 -99.000 -99.000 -99.000    10.4    10.1 -9999.0 -9999.0 -9999.0
53155 20240405  2.623 -112.34   35.76     8.5    -2.9     2.8     3.5     2.2     7.68 C    13.0    -2.0     3.7    84.4    23.9    47.4   0.145   0.220 -99.000 -99.000 -99.000     6.5     7.7 -9999.0 -9999.0 -9999.0
53155 20240406  2.623 -112.34   35.76     8.3    -5.6     1.4     0.8     0.4    21.38 C    21.9    -7.2     3.0    85.7    16.9    51.7   0.143   0.217 -99.000 -99.000 -99.000     6.1     6.4 -9999.0 -9999.0 -9999.0
53155 20240407  2.623 -112.34   35.76    13.1    -6.1     3.5     3.5     0.0    21.81 C    36.2    -6.7     8.8    65.4    10.7    36.0   0.146   0.216 -99.000 -99.000 -99.000     7.4     7.0 -9999.0 -9999.0 -9999.0
53155 20240408  2.623 -112.34   35.76    10.4    -2.9     3.8     3.7     0.0    12.55 C    26.8    -5.0     5.6    63.3    20.2    42.6   0.158   0.215 -99.000 -99.000 -99.000     6.8     7.3 -9999.0 -9999.0 -9999.0
53155 20240409  2.623 -112.34   35.76    15.8    -2.8     6.5     7.0     0.0    25.90 C    37.1    -4.9    10.8    54.0    10.0    28.3   0.155   0.213 -99.000 -99.000 -99.000     8.6     8.2 -9999.0 -9999.0 -9999.0
53155 20240410  2.623 -112.34   35.76    19.1    -2.5     8.3     9.3     0.0    25.79 C    43.2    -4.3    14.0    54.4    13.4    29.0   0.153   0.212 -99.000 -99.000 -99.000    10.9    10.2 -9999.0 -9999.0 -9999.0
53155 20240411  2.623 -112.34   35.76    22.0     0.8    11.4    12.2     0.0    25.83 C    45.0    -1.7    15.8    46.4    10.4    23.5   0.150   0.209 -99.000 -99.000 -99.000    12.7    11.8 -9999.0 -9999.0 -9999.0
53155 20240412  2.623 -112.34   35.76    22.2     4.0    13.1    13.3     0.0    23.72 C    46.5     0.5    16.3    44.0     9.0    25.2   0.145   0.205 -99.000 -99.000 -99.000    13.0    12.4 -9999.0 -9999.0 -9999.0
53155 20240413  2.623 -112.34   35.76    19.3     1.2    10.2    10.9     0.0    26.21 C    45.1    -1.6    16.1    53.4    13.2    28.8   0.139   0.201 -99.000 -99.000 -99.000    13.0    12.4 -9999.0 -9999.0 -9999.0
53155 20240414  2.623 -112.34   35.76    17.4     1.1     9.2     8.8     0.0    25.72 C    42.4    -2.6    14.8    56.0    12.0    32.4   0.134   0.197 -99.000 -99.000 -99.000    11.9    11.9 -9999.0 -9999.0 -9999.0
53155 20240415  2.623 -112.34   35.76    14.2    -1.5     6.4     6.4     0.0    22.75 C    35.4    -2.9    11.1    60.2    20.2    37.3   0.130   0.193 -99.000 -99.000 -99.000    11.1    11.3 -9999.0 -9999.0 -9999.0
53155 20240416  2.623 -112.34   35.76    18.7    -1.0     8.9     9.6     0.0    26.64 C    39.7    -2.8    14.2    62.1    14.9    34.6   0.128   0.190 -99.000 -99.000 -99.000    12.2    11.8 -9999.0 -9999.0 -9999.0
53155 20240417  2.623 -112.34   35.76    23.3     0.9    12.1    12.3     0.0    25.41 C    47.4    -1.8    16.9    54.0    10.8    29.2   0.126   0.186 -99.000 -99.000 -99.000    13.7    13.1 -9999.0 -9999.0 -9999.0
53155 20240418  2.623 -112.34   35.76    22.5     2.9    12.7    13.5     0.0    20.46 C    47.4     0.2    16.6    47.4    12.6    26.8   0.122   0.182 -99.000 -99.000 -99.000    13.9    13.4 -9999.0 -9999.0 -9999.0
53155 20240419  2.623 -112.34   35.76    22.3     3.8    13.0    13.3     0.0    22.40 C    47.0     0.1    17.0    46.7    10.4    25.0   0.119   0.179 -99.000 -99.000 -99.000    14.3    13.7 -9999.0 -9999.0 -9999.0
53155 20240420  2.623 -112.34   35.76    23.1     3.3    13.2    13.7     0.0    25.94 C    49.1     0.5    18.9    42.9    12.5    25.5   0.116   0.178 -99.000 -99.000 -99.000    15.4    14.6 -9999.0 -9999.0 -9999.0
53155 20240421  2.623 -112.34   35.76    24.3     4.7    14.5    15.7     0.0    27.11 C    50.1     2.2    20.0    45.9    11.2    24.8   0.112   0.175 -99.000 -99.000 -99.000    16.6    15.5 -9999.0 -9999.0 -9999.0
53155 20240422  2.623 -112.34   35.76    25.3     5.3    15.3    16.1     0.0    25.15 C    51.6     2.8    20.8    50.5    10.8    25.8   0.107   0.173 -99.000 -99.000 -99.000    17.3    16.4 -9999.0 -9999.0 -9999.0
53155 20240423  2.623 -112.34   35.76    23.1     5.1    14.1    14.7     0.0    27.45 C    50.4     1.8    20.4    45.0    11.1    24.8   0.102   0.170 -99.000 -99.000 -99.000    16.7    16.1 -9999.0 -9999.0 -9999.0
53155 20240424  2.623 -112.34   35.76    22.1     3.3    12.7    13.3     0.0    27.28 C    50.5     0.9    19.8    43.7    11.0    25.9   0.097   0.166 -99.000 -99.000 -99.000    16.4    15.8 -9999.0 -9999.0 -9999.0
53155 20240425  2.623 -112.34   35.76    11.9     2.1     7.0     7.3     5.0    11.56 C    24.0     0.6     8.8    76.2    34.4    56.4   0.092   0.161 -99.000 -99.000 -99.000    12.2    13.3 -9999.0 -9999.0 -9999.0
53155 20240426  2.623 -112.34   35.76    13.5     2.1     7.8     6.8     1.4    15.36 C    26.8     0.6    10.0    87.7    33.8    61.6   0.095   0.160 -99.000 -99.000 -99.000    10.1    11.0 -9999.0 -9999.0 -9999.0
53155 20240427  2.623 -112.34   35.76    11.3     2.4     6.9     6.5     4.4    10.47 C    18.2     2.9     7.8    89.9    48.6    71.7   0.121   0.161 -99.000 -99.000 -99.000     9.2    10.0 -9999.0 -9999.0 -9999.0
53155 20240428  2.623 -112.34   35.76    17.2     0.6     8.9     9.2     0.0    18.23 C    33.0    -0.4    11.3    86.6    23.3    50.9   0.137   0.166 -99.000 -99.000 -99.000    10.9    10.8 -9999.0 -9999.0 -9999.0
53155 20240429  2.623 -112.34   35.76    21.5     0.8    11.1    11.7     0.0    28.05 C    44.5    -0.6    16.8    75.2    14.5    38.4   0.135   0.168 -99.000 -99.000 -99.000    13.5    12.8 -9999.0 -9999.0 -9999.0
53155 20240430  2.623 -112.34   35.76    23.1     2.8    12.9    13.7     0.0    28.18 C    47.8     0.7    19.3    61.1    13.5    32.1   0.128   0.168 -99.000 -99.000 -99.000    15.4    14.5 -9999.0 -9999.0 -9999.0
53155 20240501  2.623 -112.34   35.76    22.2     4.9    13.6    13.7     0.0    25.86 C    49.0     1.6    18.3    52.2    14.4    27.6   0.119   0.167 -99.000 -99.000 -99.000    15.7    15.2 -9999.0 -9999.0 -9999.0
53155 20240502  2.623 -112.34   35.76    22.2     1.2    11.7    12.5     0.0    28.41 C    48.3    -1.6    18.2    45.6     7.6    20.0   0.112   0.163 -99.000 -99.000 -99.000    15.7    15.2 -9999.0 -9999.0 -9999.0
53155 20240503  2.623 -112.34   35.76    22.2     3.3    12.7    13.5     0.0    24.54 C    49.1     1.1    18.7    45.6    14.1    28.2   0.106   0.159 -99.000 -99.000 -99.000    16.1    15.5 -9999.0 -9999.0 -9999.0
53155 20240504  2.623 -112.34   35.76    22.1     4.6    13.4    14.5     0.0    26.28 C    49.3     2.1    21.0    54.2    13.9    30.7   0.102   0.158 -99.000 -99.000 -99.000    16.6    15.9 -9999.0 -9999.0 -9999.0
53155 20240505  2.623 -112.34   35.76    16.5     0.1     8.3    10.1     2.0    19.89 C    37.2    -1.0    14.7    80.8    20.2    42.6   0.098   0.155 -99.000 -99.000 -99.000    14.7    15.0 -9999.0 -9999.0 -9999.0
53155 20240506  2.623 -112.34   35.76    17.0    -2.9     7.0     7.6     0.0    28.66 C    34.6    -3.9    11.9    68.2     9.7    33.7   0.095   0.153 -99.000 -99.000 -99.000    12.3    12.7 -9999.0 -9999.0 -9999.0
53155 20240507  2.623 -112.34   35.76    21.9     1.0    11.4    12.4     0.0    28.85 C    40.8    -1.7    15.9    50.2     7.9    21.9   0.094   0.153 -99.000 -99.000 -99.000    14.1    13.8 -9999.0 -9999.0 -9999.0
53155 20240508  2.623 -112.34   35.76    15.3     0.8     8.0     8.4     0.0    29.06 C    40.8    -2.1    15.0    42.5    10.8    21.2   0.092   0.152 -99.000 -99.000 -99.000    14.7    14.5 -9999.0 -9999.0 -9999.0
53155 20240509  2.623 -112.34   35.76    17.7     1.4     9.5     9.7     0.0    22.15 C    48.2    -1.8    14.7    39.2    13.9    22.8   0.089   0.150 -99.000 -99.000 -99.000    14.2    14.0 -9999.0 -9999.0 -9999.0
53155 20240510  2.623 -112.34   35.76    18.7     1.8    10.3    11.5     0.0    18.59 C    46.2    -0.4    15.4    56.0    13.6    28.7   0.087   0.149 -99.000 -99.000 -99.000    14.7    14.3 -9999.0 -9999.0 -9999.0
53155 20240511  2.623 -112.34   35.76    17.8     1.7     9.7    10.1     1.1    19.98 C    45.8     0.9    13.7    76.8    19.6    44.2   0.085   0.148 -99.000 -99.000 -99.000    14.3    14.3 -9999.0 -9999.0 -9999.0
53155 20240512  2.623 -112.34   35.76    23.0     0.1    11.6    12.8     0.0    27.22 C    48.0    -0.9    18.6    70.2    13.9    35.9   0.085   0.146 -99.000 -99.000 -99.000    15.8    14.9 -9999.0 -9999.0 -9999.0
53155 20240513  2.623 -112.34   35.76    25.8     4.9    15.3    16.1     0.0    24.55 C    54.2     2.6    21.4    45.8    10.9    25.2   0.084   0.145 -99.000 -99.000 -99.000    17.8    16.6 -9999.0 -9999.0 -9999.0
53155 20240514  2.623 -112.34   35.76    25.0     6.7    15.8    15.4     0.2    18.14 C    53.1     4.1    18.7    46.6    12.3    30.0   0.081   0.142 -99.000 -99.000 -99.000    17.3    16.8 -9999.0 -9999.0 -9999.0
53155 20240515  2.623 -112.34   35.76    22.7     7.3    15.0    13.5     2.7    14.35 C    49.1     4.9    16.1    75.1    18.8    47.1   0.078   0.140 -99.000 -99.000 -99.000    16.2    16.1 -9999.0 -9999.0 -9999.0
53155 20240516  2.623 -112.34   35.76    24.0     2.2    13.1    14.6     0.0    29.40 C    46.6     1.5    19.2    81.6    10.0    40.0   0.080   0.138 -99.000 -99.000 -99.000    16.8    15.9 -9999.0 -9999.0 -9999.0
53155 20240517  2.623 -112.34   35.76    27.8     4.6    16.2    17.4     0.0    27.91 C    53.0     2.8    23.0    50.7     9.6    26.4   0.082   0.137 -99.000 -99.000 -99.000    18.9    17.7 -9999.0 -9999.0 -9999.0
53155 20240518  2.623 -112.34   35.76    25.7     7.4    16.5    17.2     0.0    24.72 C    48.3     4.5    21.5    45.0     9.5    23.1   0.079   0.135 -99.000 -99.000 -99.000    18.6    17.8 -9999.0 -9999.0 -9999.0
53155 20240519  2.623 -112.34   35.76    26.3     3.7    15.0    16.6     0.0    29.78 C    53.7     2.5    23.1    39.5     5.3    18.7   0.077   0.133 -99.000 -99.000 -99.000    19.1    18.1 -9999.0 -9999.0 -9999.0
53155 20240520  2.623 -112.34   35.76    22.1     7.0    14.5    15.1     0.0    27.28 C    47.1     3.5    20.5    30.6     7.6    15.9   0.074   0.129 -99.000 -99.000 -99.000    18.0    17.6 -9999.0 -9999.0 -9999.0
53155 20240521  2.623 -112.34   35.76    22.6     1.6    12.1    13.9     0.0    28.89 C    51.6     1.1    20.9    48.7    13.4    24.8   0.073   0.127 -99.000 -99.000 -99.000    18.8    17.9 -9999.0 -9999.0 -9999.0
53155 20240522  2.623 -112.34   35.76    24.5     6.3    15.4    15.6     0.0    29.70 C    52.7     4.5    22.8    42.4     8.4    21.9   0.071   0.127 -99.000 -99.000 -99.000    19.8    18.7 -9999.0 -9999.0 -9999.0
53155 20240523  2.623 -112.34   35.76    24.5     8.2    16.4    16.8     0.0    29.43 C    50.8     4.1    22.9    30.8    11.4    20.7   0.069   0.126 -99.000 -99.000 -99.000    20.1    19.0 -9999.0 -9999.0 -9999.0
53155 20240524  2.623 -112.34   35.76    24.6     6.0    15.3    16.3     0.0    26.28 C    54.5     4.2    22.7    42.3    10.7    23.6   0.066   0.125 -99.000 -99.000 -99.000    19.6    18.8 -9999.0 -9999.0 -9999.0
53155 20240525  2.623 -112.34   35.76    23.6     7.6    15.6    15.9     0.0    28.76 C    49.2     4.3    22.0    40.2    11.9    24.8   0.065   0.124 -99.000 -99.000 -99.000    19.8    18.9 -9999.0 -9999.0 -9999.0
53155 20240526  2.623 -112.34   35.76    25.6     4.6    15.1    16.3     0.0    29.54 C    54.8     2.9    24.6    51.5    10.0    26.9   0.063   0.123 -99.000 -99.000 -99.000    21.0    19.6 -9999.0 -9999.0 -9999.0
53155 20240527  2.623 -112.34   35.76    27.2     7.0    17.1    18.0     0.0    29.57 C    56.1     5.1    25.7    39.5     6.1    19.5   0.061   0.122 -99.000 -99.000 -99.000    22.3    20.7 -9999.0 -9999.0 -9999.0
53155 20240528  2.623 -112.34   35.76    29.1     7.3    18.2    19.2     0.0    30.20 C    57.7     5.0    26.7    31.3     4.8    15.0   0.059   0.121 -99.000 -99.000 -99.000    22.8    21.3 -9999.0 -9999.0 -9999.0
53155 20240529  2.623 -112.34   35.76    28.1     7.4    17.7    18.5     0.0    30.58 C    56.8     4.4    25.9    27.8     4.5    13.8   0.056   0.119 -99.000 -99.000 -99.000    22.7    21.4 -9999.0 -9999.0 -9999.0
53155 20240530  2.623 -112.34   35.76    29.4     7.7    18.6    19.3     0.0    28.01 C    57.3     4.8    26.6    27.9     6.8    15.3   0.054   0.117 -99.000 -99.000 -99.000    23.2    21.6 -9999.0 -9999.0 -9999.0
53155 20240531  2.623 -112.34   35.76    30.3     8.5    19.4    20.5     0.0    29.31 C    58.9     6.4    27.8    31.4     4.9    15.8   0.052   0.115 -99.000 -99.000 -99.000    24.3    22.5 -9999.0 -9999.0 -9999.0
53155 20240601  2.623 -112.34   35.76    29.9     8.2    19.0    20.5     0.0    30.82 C    57.8     6.1    27.4    27.9     3.7    12.1   0.051   0.113 -99.000 -99.000 -99.000    23.8    22.5 -9999.0 -9999.0 -9999.0
53155 20240602  2.623 -112.34   35.76    27.9     6.1    17.0    19.5     0.0    30.02 C    57.6     4.9    26.9    23.2     6.2    13.9   0.049   0.110 -99.000 -99.000 -99.000    23.6    22.3 -9999.0 -9999.0 -9999.0
53155 20240603  2.623 -112.34   35.76    30.8     7.8    19.3    20.0     0.0    26.36 C    56.6     6.1    26.6    29.9    10.0    18.8   0.047   0.108 -99.000 -99.000 -99.000    23.9    22.4 -9999.0 -9999.0 -9999.0
53155 20240604  2.623 -112.34   35.76    30.5    10.4    20.4    21.8     0.0    28.67 C    55.4     9.2    28.3    38.3    11.8    22.0   0.046   0.107 -99.000 -99.000 -99.000    25.4    23.5 -9999.0 -9999.0 -9999.0
53155 20240605  2.623 -112.34   35.76    33.3    11.2    22.2    24.0     0.0    29.38 C    60.7     9.8    31.0    38.8     9.5    20.3   0.045   0.106 -99.000 -99.000 -99.000    27.1    24.8 -9999.0 -9999.0 -9999.0
53155 20240606  2.623 -112.34   35.76    36.2    12.8    24.5    25.3     0.0    24.57 C    63.9    10.5    30.6    37.1     6.6    18.4   0.043   0.104 -99.000 -99.000 -99.000    27.4    25.3 -9999.0 -9999.0 -9999.0
53155 20240607  2.623 -112.34   35.76    34.0    15.3    24.7    24.7     0.0    29.37 C    61.4    11.8    31.7    32.7     4.1    15.8   0.042   0.101 -99.000 -99.000 -99.000    27.6    25.6 -9999.0 -9999.0 -9999.0
53155 20240608  2.623 -112.34   35.76    32.0    11.1    21.5    22.8     0.0    29.74 C    60.2     8.8    30.6    25.9     7.6    16.2   0.040   0.099 -99.000 -99.000 -99.000    26.8    25.1 -9999.0 -9999.0 -9999.0
53155 20240609  2.623 -112.34   35.76    30.1    12.4    21.2    22.0     0.0    26.53 C    60.8    10.7    29.2    32.6     9.3    19.1   0.039   0.097 -99.000 -99.000 -99.000    26.4    24.9 -9999.0 -9999.0 -9999.0
53155 20240610  2.623 -112.34   35.76    30.7    11.0    20.8    21.9     0.0    30.22 C    60.2     8.5    29.9    25.4     7.0    14.4   0.038   0.095 -99.000 -99.000 -99.000    26.9    25.0 -9999.0 -9999.0 -9999.0
53155 20240611  2.623 -112.34   35.76    33.6    11.2    22.4    23.6     0.0    30.25 C    62.4     9.2    31.0    27.9     6.0    13.6   0.038   0.094 -99.000 -99.000 -99.000    27.8    25.8 -9999.0 -9999.0 -9999.0
53155 20240612  2.623 -112.34   35.76    34.6    11.9    23.2    24.5     0.0    30.61 C    62.8     9.9    31.7    23.9     3.0    10.7   0.037   0.092 -99.000 -99.000 -99.000    28.2    26.2 -9999.0 -9999.0 -9999.0
53155 20240613  2.623 -112.34   35.76    29.5    11.4    20.5    21.2     0.0    14.78 C    56.0     9.8    25.0    32.3     7.8    16.9   0.034   0.089 -99.000 -99.000 -99.000    24.8    24.4 -9999.0 -9999.0 -9999.0
53155 20240614  2.623 -112.34   35.76    31.7    14.0    22.8    23.8     0.0    29.96 C    59.3    12.1    30.4    52.9     6.4    19.4   0.035   0.088 -99.000 -99.000 -99.000    27.2    25.2 -9999.0 -9999.0 -9999.0
53155 20240615  2.623 -112.34   35.76    33.8    11.5    22.6    23.9     0.0    30.33 C    61.3     9.2    30.7    31.0     4.0    13.5   0.034   0.087 -99.000 -99.000 -99.000    27.5    25.7 -9999.0 -9999.0 -9999.0
53155 20240616  2.623 -112.34   35.76    31.9    14.2    23.0    23.5     0.0    30.84 C    59.3    10.3    30.3    25.2     3.7    11.8   0.032   0.085 -99.000 -99.000 -99.000    26.9    25.4 -9999.0 -9999.0 -9999.0
53155 20240617  2.623 -112.34   35.76    30.5    11.8    21.1    21.9     0.0    30.30 C    57.2     9.2    28.7    26.0     7.9    14.8   0.031   0.083 -99.000 -99.000 -99.000    26.0    24.8 -9999.0 -9999.0 -9999.0
53155 20240618  2.623 -112.34   35.76    28.9    10.1    19.5    20.3     0.0    29.01 C    58.4     7.4    28.8    32.5     9.1    18.8   0.031   0.081 -99.000 -99.000 -99.000    26.5    25.0 -9999.0 -9999.0 -9999.0
53155 20240619  2.623 -112.34   35.76    30.0     8.5    19.3    20.8     0.0    29.78 C    58.8     7.1    29.0    43.6     9.1    21.3   0.030   0.080 -99.000 -99.000 -99.000    26.5    25.0 -9999.0 -9999.0 -9999.0
53155 20240620  2.623 -112.34   35.76    33.0     9.0    21.0    23.1     0.0    29.14 C    61.1     8.0    30.8    46.0    10.5    21.2   0.030   0.079 -99.000 -99.000 -99.000    27.1    25.3 -9999.0 -9999.0 -9999.0
53155 20240621  2.623 -112.34   35.76    33.8    16.1    25.0    25.3     0.0    25.15 C    59.8    14.6    31.4    61.3     8.9    32.0   0.030   0.079 -99.000 -99.000 -99.000    28.0    26.1 -9999.0 -9999.0 -9999.0
53155 20240622  2.623 -112.34   35.76    33.2    15.5    24.4    22.4     4.0    18.77 C    62.4    14.1    26.6    68.4    17.4    39.4   0.029   0.077 -99.000 -99.000 -99.000    26.3    25.5 -9999.0 -9999.0 -9999.0
53155 20240623  2.623 -112.34   35.76    32.7    15.7    24.2    23.1     0.0    23.83 C    56.7    14.0    27.7    70.7    19.4    44.5   0.035   0.076 -99.000 -99.000 -99.000    25.7    24.6 -9999.0 -9999.0 -9999.0
53155 20240624  2.623 -112.34   35.76    30.5    15.2    22.8    22.9     0.0    15.38 C    58.5    13.3    26.1    69.4    23.3    45.7   0.042   0.076 -99.000 -99.000 -99.000    24.8    24.4 -9999.0 -9999.0 -9999.0
53155 20240625  2.623 -112.34   35.76    32.2    16.6    24.4    23.0     0.5    18.68 C    60.1    13.7    27.8    70.6    22.4    50.0   0.044   0.077 -99.000 -99.000 -99.000    25.7    24.6 -9999.0 -9999.0 -9999.0
53155 20240626  2.623 -112.34   35.76    31.8    15.5    23.7    22.4    21.9    18.48 C    61.1    14.1    27.4    79.0    25.2    53.2   0.081   0.099 -99.000 -99.000 -99.000    25.0    24.2 -9999.0 -9999.0 -9999.0
53155 20240627  2.623 -112.34   35.76    31.8    15.7    23.8    24.2     0.0    27.45 C    41.1    15.1    25.6    78.8    25.6    48.4   0.190   0.210 -99.000 -99.000 -99.000    23.5    23.0 -9999.0 -9999.0 -9999.0
53155 20240628  2.623 -112.34   35.76    31.8    15.4    23.6    24.7     0.0    27.84 C    49.0    14.0    28.1    66.7    19.1    37.4   0.155   0.193 -99.000 -99.000 -99.000    25.1    24.2 -9999.0 -9999.0 -9999.0
53155 20240629  2.623 -112.34   35.76    32.4    14.8    23.6    24.5     0.0    28.12 C    53.8    13.8    29.7    64.8    15.2    32.9   0.136   0.180 -99.000 -99.000 -99.000    26.3    25.3 -9999.0 -9999.0 -9999.0
53155 20240630  2.623 -112.34   35.76    32.0    14.3    23.2    24.3     0.0    21.73 C    54.0    13.4    28.3    45.6    16.9    29.0   0.119   0.168 -99.000 -99.000 -99.000    26.0    25.0 -9999.0 -9999.0 -9999.0
53155 20240701  2.623 -112.34   35.76    32.1    15.9    24.0    24.3     0.0    24.19 C    53.9    15.1    29.7    77.6    19.2    44.6   0.110   0.158 -99.000 -99.000 -99.000    27.1    25.6 -9999.0 -9999.0 -9999.0
53155 20240702  2.623 -112.34   35.76 -9999.0 -9999.0 -9999.0 -9999.0 -9999.0 -9999.00 U -9999.0 -9999.0 -9999.0 -9999.0 -9999.0 -9999.0 -99.000 -99.000 -99.000 -99.000 -99.000 -9999.0 -9999.0 -9999.0 -9999.0 -9999.0
