94996 20240101  2.622  -96.85   40.70    -0.1   -10.9    -5.5    -5.3     0.0     9.34 C     5.0   -12.2    -5.0    95.1    70.5    87.2   0.289   0.317   0.262   0.175   0.180     0.6     2.2     2.7     3.7     5.4
94996 20240102  2.622  -96.85   40.70     5.7    -5.9    -0.1    -1.3     0.0     8.63 C    12.8    -7.6    -1.4    97.9    62.3    87.7   0.287   0.314   0.260   0.177   0.179     0.5     1.9     2.3     3.3     5.1
94996 20240103  2.622  -96.85   40.70     5.8    -5.8     0.0    -1.9     0.0     8.87 C    13.3    -8.9    -1.4    98.2    65.8    91.0   0.286   0.314   0.259   0.178   0.179     0.5     1.8     2.1     3.1     4.8
94996 20240104  2.622  -96.85   40.70    -0.4    -2.7    -1.6    -1.4     0.0     0.55 C     0.4    -2.3    -1.0    98.8    95.4    97.1   0.287   0.314   0.258   0.180   0.178     0.7     1.8     2.1     3.0     4.6
94996 20240105  2.622  -96.85   40.70    -0.6    -2.7    -1.7    -1.4     0.0     1.27 C     1.1    -5.2    -1.0    97.0    90.0    94.9   0.289   0.314   0.259   0.182   0.178     1.1     2.1     2.3     3.1     4.6
94996 20240106  2.622  -96.85   40.70     1.3    -2.2    -0.4    -0.8     0.0     1.48 C     3.2    -2.4    -0.6    96.3    65.3    85.5   0.288   0.314   0.259   0.184   0.178     1.4     2.3     2.5     3.2     4.6
94996 20240107  2.622  -96.85   40.70     1.3    -7.6    -3.2    -1.7     0.0     5.89 C     5.6   -11.4    -1.5    90.4    67.1    77.7   0.286   0.314   0.259   0.186   0.178     1.1     2.2     2.6     3.3     4.6
94996 20240108  2.622  -96.85   40.70     0.9    -3.0    -1.1     0.0    18.4     1.12 C     0.4    -3.1    -0.4    98.0    74.6    91.5   0.285   0.314   0.258   0.188   0.178     1.4     2.3     2.5     3.2     4.5
94996 20240109  2.622  -96.85   40.70    -3.0   -12.8    -7.9    -6.7     2.3     6.39 C    -3.1   -17.5    -8.3    94.9    71.4    85.0   0.287   0.314   0.258   0.190   0.178     1.6     2.4     2.6     3.3     4.5
94996 20240110  2.622  -96.85   40.70     1.2   -10.8    -4.8    -3.8     0.0     6.55 C    -0.4   -13.1    -6.7    91.9    68.3    77.5   0.289   0.314   0.262   0.192   0.178     1.6     2.5     2.6     3.3     4.5
94996 20240111  2.622  -96.85   40.70    -3.3   -14.7    -9.0   -10.9     2.6     6.04 C    -8.2   -14.9   -12.0    95.4    65.2    79.0   0.291   0.315   0.266   0.195   0.178     1.5     2.4     2.6     3.3     4.5
94996 20240112  2.622  -96.85   40.70   -14.5   -20.2   -17.3   -15.9     5.4     4.08 C   -14.2   -23.2   -16.2    82.9    71.9    77.6   0.289   0.316   0.270   0.199   0.178     1.1     2.2     2.6     3.2     4.4
94996 20240113  2.622  -96.85   40.70   -17.9   -27.2   -22.5   -22.0     0.3     8.83 C   -17.9   -31.6   -23.1    78.0    55.8    66.4   0.287   0.316   0.273   0.203   0.178     1.1     2.2     2.5     3.1     4.4
94996 20240114  2.622  -96.85   40.70   -21.8   -28.2   -25.0   -25.1     0.0     8.87 C   -20.1   -33.2   -27.8    71.9    53.0    60.6   0.286   0.315   0.274   0.207   0.178     1.0     2.1     2.4     3.0     4.3
94996 20240115  2.622  -96.85   40.70   -17.8   -25.7   -21.8   -20.3     0.0     4.81 C   -17.0   -30.4   -21.5    74.9    58.8    65.9   0.284 -99.000   0.274   0.221   0.199     0.8     1.9     2.2     2.9     4.1
94996 20240116  2.622  -96.85   40.70   -15.2   -24.0   -19.6   -19.4     0.0    11.30 C   -15.8   -29.8   -22.7    67.8    45.6    59.6   0.285 -99.000   0.274   0.229   0.194     0.6     1.8     2.0     2.7     4.0
94996 20240117  2.622  -96.85   40.70    -4.6   -15.7   -10.1    -9.8     0.0     8.95 C    -5.3   -19.4   -11.7    78.8    53.6    67.2   0.290 -99.000   0.276   0.230   0.190     0.5     1.6     1.8     2.5     3.8
94996 20240118  2.622  -96.85   40.70    -5.9   -16.9   -11.4   -11.1     3.0     4.25 C    -5.9   -20.8   -13.1    93.4    66.9    80.9   0.290 -99.000   0.278   0.233   0.187     0.5     1.6     1.7     2.4     3.7
94996 20240119  2.622  -96.85   40.70   -14.7   -20.7   -17.7   -17.8     0.0    11.32 C   -14.7   -27.3   -21.4    77.3    57.1    67.1   0.287 -99.000   0.274   0.229   0.183     0.6     1.6     1.7     2.4     3.6
94996 20240120  2.622  -96.85   40.70   -15.2   -25.0   -20.1   -19.2     0.0    11.23 C   -14.0   -31.7   -22.4    84.0    62.1    74.0   0.284 -99.000   0.269   0.226   0.181     0.5     1.5     1.7     2.3     3.5
94996 20240121  2.622  -96.85   40.70    -1.5   -16.1    -8.8    -7.3     0.0    10.00 C    -3.2   -18.9    -9.6    74.9    58.3    66.2   0.275 -99.000   0.267   0.222   0.182     0.4     1.5     1.6     2.3     3.5
94996 20240122  2.622  -96.85   40.70     0.6    -2.6    -1.0    -0.6     0.0     4.44 C     0.1    -6.0    -1.4    98.7    74.9    89.4   0.276   0.310   0.262   0.213   0.177     0.5     1.5     1.5     2.2     3.4
94996 20240123  2.622  -96.85   40.70     1.2    -0.4     0.4     0.2     0.0     3.58 C     0.3    -0.4    -0.2    99.6    84.5    96.2   0.278   0.309   0.262   0.214   0.177     0.7     1.6     1.6     2.2     3.3
94996 20240124  2.622  -96.85   40.70     2.1    -0.1     1.0     0.6     0.0     5.10 C     0.5    -0.2     0.0   100.0    91.2    97.7   0.290   0.310   0.264   0.214   0.177     1.0     1.7     1.6     2.2     3.3
94996 20240125  2.622  -96.85   40.70     1.5    -0.5     0.5     0.5     0.0     2.41 C     0.3    -0.3    -0.1    99.8    92.5    97.2   0.309   0.321   0.278   0.219   0.177     1.0     1.7     1.6     2.2     3.3
94996 20240126  2.622  -96.85   40.70     0.3    -1.3    -0.5    -0.7     0.0     2.06 C    -0.1    -1.0    -0.5    99.5    87.5    95.5   0.312   0.332   0.289   0.232   0.177     1.0     1.7     1.6     2.2     3.3
94996 20240127  2.622  -96.85   40.70     4.9    -2.6     1.1    -0.2     0.0     9.73 C     0.4    -6.2    -1.6    99.3    67.4    89.2   0.314   0.334   0.290   0.239   0.177     1.0     1.8     1.7     2.2     3.3
94996 20240128  2.622  -96.85   40.70     7.8    -5.2     1.3     0.7     0.0    12.27 C     1.8    -9.6    -3.6    94.0    50.4    80.4   0.319   0.338   0.297   0.248   0.178     1.0     1.7     1.7     2.3     3.2
94996 20240129  2.622  -96.85   40.70    10.6    -1.9     4.4     4.1     0.0    10.97 C     4.1    -5.2     0.0    96.5    59.3    79.3   0.327   0.347   0.311   0.264   0.179     1.0     1.7     1.7     2.2     3.2
94996 20240130  2.622  -96.85   40.70    10.8    -0.5     5.2     4.0     0.0    12.34 C    14.5    -3.9     1.6    96.9    46.2    77.0   0.329   0.353   0.314   0.275   0.205     1.2     1.7     1.6     2.2     3.2
94996 20240131  2.622  -96.85   40.70    15.3    -0.3     7.5     7.5     0.0    12.12 C    19.1    -4.0     5.6    96.1    51.9    74.4   0.321   0.350   0.319   0.284   0.288     2.3     2.1     1.7     2.2     3.1
94996 20240201  2.622  -96.85   40.70    16.5     4.6    10.5     9.4     0.0    10.51 C    25.5     0.7     8.7    89.1    47.5    72.8   0.311   0.343   0.304   0.273   0.326     4.8     3.6     3.3     3.1     3.3
94996 20240202  2.622  -96.85   40.70    16.9     3.7    10.3     9.1     0.0    10.83 C    22.4    -0.7     8.1    93.5    54.4    78.2   0.304   0.337   0.296   0.266   0.322     5.6     4.7     4.4     4.1     4.0
94996 20240203  2.622  -96.85   40.70     7.1     3.9     5.5     5.4     9.9     0.26 C     6.5     3.6     5.2    97.8    89.1    94.6   0.311   0.339   0.299   0.266   0.321     5.2     5.0     4.9     4.8     4.5
94996 20240204  2.622  -96.85   40.70     5.5     0.2     2.8     2.7     2.5     2.03 C     5.4    -1.7     2.6    97.3    85.4    94.1   0.320   0.349   0.310   0.279   0.330     4.3     4.8     4.8     4.8     4.8
94996 20240205  2.622  -96.85   40.70     9.2    -2.2     3.5     1.2     0.0     9.68 C    16.1    -5.3     1.5    99.5    54.1    89.5   0.307   0.340   0.301   0.271   0.329     3.4     4.0     4.2     4.5     4.9
94996 20240206  2.622  -96.85   40.70    13.5    -2.5     5.5     4.5     0.0     8.13 C    16.0    -5.4     3.8    99.7    56.9    82.2   0.301   0.336   0.295   0.267   0.326     3.6     3.8     4.0     4.4     4.9
94996 20240207  2.622  -96.85   40.70    13.2     6.6     9.9    10.5     0.0     2.29 C    12.8     4.2     9.0    71.9    48.6    58.9   0.298   0.333   0.292   0.264   0.324     5.6     5.0     4.8     4.8     4.9
94996 20240208  2.622  -96.85   40.70    11.8     0.6     6.2     8.2     0.0     7.90 C    18.2    -3.4     6.8    89.6    48.4    68.6   0.294   0.332   0.289   0.262   0.323     6.2     5.8     5.7     5.4     5.2
94996 20240209  2.622  -96.85   40.70     9.2    -3.3     2.9     2.7     0.0    11.07 C    20.9    -7.2     2.3    93.8    47.4    72.4   0.290   0.330   0.287   0.261   0.322     3.9     4.7     5.2     5.4     5.4
94996 20240210  2.622  -96.85   40.70     4.6    -2.2     1.2     0.6     0.0     7.04 C    20.4    -5.7     1.9    87.0    52.6    71.7   0.287   0.328   0.285   0.260   0.321     3.3     4.2     4.7     5.1     5.4
94996 20240211  2.622  -96.85   40.70     5.0    -3.0     1.0     0.1     0.0     8.03 C    20.6    -8.3     0.7    83.8    50.0    69.6   0.285   0.326   0.284   0.259   0.321     3.1     3.9     4.4     4.8     5.3
94996 20240212  2.622  -96.85   40.70    11.7    -3.8     3.9     3.1     0.0    14.10 C    23.2    -7.7     3.0    86.4    34.0    63.3   0.284   0.325   0.283   0.258   0.320     2.8     3.5     4.1     4.5     5.2
94996 20240213  2.622  -96.85   40.70    13.0    -2.8     5.1     4.9     0.0    14.00 C    24.8    -6.0     4.6    91.4    35.1    61.9   0.284   0.324   0.282   0.257   0.319     3.8     4.0     4.4     4.7     5.1
94996 20240214  2.622  -96.85   40.70    18.2    -3.5     7.4     7.1     0.0    12.90 C    25.0    -6.9     6.2    89.8    31.1    60.3   0.285   0.324   0.283   0.258   0.319     4.5     4.4     4.7     4.9     5.2
94996 20240215  2.622  -96.85   40.70     4.4    -5.5    -0.6    -0.4     0.0    14.30 C    18.8    -7.7     2.1    86.2    33.7    58.6   0.283   0.323   0.280   0.256   0.318     3.5     4.3     4.9     5.1     5.3
94996 20240216  2.622  -96.85   40.70    -0.4   -13.0    -6.7    -5.0     1.2     5.21 C     3.1   -14.0    -4.4    93.7    48.2    73.2   0.283   0.322   0.279   0.255   0.318     1.8     3.4     4.1     4.8     5.3
94996 20240217  2.622  -96.85   40.70     4.1   -13.4    -4.6    -5.5     0.0    15.46 C     9.2   -14.3    -5.1    78.3    22.6    57.1 -99.000   0.320   0.278   0.254   0.317     0.2     2.1     2.9     3.9     5.0
94996 20240218  2.622  -96.85   40.70    11.2    -5.9     2.7     1.5     0.0    15.86 C    23.0    -9.5     1.3    70.8    22.1    46.6 -99.000   0.319   0.277   0.254   0.316     0.8     1.9     2.8     3.4     4.6
94996 20240219  2.622  -96.85   40.70    14.4    -3.8     5.3     4.7     0.0    14.56 C    22.9    -8.4     3.4    76.2    26.2    51.3   0.284   0.319   0.277   0.254   0.316     2.4     2.6     3.2     3.6     4.4
94996 20240220  2.622  -96.85   40.70    20.7    -2.2     9.3     9.4     0.0    15.31 C    27.6    -7.2     8.0    70.1    18.3    42.2   0.281   0.319   0.277   0.253   0.316     4.1     3.6     3.8     4.0     4.5
94996 20240221  2.622  -96.85   40.70    20.9    -2.6     9.1    10.4     0.0    14.11 C    29.5    -5.3     9.3    90.4    23.6    51.4   0.280   0.319   0.277   0.253   0.315     5.7     4.9     4.9     4.7     4.7
94996 20240222  2.622  -96.85   40.70    17.4     3.6    10.5     9.7     0.0    11.28 C    28.2    -2.8     8.5    65.7    28.1    50.4   0.279   0.319   0.277   0.253   0.315     6.3     5.8     5.7     5.4     5.1
94996 20240223  2.622  -96.85   40.70    16.5    -0.5     8.0     7.5     0.0    15.24 C    24.5    -4.6     6.6    83.1    18.4    51.5   0.277   0.319   0.277   0.253   0.315     5.6     5.5     5.8     5.7     5.4
94996 20240224  2.622  -96.85   40.70    18.9    -6.1     6.4     6.0     0.0    16.25 C    23.2    -9.0     3.9    96.1    13.8    53.5   0.276   0.318   0.276   0.252   0.315     4.9     5.2     5.5     5.6     5.6
94996 20240225  2.622  -96.85   40.70    20.4     1.0    10.7     9.2     0.0    14.00 C    28.5    -2.6     7.4    57.5    16.3    37.6   0.274   0.318   0.276   0.252   0.315     5.6     5.5     5.8     5.6     5.6
94996 20240226  2.622  -96.85   40.70    27.1     0.1    13.6    14.5     0.0    16.70 C    33.7    -4.0    11.6    65.1     7.6    29.1   0.271   0.317   0.276   0.252   0.315     6.8     6.1     6.3     6.0     5.8
94996 20240227  2.622  -96.85   40.70    11.6    -9.8     0.9     1.4     0.0    13.75 C    15.9   -10.9     1.7    73.2    29.0    50.5   0.269   0.317   0.275   0.252   0.315     5.1     6.0     6.6     6.4     6.0
94996 20240228  2.622  -96.85   40.70     3.4   -13.6    -5.1    -5.5     0.0    17.52 C    13.3   -15.0    -3.4    74.0    27.7    50.0   0.271   0.315   0.274   0.251   0.315     1.8     3.7     5.0     5.6     6.0
94996 20240229  2.622  -96.85   40.70    14.8    -2.3     6.2     5.9     0.0    17.57 C    20.5    -5.0     5.5    61.9    13.5    32.9   0.266   0.314   0.273   0.250   0.314     3.9     4.0     4.6     5.1     5.7
94996 20240301  2.622  -96.85   40.70    11.6    -0.2     5.7     4.9     0.0    13.11 C    18.1    -2.2     5.3    91.0    49.7    72.5   0.265   0.314   0.273   0.250   0.314     5.0     4.9     5.1     5.2     5.5
94996 20240302  2.622  -96.85   40.70    20.9     0.2    10.5    10.4     0.0    16.27 C    27.7    -0.2    11.1   100.0    34.5    68.4   0.265   0.314   0.273   0.250   0.313     6.9     5.9     5.7     5.5     5.6
94996 20240303  2.622  -96.85   40.70    21.4     5.8    13.6    14.4     0.0    17.61 C    30.8    -2.7    12.6    46.8     5.6    25.7   0.263   0.315   0.273   0.250   0.313     8.5     7.4     7.2     6.5     5.9
94996 20240304  2.622  -96.85   40.70    11.3     1.7     6.5     7.4     0.0    10.37 C    20.1    -2.8     7.1    64.1    27.0    46.4   0.260   0.314   0.273   0.250   0.313     6.8     6.9     7.1     6.9     6.4
94996 20240305  2.622  -96.85   40.70    14.2    -4.5     4.8     4.4     0.0    15.36 C    28.5    -8.5     4.2    76.0    17.1    45.1   0.257   0.313   0.272   0.250   0.313     5.7     6.1     6.5     6.6     6.5
94996 20240306  2.622  -96.85   40.70    14.2    -2.6     5.8     6.9     0.0     9.51 C    23.3    -7.8     5.4    63.6    29.6    45.2   0.254   0.312   0.271   0.249   0.313     5.5     5.8     6.2     6.4     6.4
94996 20240307  2.622  -96.85   40.70    12.6    -0.6     6.0     6.8     0.0     5.66 C    14.5    -5.1     5.9    80.8    47.1    61.0   0.253   0.311   0.271   0.249   0.313     5.9     6.0     6.1     6.2     6.3
94996 20240308  2.622  -96.85   40.70     6.6    -2.2     2.2     1.4     1.5     5.58 C     9.9    -6.0     0.6    89.3    31.2    60.9   0.250   0.311   0.270   0.249   0.312     4.4     5.5     5.9     6.2     6.3
94996 20240309  2.622  -96.85   40.70    12.0    -6.1     2.9     3.1     0.0    19.31 C    25.1    -9.4     3.3    78.3    16.0    47.3   0.249   0.309   0.269   0.248   0.312     4.1     4.8     5.4     5.7     6.2
94996 20240310  2.622  -96.85   40.70    20.4    -2.4     9.0     9.0     0.0    19.21 C    27.4    -8.4     8.0    75.5    14.7    44.3   0.247   0.308   0.269   0.247   0.312     5.3     5.1     5.6     5.8     6.1
94996 20240311  2.622  -96.85   40.70    23.9     5.4    14.7    14.1     0.0    18.93 C    30.5     2.8    13.7    68.1    15.3    41.9   0.246   0.308   0.269   0.247   0.311     8.1     6.8     6.7     6.3     6.1
94996 20240312  2.622  -96.85   40.70    20.2     5.4    12.8    12.9     0.0    14.48 C    32.1     0.4    12.6    80.6    35.4    55.4   0.242   0.308   0.269   0.247   0.311     9.0     7.9     7.8     7.2     6.5
94996 20240313  2.622  -96.85   40.70    21.8     0.9    11.4    12.0     7.4    12.64 C    33.1    -2.0    12.0    96.8    29.5    63.5   0.239   0.309   0.269   0.248   0.312     8.6     7.9     7.9     7.5     6.9
94996 20240314  2.622  -96.85   40.70    11.5     8.0     9.7     9.2    16.1     2.20 C    11.1     6.3     8.6    95.4    68.7    83.8   0.328   0.339   0.292   0.255   0.314     8.7     8.4     8.3     7.9     7.2
94996 20240315  2.622  -96.85   40.70    13.9     1.3     7.6     7.5     0.0    19.44 C    26.0    -0.9     8.9    88.4    45.0    67.7   0.315   0.345   0.299   0.263   0.316     8.1     8.0     8.2     7.9     7.4
94996 20240316  2.622  -96.85   40.70    14.5     1.9     8.2     8.3     0.0    20.39 C    25.8    -4.3     8.6    82.8    18.7    48.9   0.307   0.340   0.295   0.263   0.319     7.6     7.8     8.4     8.1     7.5
94996 20240317  2.622  -96.85   40.70     4.7    -5.6    -0.5     0.1     0.0    18.48 C    19.1    -8.2     1.2    67.9    37.8    51.7   0.299   0.337   0.290   0.261   0.320     5.0     6.5     7.6     7.8     7.6
94996 20240318  2.622  -96.85   40.70     5.3    -7.7    -1.2    -1.4     0.0    21.13 C    20.2   -11.1     1.3    71.3    27.0    48.6   0.295   0.334   0.287   0.260   0.320     3.8     5.2     6.4     6.9     7.3
94996 20240319  2.622  -96.85   40.70    19.2     1.3    10.2    10.1     0.0    20.78 C    31.6    -0.6    10.0    58.8    17.1    35.7   0.292   0.332   0.286   0.259   0.319     6.2     5.9     6.7     6.8     7.0
94996 20240320  2.622  -96.85   40.70     8.2     0.3     4.3     4.0     0.0    20.33 C    20.3    -4.5     5.0    67.7    20.3    41.2   0.287   0.330   0.284   0.258   0.319     5.8     6.3     7.1     7.1     7.1
94996 20240321  2.622  -96.85   40.70    14.9    -2.1     6.4     6.0     0.0    15.37 C    25.5    -4.5     6.8    56.4    23.2    33.7   0.282   0.328   0.282   0.257   0.319     5.7     6.0     6.6     6.9     7.0
94996 20240322  2.622  -96.85   40.70     5.6    -1.4     2.1     1.9     0.0     5.00 C     9.2    -3.2     2.6    85.8    56.5    68.2   0.278   0.327   0.281   0.257   0.318     5.2     6.0     6.5     6.8     6.9
94996 20240323  2.622  -96.85   40.70     4.3    -3.0     0.6    -0.3     0.5     7.14 C     6.2    -4.2     0.2    87.2    45.2    64.4   0.276   0.326   0.280   0.257   0.318     3.7     5.0     5.6     6.2     6.8
94996 20240324  2.622  -96.85   40.70    11.4    -1.7     4.8     6.3    12.2     0.89 C    10.1    -3.4     5.5    97.2    74.3    85.4   0.321   0.338   0.290   0.258   0.319     4.8     5.0     5.2     5.7     6.4
94996 20240325  2.622  -96.85   40.70     8.9    -1.9     3.5     3.0     1.8     2.56 C     9.2    -1.6     3.4    93.9    85.4    89.6   0.324   0.346   0.301   0.266   0.320     5.3     5.8     6.0     6.1     6.3
94996 20240326  2.622  -96.85   40.70     1.1    -8.0    -3.5    -3.1     0.4    12.38 C     9.1   -10.9    -2.1    91.4    57.7    73.7   0.316   0.344   0.300   0.270   0.323     2.6     4.2     5.2     5.8     6.3
94996 20240327  2.622  -96.85   40.70     8.9    -8.1     0.4    -0.3     0.0    14.76 C    18.3   -11.1     0.8    75.5    39.1    55.9   0.312   0.347   0.302   0.273   0.327     2.6     3.6     4.4     5.2     6.0
94996 20240328  2.622  -96.85   40.70    20.9     1.4    11.1    10.5     0.0    19.26 C    29.9    -0.9    11.0    80.9    22.1    50.7   0.308   0.342   0.297   0.269   0.326     6.1     5.1     5.1     5.2     5.8
94996 20240329  2.622  -96.85   40.70    20.8     6.2    13.5    13.0     0.0    18.45 C    33.4     3.4    14.3    72.6    36.4    56.3   0.300   0.335   0.291   0.263   0.322     9.0     7.5     7.0     6.4     6.1
94996 20240330  2.622  -96.85   40.70    13.8     1.9     7.9     6.9     0.0    20.54 C    27.0    -1.0     8.8    79.9    33.3    59.2   0.293   0.334   0.289   0.263   0.322     7.9     7.7     7.7     7.2     6.6
94996 20240331  2.622  -96.85   40.70    13.8     2.7     8.2     8.8     0.0     4.66 C    15.7     0.6     9.2    80.0    51.0    63.8   0.288   0.332   0.287   0.262   0.322     7.4     7.3     7.5     7.3     6.9
94996 20240401  2.622  -96.85   40.70     9.0     3.8     6.4     7.3     0.2     2.27 C    10.6     3.7     7.6    98.1    80.1    92.1   0.286   0.331   0.286   0.261   0.322     7.7     7.6     7.6     7.4     7.1
94996 20240402  2.622  -96.85   40.70    14.1     2.5     8.3     7.1     0.5    20.87 C    24.4     2.5     8.5    94.7    23.1    61.1   0.283   0.330   0.285   0.260   0.322     7.3     7.3     7.6     7.4     7.1
94996 20240403  2.622  -96.85   40.70    12.3     1.5     6.9     6.4     0.0    22.59 C    23.5    -0.5     8.1    68.7    28.2    50.8   0.276   0.328   0.284   0.260   0.321     7.1     7.2     7.9     7.7     7.3
94996 20240404  2.622  -96.85   40.70    16.5    -1.2     7.7     7.3     0.0    24.57 C    29.9    -5.2     8.0    75.5    10.4    40.2   0.270   0.326   0.282   0.259   0.321     7.3     7.2     7.9     7.7     7.4
94996 20240405  2.622  -96.85   40.70    17.9    -3.6     7.2     9.4     0.0    21.96 C    28.5    -7.0     9.6    75.6    25.1    42.0   0.264   0.324   0.281   0.258   0.320     7.6     7.3     7.8     7.7     7.4
94996 20240406  2.622  -96.85   40.70    21.3     5.4    13.3    12.1    18.5    19.65 C    27.5     2.9    12.4    90.0    32.1    59.4   0.279   0.327   0.286   0.258   0.320     9.3     8.4     8.4     8.0     7.5
94996 20240407  2.622  -96.85   40.70    16.2     4.8    10.5    10.3     0.0    14.98 C    22.6     2.4     9.7    83.3    41.2    60.6   0.322   0.346   0.306   0.270   0.323     9.2     8.8     8.7     8.3     7.8
94996 20240408  2.622  -96.85   40.70    18.7     1.5    10.1     9.9     0.0    20.14 C    25.6    -0.2     9.9    94.3    25.1    62.2   0.309   0.341   0.299   0.269   0.326     9.1     8.7     8.6     8.3     7.9
94996 20240409  2.622  -96.85   40.70    20.1     0.3    10.2    10.9     0.0    23.67 C    31.6    -2.2    11.1    89.4    24.6    53.8   0.299   0.339   0.296   0.268   0.326     9.5     8.9     8.9     8.5     8.0
94996 20240410  2.622  -96.85   40.70    22.7     5.5    14.1    14.7     0.0    20.45 C    34.2     1.9    14.9    69.5    20.9    41.6   0.286   0.335   0.293   0.266   0.326    10.4     9.5     9.6     9.0     8.2
94996 20240411  2.622  -96.85   40.70    16.3     4.8    10.5    10.8     0.0    24.72 C    26.9     1.7    11.4    74.7    16.6    37.1   0.273   0.330   0.288   0.264   0.324     9.8     9.6    10.0     9.4     8.5
94996 20240412  2.622  -96.85   40.70    20.5     2.1    11.3    11.6     0.0    24.51 C    34.2    -2.1    13.0    58.9    18.2    37.8   0.264   0.327   0.286   0.263   0.324    10.2     9.5     9.7     9.4     8.7
94996 20240413  2.622  -96.85   40.70    30.6    10.0    20.3    20.1     0.0    19.66 C    35.8     5.3    19.4    56.2    18.3    38.5   0.252   0.324   0.283   0.262   0.322    12.1    10.5    10.3     9.7     8.8
94996 20240414  2.622  -96.85   40.70    30.3     9.0    19.6    20.9     0.0    24.06 C    39.8     5.2    19.8    89.2    18.0    42.9   0.239   0.324   0.284   0.262   0.327    13.9    12.0    11.7    10.5     9.2
94996 20240415  2.622  -96.85   40.70    29.9    10.7    20.3    21.0     0.2    22.95 C    35.5     4.6    20.3    77.3    28.9    47.3   0.223   0.312   0.276   0.259   0.321    14.3    12.4    12.1    11.1     9.7
94996 20240416  2.622  -96.85   40.70    23.2    11.3    17.2    17.1     5.7    13.62 C    28.2     9.6    16.5    94.9    24.9    72.6   0.221   0.309   0.274   0.258   0.321    15.0    13.6    13.0    11.9    10.1
94996 20240417  2.622  -96.85   40.70    20.7     8.0    14.4    14.7     0.0    22.89 C    35.1     5.5    16.2    86.3    28.1    54.9   0.218   0.304   0.271   0.256   0.320    13.4    12.6    12.5    11.8    10.5
94996 20240418  2.622  -96.85   40.70    13.8     2.2     8.0     8.6     0.5    17.67 C    28.6    -1.2    10.7    92.1    32.3    60.5   0.214 -99.000 -99.000 -99.000 -99.000    11.4    11.8    12.1    11.7    10.6
94996 20240419  2.622  -96.85   40.70    14.4     2.3     8.3     8.2     0.0    16.25 C    33.4    -0.4     9.8    77.0    21.5    45.2   0.210 -99.000 -99.000 -99.000 -99.000    10.4    10.8    11.3    11.1    10.5
94996 20240420  2.622  -96.85   40.70    11.4    -1.8     4.8     5.2     0.0    22.65 C    29.9    -4.6     7.9    72.5    29.1    46.9   0.206   0.289   0.263   0.253   0.323     9.6    10.1    10.7    10.7    10.3
94996 20240421  2.622  -96.85   40.70    16.4    -2.3     7.1     8.0     0.0    26.64 C    32.8    -4.3    10.0    81.7    16.5    41.8   0.202   0.280   0.255   0.249   0.316     9.9     9.9    10.4    10.3    10.1
94996 20240422  2.622  -96.85   40.70    24.3     4.6    14.4    15.4     0.0    18.62 C    28.0     1.1    14.3    67.2    29.0    42.7   0.197   0.271   0.252   0.247   0.315    11.4    10.6    10.6    10.4    10.0
94996 20240423  2.622  -96.85   40.70    20.4     7.2    13.8    14.9     0.0    25.93 C    35.9     1.1    15.2    79.9    19.6    40.3   0.192   0.262   0.249   0.246   0.316    12.5    11.7    11.5    10.8    10.0
94996 20240424  2.622  -96.85   40.70    21.2     1.7    11.4    13.7     0.0    21.57 C    36.1    -1.4    14.2    81.0    22.1    45.3   0.186   0.250   0.241   0.240   0.310    11.9    11.4    11.3    11.0    10.2
94996 20240425  2.622  -96.85   40.70    14.6    10.8    12.7    12.5    11.8     2.62 C    15.1    10.0    11.8    94.7    46.7    80.8   0.189   0.245   0.239   0.238   0.310    11.8    11.6    11.4    11.1    10.4
94996 20240426  2.622  -96.85   40.70    23.5    12.1    17.8    15.9    25.1    10.33 C    26.2     7.8    15.1    96.3    49.2    81.2   0.316 -99.000 -99.000 -99.000 -99.000    12.3    11.7    11.4    11.0    10.4
94996 20240427  2.622  -96.85   40.70    17.9     9.5    13.7    13.8     6.9    10.20 C    28.6     6.4    14.2    97.0    58.9    83.7   0.337 -99.000 -99.000 -99.000 -99.000    12.7    12.0    11.7    11.2    10.5
94996 20240428  2.622  -96.85   40.70    18.1     8.2    13.2    13.8     5.1    11.05 C    23.1     6.8    14.0    99.0    63.9    85.8   0.346 -99.000 -99.000 -99.000 -99.000    13.7    12.7    12.3    11.7    10.7
94996 20240429  2.622  -96.85   40.70    22.1     4.2    13.1    13.4     0.0    26.72 C    28.8     2.6    14.2    94.5    35.0    65.8   0.330 -99.000 -99.000 -99.000 -99.000    13.9    13.0    12.7    12.0    11.0
94996 20240430  2.622  -96.85   40.70    26.7    10.8    18.7    19.4     4.6    20.70 C    30.9     6.1    17.7    87.1    15.7    57.0   0.340 -99.000 -99.000 -99.000 -99.000    15.2    13.9    13.4    12.5    11.3
94996 20240501  2.622  -96.85   40.70    19.7     8.5    14.1    14.0     1.1    10.42 C    24.3     4.8    12.8    88.2    27.9    61.9   0.318 -99.000 -99.000 -99.000 -99.000    13.2    13.3    13.1    12.7    11.6
94996 20240502  2.622  -96.85   40.70    19.2     8.6    13.9    12.7    17.1    15.90 C    29.5     6.0    13.5    97.1    43.8    77.9   0.341 -99.000 -99.000 -99.000 -99.000    13.0    12.8    12.8    12.4    11.6
94996 20240503  2.622  -96.85   40.70    22.5     6.5    14.5    15.7    17.5    23.74 C    30.5     4.2    16.5    98.0    27.1    64.0   0.321 -99.000 -99.000 -99.000 -99.000    14.0    13.2    13.0    12.5    11.7
94996 20240504  2.622  -96.85   40.70    17.2     5.7    11.5    11.7     9.4    23.13 C    30.9     3.9    14.1    95.0    43.8    71.1   0.372 -99.000 -99.000 -99.000 -99.000    14.0    13.8    13.7    13.0    11.9
94996 20240505  2.622  -96.85   40.70    18.4     3.1    10.8    12.0     0.0    22.15 C    27.9     2.2    13.0    99.6    41.6    69.9   0.329 -99.000 -99.000 -99.000 -99.000    13.2    13.1    13.2    12.9    12.1
94996 20240506  2.622  -96.85   40.70    19.3    10.4    14.9    15.0    11.9     5.55 C    20.8     9.3    14.9    97.4    68.1    88.0   0.330 -99.000 -99.000 -99.000 -99.000    14.2    13.6    13.2    12.8    12.0
94996 20240507  2.622  -96.85   40.70    23.6     8.5    16.1    17.1     0.0    26.85 C    29.2     6.1    16.7    94.7    21.1    49.9   0.346 -99.000 -99.000 -99.000 -99.000    15.1    14.1    13.6    13.0    12.1
94996 20240508  2.622  -96.85   40.70    23.5    12.3    17.9    18.0     0.0    26.67 C    35.1     8.0    18.8    75.7    21.2    44.1   0.325 -99.000 -99.000 -99.000 -99.000    16.3    15.0    14.4    13.5    12.3
94996 20240509  2.622  -96.85   40.70    21.7     8.0    14.9    15.0     0.0    24.84 C    36.9     4.7    16.6    85.2    40.9    62.2   0.305 -99.000 -99.000 -99.000 -99.000    15.3    14.8    14.7    13.9    12.6
94996 20240510  2.622  -96.85   40.70    25.1     8.2    16.7    17.2     0.0    23.29 C    39.0     5.2    17.3    90.2    26.8    53.7   0.291 -99.000 -99.000 -99.000 -99.000    15.3    14.6    14.7    14.0    12.8
94996 20240511  2.622  -96.85   40.70    26.8     8.3    17.6    18.5     0.0    26.77 C    38.1     5.5    18.7    79.9    21.8    47.6   0.269 -99.000 -99.000 -99.000 -99.000    16.0    15.0    14.9    14.1    12.9
94996 20240512  2.622  -96.85   40.70    25.7    14.2    20.0    18.7     2.8    14.07 C    32.7    13.0    18.7    95.8    40.4    64.9   0.253 -99.000 -99.000 -99.000 -99.000    16.8    15.7    15.3    14.5    13.1
94996 20240513  2.622  -96.85   40.70    20.4     9.2    14.8    15.7     2.2    10.96 C    24.2     6.4    15.4    98.2    44.9    80.7   0.259 -99.000 -99.000 -99.000 -99.000    15.9    15.5    15.2    14.6    13.3
94996 20240514  2.622  -96.85   40.70    24.4     6.5    15.4    16.7     0.0    27.74 C    35.8     4.2    17.5    87.1    24.6    54.1   0.249 -99.000 -99.000 -99.000 -99.000    15.6    15.0    14.9    14.3    13.4
94996 20240515  2.622  -96.85   40.70    24.9    11.5    18.2    17.5     4.1    15.24 C    35.4     9.6    17.8    94.2    44.4    75.7   0.245 -99.000 -99.000 -99.000 -99.000    16.8    15.7    15.4    14.7    13.5
94996 20240516  2.622  -96.85   40.70    25.3    11.0    18.1    18.3     0.0    27.77 C    36.2     8.6    19.7    95.9    25.1    63.0   0.245 -99.000 -99.000 -99.000 -99.000    17.6    16.3    15.8    14.9    13.7
94996 20240517  2.622  -96.85   40.70    28.8    13.4    21.1    21.6     0.0    27.96 C    36.7    11.6    22.1    80.5    29.6    53.6   0.229 -99.000 -99.000 -99.000 -99.000    18.6    17.1    16.4    15.4    13.9
94996 20240518  2.622  -96.85   40.70    26.6    13.2    19.9    21.6     0.0    26.98 C    39.8     8.9    23.1    80.3    34.6    55.9   0.214 -99.000 -99.000 -99.000 -99.000    19.2    17.8    17.2    16.0    14.2
94996 20240519  2.622  -96.85   40.70    21.9    10.6    16.3    15.9    21.6     6.77 C    27.3     8.2    14.5    93.4    36.8    70.9   0.251 -99.000 -99.000 -99.000 -99.000    16.1    16.4    16.4    16.0    14.6
94996 20240520  2.622  -96.85   40.70    28.4    12.3    20.4    21.7     0.0    24.91 C    36.4    11.0    22.7    93.6    52.1    72.6   0.321 -99.000 -99.000 -99.000 -99.000    18.9    17.1    16.5    15.6    14.5
94996 20240521  2.622  -96.85   40.70    23.8    11.1    17.4    17.9     0.4    11.23 C    30.1     9.1    18.3    90.9    59.4    77.7   0.302 -99.000 -99.000 -99.000 -99.000    18.5    18.0    17.6    16.6    14.8
94996 20240522  2.622  -96.85   40.70    23.1     9.9    16.5    16.6     0.0    25.58 C    35.6     8.4    17.8    92.2    34.4    62.5   0.284 -99.000 -99.000 -99.000 -99.000    17.7    17.0    16.8    16.2    14.9
94996 20240523  2.622  -96.85   40.70    26.7    10.0    18.3    20.3     0.0    24.05 C    34.8     7.5    20.7    84.3    31.7    58.4   0.264 -99.000 -99.000 -99.000 -99.000    18.0    17.1    16.7    16.1    14.9
94996 20240524  2.622  -96.85   40.70    24.1    11.1    17.6    16.8    18.3    29.11 C    33.5     7.7    18.8    95.3    39.0    66.7   0.329 -99.000 -99.000 -99.000 -99.000    18.2    17.6    17.4    16.5    15.1
94996 20240525  2.622  -96.85   40.70    26.9     9.9    18.4    19.4     0.4    25.31 C    34.8     8.2    19.5    86.1    21.2    51.9   0.303 -99.000 -99.000 -99.000 -99.000    17.7    17.1    17.0    16.4    15.2
94996 20240526  2.622  -96.85   40.70    26.3    14.3    20.3    20.4     1.5    27.31 C    38.2    13.3    21.9    92.5    40.3    62.7   0.282 -99.000 -99.000 -99.000 -99.000    19.2    18.0    17.6    16.7    15.3
94996 20240527  2.622  -96.85   40.70    26.0    12.5    19.2    19.3     0.0    28.95 C    38.0     9.2    20.6    83.1    23.0    50.6   0.258 -99.000 -99.000 -99.000 -99.000    18.5    17.9    17.9    17.0    15.5
94996 20240528  2.622  -96.85   40.70    26.2    10.7    18.5    19.1     0.0    22.73 C    39.8     8.0    19.0    83.4    29.4    53.2   0.243 -99.000 -99.000 -99.000 -99.000    17.9    17.5    17.6    16.9    15.6
94996 20240529  2.622  -96.85   40.70    26.8     9.1    18.0    19.6     0.0    28.04 C    36.3     7.4    20.8    90.0    39.0    57.9   0.230 -99.000 -99.000 -99.000 -99.000    18.4    17.5    17.4    16.8    15.6
94996 20240530  2.622  -96.85   40.70    25.1    16.1    20.6    20.2     0.3    14.28 C    31.8    14.8    20.1    91.5    59.8    71.3   0.221 -99.000 -99.000 -99.000 -99.000    18.9    18.1    17.8    17.1    15.7
94996 20240531  2.622  -96.85   40.70    23.1    14.9    19.0    18.2     7.1     8.44 C    27.3    12.6    18.0    97.1    63.7    86.6   0.220 -99.000 -99.000 -99.000 -99.000    18.4    17.9    17.5    17.0    15.8
94996 20240601  2.622  -96.85   40.70    25.9    14.5    20.2    20.0     0.0    22.98 C    36.1    13.1    21.5    97.2    49.5    75.7   0.236 -99.000 -99.000 -99.000 -99.000    19.6    18.4    17.8    17.0    15.8
94996 20240602  2.622  -96.85   40.70    27.9    16.9    22.4    21.9     6.7    13.36 C    29.3    15.8    21.1    92.2    49.2    75.0   0.227 -99.000 -99.000 -99.000 -99.000    19.5    18.6    18.1    17.4    16.0
94996 20240603  2.622  -96.85   40.70    28.0    15.1    21.5    21.3     1.3    23.72 C    37.6    14.2    22.6    95.8    56.4    79.0   0.300 -99.000 -99.000 -99.000 -99.000    20.9    19.4    18.7    17.6    16.2
94996 20240604  2.622  -96.85   40.70    26.3    14.3    20.3    20.8     0.0    14.88 C    31.1     9.5    20.5    96.9    47.7    74.7   0.272 -99.000 -99.000 -99.000 -99.000    20.4    19.7    19.1    18.2    16.5
94996 20240605  2.622  -96.85   40.70    30.4     9.4    19.9    20.7     0.0    28.48 C    36.7     7.5    20.6    89.7    34.6    57.9   0.244 -99.000 -99.000 -99.000 -99.000    19.6    18.9    18.5    17.9    16.6
94996 20240606  2.622  -96.85   40.70    27.8    16.0    21.9    21.9     0.0    29.57 C    40.4    12.4    22.7    71.1    21.1    38.3   0.217 -99.000 -99.000 -99.000 -99.000    19.9    19.2    19.0    18.1    16.7
94996 20240607  2.622  -96.85   40.70    31.7    11.6    21.6    22.2     5.6    21.06 C    41.0     9.7    22.3    94.2    34.6    62.4   0.206 -99.000 -99.000 -99.000 -99.000    20.1    19.1    18.9    18.2    16.8
94996 20240608  2.622  -96.85   40.70    25.5    15.2    20.3    20.2     0.0    16.64 C    33.0    14.3    20.7    98.7    56.8    78.6   0.210   0.211   0.202   0.203   0.288    20.1    19.4    19.2    18.4    16.9
94996 20240609  2.622  -96.85   40.70    26.4    13.7    20.0    20.5     0.0    28.83 C    38.9    10.9    22.3    93.6    32.4    59.1   0.201   0.209   0.198   0.203   0.286    20.2    19.3    19.2    18.4    17.0
94996 20240610  2.622  -96.85   40.70    27.9    10.3    19.1    20.3     0.0    28.77 C    39.2     8.6    21.5    90.0    28.0    55.2   0.193   0.206   0.193   0.201   0.283    19.7    19.1    19.1    18.4    17.1
94996 20240611  2.622  -96.85   40.70    31.1    17.9    24.5    24.3     0.0    25.84 C    42.9    16.0    25.3    70.6    31.3    52.7   0.186   0.202   0.190   0.197   0.278    21.3    19.9    19.6    18.6    17.2
94996 20240612  2.622  -96.85   40.70    33.1    18.8    25.9    26.9     0.0    27.72 C    38.9    17.2    27.2    74.4    37.9    53.2   0.178   0.198   0.188   0.194   0.273    22.7    20.8    20.3    19.1    17.4
94996 20240613  2.622  -96.85   40.70    32.2    20.1    26.1    26.4     0.0    26.37 C    44.6    16.7    27.6    79.1    37.6    57.2   0.173 -99.000 -99.000 -99.000 -99.000    23.6    21.8    21.2    19.7    17.7
94996 20240614  2.622  -96.85   40.70    32.1    15.1    23.6    25.2     0.0    27.19 C    42.5    13.4    25.9    80.5    26.7    44.2   0.168   0.188   0.177   0.188   0.262    22.7    21.4    21.2    20.0    18.1
94996 20240615  2.622  -96.85   40.70    27.9    19.0    23.5    22.1    31.3    15.68 C    32.4    18.1    22.2    95.9    55.8    81.3   0.314 -99.000 -99.000 -99.000 -99.000    21.8    21.2    21.0    20.1    18.3
94996 20240616  2.622  -96.85   40.70    31.6    21.6    26.6    26.6     0.0    26.02 C    37.5    20.1    27.1    82.4    58.7    69.0   0.309 -99.000 -99.000 -99.000 -99.000    23.4    21.7    21.1    20.0    18.3
94996 20240617  2.622  -96.85   40.70    30.8    20.1    25.5    26.6     0.0    16.76 C    35.7    20.0    26.5    86.0    55.0    68.2   0.267 -99.000 -99.000 -99.000 -99.000    23.5    22.5    21.9    20.7    18.6
94996 20240618  2.622  -96.85   40.70    30.6    17.5    24.0    24.5     4.8    14.26 C    35.5    17.4    24.6    93.2    55.6    75.6   0.248 -99.000 -99.000 -99.000 -99.000    23.4    22.4    21.9    20.8    18.9
94996 20240619  2.622  -96.85   40.70    22.7    17.2    19.9    19.5     0.0    11.02 C    25.4    16.6    19.7    88.7    57.3    72.8   0.242 -99.000 -99.000 -99.000 -99.000    20.7    20.9    20.9    20.4    19.0
94996 20240620  2.622  -96.85   40.70    30.2    17.9    24.0    23.5     0.0    18.11 C    37.7    17.5    24.2    96.3    55.4    79.7   0.227 -99.000 -99.000 -99.000 -99.000    22.2    21.1    20.6    20.0    18.7
94996 20240621  2.622  -96.85   40.70    31.7    22.2    26.9    27.3     0.0    23.68 C    38.2    20.9    27.7    85.1    48.7    67.0   0.209 -99.000 -99.000 -99.000 -99.000    24.1    22.5    21.7    20.5    18.8
94996 20240622  2.622  -96.85   40.70    31.3    18.4    24.9    26.0     0.0    21.40 C    42.2    16.1    26.7    90.0    57.5    70.2   0.197 -99.000 -99.000 -99.000 -99.000    24.3    22.9    22.3    21.1    19.1
94996 20240623  2.622  -96.85   40.70    32.0    15.6    23.8    24.8     0.0    28.36 C    41.2    14.0    26.0    96.1    42.0    68.4   0.188 -99.000 -99.000 -99.000 -99.000    24.0    22.6    22.2    21.2    19.4
94996 20240624  2.622  -96.85   40.70    38.0    20.9    29.4    30.5     0.0    28.07 C    44.2    19.4    31.0    85.4    34.0    54.8   0.174 -99.000 -99.000 -99.000 -99.000    25.9    23.7    22.9    21.6    19.5
94996 20240625  2.622  -96.85   40.70    36.3    22.3    29.3    29.6     0.0    26.86 C    47.2    19.9    31.3    70.5    33.9    53.5   0.171 -99.000 -99.000 -99.000 -99.000    26.7    24.6    23.8    22.3    19.9
94996 20240626  2.622  -96.85   40.70    30.2    18.3    24.2    23.8     7.7    26.69 C    41.1    16.6    25.8    96.6    38.3    71.6   0.206 -99.000 -99.000 -99.000 -99.000    24.8    24.0    23.8    22.6    20.3
94996 20240627  2.622  -96.85   40.70    26.7    17.8    22.2    23.1     1.0     8.87 C    28.8    16.1    22.3    92.0    54.6    74.7   0.184 -99.000 -99.000 -99.000 -99.000    22.4    22.5    22.5    22.0    20.4
94996 20240628  2.622  -96.85   40.70    31.6    20.9    26.2    26.0     2.3    21.46 C    38.9    18.7    26.1    92.0    55.2    74.6   0.169 -99.000 -99.000 -99.000 -99.000    24.0    22.7    22.2    21.4    20.0
94996 20240629  2.622  -96.85   40.70    26.6    15.3    20.9    22.6     0.0    28.44 C    40.8    12.4    25.2    93.8    40.7    62.0   0.159 -99.000 -99.000 -99.000 -99.000    23.6    22.9    22.7    21.8    20.1
94996 20240630  2.622  -96.85   40.70    26.2    10.5    18.4    19.0     0.0    23.70 C    39.7     9.2    20.9    95.7    39.1    65.5   0.154 -99.000 -99.000 -99.000 -99.000    21.5    21.5    21.8    21.4    20.1
94996 20240701  2.622  -96.85   40.70    26.3    16.1    21.2    20.9    34.2    12.23 C    30.1    15.6    21.1    94.6    67.8    83.5   0.272 -99.000 -99.000 -99.000 -99.000    20.8    20.8    20.9    20.7    19.8
94996 20240702  2.622  -96.85   40.70 -9999.0 -9999.0 -9999.0 -9999.0 -9999.0 -9999.00 U -9999.0 -9999.0 -9999.0 -9999.0 -9999.0 -9999.0 -99.000 -99.000 -99.000 -99.000 -99.000 -9999.0 -9999.0 -9999.0 -9999.0 -9999.0
