53149 20240101  2.424 -111.29   38.30     3.6    -5.9    -1.1    -1.9     0.0     8.92 C     6.1    -8.5    -4.3    57.8    32.5    47.4 -99.000 -99.000 -99.000 -99.000 -99.000 -9999.0 -9999.0 -9999.0 -9999.0 -9999.0
53149 20240102  2.424 -111.29   38.30     4.6    -7.3    -1.4    -2.0     0.0     9.50 C     6.3   -10.0    -5.0    64.6    32.2    50.7 -99.000 -99.000 -99.000 -99.000 -99.000 -9999.0 -9999.0 -9999.0 -9999.0 -9999.0
53149 20240103  2.424 -111.29   38.30     0.6    -7.5    -3.4    -3.2     1.7     4.11 C     7.4   -10.2    -3.8    95.3    49.7    64.2 -99.000 -99.000 -99.000 -99.000 -99.000 -9999.0 -9999.0 -9999.0 -9999.0 -9999.0
53149 20240104  2.424 -111.29   38.30     4.4    -3.4     0.5    -0.7     1.3     6.78 C     0.5    -7.1    -3.8    93.0    37.5    66.3 -99.000 -99.000 -99.000 -99.000 -99.000 -9999.0 -9999.0 -9999.0 -9999.0 -9999.0
53149 20240105  2.424 -111.29   38.30     2.8    -3.3    -0.3    -0.9     0.0     6.51 C     2.5    -8.3    -4.1    60.2    39.8    52.5 -99.000 -99.000 -99.000 -99.000 -99.000 -9999.0 -9999.0 -9999.0 -9999.0 -9999.0
53149 20240106  2.424 -111.29   38.30     1.4    -5.8    -2.2    -2.5     0.0     6.85 C     2.5    -9.4    -4.7    57.6    26.8    44.5 -99.000 -99.000 -99.000 -99.000 -99.000 -9999.0 -9999.0 -9999.0 -9999.0 -9999.0
53149 20240107  2.424 -111.29   38.30    -1.1    -4.8    -2.9    -3.2     0.3     4.77 C     2.8    -6.0    -3.0    83.6    34.9    54.5 -99.000 -99.000 -99.000 -99.000 -99.000 -9999.0 -9999.0 -9999.0 -9999.0 -9999.0
53149 20240108  2.424 -111.29   38.30    -0.5    -7.1    -3.8    -4.9     0.0     9.94 C     2.2   -10.6    -6.8    48.9    27.1    38.4 -99.000 -99.000 -99.000 -99.000 -99.000 -9999.0 -9999.0 -9999.0 -9999.0 -9999.0
53149 20240109  2.424 -111.29   38.30     2.5    -7.5    -2.5    -4.4     0.0     7.45 C     2.7   -11.0    -6.5    47.0    22.5    34.2 -99.000 -99.000 -99.000 -99.000 -99.000 -9999.0 -9999.0 -9999.0 -9999.0 -9999.0
53149 20240110  2.424 -111.29   38.30     4.5    -6.2    -0.9     0.1     0.4     8.86 C     5.9    -9.6    -3.3    83.3    14.9    39.7 -99.000 -99.000 -99.000 -99.000 -99.000 -9999.0 -9999.0 -9999.0 -9999.0 -9999.0
53149 20240111  2.424 -111.29   38.30    -2.5    -8.1    -5.3    -5.7     0.0     9.60 C     1.1   -12.2    -7.2    77.5    29.7    47.9 -99.000 -99.000 -99.000 -99.000 -99.000 -9999.0 -9999.0 -9999.0 -9999.0 -9999.0
53149 20240112  2.424 -111.29   38.30     3.0    -8.1    -2.5    -1.7     0.0     8.46 C     3.2   -12.0    -5.0    43.8    27.4    35.0 -99.000 -99.000 -99.000 -99.000 -99.000 -9999.0 -9999.0 -9999.0 -9999.0 -9999.0
53149 20240113  2.424 -111.29   38.30     6.5    -0.4     3.0     2.6     0.0     7.82 C     8.5    -6.4    -0.3    71.9    29.4    43.2 -99.000 -99.000 -99.000 -99.000 -99.000 -9999.0 -9999.0 -9999.0 -9999.0 -9999.0
53149 20240114  2.424 -111.29   38.30     6.6     2.3     4.4     4.1     0.0     9.89 C    11.2    -2.8     1.3    76.7    43.1    50.7 -99.000 -99.000 -99.000 -99.000 -99.000 -9999.0 -9999.0 -9999.0 -9999.0 -9999.0
53149 20240115  2.424 -111.29   38.30     6.5    -0.2     3.1     3.0     0.0     9.92 C     8.5    -5.2    -0.6    49.4    28.0    41.3 -99.000 -99.000 -99.000 -99.000 -99.000 -9999.0 -9999.0 -9999.0 -9999.0 -9999.0
53149 20240116  2.424 -111.29   38.30     2.6    -4.4    -0.9    -0.8     0.0    10.59 C     7.1    -7.7    -3.3    53.1    32.6    43.4 -99.000 -99.000 -99.000 -99.000 -99.000 -9999.0 -9999.0 -9999.0 -9999.0 -9999.0
53149 20240117  2.424 -111.29   38.30     5.4    -4.6     0.4    -0.5     0.7    10.12 C    11.6    -6.9    -1.9    91.9    39.0    53.5 -99.000 -99.000 -99.000 -99.000 -99.000 -9999.0 -9999.0 -9999.0 -9999.0 -9999.0
53149 20240118  2.424 -111.29   38.30     9.4    -2.9     3.3     2.8     0.0     7.74 C    10.9    -6.5    -0.6    77.0    24.5    52.0 -99.000 -99.000 -99.000 -99.000 -99.000 -9999.0 -9999.0 -9999.0 -9999.0 -9999.0
53149 20240119  2.424 -111.29   38.30     4.6    -3.2     0.7     0.6     0.0     5.29 C     8.9    -6.0    -1.0    66.5    47.3    55.4 -99.000 -99.000 -99.000 -99.000 -99.000 -9999.0 -9999.0 -9999.0 -9999.0 -9999.0
53149 20240120  2.424 -111.29   38.30     3.8    -4.1    -0.2     0.1     0.0     4.25 C     8.8    -6.2    -0.4    77.7    55.4    66.4 -99.000 -99.000 -99.000 -99.000 -99.000 -9999.0 -9999.0 -9999.0 -9999.0 -9999.0
53149 20240121  2.424 -111.29   38.30     2.9     0.1     1.5     1.0     2.6     2.52 C     7.4    -1.3     1.6    97.0    66.9    81.6 -99.000 -99.000 -99.000 -99.000 -99.000 -9999.0 -9999.0 -9999.0 -9999.0 -9999.0
53149 20240122  2.424 -111.29   38.30     3.0    -2.7     0.2     0.6     0.7     3.41 C     6.7    -3.7     1.1    96.2    82.8    90.1 -99.000 -99.000 -99.000 -99.000 -99.000 -9999.0 -9999.0 -9999.0 -9999.0 -9999.0
53149 20240123  2.424 -111.29   38.30     3.9    -0.1     1.9     1.6     5.8     2.53 C     6.2    -1.6     1.6    97.7    82.8    94.3 -99.000 -99.000 -99.000 -99.000 -99.000 -9999.0 -9999.0 -9999.0 -9999.0 -9999.0
53149 20240124  2.424 -111.29   38.30     8.6     0.2     4.4     3.6     0.0    10.92 C     9.8    -2.0     1.4    94.2    35.0    67.5 -99.000 -99.000 -99.000 -99.000 -99.000 -9999.0 -9999.0 -9999.0 -9999.0 -9999.0
53149 20240125  2.424 -111.29   38.30     4.3     0.0     2.1     1.8     0.9     4.37 C     9.1    -2.6     1.3    95.0    54.4    79.1 -99.000 -99.000 -99.000 -99.000 -99.000 -9999.0 -9999.0 -9999.0 -9999.0 -9999.0
53149 20240126  2.424 -111.29   38.30     6.7    -1.3     2.7     1.8     0.0    11.61 C     8.6    -4.8    -1.1    82.9    36.1    55.7 -99.000 -99.000 -99.000 -99.000 -99.000 -9999.0 -9999.0 -9999.0 -9999.0 -9999.0
53149 20240127  2.424 -111.29   38.30     7.1    -4.7     1.2     0.9     0.0    11.49 C    10.1    -6.5    -1.3    72.5    28.1    48.3 -99.000 -99.000 -99.000 -99.000 -99.000 -9999.0 -9999.0 -9999.0 -9999.0 -9999.0
53149 20240128  2.424 -111.29   38.30     9.0    -1.9     3.5     2.8     0.0    11.20 C    12.4    -4.6     0.3    80.1    38.6    62.1 -99.000 -99.000 -99.000 -99.000 -99.000 -9999.0 -9999.0 -9999.0 -9999.0 -9999.0
53149 20240129  2.424 -111.29   38.30    11.8    -0.7     5.5     4.7     0.0    11.85 C    15.2    -3.8     1.9    75.2    37.0    59.0 -99.000 -99.000 -99.000 -99.000 -99.000 -9999.0 -9999.0 -9999.0 -9999.0 -9999.0
53149 20240130  2.424 -111.29   38.30    10.5    -0.9     4.8     4.1     0.0    12.05 C    15.2    -4.1     1.9    73.3    39.8    58.7 -99.000 -99.000 -99.000 -99.000 -99.000 -9999.0 -9999.0 -9999.0 -9999.0 -9999.0
53149 20240131  2.424 -111.29   38.30     9.3    -2.2     3.6     3.1     0.0    11.36 C    15.2    -4.9     1.5    76.3    43.1    61.2 -99.000 -99.000 -99.000 -99.000 -99.000 -9999.0 -9999.0 -9999.0 -9999.0 -9999.0
53149 20240201  2.424 -111.29   38.30     4.5     0.2     2.4     2.6    12.0     3.00 C     8.4    -3.2     2.5    96.5    67.2    82.1 -99.000 -99.000 -99.000 -99.000 -99.000 -9999.0 -9999.0 -9999.0 -9999.0 -9999.0
53149 20240202  2.424 -111.29   38.30     6.0     1.4     3.7     3.2     1.0     8.65 C     8.6    -2.7     2.3    96.4    48.0    71.8 -99.000 -99.000 -99.000 -99.000 -99.000 -9999.0 -9999.0 -9999.0 -9999.0 -9999.0
53149 20240203  2.424 -111.29   38.30     5.5    -1.9     1.8     1.5     0.0    12.91 C    12.6    -5.4    -0.6    66.2    28.5    47.4 -99.000 -99.000 -99.000 -99.000 -99.000 -9999.0 -9999.0 -9999.0 -9999.0 -9999.0
53149 20240204  2.424 -111.29   38.30     2.8    -4.9    -1.1    -0.9     0.0     9.14 C     9.5    -7.4    -1.8    71.8    37.6    47.2 -99.000 -99.000 -99.000 -99.000 -99.000 -9999.0 -9999.0 -9999.0 -9999.0 -9999.0
53149 20240205  2.424 -111.29   38.30     4.6    -3.6     0.5     0.3     0.0     6.88 C    11.3    -5.5    -0.5    79.7    50.9    66.9 -99.000 -99.000 -99.000 -99.000 -99.000 -9999.0 -9999.0 -9999.0 -9999.0 -9999.0
53149 20240206  2.424 -111.29   38.30     3.6    -1.7     0.9     1.3     6.8     3.19 C     7.3    -4.2     0.3    92.8    65.2    82.4 -99.000 -99.000 -99.000 -99.000 -99.000 -9999.0 -9999.0 -9999.0 -9999.0 -9999.0
53149 20240207  2.424 -111.29   38.30     5.2     0.1     2.7     2.0     1.2     7.91 C     9.1    -3.4     1.3    94.5    41.8    68.2 -99.000 -99.000 -99.000 -99.000 -99.000 -9999.0 -9999.0 -9999.0 -9999.0 -9999.0
53149 20240208  2.424 -111.29   38.30     1.8    -2.1    -0.1    -0.5     6.3     6.86 C     6.9    -4.4    -0.7    95.8    51.4    73.9 -99.000 -99.000 -99.000 -99.000 -99.000 -9999.0 -9999.0 -9999.0 -9999.0 -9999.0
53149 20240209  2.424 -111.29   38.30     1.4    -4.1    -1.4    -1.5     0.4     8.84 C     2.3   -10.6    -2.9    94.2    50.8    77.1 -99.000 -99.000 -99.000 -99.000 -99.000 -9999.0 -9999.0 -9999.0 -9999.0 -9999.0
53149 20240210  2.424 -111.29   38.30     0.9    -5.4    -2.3    -2.8     0.3    12.00 C     5.9    -7.1    -2.7    90.2    29.9    55.9 -99.000 -99.000 -99.000 -99.000 -99.000 -9999.0 -9999.0 -9999.0 -9999.0 -9999.0
53149 20240211  2.424 -111.29   38.30     0.9    -7.9    -3.5    -3.5     0.0    14.01 C     7.0    -9.8    -3.6    62.9    30.4    50.0 -99.000 -99.000 -99.000 -99.000 -99.000 -9999.0 -9999.0 -9999.0 -9999.0 -9999.0
53149 20240212  2.424 -111.29   38.30     3.2    -6.1    -1.4    -1.6     0.0    14.02 C     8.6    -7.7    -2.0    77.5    46.2    60.6 -99.000 -99.000 -99.000 -99.000 -99.000 -9999.0 -9999.0 -9999.0 -9999.0 -9999.0
53149 20240213  2.424 -111.29   38.30     4.6    -4.7     0.0    -0.3     0.0    14.41 C    10.3    -6.9    -0.7    78.2    46.0    62.1 -99.000 -99.000 -99.000 -99.000 -99.000 -9999.0 -9999.0 -9999.0 -9999.0 -9999.0
53149 20240214  2.424 -111.29   38.30     8.8    -1.7     3.6     3.4     0.0    12.72 C    14.2    -5.2     0.9    80.7    26.9    46.5 -99.000 -99.000 -99.000 -99.000 -99.000 -9999.0 -9999.0 -9999.0 -9999.0 -9999.0
53149 20240215  2.424 -111.29   38.30     8.6    -0.8     3.9     3.7     0.0    12.89 C    17.0    -4.2     1.5    69.6    37.1    50.7 -99.000 -99.000 -99.000 -99.000 -99.000 -9999.0 -9999.0 -9999.0 -9999.0 -9999.0
53149 20240216  2.424 -111.29   38.30     9.3    -1.0     4.1     3.8     0.0    14.29 C    18.3    -4.3     2.7    71.7    28.6    47.1 -99.000 -99.000 -99.000 -99.000 -99.000 -9999.0 -9999.0 -9999.0 -9999.0 -9999.0
53149 20240217  2.424 -111.29   38.30     3.5    -1.0     1.3     1.3     0.0    11.88 C    15.6    -4.3     2.3    72.9    33.5    51.3 -99.000 -99.000 -99.000 -99.000 -99.000 -9999.0 -9999.0 -9999.0 -9999.0 -9999.0
53149 20240218  2.424 -111.29   38.30     7.4    -0.7     3.3     2.4     0.0    14.16 C    17.7    -4.4     3.1    61.1    30.9    44.5 -99.000 -99.000 -99.000 -99.000 -99.000 -9999.0 -9999.0 -9999.0 -9999.0 -9999.0
53149 20240219  2.424 -111.29   38.30     8.9    -2.4     3.2     2.9     0.0    13.71 C    19.1    -5.6     2.8    66.3    39.7    52.7 -99.000 -99.000 -99.000 -99.000 -99.000 -9999.0 -9999.0 -9999.0 -9999.0 -9999.0
53149 20240220  2.424 -111.29   38.30    10.9     3.1     7.0     6.6     0.0     6.41 C    20.4    -0.8     5.0    70.1    39.0    54.3 -99.000 -99.000 -99.000 -99.000 -99.000 -9999.0 -9999.0 -9999.0 -9999.0 -9999.0
53149 20240221  2.424 -111.29   38.30    10.4     1.6     6.0     5.3     0.0     9.26 C    20.9    -2.9     4.0    82.5    32.2    54.2 -99.000 -99.000 -99.000 -99.000 -99.000 -9999.0 -9999.0 -9999.0 -9999.0 -9999.0
53149 20240222  2.424 -111.29   38.30     9.3    -1.5     3.9     3.5     0.0    16.61 C    23.1    -4.9     4.1    67.2    24.2    45.4 -99.000 -99.000 -99.000 -99.000 -99.000 -9999.0 -9999.0 -9999.0 -9999.0 -9999.0
53149 20240223  2.424 -111.29   38.30     8.7    -3.4     2.6     2.6     0.0    15.88 C    21.1    -6.1     3.2    56.5    18.1    36.6 -99.000 -99.000 -99.000 -99.000 -99.000 -9999.0 -9999.0 -9999.0 -9999.0 -9999.0
53149 20240224  2.424 -111.29   38.30     9.8    -3.4     3.2     3.1     0.0    14.02 C    21.0    -6.3     3.4    49.7    19.9    33.0 -99.000 -99.000 -99.000 -99.000 -99.000 -9999.0 -9999.0 -9999.0 -9999.0 -9999.0
53149 20240225  2.424 -111.29   38.30    15.3    -0.1     7.6     7.5     0.0    16.13 C    25.1    -5.1     6.0    50.9    11.0    30.8 -99.000 -99.000 -99.000 -99.000 -99.000 -9999.0 -9999.0 -9999.0 -9999.0 -9999.0
53149 20240226  2.424 -111.29   38.30    14.2     5.8    10.0     9.4     0.0    16.10 C    24.2     0.3     7.9    40.4    14.2    28.6 -99.000 -99.000 -99.000 -99.000 -99.000 -9999.0 -9999.0 -9999.0 -9999.0 -9999.0
53149 20240227  2.424 -111.29   38.30     7.9    -3.6     2.1     2.2     0.3    16.81 C    14.1    -6.6     2.5    86.9    21.0    41.1 -99.000 -99.000 -99.000 -99.000 -99.000 -9999.0 -9999.0 -9999.0 -9999.0 -9999.0
53149 20240228  2.424 -111.29   38.30     4.1    -8.1    -2.0    -1.9     0.0    17.32 C    19.2    -9.3     0.5    54.9    20.2    33.6 -99.000 -99.000 -99.000 -99.000 -99.000 -9999.0 -9999.0 -9999.0 -9999.0 -9999.0
53149 20240229  2.424 -111.29   38.30     9.5    -6.0     1.7     2.1     0.0    17.24 C    23.5    -8.3     2.9    55.1    16.4    33.1 -99.000 -99.000 -99.000 -99.000 -99.000 -9999.0 -9999.0 -9999.0 -9999.0 -9999.0
53149 20240301  2.424 -111.29   38.30    14.1     1.8     8.0     8.4     0.0    17.53 C    27.8    -4.2     7.2    53.1    16.9    32.8 -99.000 -99.000 -99.000 -99.000 -99.000 -9999.0 -9999.0 -9999.0 -9999.0 -9999.0
53149 20240302  2.424 -111.29   38.30    11.6    -3.3     4.1     6.3     2.5    15.96 C    24.3    -2.3     6.7    92.5    22.8    40.6 -99.000 -99.000 -99.000 -99.000 -99.000 -9999.0 -9999.0 -9999.0 -9999.0 -9999.0
53149 20240303  2.424 -111.29   38.30     8.1    -5.3     1.4     1.8     0.0    17.69 C    19.0    -6.6     2.6    91.0    27.3    51.8 -99.000 -99.000 -99.000 -99.000 -99.000 -9999.0 -9999.0 -9999.0 -9999.0 -9999.0
53149 20240304  2.424 -111.29   38.30     9.1    -4.4     2.4     1.3     0.0    16.46 C    20.0    -2.9     3.8    90.5    16.7    57.6 -99.000 -99.000 -99.000 -99.000 -99.000 -9999.0 -9999.0 -9999.0 -9999.0 -9999.0
53149 20240305  2.424 -111.29   38.30    10.7    -1.4     4.6     4.0     0.0    14.69 C    25.6    -4.0     5.2    77.6    20.4    50.9 -99.000 -99.000 -99.000 -99.000 -99.000 -9999.0 -9999.0 -9999.0 -9999.0 -9999.0
53149 20240306  2.424 -111.29   38.30     9.7     0.6     5.1     4.7     0.0    11.15 C    24.3    -2.3     5.7    69.2    25.2    45.1 -99.000 -99.000 -99.000 -99.000 -99.000 -9999.0 -9999.0 -9999.0 -9999.0 -9999.0
53149 20240307  2.424 -111.29   38.30     8.2    -0.1     4.0     3.4     0.4    12.02 C    25.4    -2.5     5.6    76.2    33.7    57.1 -99.000 -99.000 -99.000 -99.000 -99.000 -9999.0 -9999.0 -9999.0 -9999.0 -9999.0
53149 20240308  2.424 -111.29   38.30     8.4    -2.0     3.2     2.3     0.0    19.11 C    24.6    -4.9     4.2    62.6     8.8    39.2 -99.000 -99.000 -99.000 -99.000 -99.000 -9999.0 -9999.0 -9999.0 -9999.0 -9999.0
53149 20240309  2.424 -111.29   38.30     7.8    -6.2     0.8     1.0     0.0    19.34 C    23.3    -8.0     3.6    61.7    18.8    37.7 -99.000 -99.000 -99.000 -99.000 -99.000 -9999.0 -9999.0 -9999.0 -9999.0 -9999.0
53149 20240310  2.424 -111.29   38.30    10.6    -3.4     3.6     4.0     0.0    17.24 C    25.6    -6.4     5.8    48.0    19.7    32.5 -99.000 -99.000 -99.000 -99.000 -99.000 -9999.0 -9999.0 -9999.0 -9999.0 -9999.0
53149 20240311  2.424 -111.29   38.30    13.9     1.8     7.8     7.2     0.0    12.49 C    23.6    -1.3     6.9    47.2    16.6    31.5 -99.000 -99.000 -99.000 -99.000 -99.000 -9999.0 -9999.0 -9999.0 -9999.0 -9999.0
53149 20240312  2.424 -111.29   38.30     9.9     2.3     6.1     5.8     0.0     7.57 C    15.1    -1.9     4.9    82.0    23.9    42.5 -99.000 -99.000 -99.000 -99.000 -99.000 -9999.0 -9999.0 -9999.0 -9999.0 -9999.0
53149 20240313  2.424 -111.29   38.30     7.3    -1.7     2.8     2.2     0.8    13.13 C    23.0    -4.6     3.5    88.4    32.2    52.5 -99.000 -99.000 -99.000 -99.000 -99.000 -9999.0 -9999.0 -9999.0 -9999.0 -9999.0
53149 20240314  2.424 -111.29   38.30     5.0    -3.2     0.9     0.8     0.5    10.45 C    20.9    -5.3     3.8    90.1    35.1    55.9 -99.000 -99.000 -99.000 -99.000 -99.000 -9999.0 -9999.0 -9999.0 -9999.0 -9999.0
53149 20240315  2.424 -111.29   38.30     1.4    -1.1     0.1     0.1    45.3     2.05 C     1.3    -1.3    -0.1    97.4    69.5    90.0 -99.000 -99.000 -99.000 -99.000 -99.000 -9999.0 -9999.0 -9999.0 -9999.0 -9999.0
53149 20240316  2.424 -111.29   38.30     3.4    -0.5     1.4     1.1    12.1    11.75 C     0.7    -1.1    -0.3    97.6    70.8    89.6 -99.000 -99.000 -99.000 -99.000 -99.000 -9999.0 -9999.0 -9999.0 -9999.0 -9999.0
53149 20240317  2.424 -111.29   38.30     6.3     0.0     3.1     2.8     6.0    13.33 C     0.5    -1.2    -0.2    96.6    59.6    78.0 -99.000 -99.000 -99.000 -99.000 -99.000 -9999.0 -9999.0 -9999.0 -9999.0 -9999.0
53149 20240318  2.424 -111.29   38.30     9.3     0.7     5.0     5.0     0.0    20.22 C     9.0    -3.3     0.8    76.1    41.4    55.1 -99.000 -99.000 -99.000 -99.000 -99.000 -9999.0 -9999.0 -9999.0 -9999.0 -9999.0
53149 20240319  2.424 -111.29   38.30    12.6    -1.1     5.8     5.2     0.0    20.89 C    21.5    -3.4     5.4    71.4    24.7    50.4 -99.000 -99.000 -99.000 -99.000 -99.000 -9999.0 -9999.0 -9999.0 -9999.0 -9999.0
53149 20240320  2.424 -111.29   38.30    15.5     1.4     8.5     7.7     0.0    21.32 C    24.4    -2.4     7.3    63.2    15.6    42.1 -99.000 -99.000 -99.000 -99.000 -99.000 -9999.0 -9999.0 -9999.0 -9999.0 -9999.0
53149 20240321  2.424 -111.29   38.30    17.1     2.7     9.9     8.8     0.0    19.85 C    28.8    -1.9     8.4    58.3    19.6    41.9 -99.000 -99.000 -99.000 -99.000 -99.000 -9999.0 -9999.0 -9999.0 -9999.0 -9999.0
53149 20240322  2.424 -111.29   38.30    14.9     2.1     8.5     9.2     0.0    17.17 C    28.9    -1.3     9.2    73.2    20.9    43.4 -99.000 -99.000 -99.000 -99.000 -99.000 -9999.0 -9999.0 -9999.0 -9999.0 -9999.0
53149 20240323  2.424 -111.29   38.30    14.3     3.1     8.7     8.8     0.0    15.70 C    28.5     0.2     9.1    68.4    21.7    38.7 -99.000 -99.000 -99.000 -99.000 -99.000 -9999.0 -9999.0 -9999.0 -9999.0 -9999.0
53149 20240324  2.424 -111.29   38.30     7.8     0.7     4.3     3.4     0.0    18.46 C    22.6    -2.4     5.8    69.2    26.0    46.8 -99.000 -99.000 -99.000 -99.000 -99.000 -9999.0 -9999.0 -9999.0 -9999.0 -9999.0
53149 20240325  2.424 -111.29   38.30     8.5    -0.1     4.2     3.0     0.3    14.20 C    20.5    -3.6     3.7    60.1    22.6    44.4 -99.000 -99.000 -99.000 -99.000 -99.000 -9999.0 -9999.0 -9999.0 -9999.0 -9999.0
53149 20240326  2.424 -111.29   38.30     6.5    -0.7     2.9     2.2     0.0    14.84 C    19.9    -3.4     3.6    68.1    21.9    47.6 -99.000 -99.000 -99.000 -99.000 -99.000 -9999.0 -9999.0 -9999.0 -9999.0 -9999.0
53149 20240327  2.424 -111.29   38.30    11.3    -1.8     4.8     4.5     0.0    20.08 C    28.8    -5.1     7.1    60.1    14.5    36.6 -99.000 -99.000 -99.000 -99.000 -99.000 -9999.0 -9999.0 -9999.0 -9999.0 -9999.0
53149 20240328  2.424 -111.29   38.30    16.1     1.6     8.9     8.2     0.0    14.21 C    26.7    -1.9     8.6    54.3    14.3    34.4 -99.000 -99.000 -99.000 -99.000 -99.000 -9999.0 -9999.0 -9999.0 -9999.0 -9999.0
53149 20240329  2.424 -111.29   38.30     9.4     3.6     6.5     6.7     0.0     9.99 C    22.2     2.0     8.5    77.9    36.8    58.6 -99.000 -99.000 -99.000 -99.000 -99.000 -9999.0 -9999.0 -9999.0 -9999.0 -9999.0
53149 20240330  2.424 -111.29   38.30    13.6     4.6     9.1     9.0     0.0    14.95 C    29.1     2.4    10.0    73.8    17.3    36.0 -99.000 -99.000 -99.000 -99.000 -99.000 -9999.0 -9999.0 -9999.0 -9999.0 -9999.0
53149 20240331  2.424 -111.29   38.30    10.1     2.3     6.2     5.3     0.0    14.49 C    22.0    -0.2     7.1    69.9    17.9    45.0 -99.000 -99.000 -99.000 -99.000 -99.000 -9999.0 -9999.0 -9999.0 -9999.0 -9999.0
53149 20240401  2.424 -111.29   38.30     9.5     1.1     5.3     4.4     0.6    13.94 C    27.9    -1.6     6.0    87.2    22.8    48.3 -99.000 -99.000 -99.000 -99.000 -99.000 -9999.0 -9999.0 -9999.0 -9999.0 -9999.0
53149 20240402  2.424 -111.29   38.30    15.5     0.0     7.8     7.6     0.0    23.50 C    32.5    -2.5    11.8    61.0    16.7    37.6 -99.000 -99.000 -99.000 -99.000 -99.000 -9999.0 -9999.0 -9999.0 -9999.0 -9999.0
53149 20240403  2.424 -111.29   38.30    17.8     4.2    11.0    11.3     0.0    23.71 C    34.0     0.4    13.5    47.4    14.5    28.4 -99.000 -99.000 -99.000 -99.000 -99.000 -9999.0 -9999.0 -9999.0 -9999.0 -9999.0
53149 20240404  2.424 -111.29   38.30    17.8     3.5    10.6    11.8     0.0    16.43 C    28.8     0.1    11.5    49.5     8.9    23.5 -99.000 -99.000 -99.000 -99.000 -99.000 -9999.0 -9999.0 -9999.0 -9999.0 -9999.0
53149 20240405  2.424 -111.29   38.30    12.5    -0.3     6.1     7.9     0.0    20.58 C    28.0    -2.1     9.8    39.4    12.6    22.9 -99.000 -99.000 -99.000 -99.000 -99.000 -9999.0 -9999.0 -9999.0 -9999.0 -9999.0
53149 20240406  2.424 -111.29   38.30     5.7    -2.4     1.6     1.6     0.0    21.50 C    21.5    -4.1     4.6    65.8    23.0    39.0 -99.000 -99.000 -99.000 -99.000 -99.000 -9999.0 -9999.0 -9999.0 -9999.0 -9999.0
53149 20240407  2.424 -111.29   38.30     8.7    -2.1     3.3     3.3     0.0    19.03 C    28.1    -4.8     7.6    49.2    21.5    36.6 -99.000 -99.000 -99.000 -99.000 -99.000 -9999.0 -9999.0 -9999.0 -9999.0 -9999.0
53149 20240408  2.424 -111.29   38.30     9.6    -2.3     3.6     4.0     0.0    22.12 C    29.8    -3.8     8.5    49.9    10.6    28.3 -99.000 -99.000 -99.000 -99.000 -99.000 -9999.0 -9999.0 -9999.0 -9999.0 -9999.0
53149 20240409  2.424 -111.29   38.30    14.7    -0.9     6.9     6.9     0.0    24.74 C    35.2    -3.8    11.3    45.4     8.1    27.0 -99.000 -99.000 -99.000 -99.000 -99.000 -9999.0 -9999.0 -9999.0 -9999.0 -9999.0
53149 20240410  2.424 -111.29   38.30    16.8     2.8     9.8    10.3     0.0    24.60 C    38.0    -0.4    14.0    52.3     8.1    29.1 -99.000 -99.000 -99.000 -99.000 -99.000 -9999.0 -9999.0 -9999.0 -9999.0 -9999.0
53149 20240411  2.424 -111.29   38.30    19.2     2.9    11.0    11.8     0.0    24.53 C    35.0     0.5    14.8    41.2    13.4    24.7 -99.000 -99.000 -99.000 -99.000 -99.000 -9999.0 -9999.0 -9999.0 -9999.0 -9999.0
53149 20240412  2.424 -111.29   38.30    20.9     4.7    12.8    13.4     0.0    19.84 C    39.5     1.8    15.5    42.0     8.1    23.6 -99.000 -99.000 -99.000 -99.000 -99.000 -9999.0 -9999.0 -9999.0 -9999.0 -9999.0
53149 20240413  2.424 -111.29   38.30    19.4     5.2    12.3    13.3     0.0    25.19 C    35.8     2.4    16.0    42.1     8.0    20.8 -99.000 -99.000 -99.000 -99.000 -99.000 -9999.0 -9999.0 -9999.0 -9999.0 -9999.0
53149 20240414  2.424 -111.29   38.30    17.9     5.7    11.8    11.9     0.0    24.61 C    35.3     1.3    14.7    40.1     8.6    21.0 -99.000 -99.000 -99.000 -99.000 -99.000 -9999.0 -9999.0 -9999.0 -9999.0 -9999.0
53149 20240415  2.424 -111.29   38.30    12.2     3.6     7.9     7.3     0.0    21.25 C    30.9     1.9    10.7    51.6    26.4    42.6 -99.000 -99.000 -99.000 -99.000 -99.000 -9999.0 -9999.0 -9999.0 -9999.0 -9999.0
53149 20240416  2.424 -111.29   38.30    18.9     6.6    12.8    12.2     0.0    25.58 C    38.3     3.0    16.5    53.5    15.1    32.9 -99.000 -99.000 -99.000 -99.000 -99.000 -9999.0 -9999.0 -9999.0 -9999.0 -9999.0
53149 20240417  2.424 -111.29   38.30    21.4    10.1    15.8    15.5     0.0    24.63 C    39.0     5.8    18.4    35.1    12.8    23.0 -99.000 -99.000 -99.000 -99.000 -99.000 -9999.0 -9999.0 -9999.0 -9999.0 -9999.0
53149 20240418  2.424 -111.29   38.30    20.6     6.6    13.6    13.8     0.0    18.16 C    40.0     4.1    16.9    53.5    16.1    32.1 -99.000 -99.000 -99.000 -99.000 -99.000 -9999.0 -9999.0 -9999.0 -9999.0 -9999.0
53149 20240419  2.424 -111.29   38.30    19.6    11.1    15.4    14.9     0.0    14.51 C    36.1     8.6    17.4    43.8    15.2    26.8 -99.000 -99.000 -99.000 -99.000 -99.000 -9999.0 -9999.0 -9999.0 -9999.0 -9999.0
53149 20240420  2.424 -111.29   38.30    22.1     6.4    14.3    14.1     0.0    20.78 C    42.9     4.5    17.7    53.2     9.9    29.7 -99.000 -99.000 -99.000 -99.000 -99.000 -9999.0 -9999.0 -9999.0 -9999.0 -9999.0
53149 20240421  2.424 -111.29   38.30    21.8     6.1    13.9    14.4     0.0    25.19 C    39.5     3.6    18.5    42.5    14.9    26.3 -99.000 -99.000 -99.000 -99.000 -99.000 -9999.0 -9999.0 -9999.0 -9999.0 -9999.0
53149 20240422  2.424 -111.29   38.30    24.6    10.2    17.4    17.6     0.0    21.23 C    44.5     6.0    19.3    31.0     9.1    19.1 -99.000 -99.000 -99.000 -99.000 -99.000 -9999.0 -9999.0 -9999.0 -9999.0 -9999.0
53149 20240423  2.424 -111.29   38.30    24.7     8.7    16.7    17.9     0.0    23.13 C    44.2     5.7    20.3    33.6     8.2    16.9 -99.000 -99.000 -99.000 -99.000 -99.000 -9999.0 -9999.0 -9999.0 -9999.0 -9999.0
53149 20240424  2.424 -111.29   38.30    23.2    10.9    17.1    16.8     0.0    25.70 C    43.7     6.8    21.4    32.7     9.1    19.5 -99.000 -99.000 -99.000 -99.000 -99.000 -9999.0 -9999.0 -9999.0 -9999.0 -9999.0
53149 20240425  2.424 -111.29   38.30    17.9     9.0    13.4    13.0     0.0    14.97 C    35.6     5.2    15.1    56.0    13.0    28.4 -99.000 -99.000 -99.000 -99.000 -99.000 -9999.0 -9999.0 -9999.0 -9999.0 -9999.0
53149 20240426  2.424 -111.29   38.30    10.9     5.5     8.2     8.5     2.8     7.96 C    16.5     4.5     9.8    85.6    41.1    57.5 -99.000 -99.000 -99.000 -99.000 -99.000 -9999.0 -9999.0 -9999.0 -9999.0 -9999.0
53149 20240427  2.424 -111.29   38.30    11.7     0.2     5.9     6.1    27.5    15.66 C    23.4     0.1     8.8    96.9    50.2    74.3 -99.000 -99.000 -99.000 -99.000 -99.000 -9999.0 -9999.0 -9999.0 -9999.0 -9999.0
53149 20240428  2.424 -111.29   38.30    15.9     4.9    10.4     9.9     0.0    21.70 C    29.5     1.7    11.5    67.2    24.0    48.2 -99.000 -99.000 -99.000 -99.000 -99.000 -9999.0 -9999.0 -9999.0 -9999.0 -9999.0
53149 20240429  2.424 -111.29   38.30    19.5     2.9    11.2    11.8     0.0    17.26 C    30.8     0.9    12.4    69.8    16.1    40.0 -99.000 -99.000 -99.000 -99.000 -99.000 -9999.0 -9999.0 -9999.0 -9999.0 -9999.0
53149 20240430  2.424 -111.29   38.30    19.9     7.9    13.9    14.1     0.0    25.34 C    35.5     3.4    16.3    47.1    10.4    28.3 -99.000 -99.000 -99.000 -99.000 -99.000 -9999.0 -9999.0 -9999.0 -9999.0 -9999.0
53149 20240501  2.424 -111.29   38.30    18.4     5.9    12.2    12.6     0.0    21.86 C    35.9     3.6    14.9    52.7     9.2    25.8 -99.000 -99.000 -99.000 -99.000 -99.000 -9999.0 -9999.0 -9999.0 -9999.0 -9999.0
53149 20240502  2.424 -111.29   38.30    17.5     2.7    10.1    10.3     0.0    26.33 C    35.2     0.5    15.2    41.6    12.2    23.0 -99.000 -99.000 -99.000 -99.000 -99.000 -9999.0 -9999.0 -9999.0 -9999.0 -9999.0
53149 20240503  2.424 -111.29   38.30    20.4     8.6    14.5    14.8     0.0    25.41 C    36.3     3.9    16.4    30.0    10.7    19.8 -99.000 -99.000 -99.000 -99.000 -99.000 -9999.0 -9999.0 -9999.0 -9999.0 -9999.0
53149 20240504  2.424 -111.29   38.30    20.8     3.6    12.2    13.4     0.0    26.21 C    37.7     2.5    18.3    52.7    13.0    24.5 -99.000 -99.000 -99.000 -99.000 -99.000 -9999.0 -9999.0 -9999.0 -9999.0 -9999.0
53149 20240505  2.424 -111.29   38.30    17.3     0.7     9.0    11.0     0.6    16.23 C    34.6     0.0    14.1    88.4    19.7    40.2 -99.000 -99.000 -99.000 -99.000 -99.000 -9999.0 -9999.0 -9999.0 -9999.0 -9999.0
53149 20240506  2.424 -111.29   38.30    14.6     0.2     7.4     7.5     0.0    27.94 C    33.4    -1.3    12.5    79.4    13.4    36.5 -99.000 -99.000 -99.000 -99.000 -99.000 -9999.0 -9999.0 -9999.0 -9999.0 -9999.0
53149 20240507  2.424 -111.29   38.30    14.7     2.9     8.8     9.5     0.0    26.80 C    33.5     1.6    13.9    41.1    16.7    28.3 -99.000 -99.000 -99.000 -99.000 -99.000 -9999.0 -9999.0 -9999.0 -9999.0 -9999.0
53149 20240508  2.424 -111.29   38.30    12.7    -0.1     6.3     6.3     0.0    27.02 C    34.9    -1.7    14.1    47.1    15.6    29.2 -99.000 -99.000 -99.000 -99.000 -99.000 -9999.0 -9999.0 -9999.0 -9999.0 -9999.0
53149 20240509  2.424 -111.29   38.30    12.6     1.6     7.1     7.6     1.0    18.38 C    34.2     0.5    12.6    64.1    25.5    42.0 -99.000 -99.000 -99.000 -99.000 -99.000 -9999.0 -9999.0 -9999.0 -9999.0 -9999.0
53149 20240510  2.424 -111.29   38.30    11.3     3.2     7.2     7.7     0.0    12.64 C    27.3     1.5    10.3    76.7    38.9    57.0 -99.000 -99.000 -99.000 -99.000 -99.000 -9999.0 -9999.0 -9999.0 -9999.0 -9999.0
53149 20240511  2.424 -111.29   38.30    17.5     3.3    10.4    10.9     0.0    23.55 C    38.9     2.0    16.2    71.7    16.8    42.2 -99.000 -99.000 -99.000 -99.000 -99.000 -9999.0 -9999.0 -9999.0 -9999.0 -9999.0
53149 20240512  2.424 -111.29   38.30    22.8     8.4    15.6    15.8     0.0    25.13 C    45.5     5.0    20.2    50.0    14.5    29.8 -99.000 -99.000 -99.000 -99.000 -99.000 -9999.0 -9999.0 -9999.0 -9999.0 -9999.0
53149 20240513  2.424 -111.29   38.30    25.1     9.4    17.2    17.8     0.0    26.65 C    45.0     6.5    22.7    43.9    12.5    25.2 -99.000 -99.000 -99.000 -99.000 -99.000 -9999.0 -9999.0 -9999.0 -9999.0 -9999.0
53149 20240514  2.424 -111.29   38.30    24.6    11.8    18.2    17.7     0.0    17.93 C    42.9     9.6    20.6    41.3    11.2    27.9 -99.000 -99.000 -99.000 -99.000 -99.000 -9999.0 -9999.0 -9999.0 -9999.0 -9999.0
53149 20240515  2.424 -111.29   38.30    18.0     8.5    13.3    14.1     0.7    15.84 C    38.7     6.8    16.6    52.5    20.9    35.0 -99.000 -99.000 -99.000 -99.000 -99.000 -9999.0 -9999.0 -9999.0 -9999.0 -9999.0
53149 20240516  2.424 -111.29   38.30    23.7     8.4    16.1    16.5     0.0    28.83 C    46.0     5.4    22.4    45.1    11.1    26.1 -99.000 -99.000 -99.000 -99.000 -99.000 -9999.0 -9999.0 -9999.0 -9999.0 -9999.0
53149 20240517  2.424 -111.29   38.30    27.3     9.2    18.3    19.2     0.0    26.46 C    46.0     6.8    22.8    34.1     7.8    19.0 -99.000 -99.000 -99.000 -99.000 -99.000 -9999.0 -9999.0 -9999.0 -9999.0 -9999.0
53149 20240518  2.424 -111.29   38.30    22.8    13.6    18.2    18.2     0.0    11.92 C    38.7    10.3    19.6    41.2    17.6    27.2 -99.000 -99.000 -99.000 -99.000 -99.000 -9999.0 -9999.0 -9999.0 -9999.0 -9999.0
53149 20240519  2.424 -111.29   38.30    26.2     9.2    17.7    18.7     0.0    22.55 C    44.7     6.8    21.4    52.8    10.4    23.0 -99.000 -99.000 -99.000 -99.000 -99.000 -9999.0 -9999.0 -9999.0 -9999.0 -9999.0
53149 20240520  2.424 -111.29   38.30    23.5     8.3    15.9    15.2     1.4    22.85 C    45.3     7.4    19.8    72.7     6.0    33.7 -99.000 -99.000 -99.000 -99.000 -99.000 -9999.0 -9999.0 -9999.0 -9999.0 -9999.0
53149 20240521  2.424 -111.29   38.30    16.5     4.1    10.3    10.7     0.0    27.32 C    39.7     4.4    17.4    69.0     7.4    33.8 -99.000 -99.000 -99.000 -99.000 -99.000 -9999.0 -9999.0 -9999.0 -9999.0 -9999.0
53149 20240522  2.424 -111.29   38.30    23.4     2.8    13.1    13.9     0.0    29.46 C    42.2     1.8    19.3    45.8     7.3    21.5 -99.000 -99.000 -99.000 -99.000 -99.000 -9999.0 -9999.0 -9999.0 -9999.0 -9999.0
53149 20240523  2.424 -111.29   38.30    20.5     9.7    15.1    15.8     0.0    28.88 C    38.6     7.6    19.8    21.1     8.4    15.7 -99.000 -99.000 -99.000 -99.000 -99.000 -9999.0 -9999.0 -9999.0 -9999.0 -9999.0
53149 20240524  2.424 -111.29   38.30    18.8     6.5    12.6    13.3     0.0    20.26 C    43.8     6.1    19.6    37.5    11.3    19.4 -99.000 -99.000 -99.000 -99.000 -99.000 -9999.0 -9999.0 -9999.0 -9999.0 -9999.0
53149 20240525  2.424 -111.29   38.30    20.0     7.9    13.9    13.0     0.9    16.96 C    37.3     5.9    16.2    72.9    18.6    42.9 -99.000 -99.000 -99.000 -99.000 -99.000 -9999.0 -9999.0 -9999.0 -9999.0 -9999.0
53149 20240526  2.424 -111.29   38.30    23.8     5.3    14.6    14.9     0.0    28.06 C    44.6     4.0    21.3    67.2    13.4    36.4 -99.000 -99.000 -99.000 -99.000 -99.000 -9999.0 -9999.0 -9999.0 -9999.0 -9999.0
53149 20240527  2.424 -111.29   38.30    24.2     8.0    16.1    16.9     0.0    21.43 C    45.8     6.5    21.4    48.6    15.0    29.3 -99.000 -99.000 -99.000 -99.000 -99.000 -9999.0 -9999.0 -9999.0 -9999.0 -9999.0
53149 20240528  2.424 -111.29   38.30    26.8    10.4    18.6    19.2     0.0    21.75 C    47.9     8.6    22.8    47.9    10.4    24.9 -99.000 -99.000 -99.000 -99.000 -99.000 -9999.0 -9999.0 -9999.0 -9999.0 -9999.0
53149 20240529  2.424 -111.29   38.30    29.1    10.4    19.8    20.5     0.0    27.58 C    49.9     7.9    25.3    31.0     3.9    15.8 -99.000 -99.000 -99.000 -99.000 -99.000 -9999.0 -9999.0 -9999.0 -9999.0 -9999.0
53149 20240530  2.424 -111.29   38.30    25.8    13.4    19.6    19.5     0.0    29.23 C    47.5    10.7    25.9    40.2    12.6    23.5 -99.000 -99.000 -99.000 -99.000 -99.000 -9999.0 -9999.0 -9999.0 -9999.0 -9999.0
53149 20240531  2.424 -111.29   38.30    25.0    11.3    18.1    18.3     0.0    18.15 C    44.6     9.7    22.4    33.6    14.0    22.9 -99.000 -99.000 -99.000 -99.000 -99.000 -9999.0 -9999.0 -9999.0 -9999.0 -9999.0
53149 20240601  2.424 -111.29   38.30    29.8    10.3    20.1    20.7     0.0    27.03 C    51.7     8.7    25.5    41.9     4.0    19.0 -99.000 -99.000 -99.000 -99.000 -99.000 -9999.0 -9999.0 -9999.0 -9999.0 -9999.0
53149 20240602  2.424 -111.29   38.30    29.6    17.1    23.3    22.5     0.0    24.28 C    54.7    12.2    26.1    21.1     7.1    14.3 -99.000 -99.000 -99.000 -99.000 -99.000 -9999.0 -9999.0 -9999.0 -9999.0 -9999.0
53149 20240603  2.424 -111.29   38.30    29.5    16.9    23.2    22.1     0.0    20.64 C    48.3    13.2    24.9    36.7    11.2    19.5 -99.000 -99.000 -99.000 -99.000 -99.000 -9999.0 -9999.0 -9999.0 -9999.0 -9999.0
53149 20240604  2.424 -111.29   38.30    27.7    14.3    21.0    21.1     0.0    27.77 C    49.1    12.7    26.8    42.6    16.6    28.1 -99.000 -99.000 -99.000 -99.000 -99.000 -9999.0 -9999.0 -9999.0 -9999.0 -9999.0
53149 20240605  2.424 -111.29   38.30    30.8    13.8    22.3    23.1     0.0    30.07 C    52.4    10.9    29.2    38.2    10.1    22.0 -99.000 -99.000 -99.000 -99.000 -99.000 -9999.0 -9999.0 -9999.0 -9999.0 -9999.0
53149 20240606  2.424 -111.29   38.30    32.6    16.5    24.6    25.2     0.0    26.56 C    53.9    13.9    30.7    32.9    10.0    19.1 -99.000 -99.000 -99.000 -99.000 -99.000 -9999.0 -9999.0 -9999.0 -9999.0 -9999.0
53149 20240607  2.424 -111.29   38.30    30.5    18.0    24.2    23.8     1.6    15.46 C    43.7    15.8    24.4    55.2    12.7    27.2 -99.000 -99.000 -99.000 -99.000 -99.000 -9999.0 -9999.0 -9999.0 -9999.0 -9999.0
53149 20240608  2.424 -111.29   38.30    30.9    14.7    22.8    23.3     0.0    22.88 C    52.4    12.8    27.4    53.2    13.7    29.3 -99.000 -99.000 -99.000 -99.000 -99.000 -9999.0 -9999.0 -9999.0 -9999.0 -9999.0
53149 20240609  2.424 -111.29   38.30    31.4    17.3    24.3    24.3     0.0    20.79 C    48.4    14.7    27.7    41.4    10.2    22.6 -99.000 -99.000 -99.000 -99.000 -99.000 -9999.0 -9999.0 -9999.0 -9999.0 -9999.0
53149 20240610  2.424 -111.29   38.30    29.7    18.6    24.1    24.6     0.0    17.03 C    48.4    15.6    27.5    27.7    11.5    18.2 -99.000 -99.000 -99.000 -99.000 -99.000 -9999.0 -9999.0 -9999.0 -9999.0 -9999.0
53149 20240611  2.424 -111.29   38.30    32.9    15.8    24.3    24.8     0.0    27.81 C    52.5    13.0    30.4    30.6     6.0    17.6 -99.000 -99.000 -99.000 -99.000 -99.000 -9999.0 -9999.0 -9999.0 -9999.0 -9999.0
53149 20240612  2.424 -111.29   38.30    35.3    17.0    26.2    27.4     0.0    30.43 C    53.2    14.3    31.4    25.3     3.4    10.6 -99.000 -99.000 -99.000 -99.000 -99.000 -9999.0 -9999.0 -9999.0 -9999.0 -9999.0
53149 20240613  2.424 -111.29   38.30    33.5    18.3    25.9    26.4     0.0    27.03 C    53.5    14.9    30.8    19.9     1.9    10.9 -99.000 -99.000 -99.000 -99.000 -99.000 -9999.0 -9999.0 -9999.0 -9999.0 -9999.0
53149 20240614  2.424 -111.29   38.30    29.7    16.8    23.2    24.0     0.0    24.94 C    53.9    15.0    29.6    30.7    11.8    20.6 -99.000 -99.000 -99.000 -99.000 -99.000 -9999.0 -9999.0 -9999.0 -9999.0 -9999.0
53149 20240615  2.424 -111.29   38.30    32.7    14.5    23.6    24.3     0.0    24.25 C    48.9    12.7    28.2    37.2     4.0    17.6 -99.000 -99.000 -99.000 -99.000 -99.000 -9999.0 -9999.0 -9999.0 -9999.0 -9999.0
53149 20240616  2.424 -111.29   38.30    32.4    18.3    25.4    25.9     0.0    29.93 C    51.4    14.0    30.3    14.5     4.2     8.5 -99.000 -99.000 -99.000 -99.000 -99.000 -9999.0 -9999.0 -9999.0 -9999.0 -9999.0
53149 20240617  2.424 -111.29   38.30    30.8    11.1    20.9    22.9     0.0    26.33 C    49.7    11.0    27.6    26.9     6.6    13.2 -99.000 -99.000 -99.000 -99.000 -99.000 -9999.0 -9999.0 -9999.0 -9999.0 -9999.0
53149 20240618  2.424 -111.29   38.30    21.2     7.3    14.2    14.6     0.0    29.55 C    45.5     6.9    23.6    28.2     7.0    15.5 -99.000 -99.000 -99.000 -99.000 -99.000 -9999.0 -9999.0 -9999.0 -9999.0 -9999.0
53149 20240619  2.424 -111.29   38.30    28.2     9.2    18.7    19.7     0.0    26.65 C    48.8     7.9    25.6    22.1     5.7    12.6 -99.000 -99.000 -99.000 -99.000 -99.000 -9999.0 -9999.0 -9999.0 -9999.0 -9999.0
53149 20240620  2.424 -111.29   38.30    32.4    13.2    22.8    23.6     0.0    29.22 C    50.9    11.5    29.6    48.6     6.7    18.6 -99.000 -99.000 -99.000 -99.000 -99.000 -9999.0 -9999.0 -9999.0 -9999.0 -9999.0
53149 20240621  2.424 -111.29   38.30    27.8    17.8    22.8    21.6     0.3    19.91 C    47.6    15.9    26.5    64.3    26.4    50.0 -99.000 -99.000 -99.000 -99.000 -99.000 -9999.0 -9999.0 -9999.0 -9999.0 -9999.0
53149 20240622  2.424 -111.29   38.30    28.9    14.2    21.5    22.5     0.0    26.61 C    49.0    13.3    29.0    66.9    25.3    43.6 -99.000 -99.000 -99.000 -99.000 -99.000 -9999.0 -9999.0 -9999.0 -9999.0 -9999.0
53149 20240623  2.424 -111.29   38.30    29.6    17.8    23.7    24.5     0.0    17.76 C    47.8    15.6    27.3    44.9    18.6    29.5 -99.000 -99.000 -99.000 -99.000 -99.000 -9999.0 -9999.0 -9999.0 -9999.0 -9999.0
53149 20240624  2.424 -111.29   38.30    32.6    18.3    25.4    25.4     0.0    21.02 C    53.1    15.1    28.8    43.5    15.2    31.0 -99.000 -99.000 -99.000 -99.000 -99.000 -9999.0 -9999.0 -9999.0 -9999.0 -9999.0
53149 20240625  2.424 -111.29   38.30    32.7    17.4    25.1    25.7     0.0    21.70 C    52.8    15.7    29.8    45.5    15.5    29.7 -99.000 -99.000 -99.000 -99.000 -99.000 -9999.0 -9999.0 -9999.0 -9999.0 -9999.0
53149 20240626  2.424 -111.29   38.30    31.0    21.0    26.0    25.5     0.0    15.91 C    49.1    18.2    28.7    54.9    22.0    32.7 -99.000 -99.000 -99.000 -99.000 -99.000 -9999.0 -9999.0 -9999.0 -9999.0 -9999.0
53149 20240627  2.424 -111.29   38.30    23.9    17.0    20.4    19.4    15.4     8.30 C    43.1    16.4    21.5    88.2    45.2    68.6 -99.000 -99.000 -99.000 -99.000 -99.000 -9999.0 -9999.0 -9999.0 -9999.0 -9999.0
53149 20240628  2.424 -111.29   38.30    28.2    15.7    22.0    21.8     0.0    25.88 C    38.7    14.8    25.3    87.1    35.1    61.4 -99.000 -99.000 -99.000 -99.000 -99.000 -9999.0 -9999.0 -9999.0 -9999.0 -9999.0
53149 20240629  2.424 -111.29   38.30    31.9    15.9    23.9    24.8     0.0    24.54 C    46.2    13.5    27.5    62.9    13.5    30.4 -99.000 -99.000 -99.000 -99.000 -99.000 -9999.0 -9999.0 -9999.0 -9999.0 -9999.0
53149 20240630  2.424 -111.29   38.30    32.2    17.4    24.8    25.2     0.0    22.48 C    47.3    15.6    28.2    39.5    14.2    25.3 -99.000 -99.000 -99.000 -99.000 -99.000 -9999.0 -9999.0 -9999.0 -9999.0 -9999.0
53149 20240701  2.424 -111.29   38.30    32.7    18.4    25.6    26.0     0.0    29.95 C    50.0    15.4    30.0    36.6     6.9    17.4 -99.000 -99.000 -99.000 -99.000 -99.000 -9999.0 -9999.0 -9999.0 -9999.0 -9999.0
53149 20240702  2.424 -111.29   38.30 -9999.0 -9999.0 -9999.0 -9999.0 -9999.0 -9999.00 U -9999.0 -9999.0 -9999.0 -9999.0 -9999.0 -9999.0 -99.000 -99.000 -99.000 -99.000 -99.000 -9999.0 -9999.0 -9999.0 -9999.0 -9999.0
