54795 20240101  2.623  -70.95   43.11     1.0    -6.2    -2.6    -2.5     0.0     5.41 C     5.7   -10.7    -3.8    77.1    48.1    62.2   0.260   0.233 -99.000 -99.000 -99.000     2.0     2.4 -9999.0 -9999.0 -9999.0
54795 20240102  2.623  -70.95   43.11     3.8    -8.6    -2.4    -3.7     0.0     7.24 C     6.8   -11.3    -5.9    88.4    30.8    67.9   0.249   0.227 -99.000 -99.000 -99.000     1.2     1.6 -9999.0 -9999.0 -9999.0
54795 20240103  2.623  -70.95   43.11     4.5    -6.1    -0.8    -1.1     0.0     4.82 C    10.0    -9.0    -1.9    90.1    54.5    77.5   0.222   0.221 -99.000 -99.000 -99.000     0.8     1.2 -9999.0 -9999.0 -9999.0
54795 20240104  2.623  -70.95   43.11     6.0    -6.7    -0.4    -0.4     0.0     4.19 C    11.1    -8.9    -1.3    88.8    34.1    64.8   0.217   0.217 -99.000 -99.000 -99.000     0.8     1.1 -9999.0 -9999.0 -9999.0
54795 20240105  2.623  -70.95   43.11    -1.5    -8.7    -5.1    -5.3     0.0     7.61 C     2.3   -11.2    -6.0    68.9    39.5    53.0   0.216   0.214 -99.000 -99.000 -99.000     0.6     1.0 -9999.0 -9999.0 -9999.0
54795 20240106  2.623  -70.95   43.11     0.9    -3.8    -1.4    -1.4     3.8     2.14 C     5.3    -5.0    -1.5    91.8    54.3    72.5   0.210   0.209 -99.000 -99.000 -99.000     0.5     0.8 -9999.0 -9999.0 -9999.0
54795 20240107  2.623  -70.95   43.11    -3.8    -6.2    -5.0    -5.2    18.4     1.76 C    -3.7    -7.4    -5.6    91.7    76.5    83.8   0.208   0.206 -99.000 -99.000 -99.000     0.5     0.8 -9999.0 -9999.0 -9999.0
54795 20240108  2.623  -70.95   43.11     1.2   -11.5    -5.2    -4.6     0.0     7.77 C    -3.4   -19.7   -11.6    90.5    51.7    74.2   0.208   0.203 -99.000 -99.000 -99.000     0.5     0.8 -9999.0 -9999.0 -9999.0
54795 20240109  2.623  -70.95   43.11     4.4   -12.7    -4.1    -4.3    19.4     3.59 C     0.4   -19.3    -7.6    91.6    61.9    82.1   0.221   0.212 -99.000 -99.000 -99.000     0.5     0.8 -9999.0 -9999.0 -9999.0
54795 20240110  2.623  -70.95   43.11    11.1     3.8     7.4     7.5    49.8     4.25 C    13.3    -0.8     4.3    94.5    55.8    74.6 -99.000   0.302 -99.000 -99.000 -99.000     0.4     0.5 -9999.0 -9999.0 -9999.0
54795 20240111  2.623  -70.95   43.11     5.6    -2.3     1.6     2.7     0.0     2.65 C     9.7    -6.4     0.8    88.3    47.4    60.9   0.260   0.258 -99.000 -99.000 -99.000     0.8     1.0 -9999.0 -9999.0 -9999.0
54795 20240112  2.623  -70.95   43.11     6.8    -3.6     1.6     0.7     0.0     7.94 C    11.3    -7.5    -1.2    92.3    40.4    75.2   0.237   0.239 -99.000 -99.000 -99.000     0.7     1.0 -9999.0 -9999.0 -9999.0
54795 20240113  2.623  -70.95   43.11    10.4     2.4     6.4     6.2    42.2     0.52 C    12.0    -0.6     4.9    95.0    58.5    81.8   0.309   0.278 -99.000 -99.000 -99.000     2.2     2.3 -9999.0 -9999.0 -9999.0
54795 20240114  2.623  -70.95   43.11     4.0    -4.3    -0.1     0.4     0.6     6.83 C     9.7    -9.5    -2.0    75.9    39.9    49.9   0.289   0.261 -99.000 -99.000 -99.000     1.9     2.0 -9999.0 -9999.0 -9999.0
54795 20240115  2.623  -70.95   43.11    -1.0    -7.5    -4.2    -4.7     0.0     8.37 C     2.9   -13.2    -7.1    69.5    32.5    50.6   0.264   0.240 -99.000 -99.000 -99.000     1.0     1.2 -9999.0 -9999.0 -9999.0
54795 20240116  2.623  -70.95   43.11    -3.5    -5.8    -4.6    -4.8     8.4     1.07 C    -3.0   -10.7    -5.0    88.1    59.7    78.2   0.227   0.231 -99.000 -99.000 -99.000     0.6     0.9 -9999.0 -9999.0 -9999.0
54795 20240117  2.623  -70.95   43.11    -3.8   -10.0    -6.9    -6.7     0.0     8.56 C    -4.9   -17.7   -12.0    65.5    38.7    51.8   0.223   0.226 -99.000 -99.000 -99.000     0.6     0.8 -9999.0 -9999.0 -9999.0
54795 20240118  2.623  -70.95   43.11    -2.7   -12.6    -7.7    -7.9     0.0     5.22 C    -4.4   -21.3   -14.0    79.5    40.0    53.5   0.219   0.220 -99.000 -99.000 -99.000     0.5     0.7 -9999.0 -9999.0 -9999.0
54795 20240119  2.623  -70.95   43.11    -3.0   -12.9    -8.0    -7.7     0.0     4.61 C    -3.1   -17.7   -10.2    86.3    44.6    63.0   0.214   0.216 -99.000 -99.000 -99.000     0.4     0.6 -9999.0 -9999.0 -9999.0
54795 20240120  2.623  -70.95   43.11    -7.3   -13.2   -10.3   -10.3     0.0     4.51 C    -5.7   -18.5   -12.1    68.9    45.8    55.8   0.210   0.211 -99.000 -99.000 -99.000     0.3     0.5 -9999.0 -9999.0 -9999.0
54795 20240121  2.623  -70.95   43.11    -3.8   -10.5    -7.2    -7.8     0.0     8.92 C    -5.4   -16.1   -11.6    62.6    37.1    50.2   0.206   0.207 -99.000 -99.000 -99.000     0.2     0.4 -9999.0 -9999.0 -9999.0
54795 20240122  2.623  -70.95   43.11     3.3   -11.7    -4.2    -3.0     0.0     8.69 C    -0.1   -17.7    -7.1    65.3    31.2    44.5   0.202   0.203 -99.000 -99.000 -99.000     0.1     0.3 -9999.0 -9999.0 -9999.0
54795 20240123  2.623  -70.95   43.11     3.5    -1.3     1.1     1.5     0.0     2.98 C     0.7    -6.9    -1.4    76.5    42.6    56.6   0.199   0.200 -99.000 -99.000 -99.000     0.1     0.3 -9999.0 -9999.0 -9999.0
54795 20240124  2.623  -70.95   43.11     0.6    -2.1    -0.8    -1.2    16.0     0.19 C    -0.1    -2.6    -1.0    94.3    57.2    89.7   0.198   0.201 -99.000 -99.000 -99.000     0.2     0.3 -9999.0 -9999.0 -9999.0
54795 20240125  2.623  -70.95   43.11     6.4     0.0     3.2     2.0     5.1     5.20 C     2.2    -0.1     0.3    96.3    81.0    92.5   0.251   0.269 -99.000 -99.000 -99.000     0.2     0.3 -9999.0 -9999.0 -9999.0
54795 20240126  2.623  -70.95   43.11     3.1     0.1     1.6     1.7    17.5     0.94 C     1.2    -0.1     0.4    94.5    79.0    90.6   0.297   0.274 -99.000 -99.000 -99.000     0.2     0.3 -9999.0 -9999.0 -9999.0
54795 20240127  2.623  -70.95   43.11     3.8    -0.1     1.9     1.5     0.0     4.80 C     8.5    -0.4     1.5    95.2    70.5    87.3   0.282   0.272 -99.000 -99.000 -99.000     0.2     0.3 -9999.0 -9999.0 -9999.0
54795 20240128  2.623  -70.95   43.11     2.0    -0.2     0.9     0.6    11.1     0.73 C     3.3    -0.5     0.5    96.4    92.9    94.7   0.274   0.266 -99.000 -99.000 -99.000     0.2     0.4 -9999.0 -9999.0 -9999.0
54795 20240129  2.623  -70.95   43.11     0.7    -1.0    -0.1     0.1     6.2     3.96 C     0.0    -3.3    -1.0    93.0    75.8    84.7   0.270   0.262 -99.000 -99.000 -99.000     0.3     0.4 -9999.0 -9999.0 -9999.0
54795 20240130  2.623  -70.95   43.11    -1.0    -5.6    -3.3    -3.9     0.0     4.01 C    -2.3    -7.3    -4.6    82.0    61.2    74.8   0.258   0.252 -99.000 -99.000 -99.000     0.3     0.5 -9999.0 -9999.0 -9999.0
54795 20240131  2.623  -70.95   43.11    -0.7    -5.1    -2.9    -2.6     0.0     2.27 C    -1.2    -8.5    -3.2    91.7    76.8    83.0   0.245   0.241 -99.000 -99.000 -99.000     0.4     0.5 -9999.0 -9999.0 -9999.0
54795 20240201  2.623  -70.95   43.11     2.6    -6.6    -2.0    -1.5     0.0     4.07 C     0.8   -11.3    -3.7    96.4    75.7    88.9   0.233   0.235 -99.000 -99.000 -99.000     0.4     0.6 -9999.0 -9999.0 -9999.0
54795 20240202  2.623  -70.95   43.11     5.1    -1.6     1.8     1.4     0.0     3.67 C     1.3    -4.6    -0.7    96.5    59.7    83.1   0.233   0.231 -99.000 -99.000 -99.000     0.5     0.6 -9999.0 -9999.0 -9999.0
54795 20240203  2.623  -70.95   43.11     2.2    -3.0    -0.4    -0.6     0.0    10.41 C     2.9    -8.3    -3.3    65.1    29.2    49.4   0.235   0.232 -99.000 -99.000 -99.000     0.5     0.6 -9999.0 -9999.0 -9999.0
54795 20240204  2.623  -70.95   43.11     4.5    -7.8    -1.6    -1.8     0.0     8.95 C     8.1   -11.9    -4.6    73.1    35.1    53.9   0.227   0.228 -99.000 -99.000 -99.000     0.4     0.6 -9999.0 -9999.0 -9999.0
54795 20240205  2.623  -70.95   43.11     4.2    -7.9    -1.9    -1.2     0.0    11.32 C     7.5   -12.0    -3.2    78.0    16.7    45.6   0.222   0.224 -99.000 -99.000 -99.000     0.3     0.5 -9999.0 -9999.0 -9999.0
54795 20240206  2.623  -70.95   43.11     3.9    -4.0    -0.1    -0.6     0.0    10.79 C    10.8    -8.4    -2.2    81.4    43.9    58.3   0.216   0.218 -99.000 -99.000 -99.000     0.3     0.4 -9999.0 -9999.0 -9999.0
54795 20240207  2.623  -70.95   43.11     5.1    -5.3    -0.1    -0.7     0.0    10.68 C    13.6    -9.2    -1.8    88.2    43.7    68.3   0.212   0.212 -99.000 -99.000 -99.000     0.2     0.4 -9999.0 -9999.0 -9999.0
54795 20240208  2.623  -70.95   43.11     6.8    -5.4     0.7    -0.4     0.0     9.26 C    14.6    -8.8    -1.1    91.7    41.9    75.1   0.213   0.210 -99.000 -99.000 -99.000     0.2     0.4 -9999.0 -9999.0 -9999.0
54795 20240209  2.623  -70.95   43.11     7.8    -5.8     1.0    -0.7     0.0     4.58 C    12.9    -8.9    -2.3    93.5    57.2    86.3   0.214   0.211 -99.000 -99.000 -99.000     0.2     0.4 -9999.0 -9999.0 -9999.0
54795 20240210  2.623  -70.95   43.11    16.2    -3.5     6.4     5.9     0.0    11.04 C    21.8    -6.3     4.2    94.2    45.0    72.9   0.212   0.209 -99.000 -99.000 -99.000     0.2     0.4 -9999.0 -9999.0 -9999.0
54795 20240211  2.623  -70.95   43.11     9.5    -0.4     4.6     5.4     0.0     7.51 C    15.1    -5.9     2.0    82.8    38.6    59.1   0.227   0.213 -99.000 -99.000 -99.000     0.2     0.7 -9999.0 -9999.0 -9999.0
54795 20240212  2.623  -70.95   43.11     8.0    -4.4     1.8     0.9     0.0    11.59 C    17.1    -9.1    -0.8    90.5    39.5    71.3   0.226   0.216 -99.000 -99.000 -99.000     0.2     0.7 -9999.0 -9999.0 -9999.0
54795 20240213  2.623  -70.95   43.11     1.5    -3.8    -1.2    -0.5     0.0     1.87 C     2.7   -10.0    -3.0    87.3    37.4    63.3   0.222   0.215 -99.000 -99.000 -99.000     0.2     0.5 -9999.0 -9999.0 -9999.0
54795 20240214  2.623  -70.95   43.11    -1.8    -5.3    -3.6    -3.6     0.6    12.27 C     4.2    -9.6    -5.1    85.6    34.3    50.5   0.216   0.212 -99.000 -99.000 -99.000     0.2     0.5 -9999.0 -9999.0 -9999.0
54795 20240215  2.623  -70.95   43.11     2.5    -6.5    -2.0    -2.0     2.3    11.81 C    11.8   -10.9    -1.8    87.7    21.0    41.4 -99.000   0.209 -99.000 -99.000 -99.000     0.1     0.3 -9999.0 -9999.0 -9999.0
54795 20240216  2.623  -70.95   43.11     0.7    -6.1    -2.7    -2.2     0.2    12.13 C     2.4   -13.8    -5.7    91.9    38.5    63.2 -99.000   0.204 -99.000 -99.000 -99.000     0.1     0.3 -9999.0 -9999.0 -9999.0
54795 20240217  2.623  -70.95   43.11     0.3    -7.0    -3.3    -3.2     0.0     5.15 C    10.0   -12.7    -4.2    71.4    35.3    60.7 -99.000   0.200 -99.000 -99.000 -99.000     0.1     0.2 -9999.0 -9999.0 -9999.0
54795 20240218  2.623  -70.95   43.11     0.8   -11.8    -5.5    -4.4     0.0     8.62 C     9.9   -15.5    -5.7    77.0    37.7    52.7 -99.000   0.197 -99.000 -99.000 -99.000    -0.1     0.2 -9999.0 -9999.0 -9999.0
54795 20240219  2.623  -70.95   43.11    -0.2    -7.7    -4.0    -3.1     0.0    13.44 C     9.9   -13.6    -4.8    66.1    20.4    42.7 -99.000   0.194 -99.000 -99.000 -99.000    -0.2     0.1 -9999.0 -9999.0 -9999.0
54795 20240220  2.623  -70.95   43.11     2.0   -10.8    -4.4    -4.3     0.0    13.48 C    12.6   -15.6    -5.3    69.6    33.3    47.9 -99.000 -99.000 -99.000 -99.000 -99.000    -0.3     0.0 -9999.0 -9999.0 -9999.0
54795 20240221  2.623  -70.95   43.11     3.3    -9.2    -3.0    -3.2     0.0     9.46 C    13.6   -13.3    -4.5    85.9    46.2    68.6 -99.000 -99.000 -99.000 -99.000 -99.000    -0.4    -0.1 -9999.0 -9999.0 -9999.0
54795 20240222  2.623  -70.95   43.11     5.4    -8.7    -1.6    -1.5     0.4    12.69 C    15.1   -12.5    -0.9    90.4    46.9    74.9 -99.000 -99.000 -99.000 -99.000 -99.000    -0.3    -0.1 -9999.0 -9999.0 -9999.0
54795 20240223  2.623  -70.95   43.11     4.5     0.0     2.3     1.5     7.0     2.13 C     9.4    -0.9     1.3    96.1    82.3    92.5 -99.000 -99.000 -99.000 -99.000 -99.000    -0.1     0.0 -9999.0 -9999.0 -9999.0
54795 20240224  2.623  -70.95   43.11     1.6    -9.2    -3.8    -2.0     0.0    11.27 C     9.5   -13.6    -2.0    96.6    28.0    59.4 -99.000 -99.000 -99.000 -99.000 -99.000     0.0     0.0 -9999.0 -9999.0 -9999.0
54795 20240225  2.623  -70.95   43.11     1.9   -12.7    -5.4    -5.8     0.0    14.34 C    11.4   -16.0    -5.8    77.5    23.9    50.5 -99.000 -99.000 -99.000 -99.000 -99.000     0.0     0.1 -9999.0 -9999.0 -9999.0
54795 20240226  2.623  -70.95   43.11    12.9    -6.7     3.1     2.4     0.0    10.83 C    20.2   -10.8     1.3    81.2    32.7    59.6 -99.000 -99.000 -99.000 -99.000 -99.000    -0.1     0.1 -9999.0 -9999.0 -9999.0
54795 20240227  2.623  -70.95   43.11    11.4    -3.5     3.9     2.7     0.6    13.12 C    22.1    -7.6     3.3    95.6    54.0    81.2 -99.000 -99.000 -99.000 -99.000 -99.000     0.0     0.1 -9999.0 -9999.0 -9999.0
54795 20240228  2.623  -70.95   43.11    14.7     2.3     8.5    11.6     8.3     1.25 C    13.7     1.6    10.0    95.7    72.9    86.4 -99.000 -99.000 -99.000 -99.000 -99.000     0.1     0.8 -9999.0 -9999.0 -9999.0
54795 20240229  2.623  -70.95   43.11     3.3    -5.7    -1.2    -2.4     0.2    13.42 C     9.8    -9.4    -2.8    75.2    24.8    37.2 -99.000 -99.000 -99.000 -99.000 -99.000     0.2     0.6 -9999.0 -9999.0 -9999.0
54795 20240301  2.623  -70.95   43.11     5.1   -10.6    -2.8    -2.3     0.0    15.31 C    13.4   -14.6    -2.8    68.5    32.7    47.8 -99.000 -99.000 -99.000 -99.000 -99.000     0.1     0.3 -9999.0 -9999.0 -9999.0
54795 20240302  2.623  -70.95   43.11     8.9    -1.8     3.6     3.7    25.7     3.80 C    13.8    -4.7     3.3    95.8    51.5    75.2 -99.000   0.224 -99.000 -99.000 -99.000     0.2     0.4 -9999.0 -9999.0 -9999.0
54795 20240303  2.623  -70.95   43.11    14.6     5.9    10.3     8.8    12.6     7.54 C    20.2     0.9     8.3    95.2    59.3    84.8   0.327   0.287 -99.000 -99.000 -99.000     2.4     2.5 -9999.0 -9999.0 -9999.0
54795 20240304  2.623  -70.95   43.11     9.8     3.2     6.5     6.4     0.5     7.07 C    19.1     3.0     7.6    94.1    55.3    83.0   0.289   0.261 -99.000 -99.000 -99.000     3.7     3.7 -9999.0 -9999.0 -9999.0
54795 20240305  2.623  -70.95   43.11     5.1     2.6     3.8     3.8     8.4     1.96 C     8.8     2.7     4.6    94.6    92.3    93.7   0.286   0.250 -99.000 -99.000 -99.000     3.6     3.7 -9999.0 -9999.0 -9999.0
54795 20240306  2.623  -70.95   43.11    12.8     1.6     7.2     6.2     5.1     8.30 C    21.2    -0.5     7.4    96.0    68.0    88.7   0.293   0.259 -99.000 -99.000 -99.000     4.6     4.4 -9999.0 -9999.0 -9999.0
54795 20240307  2.623  -70.95   43.11     7.0     3.9     5.4     5.7    33.8     3.26 C     8.2     0.2     5.1    93.4    62.9    80.8   0.326   0.288 -99.000 -99.000 -99.000     5.0     4.8 -9999.0 -9999.0 -9999.0
54795 20240308  2.623  -70.95   43.11    10.7    -2.8     3.9     3.2     0.0    17.29 C    21.3    -7.6     2.4    90.9    24.4    58.5   0.285   0.256 -99.000 -99.000 -99.000     4.3     4.3 -9999.0 -9999.0 -9999.0
54795 20240309  2.623  -70.95   43.11     4.9    -3.7     0.6     1.4     3.7     4.89 C    13.5    -7.8     1.9    90.9    65.8    81.3   0.269   0.239 -99.000 -99.000 -99.000     3.1     3.2 -9999.0 -9999.0 -9999.0
54795 20240310  2.623  -70.95   43.11     9.5     1.9     5.7     6.0    41.0     8.49 C    17.7     0.5     6.5    93.2    57.6    78.2   0.327   0.288 -99.000 -99.000 -99.000     4.6     4.5 -9999.0 -9999.0 -9999.0
54795 20240311  2.623  -70.95   43.11     4.4    -0.6     1.9     2.1     0.0    11.38 C    13.4    -5.0     2.3    72.8    31.7    49.5   0.284   0.257 -99.000 -99.000 -99.000     3.7     3.7 -9999.0 -9999.0 -9999.0
54795 20240312  2.623  -70.95   43.11    10.3    -0.5     4.9     5.0     0.0    18.24 C    19.7    -7.0     3.3    57.2    14.8    28.9   0.266   0.239 -99.000 -99.000 -99.000     3.2     3.2 -9999.0 -9999.0 -9999.0
54795 20240313  2.623  -70.95   43.11    11.5    -3.7     3.9     3.7     0.0    16.40 C    25.3    -8.6     4.1    81.4    31.1    57.2   0.256   0.231 -99.000 -99.000 -99.000     3.6     3.5 -9999.0 -9999.0 -9999.0
54795 20240314  2.623  -70.95   43.11    12.3    -1.0     5.7     5.0     0.0    16.82 C    26.1    -4.6     6.7    93.7    51.8    76.3   0.252   0.226 -99.000 -99.000 -99.000     4.9     4.7 -9999.0 -9999.0 -9999.0
54795 20240315  2.623  -70.95   43.11     5.0     2.4     3.7     4.3     9.5     2.09 C     7.6    -0.4     4.5    95.1    86.3    91.3   0.279   0.232 -99.000 -99.000 -99.000     4.9     4.8 -9999.0 -9999.0 -9999.0
54795 20240316  2.623  -70.95   43.11    12.8    -1.1     5.8     5.1     0.0    14.63 C    27.8    -4.5     6.0    98.1    43.5    81.6   0.273   0.235 -99.000 -99.000 -99.000     5.4     5.2 -9999.0 -9999.0 -9999.0
54795 20240317  2.623  -70.95   43.11    13.4    -0.8     6.3     5.8     1.2     8.76 C    22.0    -5.7     4.9    95.0    32.0    76.2   0.262   0.230 -99.000 -99.000 -99.000     5.7     5.5 -9999.0 -9999.0 -9999.0
54795 20240318  2.623  -70.95   43.11     8.6    -1.7     3.5     4.1     0.0    15.50 C    22.3    -6.1     3.6    83.6    30.5    49.9   0.255   0.227 -99.000 -99.000 -99.000     4.8     4.8 -9999.0 -9999.0 -9999.0
54795 20240319  2.623  -70.95   43.11     6.7    -1.9     2.4     2.3     0.0    15.71 C    22.4    -7.2     2.2    67.5    26.4    47.5   0.249   0.223 -99.000 -99.000 -99.000     4.3     4.3 -9999.0 -9999.0 -9999.0
54795 20240320  2.623  -70.95   43.11    10.1    -1.4     4.3     4.0     0.5     8.79 C    22.2    -6.2     4.1    81.4    31.7    55.6   0.245   0.218 -99.000 -99.000 -99.000     4.0     4.0 -9999.0 -9999.0 -9999.0
54795 20240321  2.623  -70.95   43.11     3.1    -4.0    -0.5    -0.9     0.0    18.68 C    14.8    -7.0    -0.4    60.9    26.7    39.7   0.241   0.214 -99.000 -99.000 -99.000     3.4     3.5 -9999.0 -9999.0 -9999.0
54795 20240322  2.623  -70.95   43.11     3.6    -5.9    -1.2    -0.8     0.0    17.97 C    18.4    -9.7     1.2    58.1    14.5    27.2   0.236   0.211 -99.000 -99.000 -99.000     2.6     2.7 -9999.0 -9999.0 -9999.0
54795 20240323  2.623  -70.95   43.11     0.8    -2.2    -0.7    -0.5    52.5     1.10 C     0.0    -2.3    -0.7    92.8    59.3    88.3   0.274   0.249 -99.000 -99.000 -99.000     2.0     2.2 -9999.0 -9999.0 -9999.0
54795 20240324  2.623  -70.95   43.11     2.5    -5.4    -1.4    -1.5     0.0    15.94 C     2.9    -9.6    -3.7    93.3    60.5    77.5   0.305   0.275 -99.000 -99.000 -99.000     1.5     1.7 -9999.0 -9999.0 -9999.0
54795 20240325  2.623  -70.95   43.11     4.0    -3.1     0.4     0.6     0.0    15.94 C     9.6    -7.3    -0.8    78.9    41.8    54.7   0.296   0.266 -99.000 -99.000 -99.000     1.7     1.9 -9999.0 -9999.0 -9999.0
54795 20240326  2.623  -70.95   43.11     2.9    -0.3     1.3     1.6     1.2     5.23 C     8.2    -4.6     2.4    92.9    46.5    75.2   0.287   0.259 -99.000 -99.000 -99.000     2.1     2.2 -9999.0 -9999.0 -9999.0
54795 20240327  2.623  -70.95   43.11    13.3     2.2     7.8     6.3     5.3    12.14 C    27.1     2.1     9.0    94.6    63.1    85.9   0.283   0.248 -99.000 -99.000 -99.000     4.6     4.5 -9999.0 -9999.0 -9999.0
54795 20240328  2.623  -70.95   43.11     9.9     6.5     8.2     8.1    33.9     2.03 C    14.3     6.1     8.5    95.4    92.9    94.1   0.323   0.281 -99.000 -99.000 -99.000     6.3     6.0 -9999.0 -9999.0 -9999.0
54795 20240329  2.623  -70.95   43.11     9.0     3.3     6.2     5.7    12.1     5.52 C    13.9     0.7     5.1    93.0    36.2    67.7   0.319   0.285 -99.000 -99.000 -99.000     6.0     5.9 -9999.0 -9999.0 -9999.0
54795 20240330  2.623  -70.95   43.11    11.8     1.5     6.6     5.9     0.0    21.50 C    23.3    -3.4     6.0    63.7    22.3    41.9   0.282   0.255 -99.000 -99.000 -99.000     5.4     5.3 -9999.0 -9999.0 -9999.0
54795 20240331  2.623  -70.95   43.11    11.8    -0.5     5.6     6.3     0.0    18.51 C    26.5    -5.4     6.7    79.0    30.5    44.2   0.264   0.238 -99.000 -99.000 -99.000     5.8     5.7 -9999.0 -9999.0 -9999.0
54795 20240401  2.623  -70.95   43.11    12.0    -2.3     4.8     4.7     0.0    15.24 C    25.6    -6.3     5.6    90.7    39.8    70.4   0.254   0.231 -99.000 -99.000 -99.000     5.5     5.6 -9999.0 -9999.0 -9999.0
54795 20240402  2.623  -70.95   43.11    10.6     2.0     6.3     5.8     0.0    16.96 C    26.6    -2.6     8.0    91.3    39.7    63.0   0.248   0.225 -99.000 -99.000 -99.000     6.5     6.4 -9999.0 -9999.0 -9999.0
54795 20240403  2.623  -70.95   43.11     6.2     0.7     3.5     3.2    21.7     4.10 C     8.0    -2.6     2.8    91.7    64.4    78.5   0.256   0.222 -99.000 -99.000 -99.000     5.5     5.5 -9999.0 -9999.0 -9999.0
54795 20240404  2.623  -70.95   43.11     1.0     0.3     0.7     0.7    46.5     2.70 C     0.8    -0.1     0.1    92.4    88.8    90.8   0.304   0.266 -99.000 -99.000 -99.000     3.3     3.6 -9999.0 -9999.0 -9999.0
54795 20240405  2.623  -70.95   43.11     6.0     0.2     3.1     2.8     4.3    10.46 C     1.0    -0.1     0.1    93.8    66.8    84.3   0.313   0.272 -99.000 -99.000 -99.000     2.5     2.9 -9999.0 -9999.0 -9999.0
54795 20240406  2.623  -70.95   43.11     5.6     0.6     3.1     3.2     2.9     9.46 C     1.1    -1.0     0.2    93.1    68.5    80.2   0.320   0.281 -99.000 -99.000 -99.000     2.1     2.5 -9999.0 -9999.0 -9999.0
54795 20240407  2.623  -70.95   43.11     9.8    -1.2     4.3     4.3     0.0    12.71 C    15.8    -5.7     2.0    91.7    40.8    63.8   0.316   0.282 -99.000 -99.000 -99.000     2.7     3.1 -9999.0 -9999.0 -9999.0
54795 20240408  2.623  -70.95   43.11    18.3    -2.8     7.8     8.5     0.0    20.24 C    31.7    -7.1     7.6    93.2    18.0    54.0   0.288   0.261 -99.000 -99.000 -99.000     4.6     4.5 -9999.0 -9999.0 -9999.0
54795 20240409  2.623  -70.95   43.11    16.4    -0.7     7.9     6.9     0.0    22.64 C    30.5    -5.5     8.4    89.0    24.1    58.6   0.269   0.240 -99.000 -99.000 -99.000     6.0     5.9 -9999.0 -9999.0 -9999.0
54795 20240410  2.623  -70.95   43.11     8.7    -0.5     4.1     4.8     2.1     4.85 C    14.3    -3.1     5.2    93.9    60.6    84.6   0.258   0.233 -99.000 -99.000 -99.000     5.3     5.3 -9999.0 -9999.0 -9999.0
54795 20240411  2.623  -70.95   43.11     8.3     5.6     6.9     6.6     3.1     2.40 C    11.2     5.6     7.4    94.9    91.7    93.6   0.268   0.232 -99.000 -99.000 -99.000     6.2     6.0 -9999.0 -9999.0 -9999.0
54795 20240412  2.623  -70.95   43.11    14.8     6.8    10.8    11.7    17.3     2.39 C    16.0     3.8    10.9    96.2    78.3    91.0   0.304   0.261 -99.000 -99.000 -99.000     7.9     7.5 -9999.0 -9999.0 -9999.0
54795 20240413  2.623  -70.95   43.11    14.4     4.9     9.6     9.4     0.0    15.71 C    27.2     0.9     9.9    95.1    36.5    65.2   0.282   0.253 -99.000 -99.000 -99.000     8.5     8.1 -9999.0 -9999.0 -9999.0
54795 20240414  2.623  -70.95   43.11    16.7     2.4     9.5     9.6     0.2    17.74 C    29.5    -1.7    10.9    86.0    31.1    59.1   0.263   0.238 -99.000 -99.000 -99.000     8.6     8.2 -9999.0 -9999.0 -9999.0
54795 20240415  2.623  -70.95   43.11    20.5     3.0    11.7    11.2     0.0    20.00 C    36.1    -0.4    11.7    94.2    26.9    67.2   0.251   0.229 -99.000 -99.000 -99.000     9.7     9.2 -9999.0 -9999.0 -9999.0
54795 20240416  2.623  -70.95   43.11    18.6     1.6    10.1    11.1     0.0    20.99 C    31.9    -2.2    11.0    92.9    24.8    53.6   0.240   0.222 -99.000 -99.000 -99.000     9.9     9.4 -9999.0 -9999.0 -9999.0
54795 20240417  2.623  -70.95   43.11    12.7     1.3     7.0     7.1     0.0    22.05 C    28.8    -3.2     9.7    77.9    38.3    56.6   0.231   0.213 -99.000 -99.000 -99.000     9.7     9.3 -9999.0 -9999.0 -9999.0
54795 20240418  2.623  -70.95   43.11    11.7     4.3     8.0     7.2     2.2     9.32 C    25.7     2.0     9.2    93.3    42.8    73.6   0.226   0.208 -99.000 -99.000 -99.000     9.4     9.1 -9999.0 -9999.0 -9999.0
54795 20240419  2.623  -70.95   43.11    12.2     5.7     8.9     8.8     0.3    17.67 C    26.6     5.5    11.8    94.8    48.0    69.0   0.225   0.203 -99.000 -99.000 -99.000    10.1     9.8 -9999.0 -9999.0 -9999.0
54795 20240420  2.623  -70.95   43.11    15.6     5.5    10.5    10.3     7.1     9.14 C    24.2    -0.5    10.3    92.7    32.2    66.2   0.243   0.205 -99.000 -99.000 -99.000    10.3    10.0 -9999.0 -9999.0 -9999.0
54795 20240421  2.623  -70.95   43.11    12.2     0.6     6.4     6.8     0.0    18.58 C    26.3    -3.8     7.1    72.2    28.6    48.5   0.243   0.210 -99.000 -99.000 -99.000     9.4     9.1 -9999.0 -9999.0 -9999.0
54795 20240422  2.623  -70.95   43.11    11.8    -1.3     5.3     5.6     0.0    25.63 C    27.8    -5.4     6.9    80.7    14.5    41.4   0.233   0.206 -99.000 -99.000 -99.000     9.0     8.7 -9999.0 -9999.0 -9999.0
54795 20240423  2.623  -70.95   43.11    15.0    -2.8     6.1     6.7     0.0    25.11 C    30.1    -6.4     8.6    82.2    27.2    54.5   0.223   0.201 -99.000 -99.000 -99.000     8.9     8.8 -9999.0 -9999.0 -9999.0
54795 20240424  2.623  -70.95   43.11    17.0     1.1     9.0     7.1     1.5     9.59 C    26.8    -3.0     7.1    85.4    42.5    61.6   0.216   0.196 -99.000 -99.000 -99.000     8.9     8.8 -9999.0 -9999.0 -9999.0
54795 20240425  2.623  -70.95   43.11    12.0    -3.3     4.3     4.1     0.0    26.17 C    28.1    -8.3     6.2    83.1    16.3    44.9   0.211   0.193 -99.000 -99.000 -99.000     8.7     8.5 -9999.0 -9999.0 -9999.0
54795 20240426  2.623  -70.95   43.11    13.9    -3.0     5.5     5.5     0.0    25.98 C    30.5    -7.2     7.7    88.6    21.1    51.6   0.205   0.191 -99.000 -99.000 -99.000     9.0     8.7 -9999.0 -9999.0 -9999.0
54795 20240427  2.623  -70.95   43.11    16.1    -2.5     6.8     8.1     0.0    23.10 C    31.8    -6.3    10.5    88.4    28.4    58.1   0.197   0.187 -99.000 -99.000 -99.000     9.5     9.2 -9999.0 -9999.0 -9999.0
54795 20240428  2.623  -70.95   43.11    18.7     6.0    12.4    11.3     0.3    15.48 C    30.0     5.0    13.8    86.8    54.2    72.6   0.192   0.184 -99.000 -99.000 -99.000    10.9    10.5 -9999.0 -9999.0 -9999.0
54795 20240429  2.623  -70.95   43.11    20.7     8.0    14.3    14.1     0.5    16.99 C    35.0     4.4    14.3    92.6    38.1    65.6   0.187   0.181 -99.000 -99.000 -99.000    12.2    11.7 -9999.0 -9999.0 -9999.0
54795 20240430  2.623  -70.95   43.11    11.0     6.2     8.6     8.7     9.0     5.21 C    16.5     6.8     9.5    92.0    51.0    72.3   0.185   0.179 -99.000 -99.000 -99.000    10.9    10.7 -9999.0 -9999.0 -9999.0
54795 20240501  2.623  -70.95   43.11    10.3     5.9     8.1     7.6     4.7     4.77 C    14.0     2.9     8.9    94.3    78.9    89.2   0.226   0.185 -99.000 -99.000 -99.000    10.3    10.2 -9999.0 -9999.0 -9999.0
54795 20240502  2.623  -70.95   43.11    17.0     7.0    12.0    10.5     1.1     9.90 C    28.8     7.7    12.3    94.4    62.7    82.6   0.227   0.192 -99.000 -99.000 -99.000    11.1    10.8 -9999.0 -9999.0 -9999.0
54795 20240503  2.623  -70.95   43.11    16.6     6.4    11.5    11.0     0.0    17.07 C    28.8     4.0    12.4    91.4    57.6    76.2   0.222   0.192 -99.000 -99.000 -99.000    12.1    11.8 -9999.0 -9999.0 -9999.0
54795 20240504  2.623  -70.95   43.11    14.3     4.6     9.4     9.3     0.0    15.73 C    24.5     2.0    11.7    95.2    61.9    78.3   0.212   0.189 -99.000 -99.000 -99.000    11.8    11.6 -9999.0 -9999.0 -9999.0
54795 20240505  2.623  -70.95   43.11    11.4     5.8     8.6     8.7    10.0     6.96 C    18.9     3.3    10.0    93.5    64.6    84.9   0.212   0.187 -99.000 -99.000 -99.000    11.4    11.3 -9999.0 -9999.0 -9999.0
54795 20240506  2.623  -70.95   43.11    23.5     8.5    16.0    14.3     0.0    18.19 C    30.8     7.7    16.0    93.9    53.4    80.4   0.247   0.197 -99.000 -99.000 -99.000    12.9    12.5 -9999.0 -9999.0 -9999.0
54795 20240507  2.623  -70.95   43.11    24.0     8.1    16.1    16.4     0.0    26.06 C    33.9     5.5    17.0    95.3    21.2    59.2   0.229   0.196 -99.000 -99.000 -99.000    14.5    13.9 -9999.0 -9999.0 -9999.0
54795 20240508  2.623  -70.95   43.11    14.6     6.9    10.8    10.8     8.8     5.14 C    17.5     4.0    11.2    93.8    67.4    86.6   0.233   0.194 -99.000 -99.000 -99.000    13.0    12.8 -9999.0 -9999.0 -9999.0
54795 20240509  2.623  -70.95   43.11    15.4     8.0    11.7    11.3     0.9     9.12 C    23.4     5.5    12.0    95.5    55.7    79.6   0.246   0.201 -99.000 -99.000 -99.000    13.0    12.7 -9999.0 -9999.0 -9999.0
54795 20240510  2.623  -70.95   43.11    14.8     3.1     8.9     9.1     0.0    20.74 C    27.0     0.4    11.0    94.6    43.0    74.1   0.237   0.199 -99.000 -99.000 -99.000    13.2    13.0 -9999.0 -9999.0 -9999.0
54795 20240511  2.623  -70.95   43.11    12.6     0.8     6.7     7.3     0.0    18.55 C    24.5    -1.0     8.4    94.6    53.7    73.6   0.225   0.194 -99.000 -99.000 -99.000    11.9    11.9 -9999.0 -9999.0 -9999.0
54795 20240512  2.623  -70.95   43.11    15.9     0.7     8.3     9.1     0.0    14.20 C    29.9    -1.0     9.6    94.1    38.7    68.0   0.214   0.190 -99.000 -99.000 -99.000    11.5    11.3 -9999.0 -9999.0 -9999.0
54795 20240513  2.623  -70.95   43.11    18.7     2.9    10.8    11.6     0.0    26.02 C    31.4     0.7    13.8    93.8    40.8    67.9   0.203   0.186 -99.000 -99.000 -99.000    12.6    12.3 -9999.0 -9999.0 -9999.0
54795 20240514  2.623  -70.95   43.11    26.9     7.2    17.1    17.4     0.0    22.71 C    34.2     5.1    18.5    90.9    33.3    66.5   0.190   0.181 -99.000 -99.000 -99.000    14.3    14.0 -9999.0 -9999.0 -9999.0
54795 20240515  2.623  -70.95   43.11    22.5    12.3    17.4    17.4     0.6    11.03 C    32.1     9.1    17.4    92.5    52.1    78.0   0.177   0.176 -99.000 -99.000 -99.000    15.1    14.7 -9999.0 -9999.0 -9999.0
54795 20240516  2.623  -70.95   43.11    20.1     9.5    14.8    15.3     5.5    16.21 C    26.1     7.2    16.1    93.5    58.5    78.8   0.173   0.172 -99.000 -99.000 -99.000    15.7    15.3 -9999.0 -9999.0 -9999.0
54795 20240517  2.623  -70.95   43.11    22.1     8.2    15.2    14.5     0.0    22.20 C    31.1     6.3    16.5    94.9    48.4    77.4   0.168   0.170 -99.000 -99.000 -99.000    15.9    15.4 -9999.0 -9999.0 -9999.0
54795 20240518  2.623  -70.95   43.11    15.5    12.1    13.8    13.6     3.3     7.40 C    22.3    11.6    14.5    92.6    68.4    80.6   0.162   0.167 -99.000 -99.000 -99.000    15.5    15.1 -9999.0 -9999.0 -9999.0
54795 20240519  2.623  -70.95   43.11    15.0    10.6    12.8    12.9     0.3     9.21 C    19.9     8.8    14.2    93.0    78.7    87.1   0.163   0.166 -99.000 -99.000 -99.000    15.2    14.8 -9999.0 -9999.0 -9999.0
54795 20240520  2.623  -70.95   43.11    19.8    10.2    15.0    14.5     0.0    19.39 C    28.6     8.2    16.4    93.8    64.2    80.9   0.160   0.164 -99.000 -99.000 -99.000    15.9    15.6 -9999.0 -9999.0 -9999.0
54795 20240521  2.623  -70.95   43.11    28.9     8.0    18.5    17.9     5.0    20.64 C    35.9     7.0    19.3    95.4    41.9    81.3   0.150   0.160 -99.000 -99.000 -99.000    16.6    16.3 -9999.0 -9999.0 -9999.0
54795 20240522  2.623  -70.95   43.11    31.6    14.4    23.0    23.7     0.0    25.27 C    35.4    12.8    23.6    95.4    32.4    65.9   0.141   0.155 -99.000 -99.000 -99.000    18.5    18.0 -9999.0 -9999.0 -9999.0
54795 20240523  2.623  -70.95   43.11    27.1    16.3    21.7    22.5     0.0    14.39 C    32.0    12.1    21.6    87.2    51.9    69.5   0.133   0.150 -99.000 -99.000 -99.000    18.9    18.5 -9999.0 -9999.0 -9999.0
54795 20240524  2.623  -70.95   43.11    27.9    10.5    19.2    20.7     0.0    28.16 C    35.5     8.2    20.9    92.9    23.8    50.5   0.122   0.144 -99.000 -99.000 -99.000    18.5    18.1 -9999.0 -9999.0 -9999.0
54795 20240525  2.623  -70.95   43.11    23.2     8.6    15.9    16.5     0.0    29.02 C    33.8     5.9    18.7    84.7    33.1    59.4   0.105   0.136 -99.000 -99.000 -99.000    18.0    17.7 -9999.0 -9999.0 -9999.0
54795 20240526  2.623  -70.95   43.11    25.5    13.9    19.7    18.2     0.9    24.47 C    34.9    13.3    20.7    92.3    52.7    76.6   0.096   0.131 -99.000 -99.000 -99.000    18.5    18.2 -9999.0 -9999.0 -9999.0
54795 20240527  2.623  -70.95   43.11    18.1    12.2    15.1    14.4    10.6     3.61 C    17.7    13.0    15.2    94.2    91.2    93.2   0.093   0.129 -99.000 -99.000 -99.000    17.2    17.0 -9999.0 -9999.0 -9999.0
54795 20240528  2.623  -70.95   43.11    26.7    15.9    21.3    21.8     0.2    23.10 C    33.9    13.1    22.3    94.5    39.6    67.6   0.126   0.128 -99.000 -99.000 -99.000    18.8    18.5 -9999.0 -9999.0 -9999.0
54795 20240529  2.623  -70.95   43.11    23.2    12.3    17.7    17.8     0.0    25.67 C    32.0    10.4    19.1    90.5    40.3    65.1   0.112   0.125 -99.000 -99.000 -99.000    18.6    18.4 -9999.0 -9999.0 -9999.0
54795 20240530  2.623  -70.95   43.11    16.3     8.0    12.1    13.3     3.6     7.78 C    19.0     6.1    13.3    94.9    56.5    77.5   0.104   0.123 -99.000 -99.000 -99.000    16.8    16.8 -9999.0 -9999.0 -9999.0
54795 20240531  2.623  -70.95   43.11    23.9     5.4    14.6    15.6     0.0    27.03 C    32.3     3.5    16.4    94.8    21.9    56.6   0.101   0.121 -99.000 -99.000 -99.000    16.4    16.5 -9999.0 -9999.0 -9999.0
54795 20240601  2.623  -70.95   43.11    26.5     6.8    16.7    17.4     0.0    29.23 C    35.7     4.8    19.2    88.7    20.3    54.5   0.093   0.112 -99.000 -99.000 -99.000    17.1    17.1 -9999.0 -9999.0 -9999.0
54795 20240602  2.623  -70.95   43.11    27.9     7.7    17.8    18.9     0.0    27.61 C    38.5     5.7    21.0    94.3    29.2    62.0   0.085   0.104 -99.000 -99.000 -99.000    17.8    17.6 -9999.0 -9999.0 -9999.0
54795 20240603  2.623  -70.95   43.11    24.4    13.7    19.0    18.5     0.0    27.08 C    35.6    12.1    21.5    89.1    40.7    65.6   0.078   0.099 -99.000 -99.000 -99.000    18.9    18.7 -9999.0 -9999.0 -9999.0
54795 20240604  2.623  -70.95   43.11    22.9    10.4    16.7    16.8     0.0    26.52 C    34.9     8.5    20.0    94.4    54.2    76.1   0.072   0.094 -99.000 -99.000 -99.000    18.7    18.4 -9999.0 -9999.0 -9999.0
54795 20240605  2.623  -70.95   43.11    30.2    11.4    20.8    19.4    14.1    20.80 C    42.9    10.1    22.0    94.9    39.8    78.8   0.089   0.091 -99.000 -99.000 -99.000    18.9    18.7 -9999.0 -9999.0 -9999.0
54795 20240606  2.623  -70.95   43.11    21.8    14.3    18.0    17.8     0.0     8.00 C    26.3    13.1    18.8    95.2    83.0    91.7   0.117   0.094 -99.000 -99.000 -99.000    18.8    18.6 -9999.0 -9999.0 -9999.0
54795 20240607  2.623  -70.95   43.11    25.4    15.3    20.3    17.8     0.6    19.13 C    34.1    15.2    20.3    94.1    64.6    86.4   0.110   0.093 -99.000 -99.000 -99.000    19.5    19.3 -9999.0 -9999.0 -9999.0
54795 20240608  2.623  -70.95   43.11    22.2    11.9    17.0    17.4     1.5    21.87 C    31.3    10.1    18.8    94.7    49.9    74.3   0.101   0.091 -99.000 -99.000 -99.000    19.1    19.1 -9999.0 -9999.0 -9999.0
54795 20240609  2.623  -70.95   43.11    19.9    10.4    15.2    14.9    15.4     9.27 C    24.5     8.6    15.2    92.9    64.2    82.4   0.163   0.090 -99.000 -99.000 -99.000    17.6    17.7 -9999.0 -9999.0 -9999.0
54795 20240610  2.623  -70.95   43.11    23.2     9.3    16.2    16.6     0.0    24.53 C    32.6     7.4    18.2    94.4    45.8    71.4   0.180   0.091 -99.000 -99.000 -99.000    17.7    17.8 -9999.0 -9999.0 -9999.0
54795 20240611  2.623  -70.95   43.11    21.9     9.5    15.7    16.0     0.0    17.55 C    32.3     8.1    17.3    94.3    57.1    77.8   0.156   0.091 -99.000 -99.000 -99.000    17.6    17.6 -9999.0 -9999.0 -9999.0
54795 20240612  2.623  -70.95   43.11    23.3    12.9    18.1    17.5     0.8    17.04 C    32.5    11.7    19.0    94.4    62.4    82.0   0.143   0.092 -99.000 -99.000 -99.000    17.9    17.9 -9999.0 -9999.0 -9999.0
54795 20240613  2.623  -70.95   43.11    27.2    11.3    19.3    20.1     0.0    28.71 C    34.6     9.5    21.8    94.8    37.2    68.0   0.126   0.092 -99.000 -99.000 -99.000    18.7    18.7 -9999.0 -9999.0 -9999.0
54795 20240614  2.623  -70.95   43.11    25.0    15.6    20.3    20.9     1.7    10.94 C    30.3    13.5    20.9    93.6    64.9    80.4   0.110   0.092 -99.000 -99.000 -99.000    19.0    19.0 -9999.0 -9999.0 -9999.0
54795 20240615  2.623  -70.95   43.11    23.1     8.8    15.9    18.5     0.9    27.91 C    31.1     6.4    20.1    93.8    33.3    61.6   0.103   0.091 -99.000 -99.000 -99.000    19.9    19.9 -9999.0 -9999.0 -9999.0
54795 20240616  2.623  -70.95   43.11    21.5     6.1    13.8    15.2     0.0    28.62 C    31.6     4.0    18.0    94.1    37.7    64.0   0.090   0.089 -99.000 -99.000 -99.000    18.2    18.4 -9999.0 -9999.0 -9999.0
54795 20240617  2.623  -70.95   43.11    27.4    11.4    19.4    20.6     0.0    22.94 C    35.7    10.2    22.3    91.7    51.0    68.4   0.081   0.085 -99.000 -99.000 -99.000    18.9    19.0 -9999.0 -9999.0 -9999.0
54795 20240618  2.623  -70.95   43.11    33.2    17.2    25.2    25.2     0.0    24.58 C    42.1    16.0    27.6    90.4    51.1    73.1   0.073   0.080 -99.000 -99.000 -99.000    21.1    20.9 -9999.0 -9999.0 -9999.0
54795 20240619  2.623  -70.95   43.11    34.6    21.3    28.0    27.2     0.0    21.62 C    44.8    19.8    29.3    94.2    51.1    74.3   0.067   0.070 -99.000 -99.000 -99.000    22.7    22.4 -9999.0 -9999.0 -9999.0
54795 20240620  2.623  -70.95   43.11    35.3    21.2    28.3    26.3     5.3    21.18 C    44.9    20.4    28.8    93.9    45.4    76.4   0.063   0.059 -99.000 -99.000 -99.000    23.4    23.0 -9999.0 -9999.0 -9999.0
54795 20240621  2.623  -70.95   43.11    25.4    17.7    21.5    21.4     0.8    16.70 C    32.7    17.6    23.0    95.2    54.9    81.0   0.064   0.057 -99.000 -99.000 -99.000    22.8    22.5 -9999.0 -9999.0 -9999.0
54795 20240622  2.623  -70.95   43.11    19.0    15.6    17.3    16.9     1.3     6.55 C    23.4    15.9    17.9    92.5    70.7    87.3   0.064   0.057 -99.000 -99.000 -99.000    20.6    20.5 -9999.0 -9999.0 -9999.0
54795 20240623  2.623  -70.95   43.11    26.1    15.6    20.9    20.2    31.6     7.77 C    31.3    15.9    20.7    94.4    81.4    90.0   0.138   0.075 -99.000 -99.000 -99.000    19.7    19.7 -9999.0 -9999.0 -9999.0
54795 20240624  2.623  -70.95   43.11    25.3    17.2    21.2    22.2     3.9    20.38 C    33.0    17.0    23.5    90.3    50.2    71.3   0.194   0.133 -99.000 -99.000 -99.000    21.3    21.1 -9999.0 -9999.0 -9999.0
54795 20240625  2.623  -70.95   43.11    29.8    13.9    21.8    22.6     0.0    28.10 C    36.4    12.5    24.0    94.4    31.5    67.5   0.182   0.132 -99.000 -99.000 -99.000    21.7    21.6 -9999.0 -9999.0 -9999.0
54795 20240626  2.623  -70.95   43.11    30.7    19.9    25.3    24.9     0.0    25.41 C    37.5    17.6    26.0    83.4    42.9    60.1   0.157   0.127 -99.000 -99.000 -99.000    22.4    22.4 -9999.0 -9999.0 -9999.0
54795 20240627  2.623  -70.95   43.11    26.8    13.9    20.3    21.0     1.9    21.26 C    34.8    10.6    22.2    91.3    42.4    65.8   0.138   0.119 -99.000 -99.000 -99.000    22.3    22.4 -9999.0 -9999.0 -9999.0
54795 20240628  2.623  -70.95   43.11    23.7     9.1    16.4    17.0     0.0    30.09 C    31.8     7.0    18.7    84.2    29.2    53.3   0.120   0.110 -99.000 -99.000 -99.000    20.4    20.9 -9999.0 -9999.0 -9999.0
54795 20240629  2.623  -70.95   43.11    21.0    12.8    16.9    17.2     1.4     7.15 C    25.2    12.1    17.9    94.5    59.8    80.5   0.108   0.104 -99.000 -99.000 -99.000    19.1    19.6 -9999.0 -9999.0 -9999.0
54795 20240630  2.623  -70.95   43.11    30.4    19.0    24.7    24.4    17.2    14.51 C    36.6    18.2    25.0    94.5    60.9    81.0   0.134   0.114 -99.000 -99.000 -99.000    20.9    21.1 -9999.0 -9999.0 -9999.0
54795 20240701  2.623  -70.95   43.11    25.8    14.9    20.4    20.5     0.0    20.82 C    32.4    13.0    21.4    94.6    41.4    71.4   0.186   0.143 -99.000 -99.000 -99.000    21.1    21.2 -9999.0 -9999.0 -9999.0
54795 20240702  2.623  -70.95   43.11 -9999.0 -9999.0 -9999.0 -9999.0 -9999.0 -9999.00 U -9999.0 -9999.0 -9999.0 -9999.0 -9999.0 -9999.0 -99.000 -99.000 -99.000 -99.000 -99.000 -9999.0 -9999.0 -9999.0 -9999.0 -9999.0
