94085 20240101  2.622 -100.35   44.02     1.4   -15.3    -6.9    -7.8     0.0     6.32 C    -1.2   -16.7    -9.2    94.1    73.1    86.3 -99.000   0.349   0.388   0.401   0.324     0.1     1.0     2.0     3.1     3.0
94085 20240102  2.622 -100.35   44.02    -0.5    -6.9    -3.7    -3.6     0.0     5.10 C    -1.3    -9.7    -5.0    98.3    71.2    91.2 -99.000   0.351   0.387   0.401   0.324     0.1     0.8     1.7     2.9     2.7
94085 20240103  2.622 -100.35   44.02    -2.8    -9.7    -6.2    -5.7     0.0     2.84 C    -3.5   -11.7    -6.3    96.0    78.2    91.5 -99.000   0.352   0.387   0.402   0.324     0.0     0.7     1.6     2.8     2.6
94085 20240104  2.622 -100.35   44.02    -0.6    -6.4    -3.5    -3.7     0.0     3.90 C    -1.1    -6.2    -3.6    98.2    93.6    95.8 -99.000   0.349   0.387   0.401   0.323     0.0     0.6     1.5     2.7     2.4
94085 20240105  2.622 -100.35   44.02     0.3    -6.3    -3.0    -3.2     0.8     5.37 C    -0.1    -8.2    -3.9    98.3    85.6    93.4 -99.000   0.348   0.385   0.400   0.323     0.1     0.6     1.5     2.6     2.3
94085 20240106  2.622 -100.35   44.02     0.3   -12.3    -6.0    -4.8     0.0     3.23 C    -0.1   -16.7    -5.9    99.2    83.5    90.7 -99.000   0.349   0.386   0.399   0.323     0.1     0.7     1.5     2.5     2.3
94085 20240107  2.622 -100.35   44.02    -6.3   -12.8    -9.6    -8.0     0.0     3.19 C    -5.6   -16.9    -8.0    93.9    90.2    92.6 -99.000   0.350   0.386   0.398   0.322     0.0     0.6     1.4     2.4     2.2
94085 20240108  2.622 -100.35   44.02    -7.9   -12.4   -10.2    -9.8     1.4     4.38 C    -7.8   -13.2    -9.6    92.4    88.5    90.7 -99.000   0.357   0.385   0.398   0.322    -0.2     0.4     1.2     2.4     2.1
94085 20240109  2.622 -100.35   44.02    -6.6   -16.0   -11.3   -11.2     1.1     8.13 C    -6.3   -18.8   -11.6    93.7    79.8    86.7 -99.000   0.366   0.384   0.399   0.322    -0.4     0.3     1.1     2.3     2.0
94085 20240110  2.622 -100.35   44.02    -0.1   -16.4    -8.3    -5.4     0.3     7.23 C    -2.1   -19.2    -7.0    95.2    70.1    81.7 -99.000 -99.000   0.382   0.396   0.322    -0.4     0.2     1.0     2.2     1.9
94085 20240111  2.622 -100.35   44.02   -15.6   -18.8   -17.2   -17.8     0.0     4.91 C   -16.5   -19.2   -17.5    82.1    72.8    76.6 -99.000 -99.000   0.382   0.394   0.321    -0.7     0.1     0.9     2.1     1.8
94085 20240112  2.622 -100.35   44.02   -18.8   -23.9   -21.3   -21.7     0.0     7.20 C   -18.1   -24.1   -21.1    83.2    75.0    79.3 -99.000 -99.000   0.384   0.395   0.321    -1.5    -0.2     0.7     2.0     1.7
94085 20240113  2.622 -100.35   44.02   -23.9   -31.1   -27.5   -28.3     0.0     8.74 C   -23.3   -31.9   -28.5    78.7    64.4    69.2 -99.000 -99.000 -99.000   0.396   0.321    -3.4    -1.2     0.4     1.8     1.5
94085 20240114  2.622 -100.35   44.02   -23.8   -31.0   -27.4   -27.1     0.0     9.20 C   -23.1   -31.8   -27.5    72.5    64.2    66.7 -99.000 -99.000 -99.000   0.397   0.320    -5.6    -3.0     0.0     1.6     1.2
94085 20240115  2.622 -100.35   44.02   -20.3   -28.0   -24.1   -23.8     0.0     8.88 C   -20.6   -29.0   -24.6    72.0    61.6    68.7 -99.000 -99.000 -99.000   0.395   0.320    -6.3    -4.0    -0.7     1.3     0.9
94085 20240116  2.622 -100.35   44.02    -7.1   -23.7   -15.4   -16.4     0.0     8.97 C    -9.5   -25.3   -18.0    76.7    49.9    62.1 -99.000 -99.000 -99.000   0.394   0.366    -6.3    -4.5    -1.4     0.9     0.5
94085 20240117  2.622 -100.35   44.02    -6.3   -11.8    -9.1    -9.1     0.0     5.64 C    -5.0   -14.2    -9.8    92.1    75.7    83.9 -99.000 -99.000 -99.000   0.401 -99.000    -4.5    -3.5    -1.6     0.6     0.2
94085 20240118  2.622 -100.35   44.02    -8.6   -21.6   -15.1   -15.9     1.2     5.68 C    -8.4   -23.4   -15.9    93.6    72.3    82.8 -99.000 -99.000 -99.000   0.414 -99.000    -4.2    -3.1    -1.5     0.4     0.0
94085 20240119  2.622 -100.35   44.02   -17.7   -22.0   -19.8   -20.0     0.0     9.04 C   -16.2   -25.9   -21.5    80.6    72.2    74.9 -99.000 -99.000 -99.000 -99.000 -99.000    -5.8    -4.2    -1.9     0.2    -0.2
94085 20240120  2.622 -100.35   44.02    -9.0   -25.4   -17.2   -17.6     0.0     8.85 C   -11.1   -26.7   -18.9    85.5    73.2    80.6 -99.000 -99.000 -99.000 -99.000 -99.000    -6.7    -5.0    -2.5     0.1    -0.4
94085 20240121  2.622 -100.35   44.02     0.7    -9.0    -4.1    -4.1     0.0     8.85 C    -0.3   -11.1    -6.5    85.3    74.3    78.7 -99.000 -99.000 -99.000 -99.000 -99.000    -4.7    -4.0    -2.4    -0.2    -0.6
94085 20240122  2.622 -100.35   44.02    -0.1    -9.0    -4.5    -6.5     0.0     8.98 C    -3.9   -11.0    -7.9    95.9    81.5    88.7 -99.000 -99.000 -99.000 -99.000 -99.000    -3.7    -3.2    -2.0    -0.3    -0.7
94085 20240123  2.622 -100.35   44.02    -2.2    -8.5    -5.3    -5.2     0.0     5.84 C    -2.5    -7.9    -5.1    97.1    91.4    94.2 -99.000 -99.000 -99.000 -99.000 -99.000    -3.2    -2.7    -1.9    -0.4    -0.7
94085 20240124  2.622 -100.35   44.02    -2.0    -7.6    -4.8    -4.2     0.0     7.08 C     0.1    -9.9    -5.5    96.8    86.9    93.5 -99.000 -99.000 -99.000 -99.000 -99.000    -2.7    -2.3    -1.6    -0.4    -0.7
94085 20240125  2.622 -100.35   44.02    -2.0   -10.8    -6.4    -4.8     0.0     9.83 C    -0.6   -11.8    -6.8    97.5    88.3    94.2 -99.000 -99.000 -99.000 -99.000 -99.000    -2.7    -2.3    -1.5    -0.4    -0.7
94085 20240126  2.622 -100.35   44.02     1.3   -12.0    -5.4    -3.5     0.0     9.03 C     0.8   -12.5    -5.7    97.3    71.3    88.5 -99.000 -99.000 -99.000 -99.000 -99.000    -2.9    -2.4    -1.5    -0.4    -0.7
94085 20240127  2.622 -100.35   44.02     1.8    -2.8    -0.5    -0.2     0.0    10.38 C     0.7    -8.0    -3.4    88.9    67.9    76.8 -99.000 -99.000 -99.000 -99.000 -99.000    -2.1    -1.9    -1.4    -0.5    -0.7
94085 20240128  2.622 -100.35   44.02     5.1    -4.4     0.3     0.6     0.0    10.17 C     0.6    -9.0    -3.0    88.8    68.2    78.1 -99.000 -99.000 -99.000 -99.000 -99.000    -2.0    -1.8    -1.3    -0.4    -0.7
94085 20240129  2.622 -100.35   44.02     5.8     2.5     4.2     4.0     0.0     8.14 C     6.0    -0.8     1.5    86.2    74.1    78.8 -99.000 -99.000 -99.000 -99.000 -99.000    -1.1    -1.3    -1.1    -0.4    -0.6
94085 20240130  2.622 -100.35   44.02     7.6     1.1     4.3     4.2     0.0     9.84 C    11.5    -1.2     2.7    91.4    62.5    81.3 -99.000 -99.000 -99.000 -99.000 -99.000    -0.7    -0.9    -0.9    -0.4    -0.5
94085 20240131  2.622 -100.35   44.02    10.1     0.5     5.3     5.4     0.0    10.58 C    17.8    -3.5     3.4    87.0    57.5    70.1 -99.000 -99.000 -99.000 -99.000 -99.000    -0.5    -0.7    -0.7    -0.3    -0.5
94085 20240201  2.622 -100.35   44.02     5.1    -1.8     1.7     0.6     0.0     7.38 C    11.5    -4.8     0.3   100.0    70.3    95.2 -99.000 -99.000 -99.000 -99.000 -99.000    -0.3    -0.5    -0.6    -0.3    -0.4
94085 20240202  2.622 -100.35   44.02     1.2    -0.4     0.4     0.6     0.0     2.28 C     3.8    -1.2     0.9   100.0    99.4   100.0 -99.000 -99.000 -99.000 -99.000 -99.000    -0.2    -0.4    -0.6    -0.3    -0.4
94085 20240203  2.622 -100.35   44.02     0.9    -0.1     0.4     0.3     0.6     1.43 C     2.7    -0.2     0.6   100.0    99.7   100.0 -99.000 -99.000 -99.000 -99.000 -99.000    -0.2    -0.3    -0.4    -0.2    -0.3
94085 20240204  2.622 -100.35   44.02     2.3     0.0     1.2     0.8     0.4     3.07 C     9.0     0.0     1.8   100.0   100.0   100.0 -99.000 -99.000 -99.000 -99.000 -99.000    -0.1    -0.2    -0.2    -0.2    -0.2
94085 20240205  2.622 -100.35   44.02    11.3    -0.9     5.2     3.9     0.0    10.62 C    13.4    -0.7     3.7   100.0    58.4    87.2 -99.000 -99.000 -99.000 -99.000 -99.000     0.2    -0.1    -0.2    -0.1    -0.2
94085 20240206  2.622 -100.35   44.02    10.6     0.8     5.7     5.5     0.0     8.40 C    16.4    -2.1     4.5   100.0    55.4    78.0 -99.000 -99.000 -99.000 -99.000 -99.000     0.7     0.0    -0.2    -0.1    -0.2
94085 20240207  2.622 -100.35   44.02     6.9     0.6     3.7     3.3     0.4     3.54 C    10.4    -0.1     3.4   100.0    84.7    98.0 -99.000 -99.000 -99.000 -99.000 -99.000     0.8     0.3    -0.2     0.0    -0.1
94085 20240208  2.622 -100.35   44.02     2.5    -0.8     0.8     0.7     4.1     5.41 C     3.1    -1.9     0.1   100.0    76.9    90.2 -99.000 -99.000 -99.000 -99.000 -99.000     0.3     0.1    -0.2     0.0    -0.1
94085 20240209  2.622 -100.35   44.02     0.2    -2.7    -1.3    -1.4     0.0     3.38 C     2.0    -2.8    -1.3    86.9    75.1    83.0 -99.000 -99.000 -99.000 -99.000 -99.000    -0.1    -0.1    -0.2     0.0    -0.1
94085 20240210  2.622 -100.35   44.02     1.3    -3.5    -1.1    -1.7     0.0     6.03 C     9.8    -7.2    -0.9    88.1    65.1    78.1 -99.000 -99.000 -99.000 -99.000 -99.000    -0.2    -0.1    -0.2     0.1    -0.1
94085 20240211  2.622 -100.35   44.02     8.9    -5.6     1.7     0.9     0.0    12.16 C    10.9    -7.7    -0.4    94.5    28.0    67.6 -99.000 -99.000 -99.000 -99.000 -99.000    -0.2    -0.1    -0.2     0.1     0.0
94085 20240212  2.622 -100.35   44.02     5.7    -0.2     2.7     2.3     0.0     6.78 C    14.7    -2.9     2.4    84.8    44.5    64.8 -99.000 -99.000 -99.000 -99.000 -99.000    -0.2    -0.1    -0.2     0.2     0.0
94085 20240213  2.622 -100.35   44.02     8.2    -1.0     3.6     2.6     0.0     9.76 C    15.3    -6.3     1.8    88.5    53.4    74.7 -99.000 -99.000 -99.000 -99.000 -99.000     0.2     0.0    -0.2     0.2     0.0
94085 20240214  2.622 -100.35   44.02    -0.2    -8.3    -4.2    -3.3    10.7     5.90 C    -1.3   -13.0    -3.7    97.9    79.7    90.5 -99.000 -99.000 -99.000 -99.000 -99.000    -0.1     0.0    -0.2     0.3     0.1
94085 20240215  2.622 -100.35   44.02    -5.7   -10.6    -8.2    -7.7     0.8     8.15 C    -2.9   -17.2    -9.3    96.2    69.5    88.2 -99.000 -99.000 -99.000   0.414 -99.000    -0.2    -0.1    -0.2     0.4     0.1
94085 20240216  2.622 -100.35   44.02    -7.8   -15.4   -11.6   -12.5     0.0    12.14 C    -8.1   -17.3   -12.9    96.2    69.6    80.3 -99.000 -99.000 -99.000   0.422 -99.000    -0.2    -0.1    -0.2     0.4     0.2
94085 20240217  2.622 -100.35   44.02    -1.5   -15.9    -8.7    -8.3     0.0    14.06 C    -3.5   -17.5   -10.3    77.0    58.9    67.5 -99.000 -99.000 -99.000   0.430 -99.000    -0.2    -0.1    -0.2     0.5     0.2
94085 20240218  2.622 -100.35   44.02    -0.2    -7.6    -3.9    -3.5     0.0    13.98 C     1.3   -11.1    -5.1    79.4    58.0    66.7 -99.000 -99.000 -99.000   0.430 -99.000    -0.3    -0.1    -0.1     0.5     0.3
94085 20240219  2.622 -100.35   44.02     5.7    -4.8     0.5    -0.3     0.0    13.62 C     4.6    -7.2    -2.0    84.8    60.4    74.1 -99.000 -99.000 -99.000   0.431 -99.000    -0.3    -0.1    -0.1     0.6     0.3
94085 20240220  2.622 -100.35   44.02     6.6    -3.1     1.8     1.7     0.0    13.89 C    14.2    -5.9     1.1    78.6    40.7    62.5 -99.000 -99.000 -99.000   0.431 -99.000    -0.3    -0.1    -0.1     0.6     0.4
94085 20240221  2.622 -100.35   44.02    10.8     1.8     6.3     6.0     0.0     9.06 C    19.6    -2.1     3.8    76.5    48.3    64.1 -99.000 -99.000 -99.000   0.431   0.424    -0.2    -0.1     0.0     0.7     0.4
94085 20240222  2.622 -100.35   44.02    11.3     0.9     6.1     5.4     0.0    14.40 C    13.5    -1.3     3.9    84.1    45.2    65.1 -99.000 -99.000 -99.000   0.433   0.425    -0.2     0.0     0.0     0.8     0.4
94085 20240223  2.622 -100.35   44.02    10.9    -3.0     3.9     3.8     0.0    13.79 C    14.2    -5.2     2.6    93.6    38.3    67.3 -99.000 -99.000 -99.000   0.439   0.410    -0.1     0.0     0.2     0.8     0.5
94085 20240224  2.622 -100.35   44.02    15.8    -3.9     6.0     6.3     0.0    14.13 C    17.4    -5.3     4.4    94.6    22.5    54.6 -99.000 -99.000 -99.000   0.447   0.410     0.1     0.2     0.3     0.9     0.5
94085 20240225  2.622 -100.35   44.02    13.2     0.0     6.6     6.6     0.0    11.69 C    24.0    -4.1     6.3    90.6    40.4    61.4   0.354   0.417   0.439   0.450   0.411     1.5     1.2     0.8     1.0     0.6
94085 20240226  2.622 -100.35   44.02    20.4     0.6    10.5    10.4     0.0    14.80 C    31.7    -2.4     8.9    88.5    18.7    44.3   0.348   0.424   0.440   0.453   0.408     2.8     2.3     1.5     1.4     1.1
94085 20240227  2.622 -100.35   44.02     9.3   -17.2    -3.9    -9.6     0.0     5.44 C     5.1   -19.1    -9.3    84.5    44.0    73.6   0.338   0.420   0.439   0.454   0.402     1.8     2.2     2.1     1.8     1.7
94085 20240228  2.622 -100.35   44.02     6.5   -18.0    -5.7    -7.0     0.0    15.97 C    13.6   -19.9    -6.5    83.7    25.3    64.8   0.340   0.418   0.434   0.450   0.395     0.3     0.9     1.5     1.9     1.7
94085 20240229  2.622 -100.35   44.02    18.9    -5.0     6.9     6.2     0.0    16.00 C    25.8    -7.5     4.5    77.4    19.1    47.3 -99.000   0.419   0.430   0.447   0.391     0.1     0.6     1.1     1.7     1.5
94085 20240301  2.622 -100.35   44.02    21.0     2.4    11.7    10.4     0.0    15.99 C    28.2    -3.7     8.8    75.3    18.0    43.3 -99.000   0.416   0.429   0.445   0.388     1.0     0.9     1.1     1.6     1.4
94085 20240302  2.622 -100.35   44.02     7.6    -2.4     2.6     2.5     0.0     8.97 C    16.9    -4.7     3.6    96.5    61.8    79.5   0.324   0.413   0.430   0.446   0.388     2.2     2.0     1.7     1.7     1.6
94085 20240303  2.622 -100.35   44.02    11.1    -1.4     4.9     2.9     0.0    12.12 C    14.9    -4.6     2.8   100.0    22.7    69.2   0.322   0.412   0.430   0.446   0.388     2.3     2.3     2.2     2.0     2.0
94085 20240304  2.622 -100.35   44.02     2.1    -6.4    -2.2    -2.0     0.0    14.43 C    19.9    -7.6     0.5    76.2    38.4    56.1   0.319   0.410   0.430   0.445   0.386     1.9     2.1     2.2     2.2     2.2
94085 20240305  2.622 -100.35   44.02     8.3    -3.6     2.3     1.0     0.2    17.24 C    16.1    -6.9     1.0    89.5    31.7    60.8   0.316   0.408   0.430   0.444   0.385     1.7     1.9     2.1     2.2     2.2
94085 20240306  2.622 -100.35   44.02    12.3    -4.5     3.9     1.0     0.4     6.99 C    19.7   -10.3     0.4    89.6    37.2    66.2   0.315   0.407   0.429   0.445   0.384     1.7     1.9     2.1     2.2     2.2
94085 20240307  2.622 -100.35   44.02     1.0    -5.4    -2.2    -2.6     0.0     6.76 C     8.7    -5.3    -1.2    90.4    37.4    66.6   0.313   0.405   0.427   0.442   0.383     1.2     1.6     1.9     2.2     2.2
94085 20240308  2.622 -100.35   44.02     8.4    -6.1     1.2     0.4     0.0    17.55 C    21.4   -11.5     1.5    68.6    30.0    50.7   0.314   0.404   0.425   0.443   0.382     1.6     1.7     1.8     2.2     2.1
94085 20240309  2.622 -100.35   44.02    12.3    -3.6     4.3     3.8     0.0    17.84 C    26.5   -11.0     4.1    64.3    22.2    43.6   0.314   0.405   0.426   0.443   0.381     1.9     1.9     2.0     2.2     2.2
94085 20240310  2.622 -100.35   44.02    18.0    -5.2     6.4     7.3     0.0    17.32 C    32.3    -9.6     6.6    81.1    19.5    44.1   0.314   0.405   0.427   0.443   0.380     2.8     2.5     2.3     2.3     2.3
94085 20240311  2.622 -100.35   44.02    19.1     2.9    11.0    10.3     0.0    15.45 C    30.1    -3.8     7.8    52.2    18.1    36.5   0.315   0.407   0.427   0.442   0.380     3.7     3.4     2.9     2.6     2.6
94085 20240312  2.622 -100.35   44.02    19.5     0.9    10.2    10.9     0.0    16.43 C    28.4    -4.6    10.0    75.8    20.5    41.6   0.315   0.408   0.428   0.442   0.379     4.3     3.9     3.3     2.9     3.0
94085 20240313  2.622 -100.35   44.02    15.3     1.5     8.4     8.6     0.0    14.13 C    25.1    -1.6     8.9    76.5    31.4    47.9   0.315   0.409   0.429   0.443   0.379     5.1     4.6     3.9     3.2     3.4
94085 20240314  2.622 -100.35   44.02     9.3    -3.1     3.1     3.8     0.0    11.71 C    17.3    -5.7     4.3    88.8    54.5    74.2   0.312   0.408   0.431   0.444   0.378     4.6     4.5     4.1     3.6     3.7
94085 20240315  2.622 -100.35   44.02    15.8    -2.1     6.9     6.7     0.0    19.09 C    24.9    -5.8     8.1    81.5    24.4    53.2   0.310   0.406   0.428   0.444   0.378     4.6     4.4     4.1     3.8     3.8
94085 20240316  2.622 -100.35   44.02     9.5    -3.7     2.9     3.6     0.0    17.53 C    17.3    -7.8     3.6    75.5    26.2    52.4   0.308   0.405   0.429   0.444   0.378     4.6     4.6     4.2     3.9     4.0
94085 20240317  2.622 -100.35   44.02     0.8   -11.3    -5.3    -4.3     0.0    17.13 C    12.8   -14.9    -3.2    82.5    39.6    62.8   0.302   0.401   0.427   0.443   0.377     3.1     3.6     4.0     4.0     4.0
94085 20240318  2.622 -100.35   44.02    14.5   -12.9     0.8     0.6     0.0    19.64 C    23.0   -16.6     2.1    84.8    17.9    50.2   0.298   0.398   0.425   0.441   0.376     2.4     2.7     3.3     3.7     3.7
94085 20240319  2.622 -100.35   44.02    18.0     0.9     9.4     8.7     0.0    16.82 C    32.6    -2.3     9.5    76.3    24.0    48.5   0.302   0.401   0.424   0.440   0.375     4.1     3.8     3.5     3.6     3.5
94085 20240320  2.622 -100.35   44.02     2.3    -8.7    -3.2    -3.2     0.0    11.07 C    15.4   -11.1    -0.9    90.7    34.0    56.0   0.299   0.400   0.426   0.441   0.375     3.7     4.0     3.9     3.8     3.8
94085 20240321  2.622 -100.35   44.02     9.6    -7.0     1.3    -0.3     0.0    16.74 C    25.4    -8.7     2.7    70.0    26.3    47.0   0.295   0.398   0.424   0.440   0.375     3.1     3.3     3.6     3.8     3.7
94085 20240322  2.622 -100.35   44.02    -0.2    -6.8    -3.5    -3.6     0.0     7.75 C    17.0    -8.3    -0.7    88.5    50.5    68.2   0.293   0.397   0.423   0.440   0.374     3.1     3.3     3.6     3.7     3.7
94085 20240323  2.622 -100.35   44.02    -1.3    -6.4    -3.8    -4.6     0.0     3.09 C     1.7    -7.3    -3.9    89.1    65.0    75.3   0.289   0.394   0.421   0.440   0.373     2.0     2.6     3.3     3.6     3.6
94085 20240324  2.622 -100.35   44.02    -1.9    -4.9    -3.4    -3.8    10.5     7.06 C    -1.5    -5.0    -3.6    98.2    87.6    94.6   0.286   0.392   0.419   0.437   0.373     1.5     2.0     2.8     3.4     3.3
94085 20240325  2.622 -100.35   44.02    -4.4    -9.9    -7.1    -6.4     0.2    11.04 C    -4.6   -12.5    -6.6    93.8    69.0    84.6   0.285   0.392   0.420   0.437   0.372     1.7     2.0     2.6     3.1     3.1
94085 20240326  2.622 -100.35   44.02    -6.4   -16.1   -11.3   -11.0     0.0    22.89 C    -6.4   -18.4   -12.7    80.8    56.1    70.1   0.289   0.390   0.418   0.436   0.371     1.3     1.7     2.4     3.0     2.9
94085 20240327  2.622 -100.35   44.02    -1.5   -15.6    -8.6    -7.9     0.0    22.05 C     0.9   -21.0    -9.1    81.6    54.9    66.2   0.291   0.391   0.415   0.433   0.371     1.2     1.6     2.2     2.9     2.7
94085 20240328  2.622 -100.35   44.02     7.4    -7.9    -0.2    -0.3     0.0    19.90 C    11.0   -10.3    -1.1    88.3    64.1    77.3   0.302   0.402   0.415   0.434   0.370     1.5     1.7     2.1     2.7     2.6
94085 20240329  2.622 -100.35   44.02     8.2    -1.9     3.1     3.4     0.0    13.09 C    15.0    -3.7     4.0    99.7    61.7    80.6   0.318   0.408   0.421   0.434   0.370     2.6     2.5     2.3     2.7     2.7
94085 20240330  2.622 -100.35   44.02     3.9     0.0     2.0     1.6     0.4     5.18 C    13.1    -0.2     3.4    92.3    65.5    77.6   0.316   0.406   0.423   0.436   0.370     3.1     3.0     2.8     2.9     3.0
94085 20240331  2.622 -100.35   44.02     0.9    -0.6     0.1     0.1     5.1     2.79 C     0.8    -0.5     0.0    99.4    89.8    97.2   0.321   0.408   0.423   0.438   0.370     2.6     2.9     3.0     3.1     3.2
94085 20240401  2.622 -100.35   44.02    -0.5    -4.8    -2.7    -1.9    14.8    10.00 C    -0.4    -6.8    -1.9    98.6    93.5    96.5   0.331   0.416   0.426   0.440   0.370     1.9     2.3     2.7     3.0     3.1
94085 20240402  2.622 -100.35   44.02     6.3    -5.7     0.3     0.2     0.0    23.93 C     5.7    -8.0    -1.7    96.8    60.3    79.8   0.352   0.433   0.436   0.446   0.376     1.7     2.0     2.5     2.9     3.0
94085 20240403  2.622 -100.35   44.02    10.9    -3.4     3.7     3.4     0.0    21.36 C    20.7    -6.0     3.8    84.5    30.7    61.3   0.365   0.453   0.468   0.480   0.427     2.5     2.3     2.4     2.9     2.8
94085 20240404  2.622 -100.35   44.02    14.4     1.3     7.8     7.2     0.0    23.11 C    28.5    -5.4     8.3    65.0    28.6    47.0   0.356   0.443   0.461   0.477   0.420     3.8     3.4     3.0     2.9     3.0
94085 20240405  2.622 -100.35   44.02    17.0    -0.7     8.2     8.0     0.0    16.29 C    24.7    -2.9     8.0    74.1    26.5    49.9   0.349   0.436   0.457   0.472   0.411     4.5     4.2     3.7     3.3     3.4
94085 20240406  2.622 -100.35   44.02    15.9     4.9    10.4     9.3     3.3    13.75 C    25.4     2.4     9.7    96.8    43.6    66.0   0.347   0.433   0.453   0.466   0.405     5.3     4.9     4.1     3.7     3.8
94085 20240407  2.622 -100.35   44.02     7.9     3.7     5.8     5.2    10.2     2.71 C     9.0     3.8     5.2    99.3    81.9    92.1   0.378   0.455   0.467   0.478   0.420     5.4     5.2     4.6     4.0     4.2
94085 20240408  2.622 -100.35   44.02     6.4     0.7     3.5     3.4     1.1     8.11 C     8.7    -1.1     3.5    98.9    71.9    90.9   0.372   0.457   0.476   0.491   0.433     4.9     4.9     4.6     4.2     4.4
94085 20240409  2.622 -100.35   44.02    17.5     1.6     9.6     9.7     0.0    21.50 C    29.3    -0.3    10.0    93.9    29.6    58.4   0.361   0.446   0.464   0.481   0.418     5.5     5.0     4.6     4.2     4.4
94085 20240410  2.622 -100.35   44.02    17.4     4.6    11.0     9.4     0.0    19.92 C    25.2     1.9     9.8    76.0    33.7    56.6   0.355   0.439   0.457   0.474   0.409     6.5     6.1     5.3     4.5     4.7
94085 20240411  2.622 -100.35   44.02    14.2    -0.5     6.8     6.9     0.0    24.56 C    24.0    -6.4     7.0    73.0    21.9    46.1   0.347   0.434   0.453   0.470   0.403     6.2     6.0     5.5     4.8     5.1
94085 20240412  2.622 -100.35   44.02    20.9     0.6    10.8    11.0     0.0    24.49 C    32.1    -6.5    11.7    64.7    22.0    40.0   0.343   0.429   0.449   0.465   0.398     6.4     6.0     5.5     5.0     5.2
94085 20240413  2.622 -100.35   44.02    31.4     5.5    18.4    18.6     0.0    23.52 C    45.1     1.8    19.0    75.2    14.6    40.9   0.342   0.429   0.447   0.463   0.395     8.6     7.5     6.3     5.2     5.5
94085 20240414  2.622 -100.35   44.02    23.7     6.9    15.3    15.4     0.0    24.23 C    40.1     2.3    17.4    71.3    27.1    45.6   0.335   0.428   0.448   0.462   0.393     9.9     8.9     7.5     5.8     6.1
94085 20240415  2.622 -100.35   44.02    25.1     8.3    16.7    16.7     2.8    21.32 C    32.9     5.5    17.3    63.5    25.6    40.9   0.326   0.425   0.447   0.461   0.391    10.2     9.4     8.1     6.4     6.8
94085 20240416  2.622 -100.35   44.02    17.5     5.9    11.7    10.4     6.2     0.87 C    14.6     4.6     9.6    99.0    54.1    90.3   0.331   0.425   0.446   0.461   0.390     9.9     9.5     8.6     6.9     7.3
94085 20240417  2.622 -100.35   44.02    11.1     3.7     7.4     6.9     0.0    15.59 C    23.5     2.2     7.7    94.7    46.5    73.2   0.356   0.432   0.445   0.461   0.389     8.3     8.2     8.0     7.1     7.3
94085 20240418  2.622 -100.35   44.02     9.2    -2.1     3.6     3.5     0.0    16.53 C    17.1    -5.4     3.5    80.6    28.9    53.0   0.344   0.425   0.442   0.460   0.389     6.8     7.2     7.4     7.0     7.1
94085 20240419  2.622 -100.35   44.02     6.6    -3.3     1.6     1.1     0.0    18.61 C    13.9    -5.7     1.7    68.9    34.6    51.3   0.336   0.420   0.439   0.459   0.388     5.4     5.9     6.4     6.6     6.7
94085 20240420  2.622 -100.35   44.02     8.9    -4.3     2.3     2.4     0.0    22.02 C    22.1    -7.1     3.9    80.3    34.8    54.6   0.332   0.416   0.435   0.456   0.386     5.3     5.6     5.8     6.2     6.3
94085 20240421  2.622 -100.35   44.02    17.9    -0.9     8.5     8.4     0.0    26.41 C    33.1    -4.5    11.2    62.6    21.0    41.1   0.331   0.416   0.435   0.455   0.385     6.5     6.2     6.0     6.0     6.1
94085 20240422  2.622 -100.35   44.02    19.2     6.3    12.7    13.0     0.0    22.59 C    28.7     0.7    13.2    66.3    17.8    36.1   0.328   0.416   0.437   0.455   0.384     8.0     7.5     6.8     6.2     6.3
94085 20240423  2.622 -100.35   44.02    16.3     3.9    10.1    10.6     0.0    26.49 C    28.0    -1.1    11.3    62.4    23.4    41.9   0.321   0.414   0.436   0.455   0.383     8.4     8.0     7.3     6.4     6.7
94085 20240424  2.622 -100.35   44.02    21.7     2.3    12.0    12.5     0.0    21.18 C    33.3    -3.6    13.1    67.2    28.2    45.1   0.312   0.412   0.435   0.454   0.382     8.6     8.2     7.6     6.7     7.0
94085 20240425  2.622 -100.35   44.02    24.9     6.0    15.5    14.5    26.5    23.57 C    38.6     3.5    17.3    98.9    39.1    64.3   0.320   0.417   0.435   0.452   0.381    10.2     9.3     8.2     7.0     7.3
94085 20240426  2.622 -100.35   44.02    11.7     7.8     9.8    10.0    14.7     4.02 C    15.6     7.3    10.7    99.7    93.0    97.4   0.429   0.503   0.508   0.508   0.478    10.8    10.2     9.2     7.6     8.0
94085 20240427  2.622 -100.35   44.02     9.2     5.6     7.4     7.1     0.6     4.27 C    12.3     5.7     7.5    99.0    79.4    92.0   0.396   0.481   0.495   0.509   0.487     9.3     9.3     9.1     8.0     8.3
94085 20240428  2.622 -100.35   44.02     5.9     2.4     4.2     4.7    12.6     4.23 C     9.0     2.4     5.4    98.8    88.9    95.6   0.410   0.487   0.503   0.527   0.496     8.1     8.4     8.4     8.0     8.2
94085 20240429  2.622 -100.35   44.02    17.9     1.7     9.8     8.6     1.1    21.42 C    29.2     1.7    11.5    97.7    41.2    77.3   0.403   0.483   0.505   0.538   0.513     8.7     8.3     7.9     7.7     7.9
94085 20240430  2.622 -100.35   44.02    16.2     5.8    11.0    11.7     1.8    16.31 C    21.2     2.1    11.0    89.9    40.8    65.7   0.386   0.467   0.486   0.528   0.482    10.1     9.6     8.8     7.8     8.1
94085 20240501  2.622 -100.35   44.02    13.2     2.6     7.9     8.4     0.8     7.91 C    20.3     0.5     8.2    82.7    40.0    64.9   0.373   0.455   0.475   0.498   0.448     8.8     8.9     8.7     8.1     8.3
94085 20240502  2.622 -100.35   44.02    16.5     3.0     9.7     9.4     0.0    20.29 C    27.5     0.4     9.8    95.7    26.0    63.7   0.368   0.448   0.466   0.488   0.429     9.1     8.9     8.5     8.1     8.2
94085 20240503  2.622 -100.35   44.02    10.5     1.2     5.8     5.2     8.4    10.08 C    22.9    -2.4     6.0    97.2    51.9    80.1   0.371   0.447   0.463   0.481   0.418     8.4     8.6     8.5     8.1     8.3
94085 20240504  2.622 -100.35   44.02    15.3     1.4     8.3     8.6     0.3    27.21 C    31.0    -0.2    10.9    95.3    33.8    64.5   0.386   0.459   0.470   0.489   0.427     9.0     8.6     8.2     7.9     8.1
94085 20240505  2.622 -100.35   44.02    20.6     3.5    12.1    13.1     0.0    25.45 C    31.0     1.3    14.7    85.7    37.5    60.8   0.374   0.451   0.467   0.484   0.418    10.4     9.7     8.9     8.0     8.3
94085 20240506  2.622 -100.35   44.02    20.1     8.6    14.4    13.4     5.2     6.09 C    22.9     6.2    12.5    96.6    54.6    80.2   0.373   0.450   0.465   0.480   0.413    11.2    10.6     9.7     8.4     8.8
94085 20240507  2.622 -100.35   44.02    13.6     6.1     9.8     9.5     0.9     7.86 C    13.5     0.4     8.2    92.9    48.8    68.5   0.371   0.449   0.462   0.481   0.411     9.8     9.8     9.6     8.7     9.0
94085 20240508  2.622 -100.35   44.02    15.7     5.5    10.6    10.1     0.9    20.95 C    37.9     0.8    13.1    96.0    48.5    70.0   0.368   0.446   0.458   0.474   0.408    10.5     9.9     9.3     8.6     8.9
94085 20240509  2.622 -100.35   44.02    20.4     7.9    14.2    13.5     0.5    17.74 C    35.6     7.0    14.9    98.1    38.2    73.4   0.366   0.445   0.458   0.471   0.406    12.0    11.1    10.1     8.9     9.1
94085 20240510  2.622 -100.35   44.02    22.0     9.5    15.7    16.1     0.0    27.08 C    34.3     6.6    17.4    82.2    29.6    52.2   0.358   0.442   0.456   0.471   0.404    12.9    12.0    10.8     9.2     9.6
94085 20240511  2.622 -100.35   44.02    25.0     9.5    17.3    17.8     0.0    27.50 C    41.0     5.6    20.1    78.5    29.5    50.5   0.345   0.438   0.455   0.469   0.402    14.1    12.9    11.5     9.7    10.1
94085 20240512  2.622 -100.35   44.02    25.8    10.2    18.0    18.1     0.0    21.65 C    40.3     6.9    19.8    72.4    27.0    51.1   0.324   0.432   0.453   0.467   0.399    14.9    13.8    12.3    10.2    10.7
94085 20240513  2.622 -100.35   44.02    23.3     9.0    16.1    16.1     0.0    19.98 C    42.8     2.5    19.8    70.7    27.8    47.2   0.296   0.424   0.451   0.466   0.397    15.2    14.1    12.8    10.7    11.2
94085 20240514  2.622 -100.35   44.02    25.9     7.1    16.5    15.0    19.0    13.32 C    41.6     5.1    16.8    92.9    38.7    68.9   0.297   0.422   0.448   0.467   0.395    14.8    14.2    13.1    11.1    11.6
94085 20240515  2.622 -100.35   44.02    15.4     8.5    11.9    12.3     3.3    10.54 C    19.1     5.2    12.3    96.9    68.1    87.4   0.401   0.472   0.464   0.471   0.400    13.9    13.6    12.9    11.3    11.8
94085 20240516  2.622 -100.35   44.02    25.5     6.6    16.0    16.5     0.0    24.24 C    40.0     3.7    18.5    97.4    30.5    65.9   0.385   0.462   0.470   0.478   0.409    14.4    13.5    12.6    11.3    11.7
94085 20240517  2.622 -100.35   44.02    29.5     9.8    19.7    20.4     0.0    26.62 C    43.3     6.6    23.2    85.8    31.2    57.4   0.367   0.452   0.466   0.476   0.407    16.4    15.1    13.5    11.5    12.0
94085 20240518  2.622 -100.35   44.02    20.0     9.6    14.8    14.9     0.0    28.34 C    30.5     6.1    16.5    92.3    29.0    52.7   0.342   0.440   0.461   0.475   0.404    16.2    15.5    14.2    12.0    12.6
94085 20240519  2.622 -100.35   44.02    28.1     8.3    18.2    16.9     0.0    19.87 C    38.8     5.8    18.7    91.7    38.7    61.3   0.317   0.428   0.456   0.472   0.401    15.6    14.9    14.0    12.3    12.8
94085 20240520  2.622 -100.35   44.02    15.0     9.0    12.0    11.2     2.1     7.59 C    19.2     8.4    11.4    93.8    61.5    79.9   0.297   0.422   0.453   0.471   0.399    14.5    14.4    13.9    12.4    12.9
94085 20240521  2.622 -100.35   44.02    17.6     8.9    13.3    11.8     3.0    13.40 C    25.3     8.4    12.7    97.8    52.3    82.1   0.300   0.417   0.450   0.470   0.398    13.6    13.5    13.2    12.3    12.6
94085 20240522  2.622 -100.35   44.02    21.6     7.7    14.6    14.4     0.0    26.76 C    41.2     6.3    18.4    88.8    38.3    64.3   0.293   0.410   0.447   0.467   0.395    14.6    13.9    13.1    12.1    12.4
94085 20240523  2.622 -100.35   44.02    26.7    10.7    18.7    17.2     3.8    19.32 C    39.3     8.3    19.1    82.6    42.6    64.9   0.279   0.403   0.443   0.466   0.393    15.4    14.6    13.7    12.2    12.6
94085 20240524  2.622 -100.35   44.02    17.3     6.1    11.7    11.5     0.0    24.11 C    25.3     3.5    12.0    84.6    40.5    65.5   0.279   0.398   0.442   0.463   0.392    13.9    13.9    13.6    12.4    12.8
94085 20240525  2.622 -100.35   44.02    19.7     6.6    13.1    12.7     0.5     9.64 C    32.7     2.9    13.3    97.1    50.2    75.0   0.275   0.396   0.440   0.461   0.391    13.1    13.1    13.0    12.3    12.5
94085 20240526  2.622 -100.35   44.02    21.0     6.6    13.8    13.8     0.5    18.82 C    48.5     3.8    17.3    98.9    43.1    81.2   0.277   0.397   0.440   0.461   0.390    14.2    13.6    12.9    12.1    12.3
94085 20240527  2.622 -100.35   44.02    22.2     8.0    15.1    15.2     0.0    25.74 C    35.7     6.6    17.5    94.7    39.8    65.9   0.278   0.397   0.441   0.461   0.389    14.8    14.2    13.4    12.2    12.5
94085 20240528  2.622 -100.35   44.02    22.4     9.1    15.7    16.0     0.0    28.05 C    46.6     4.8    21.6    83.5    35.6    58.5   0.278   0.399   0.441   0.461   0.389    15.9    14.9    13.8    12.4    12.7
94085 20240529  2.622 -100.35   44.02    27.2     7.5    17.3    18.2     0.0    27.91 C    40.0     5.0    21.6    90.3    39.7    62.0   0.276   0.399   0.442   0.460   0.389    16.3    15.5    14.4    12.7    13.1
94085 20240530  2.622 -100.35   44.02    22.5    10.0    16.2    17.4     0.0    21.70 C    39.9     7.0    21.1    84.0    42.4    67.0   0.275   0.400   0.442   0.458   0.388    17.2    16.3    15.0    13.1    13.5
94085 20240531  2.622 -100.35   44.02    19.4     8.8    14.1    14.2     1.5    13.99 C    40.1     4.4    16.3    87.0    42.5    64.3   0.267   0.396   0.442   0.463   0.389    16.3    15.8    15.0    13.4    13.8
94085 20240601  2.622 -100.35   44.02    26.3     7.9    17.1    17.8     0.0    28.02 C    51.1     3.5    24.4    83.7    32.2    59.2   0.264   0.395   0.441   0.459   0.388    17.0    16.0    14.9    13.4    13.8
94085 20240602  2.622 -100.35   44.02    31.0    14.0    22.5    21.1     2.4    26.75 C    49.1    11.7    24.8    96.1    33.1    70.6   0.265   0.395   0.442   0.462   0.388    18.6    17.3    15.8    13.7    14.2
94085 20240603  2.622 -100.35   44.02    28.8    12.0    20.4    21.9     0.0    25.15 C    47.9     8.6    26.0    98.0    36.2    63.2   0.261   0.393   0.444   0.464   0.387    19.0    17.9    16.4    14.2    14.7
94085 20240604  2.622 -100.35   44.02    23.0    12.4    17.7    18.1     0.2    18.08 C    37.5     7.7    19.0    81.9    25.9    57.0   0.254   0.388   0.442   0.466   0.387    18.3    17.8    16.8    14.6    15.2
94085 20240605  2.622 -100.35   44.02    25.5    10.7    18.1    18.1     0.0    23.51 C    38.7     6.5    19.4    78.6    26.4    47.9   0.246   0.379   0.438   0.464   0.386    17.1    16.7    16.1    14.7    15.1
94085 20240606  2.622 -100.35   44.02    26.6     9.5    18.0    18.8     0.0    30.18 C    39.9     6.3    20.8    65.5    24.2    39.9   0.240   0.372   0.435   0.461   0.384    17.3    16.7    15.9    14.6    14.9
94085 20240607  2.622 -100.35   44.02    23.0    12.2    17.6    16.3     2.1    11.84 C    31.5     5.3    14.7    90.9    39.9    65.6   0.232   0.365   0.432   0.459   0.382    16.3    16.2    15.8    14.5    14.9
94085 20240608  2.622 -100.35   44.02    21.8    10.9    16.3    15.9     0.0    16.16 C    44.0     6.4    19.0    98.7    36.4    63.7   0.230   0.361   0.429   0.458   0.381    16.6    16.1    15.5    14.4    14.7
94085 20240609  2.622 -100.35   44.02    25.6    11.3    18.4    18.9     0.0    23.52 C    52.2     5.4    23.7    67.2    31.8    46.4   0.228   0.356   0.427   0.461   0.379    17.6    16.8    15.8    14.4    14.8
94085 20240610  2.622 -100.35   44.02    29.3    10.8    20.0    19.4     4.3    20.28 C    44.8     8.6    22.1    98.0    34.1    64.4   0.226   0.350   0.424   0.460   0.377    18.0    17.3    16.3    14.6    15.1
94085 20240611  2.622 -100.35   44.02    28.6    13.7    21.2    21.1     0.0    28.17 C    49.4    12.0    25.9    94.1    36.2    66.4   0.235   0.344   0.422   0.463   0.374    19.2    17.9    16.6    14.9    15.3
94085 20240612  2.622 -100.35   44.02    32.2    17.1    24.7    24.6     0.0    29.02 C    54.5    13.3    30.3    85.1    31.3    55.3   0.231   0.338   0.419   0.463   0.371    20.9    19.4    17.6    15.2    15.8
94085 20240613  2.622 -100.35   44.02    27.7    14.8    21.3    21.8     0.0    26.91 C    50.3    10.1    26.2    74.0    21.8    45.2   0.221   0.327   0.415   0.463   0.367    21.0    19.8    18.3    15.8    16.4
94085 20240614  2.622 -100.35   44.02    24.8    13.2    19.0    19.3     0.3    11.39 C    37.8     8.8    19.5    83.2    38.8    60.0   0.209   0.314   0.408   0.461   0.364    19.1    18.8    18.1    16.2    16.6
94085 20240615  2.622 -100.35   44.02    29.5    16.4    22.9    22.6     2.8    24.42 C    48.4    14.6    27.1    94.2    44.2    73.0   0.206   0.306   0.400   0.459   0.361    20.0    18.8    17.7    16.1    16.5
94085 20240616  2.622 -100.35   44.02    23.9    13.5    18.7    18.9     0.0    21.29 C    41.8     9.0    20.9    81.4    24.1    49.4   0.199   0.298   0.393   0.457   0.356    19.5    19.0    18.1    16.3    16.7
94085 20240617  2.622 -100.35   44.02    21.7    11.3    16.5    16.4     1.2     5.99 C    25.1    11.0    17.0    97.9    44.9    87.5   0.192   0.289   0.386   0.455   0.353    17.8    17.7    17.5    16.3    16.6
94085 20240618  2.622 -100.35   44.02    24.6    10.5    17.5    16.6     0.3    18.78 C    29.7     8.3    17.4    97.6    34.3    71.2   0.191   0.286   0.383   0.451   0.352    17.9    17.6    17.1    16.0    16.3
94085 20240619  2.622 -100.35   44.02    21.7     8.2    14.9    14.2     2.2    16.73 C    43.4     6.9    18.7    93.7    46.6    76.1   0.187   0.279   0.375   0.449   0.348    17.1    16.8    16.6    15.8    16.0
94085 20240620  2.622 -100.35   44.02    17.1    12.9    15.0    14.9    43.1     2.95 C    20.0    13.1    15.3    99.9    94.1    98.6   0.354   0.397   0.404   0.445   0.346    16.6    16.7    16.5    15.7    15.9
94085 20240621  2.622 -100.35   44.02    21.5    15.9    18.7    18.7     0.4     6.56 C    27.6    15.0    19.4    99.5    86.8    95.7   0.397   0.482   0.489   0.486   0.376    17.3    16.8    16.3    15.5    15.7
94085 20240622  2.622 -100.35   44.02    26.9    15.6    21.2    21.3     6.5    25.00 C    44.3    15.6    26.0    99.7    51.1    79.9   0.405   0.481   0.490   0.504   0.405    20.1    18.6    17.1    15.6    15.9
94085 20240623  2.622 -100.35   44.02    30.4    16.2    23.3    23.6     0.0    27.95 C    47.5    13.8    28.1    95.9    59.5    80.0   0.388   0.468   0.485   0.505   0.415    21.5    20.1    18.4    16.1    16.6
94085 20240624  2.622 -100.35   44.02    31.6    19.4    25.5    25.6     0.8    28.21 C    45.9    18.1    29.4   100.0    38.8    77.0   0.373   0.454   0.477   0.499   0.410    22.8    21.4    19.5    16.8    17.4
94085 20240625  2.622 -100.35   44.02    30.4    19.1    24.7    25.0     0.0    24.65 C    49.6    15.5    29.4    84.7    39.7    60.9   0.353   0.436   0.469   0.492   0.405    23.4    22.0    20.2    17.4    18.0
94085 20240626  2.622 -100.35   44.02    26.4    13.9    20.2    21.0     0.0    25.14 C    49.5    12.5    27.2    95.6    45.3    63.4   0.329   0.418   0.462   0.483   0.401    23.0    22.0    20.6    18.0    18.5
94085 20240627  2.622 -100.35   44.02    28.1    16.6    22.4    21.4     3.8    14.87 C    36.1    16.3    22.6    96.6    69.7    85.0   0.306   0.403   0.456   0.478   0.398    22.0    21.4    20.5    18.3    18.8
94085 20240628  2.622 -100.35   44.02    25.1    16.7    20.9    20.3     0.0    26.96 C    44.0    14.7    24.7    96.6    41.4    68.3   0.290   0.390   0.448   0.474   0.396    21.9    21.2    20.2    18.3    18.7
94085 20240629  2.622 -100.35   44.02    20.9    11.4    16.1    16.1     0.0    23.17 C    43.8    10.6    20.4    91.0    53.2    69.7   0.267   0.371   0.440   0.470   0.391    20.7    20.4    19.9    18.3    18.7
94085 20240630  2.622 -100.35   44.02    24.9     9.8    17.4    18.0     0.0    21.57 C    37.6     9.3    20.5    96.8    50.0    71.0   0.250   0.355   0.429   0.465   0.387    19.8    19.6    19.3    18.1    18.4
94085 20240701  2.622 -100.35   44.02    27.7    15.4    21.6    21.2     4.8    17.79 C    43.0    13.5    23.4    96.4    64.4    79.2   0.240   0.340   0.419   0.463   0.382    20.6    20.0    19.2    17.9    18.2
94085 20240702  2.622 -100.35   44.02 -9999.0 -9999.0 -9999.0 -9999.0 -9999.0 -9999.00 U -9999.0 -9999.0 -9999.0 -9999.0 -9999.0 -9999.0 -99.000 -99.000 -99.000 -99.000 -99.000 -9999.0 -9999.0 -9999.0 -9999.0 -9999.0
