25381 20240101  2.424 -131.59   55.05     6.8     3.0     4.9     5.1     9.7     1.75 C     7.9     2.7     4.7    92.2    57.2    80.0 -99.000 -99.000 -99.000 -99.000 -99.000 -9999.0 -9999.0 -9999.0 -9999.0 -9999.0
25381 20240102  2.424 -131.59   55.05     7.1     3.6     5.4     5.6     0.6     0.78 C     8.5     2.9     5.2    93.1    73.0    82.3 -99.000 -99.000 -99.000 -99.000 -99.000 -9999.0 -9999.0 -9999.0 -9999.0 -9999.0
25381 20240103  2.424 -131.59   55.05     8.1     3.7     5.9     6.1    18.8     0.63 C     8.4     3.6     5.8    95.6    72.8    88.4 -99.000 -99.000 -99.000 -99.000 -99.000 -9999.0 -9999.0 -9999.0 -9999.0 -9999.0
25381 20240104  2.424 -131.59   55.05     7.1     3.0     5.0     5.2     6.7     1.03 C     6.7     2.9     4.7    92.8    69.8    82.3 -99.000 -99.000 -99.000 -99.000 -99.000 -9999.0 -9999.0 -9999.0 -9999.0 -9999.0
25381 20240105  2.424 -131.59   55.05     6.0     0.8     3.4     3.6    29.0     0.17 C     5.7     0.0     3.0    96.1    81.6    90.6 -99.000 -99.000 -99.000 -99.000 -99.000 -9999.0 -9999.0 -9999.0 -9999.0 -9999.0
25381 20240106  2.424 -131.59   55.05     4.3    -2.7     0.8     2.1     0.2     1.89 C     6.3    -3.4     1.6    96.0    72.3    84.2 -99.000 -99.000 -99.000 -99.000 -99.000 -9999.0 -9999.0 -9999.0 -9999.0 -9999.0
25381 20240107  2.424 -131.59   55.05     3.0    -4.4    -0.7     0.1     1.3     0.59 C     2.6    -5.5    -0.6    96.4    61.3    83.9 -99.000 -99.000 -99.000 -99.000 -99.000 -9999.0 -9999.0 -9999.0 -9999.0 -9999.0
25381 20240108  2.424 -131.59   55.05     3.2     1.2     2.2     2.4     3.0     0.23 C     3.3     0.7     1.9    92.0    80.5    85.7 -99.000 -99.000 -99.000 -99.000 -99.000 -9999.0 -9999.0 -9999.0 -9999.0 -9999.0
25381 20240109  2.424 -131.59   55.05     2.8    -2.3     0.2     0.8     0.0     2.34 C     5.1    -2.5     0.6    89.2    63.9    75.0 -99.000 -99.000 -99.000 -99.000 -99.000 -9999.0 -9999.0 -9999.0 -9999.0 -9999.0
25381 20240110  2.424 -131.59   55.05    -0.5    -7.3    -3.9    -2.6     0.0     2.53 C     0.8    -8.4    -3.0    86.3    45.3    62.7 -99.000 -99.000 -99.000 -99.000 -99.000 -9999.0 -9999.0 -9999.0 -9999.0 -9999.0
25381 20240111  2.424 -131.59   55.05    -7.0   -11.2    -9.1    -9.1     0.0     3.21 C    -4.9   -11.7    -9.0    48.0    31.8    38.4 -99.000 -99.000 -99.000 -99.000 -99.000 -9999.0 -9999.0 -9999.0 -9999.0 -9999.0
25381 20240112  2.424 -131.59   55.05    -7.7   -12.8   -10.2   -10.0     0.0     3.27 C    -1.9   -13.2    -9.3    76.8    35.9    51.6 -99.000 -99.000 -99.000 -99.000 -99.000 -9999.0 -9999.0 -9999.0 -9999.0 -9999.0
25381 20240113  2.424 -131.59   55.05    -5.3    -9.1    -7.2    -6.7     0.0     0.57 C    -3.6    -9.3    -6.4    76.3    53.9    66.9 -99.000 -99.000 -99.000 -99.000 -99.000 -9999.0 -9999.0 -9999.0 -9999.0 -9999.0
25381 20240114  2.424 -131.59   55.05    -1.6    -8.6    -5.1    -4.7     0.0     1.31 C     2.2    -8.9    -4.4    88.6    67.1    79.1 -99.000 -99.000 -99.000 -99.000 -99.000 -9999.0 -9999.0 -9999.0 -9999.0 -9999.0
25381 20240115  2.424 -131.59   55.05     0.8    -3.5    -1.3    -0.8     1.5     0.58 C     1.5    -3.5    -0.8    93.3    64.1    79.7 -99.000 -99.000 -99.000 -99.000 -99.000 -9999.0 -9999.0 -9999.0 -9999.0 -9999.0
25381 20240116  2.424 -131.59   55.05     2.1    -5.2    -1.6    -0.3     1.2     3.01 C     4.6    -7.1    -0.7    98.8    73.9    88.5 -99.000 -99.000 -99.000 -99.000 -99.000 -9999.0 -9999.0 -9999.0 -9999.0 -9999.0
25381 20240117  2.424 -131.59   55.05     2.3    -3.9    -0.8     0.1     0.0     3.37 C     3.7    -5.7    -0.9    74.6    34.4    50.8 -99.000 -99.000 -99.000 -99.000 -99.000 -9999.0 -9999.0 -9999.0 -9999.0 -9999.0
25381 20240118  2.424 -131.59   55.05     2.7    -0.9     0.9     0.8     0.0     1.35 C     2.0    -3.0    -0.1    43.6    32.3    37.2 -99.000 -99.000 -99.000 -99.000 -99.000 -9999.0 -9999.0 -9999.0 -9999.0 -9999.0
25381 20240119  2.424 -131.59   55.05     3.6     2.2     2.9     3.0     0.0     1.01 C     3.7     1.7     2.6    58.8    43.5    52.3 -99.000 -99.000 -99.000 -99.000 -99.000 -9999.0 -9999.0 -9999.0 -9999.0 -9999.0
25381 20240120  2.424 -131.59   55.05     3.1     0.5     1.8     2.0     0.9     0.50 C     3.4     0.3     1.8    95.2    57.1    87.2 -99.000 -99.000 -99.000 -99.000 -99.000 -9999.0 -9999.0 -9999.0 -9999.0 -9999.0
25381 20240121  2.424 -131.59   55.05     4.6     1.8     3.2     3.4     6.1     0.28 C     5.3     1.8     3.4    98.7    95.4    98.0 -99.000 -99.000 -99.000 -99.000 -99.000 -9999.0 -9999.0 -9999.0 -9999.0 -9999.0
25381 20240122  2.424 -131.59   55.05     7.5     3.8     5.6     6.0     1.2     0.59 C     7.3     3.7     5.6    98.9    85.4    92.5 -99.000 -99.000 -99.000 -99.000 -99.000 -9999.0 -9999.0 -9999.0 -9999.0 -9999.0
25381 20240123  2.424 -131.59   55.05     6.7     5.6     6.2     6.2    13.6     0.34 C     6.3     5.2     5.8    95.6    87.0    92.3 -99.000 -99.000 -99.000 -99.000 -99.000 -9999.0 -9999.0 -9999.0 -9999.0 -9999.0
25381 20240124  2.424 -131.59   55.05     7.8     4.8     6.3     6.3     5.0     0.57 C     8.4     4.6     5.8    95.3    77.3    87.3 -99.000 -99.000 -99.000 -99.000 -99.000 -9999.0 -9999.0 -9999.0 -9999.0 -9999.0
25381 20240125  2.424 -131.59   55.05     7.4     6.2     6.8     6.8    21.3     0.23 C     7.5     5.9     6.7    97.3    89.4    95.5 -99.000 -99.000 -99.000 -99.000 -99.000 -9999.0 -9999.0 -9999.0 -9999.0 -9999.0
25381 20240126  2.424 -131.59   55.05     8.8     6.6     7.7     7.7    26.9     0.00 C     8.5     6.3     7.5    97.5    87.2    93.9 -99.000 -99.000 -99.000 -99.000 -99.000 -9999.0 -9999.0 -9999.0 -9999.0 -9999.0
25381 20240127  2.424 -131.59   55.05     8.5     6.8     7.7     7.7    14.9     0.05 C     8.5     6.7     7.6    97.8    93.7    95.6 -99.000 -99.000 -99.000 -99.000 -99.000 -9999.0 -9999.0 -9999.0 -9999.0 -9999.0
25381 20240128  2.424 -131.59   55.05    12.3     7.6     9.9     9.6    35.3     0.30 C    11.8     7.4     9.1    96.3    56.7    82.1 -99.000 -99.000 -99.000 -99.000 -99.000 -9999.0 -9999.0 -9999.0 -9999.0 -9999.0
25381 20240129  2.424 -131.59   55.05    11.3     7.6     9.5     9.4    15.8     0.12 C    11.2     7.5     9.3    94.4    81.1    87.1 -99.000 -99.000 -99.000 -99.000 -99.000 -9999.0 -9999.0 -9999.0 -9999.0 -9999.0
25381 20240130  2.424 -131.59   55.05     8.4     5.8     7.1     7.6     5.8     0.61 C     9.0     5.0     7.1    94.9    66.0    87.8 -99.000 -99.000 -99.000 -99.000 -99.000 -9999.0 -9999.0 -9999.0 -9999.0 -9999.0
25381 20240131  2.424 -131.59   55.05    10.3     5.8     8.0     8.8    13.7     0.15 C     9.8     5.5     8.1    92.5    54.5    83.2 -99.000 -99.000 -99.000 -99.000 -99.000 -9999.0 -9999.0 -9999.0 -9999.0 -9999.0
25381 20240201  2.424 -131.59   55.05    11.8     0.8     6.3     8.4    20.8     0.47 C    11.3     0.3     7.8    94.8    55.6    79.6 -99.000 -99.000 -99.000 -99.000 -99.000 -9999.0 -9999.0 -9999.0 -9999.0 -9999.0
25381 20240202  2.424 -131.59   55.05     2.0    -2.9    -0.5     0.1     1.6     4.39 C     5.8    -3.5     0.2    95.1    48.6    74.6 -99.000 -99.000 -99.000 -99.000 -99.000 -9999.0 -9999.0 -9999.0 -9999.0 -9999.0
25381 20240203  2.424 -131.59   55.05     3.8    -2.2     0.8     1.4     0.0     2.27 C     5.8    -2.8     1.1    94.3    75.3    83.9 -99.000 -99.000 -99.000 -99.000 -99.000 -9999.0 -9999.0 -9999.0 -9999.0 -9999.0
25381 20240204  2.424 -131.59   55.05     5.0     0.5     2.8     3.1     0.0     4.35 C     9.4    -0.2     3.6    92.9    74.2    85.1 -99.000 -99.000 -99.000 -99.000 -99.000 -9999.0 -9999.0 -9999.0 -9999.0 -9999.0
25381 20240205  2.424 -131.59   55.05     4.4     0.2     2.3     2.0     0.0     5.51 C     8.0    -1.1     2.3    92.5    73.3    84.5 -99.000 -99.000 -99.000 -99.000 -99.000 -9999.0 -9999.0 -9999.0 -9999.0 -9999.0
25381 20240206  2.424 -131.59   55.05     2.2    -0.9     0.6     0.9     0.9     0.90 C     3.4    -1.0     0.9    98.1    50.9    90.5 -99.000 -99.000 -99.000 -99.000 -99.000 -9999.0 -9999.0 -9999.0 -9999.0 -9999.0
25381 20240207  2.424 -131.59   55.05     3.1    -3.0     0.1     0.7     0.0     2.84 C     6.5    -3.9     0.7    92.7    60.7    76.0 -99.000 -99.000 -99.000 -99.000 -99.000 -9999.0 -9999.0 -9999.0 -9999.0 -9999.0
25381 20240208  2.424 -131.59   55.05     3.5    -3.0     0.3     0.3     0.0     3.74 C     6.4    -3.5     0.5    93.7    64.0    80.9 -99.000 -99.000 -99.000 -99.000 -99.000 -9999.0 -9999.0 -9999.0 -9999.0 -9999.0
25381 20240209  2.424 -131.59   55.05     4.7     0.9     2.8     3.0    34.1     0.29 C     4.4     0.0     2.5    93.3    52.9    81.8 -99.000 -99.000 -99.000 -99.000 -99.000 -9999.0 -9999.0 -9999.0 -9999.0 -9999.0
25381 20240210  2.424 -131.59   55.05     7.5    -1.9     2.8     3.2     1.9     5.95 C    13.9    -3.3     4.0    98.7    59.6    90.6 -99.000 -99.000 -99.000 -99.000 -99.000 -9999.0 -9999.0 -9999.0 -9999.0 -9999.0
25381 20240211  2.424 -131.59   55.05     6.5    -1.9     2.3     1.7     0.0     6.29 C    10.8    -3.2     2.1    99.4    66.4    88.8 -99.000 -99.000 -99.000 -99.000 -99.000 -9999.0 -9999.0 -9999.0 -9999.0 -9999.0
25381 20240212  2.424 -131.59   55.05     7.6    -1.3     3.1     2.9     0.0     5.32 C    12.1    -2.2     3.1    97.5    59.9    86.0 -99.000 -99.000 -99.000 -99.000 -99.000 -9999.0 -9999.0 -9999.0 -9999.0 -9999.0
25381 20240213  2.424 -131.59   55.05     5.8    -1.5     2.2     2.9     0.0     6.49 C     8.9    -2.2     2.8    92.1    66.5    80.1 -99.000 -99.000 -99.000 -99.000 -99.000 -9999.0 -9999.0 -9999.0 -9999.0 -9999.0
25381 20240214  2.424 -131.59   55.05    10.0     0.1     5.1     4.5     0.0     7.13 C    14.8    -0.7     4.6    86.2    26.4    65.1 -99.000 -99.000 -99.000 -99.000 -99.000 -9999.0 -9999.0 -9999.0 -9999.0 -9999.0
25381 20240215  2.424 -131.59   55.05    11.6    -0.1     5.8     6.2     0.0     7.62 C    16.6    -1.1     6.0    82.8    17.1    42.9 -99.000 -99.000 -99.000 -99.000 -99.000 -9999.0 -9999.0 -9999.0 -9999.0 -9999.0
25381 20240216  2.424 -131.59   55.05    13.3    -1.6     5.9     8.7     0.0     7.79 C    16.8    -2.6     8.3    90.2    15.4    36.5 -99.000 -99.000 -99.000 -99.000 -99.000 -9999.0 -9999.0 -9999.0 -9999.0 -9999.0
25381 20240217  2.424 -131.59   55.05    12.2     6.4     9.3    10.3     0.0     2.30 C    13.1     6.2    10.0    65.8    27.6    41.3 -99.000 -99.000 -99.000 -99.000 -99.000 -9999.0 -9999.0 -9999.0 -9999.0 -9999.0
25381 20240218  2.424 -131.59   55.05     9.7     4.6     7.2     6.8     0.0     1.91 C    10.7     3.9     7.0    90.5    41.4    69.5 -99.000 -99.000 -99.000 -99.000 -99.000 -9999.0 -9999.0 -9999.0 -9999.0 -9999.0
25381 20240219  2.424 -131.59   55.05     9.6    -0.3     4.7     4.9     0.0     7.26 C    14.8    -1.6     5.6    97.4    67.5    86.0 -99.000 -99.000 -99.000 -99.000 -99.000 -9999.0 -9999.0 -9999.0 -9999.0 -9999.0
25381 20240220  2.424 -131.59   55.05     7.3    -2.5     2.4     1.6     0.0     7.04 C    14.0    -3.7     2.3    99.9    77.0    92.7 -99.000 -99.000 -99.000 -99.000 -99.000 -9999.0 -9999.0 -9999.0 -9999.0 -9999.0
25381 20240221  2.424 -131.59   55.05     5.8    -1.0     2.4     2.6     0.0     4.66 C    11.1    -2.5     3.1    99.9    80.7    93.8 -99.000 -99.000 -99.000 -99.000 -99.000 -9999.0 -9999.0 -9999.0 -9999.0 -9999.0
25381 20240222  2.424 -131.59   55.05     6.2    -2.5     1.9     2.9     4.5     2.86 C     9.0    -4.0     2.9    97.6    74.7    90.3 -99.000 -99.000 -99.000 -99.000 -99.000 -9999.0 -9999.0 -9999.0 -9999.0 -9999.0
25381 20240223  2.424 -131.59   55.05     6.6     2.9     4.7     4.8     6.0     5.57 C    12.5     2.4     5.2    94.5    48.9    75.1 -99.000 -99.000 -99.000 -99.000 -99.000 -9999.0 -9999.0 -9999.0 -9999.0 -9999.0
25381 20240224  2.424 -131.59   55.05     5.3     2.4     3.9     3.8     5.0     3.32 C    11.0     2.3     4.2    96.8    78.3    90.1 -99.000 -99.000 -99.000 -99.000 -99.000 -9999.0 -9999.0 -9999.0 -9999.0 -9999.0
25381 20240225  2.424 -131.59   55.05     3.6    -1.1     1.2     1.5     1.2     5.81 C     5.3    -1.7     1.5    93.7    47.8    73.9 -99.000 -99.000 -99.000 -99.000 -99.000 -9999.0 -9999.0 -9999.0 -9999.0 -9999.0
25381 20240226  2.424 -131.59   55.05    -0.3    -4.2    -2.2    -2.0     0.0     9.66 C     4.0    -4.5    -1.3    71.2    34.8    48.0 -99.000 -99.000 -99.000 -99.000 -99.000 -9999.0 -9999.0 -9999.0 -9999.0 -9999.0
25381 20240227  2.424 -131.59   55.05     0.5    -3.8    -1.6    -1.5    25.3     1.30 C     1.4    -3.7    -1.5    95.6    55.4    84.6 -99.000 -99.000 -99.000 -99.000 -99.000 -9999.0 -9999.0 -9999.0 -9999.0 -9999.0
25381 20240228  2.424 -131.59   55.05     2.2    -0.7     0.8     0.4     8.1     6.85 C     6.6    -1.4     0.9    95.7    71.3    84.2 -99.000 -99.000 -99.000 -99.000 -99.000 -9999.0 -9999.0 -9999.0 -9999.0 -9999.0
25381 20240229  2.424 -131.59   55.05     2.8    -0.6     1.1     1.3     0.0     6.39 C     5.7    -1.3     1.3    86.0    54.1    68.4 -99.000 -99.000 -99.000 -99.000 -99.000 -9999.0 -9999.0 -9999.0 -9999.0 -9999.0
25381 20240301  2.424 -131.59   55.05     4.4    -0.9     1.7     1.7     0.0     7.85 C    10.2    -2.3     1.7    69.3    40.2    51.5 -99.000 -99.000 -99.000 -99.000 -99.000 -9999.0 -9999.0 -9999.0 -9999.0 -9999.0
25381 20240302  2.424 -131.59   55.05     2.7    -2.4     0.2     0.3     0.0    11.39 C     8.6    -4.3     1.0    66.0    40.3    52.8 -99.000 -99.000 -99.000 -99.000 -99.000 -9999.0 -9999.0 -9999.0 -9999.0 -9999.0
25381 20240303  2.424 -131.59   55.05    -1.0    -7.7    -4.4    -2.8     0.0     4.50 C     1.0    -9.7    -3.2    67.2    39.1    48.5 -99.000 -99.000 -99.000 -99.000 -99.000 -9999.0 -9999.0 -9999.0 -9999.0 -9999.0
25381 20240304  2.424 -131.59   55.05    -2.1   -12.8    -7.4    -5.9     0.0    10.58 C     4.3   -14.9    -5.6    90.8    40.9    59.5 -99.000 -99.000 -99.000 -99.000 -99.000 -9999.0 -9999.0 -9999.0 -9999.0 -9999.0
25381 20240305  2.424 -131.59   55.05    -0.6   -12.0    -6.3    -5.4     0.0    11.32 C     8.3   -14.9    -4.4    93.3    47.9    71.4 -99.000 -99.000 -99.000 -99.000 -99.000 -9999.0 -9999.0 -9999.0 -9999.0 -9999.0
25381 20240306  2.424 -131.59   55.05     2.7    -1.4     0.7     0.4    13.4     2.01 C     2.8    -2.2     0.1    95.7    59.4    83.7 -99.000 -99.000 -99.000 -99.000 -99.000 -9999.0 -9999.0 -9999.0 -9999.0 -9999.0
25381 20240307  2.424 -131.59   55.05     5.1     1.1     3.1     2.9    36.6     1.60 C     4.0     0.5     2.2    93.3    78.4    89.9 -99.000 -99.000 -99.000 -99.000 -99.000 -9999.0 -9999.0 -9999.0 -9999.0 -9999.0
25381 20240308  2.424 -131.59   55.05     6.6     2.6     4.6     5.2     6.7     2.33 C     6.3     1.9     4.7    92.5    77.7    85.6 -99.000 -99.000 -99.000 -99.000 -99.000 -9999.0 -9999.0 -9999.0 -9999.0 -9999.0
25381 20240309  2.424 -131.59   55.05     6.9    -2.4     2.3     2.6     0.6    10.87 C    15.2    -3.3     4.3    97.1    69.1    86.7 -99.000 -99.000 -99.000 -99.000 -99.000 -9999.0 -9999.0 -9999.0 -9999.0 -9999.0
25381 20240310  2.424 -131.59   55.05     5.2    -2.1     1.6     2.2    13.8     1.62 C     4.6    -2.8     1.4    97.3    62.2    87.0 -99.000 -99.000 -99.000 -99.000 -99.000 -9999.0 -9999.0 -9999.0 -9999.0 -9999.0
25381 20240311  2.424 -131.59   55.05     6.3     0.6     3.4     4.4     1.2     3.64 C     6.1     0.3     4.1    96.0    56.4    71.9 -99.000 -99.000 -99.000 -99.000 -99.000 -9999.0 -9999.0 -9999.0 -9999.0 -9999.0
25381 20240312  2.424 -131.59   55.05     7.4     1.2     4.3     4.7     8.2     3.27 C     8.1     1.0     4.3    92.5    68.3    81.8 -99.000 -99.000 -99.000 -99.000 -99.000 -9999.0 -9999.0 -9999.0 -9999.0 -9999.0
25381 20240313  2.424 -131.59   55.05     6.7     1.1     3.9     4.8    18.1     1.49 C     6.5     1.0     4.6    94.5    68.9    89.7 -99.000 -99.000 -99.000 -99.000 -99.000 -9999.0 -9999.0 -9999.0 -9999.0 -9999.0
25381 20240314  2.424 -131.59   55.05     8.0     6.7     7.3     7.4    43.6     0.54 C     8.2     6.5     7.4    97.1    94.2    96.0 -99.000 -99.000 -99.000 -99.000 -99.000 -9999.0 -9999.0 -9999.0 -9999.0 -9999.0
25381 20240315  2.424 -131.59   55.05     8.9     4.2     6.6     7.1     5.8     4.42 C    10.8     3.3     7.2    97.0    84.3    93.9 -99.000 -99.000 -99.000 -99.000 -99.000 -9999.0 -9999.0 -9999.0 -9999.0 -9999.0
25381 20240316  2.424 -131.59   55.05    13.2     1.8     7.5     7.3     0.0    12.05 C    17.8     0.8     8.5    98.6    55.1    82.5 -99.000 -99.000 -99.000 -99.000 -99.000 -9999.0 -9999.0 -9999.0 -9999.0 -9999.0
25381 20240317  2.424 -131.59   55.05    12.9     3.3     8.1     8.0     0.0     4.63 C    14.0     2.4     8.5    94.6    47.0    83.9 -99.000 -99.000 -99.000 -99.000 -99.000 -9999.0 -9999.0 -9999.0 -9999.0 -9999.0
25381 20240318  2.424 -131.59   55.05    10.6     1.4     6.0     6.8     0.3    11.50 C    18.3     0.2     7.9    98.2    61.7    85.9 -99.000 -99.000 -99.000 -99.000 -99.000 -9999.0 -9999.0 -9999.0 -9999.0 -9999.0
25381 20240319  2.424 -131.59   55.05     9.0     0.4     4.7     4.9     0.2     7.56 C    12.6    -0.7     5.3    99.5    66.1    88.4 -99.000 -99.000 -99.000 -99.000 -99.000 -9999.0 -9999.0 -9999.0 -9999.0 -9999.0
25381 20240320  2.424 -131.59   55.05    12.6     0.0     6.3     5.7     0.2    13.73 C    20.0    -1.0     7.6    98.9    47.5    83.5 -99.000 -99.000 -99.000 -99.000 -99.000 -9999.0 -9999.0 -9999.0 -9999.0 -9999.0
25381 20240321  2.424 -131.59   55.05    11.4    -0.9     5.3     4.7     0.0    15.14 C    18.9    -2.4     6.6    99.8    44.1    82.4 -99.000 -99.000 -99.000 -99.000 -99.000 -9999.0 -9999.0 -9999.0 -9999.0 -9999.0
25381 20240322  2.424 -131.59   55.05    12.0    -1.1     5.4     5.8     0.0    15.21 C    17.7    -2.8     7.1    99.9    43.5    73.0 -99.000 -99.000 -99.000 -99.000 -99.000 -9999.0 -9999.0 -9999.0 -9999.0 -9999.0
25381 20240323  2.424 -131.59   55.05    13.1     1.2     7.2     7.2     0.0    15.70 C    19.5    -0.7     8.7    95.2    34.6    63.8 -99.000 -99.000 -99.000 -99.000 -99.000 -9999.0 -9999.0 -9999.0 -9999.0 -9999.0
25381 20240324  2.424 -131.59   55.05    10.5    -1.0     4.7     5.3     0.0    14.59 C    16.5    -2.8     6.7    99.6    44.2    80.4 -99.000 -99.000 -99.000 -99.000 -99.000 -9999.0 -9999.0 -9999.0 -9999.0 -9999.0
25381 20240325  2.424 -131.59   55.05     7.4     5.2     6.3     6.1    10.4     3.67 C     9.6     5.0     6.3    96.1    81.5    91.5 -99.000 -99.000 -99.000 -99.000 -99.000 -9999.0 -9999.0 -9999.0 -9999.0 -9999.0
25381 20240326  2.424 -131.59   55.05     9.1     3.9     6.5     6.5     1.7    15.17 C    14.0     2.6     7.8    97.0    65.5    83.9 -99.000 -99.000 -99.000 -99.000 -99.000 -9999.0 -9999.0 -9999.0 -9999.0 -9999.0
25381 20240327  2.424 -131.59   55.05    11.1     3.1     7.1     6.9     0.0     7.26 C    14.0     1.8     7.3    92.8    51.7    73.3 -99.000 -99.000 -99.000 -99.000 -99.000 -9999.0 -9999.0 -9999.0 -9999.0 -9999.0
25381 20240328  2.424 -131.59   55.05    13.5     2.7     8.1     7.8     0.0    15.13 C    19.1     1.4     9.3    95.7    37.5    69.8 -99.000 -99.000 -99.000 -99.000 -99.000 -9999.0 -9999.0 -9999.0 -9999.0 -9999.0
25381 20240329  2.424 -131.59   55.05    12.7     1.2     6.9     7.1     0.0    16.06 C    20.7     0.1     8.7    94.3    24.0    64.4 -99.000 -99.000 -99.000 -99.000 -99.000 -9999.0 -9999.0 -9999.0 -9999.0 -9999.0
25381 20240330  2.424 -131.59   55.05     8.0     5.3     6.7     6.4     0.0     5.36 C    13.4     5.0     7.2    95.1    66.3    78.9 -99.000 -99.000 -99.000 -99.000 -99.000 -9999.0 -9999.0 -9999.0 -9999.0 -9999.0
25381 20240331  2.424 -131.59   55.05     9.9     1.4     5.6     6.8     3.6    13.00 C    14.9     0.6     7.8    97.7    49.3    74.6 -99.000 -99.000 -99.000 -99.000 -99.000 -9999.0 -9999.0 -9999.0 -9999.0 -9999.0
25381 20240401  2.424 -131.59   55.05     7.8     0.3     4.0     5.2    27.4     1.26 C     7.8    -0.5     5.0    96.8    75.6    90.9 -99.000 -99.000 -99.000 -99.000 -99.000 -9999.0 -9999.0 -9999.0 -9999.0 -9999.0
25381 20240402  2.424 -131.59   55.05     7.0     1.7     4.3     4.1     3.5     6.55 C     9.9     1.1     4.0    94.2    75.7    84.9 -99.000 -99.000 -99.000 -99.000 -99.000 -9999.0 -9999.0 -9999.0 -9999.0 -9999.0
25381 20240403  2.424 -131.59   55.05     7.4     1.1     4.2     3.7     2.2    13.77 C    15.1     0.3     5.3    97.9    59.4    83.3 -99.000 -99.000 -99.000 -99.000 -99.000 -9999.0 -9999.0 -9999.0 -9999.0 -9999.0
25381 20240404  2.424 -131.59   55.05     9.0    -0.4     4.3     4.3     0.0    18.43 C    15.1    -1.7     5.9    98.5    45.6    78.4 -99.000 -99.000 -99.000 -99.000 -99.000 -9999.0 -9999.0 -9999.0 -9999.0 -9999.0
25381 20240405  2.424 -131.59   55.05     5.6     0.9     3.3     4.1    13.1     4.45 C     7.5    -0.7     4.1    97.0    73.4    88.3 -99.000 -99.000 -99.000 -99.000 -99.000 -9999.0 -9999.0 -9999.0 -9999.0 -9999.0
25381 20240406  2.424 -131.59   55.05     7.4     2.8     5.1     5.0     3.2    16.00 C    13.6     2.2     6.4    96.3    57.3    78.7 -99.000 -99.000 -99.000 -99.000 -99.000 -9999.0 -9999.0 -9999.0 -9999.0 -9999.0
25381 20240407  2.424 -131.59   55.05     8.3     3.5     5.9     5.4    15.1     8.39 C    12.8     3.2     5.8    91.7    66.2    81.0 -99.000 -99.000 -99.000 -99.000 -99.000 -9999.0 -9999.0 -9999.0 -9999.0 -9999.0
25381 20240408  2.424 -131.59   55.05     7.4     2.4     4.9     5.2     2.5     7.39 C    10.9     1.8     5.6    94.7    69.5    81.0 -99.000 -99.000 -99.000 -99.000 -99.000 -9999.0 -9999.0 -9999.0 -9999.0 -9999.0
25381 20240409  2.424 -131.59   55.05     8.8     0.7     4.7     5.4     2.7    18.76 C    14.4    -0.5     6.9    98.3    65.1    83.1 -99.000 -99.000 -99.000 -99.000 -99.000 -9999.0 -9999.0 -9999.0 -9999.0 -9999.0
25381 20240410  2.424 -131.59   55.05     6.6     1.9     4.3     4.7    19.8     4.70 C     9.3     1.3     4.7    96.8    83.2    88.8 -99.000 -99.000 -99.000 -99.000 -99.000 -9999.0 -9999.0 -9999.0 -9999.0 -9999.0
25381 20240411  2.424 -131.59   55.05     7.4     1.4     4.4     4.4     1.5    13.18 C    15.1     0.1     5.5    98.4    68.2    88.4 -99.000 -99.000 -99.000 -99.000 -99.000 -9999.0 -9999.0 -9999.0 -9999.0 -9999.0
25381 20240412  2.424 -131.59   55.05     7.2     0.6     3.9     4.5     0.0     9.02 C    12.0    -0.9     5.2    99.8    53.1    78.2 -99.000 -99.000 -99.000 -99.000 -99.000 -9999.0 -9999.0 -9999.0 -9999.0 -9999.0
25381 20240413  2.424 -131.59   55.05     8.2     4.5     6.3     6.0     0.8     7.71 C    13.9     4.1     6.7    92.4    64.0    77.0 -99.000 -99.000 -99.000 -99.000 -99.000 -9999.0 -9999.0 -9999.0 -9999.0 -9999.0
25381 20240414  2.424 -131.59   55.05     6.9     2.5     4.7     4.5     1.6    11.23 C    12.9     1.7     5.5    94.7    65.4    80.8 -99.000 -99.000 -99.000 -99.000 -99.000 -9999.0 -9999.0 -9999.0 -9999.0 -9999.0
25381 20240415  2.424 -131.59   55.05    10.0     2.0     6.0     5.8     0.0    19.94 C    15.3     0.5     7.2    95.5    47.7    72.6 -99.000 -99.000 -99.000 -99.000 -99.000 -9999.0 -9999.0 -9999.0 -9999.0 -9999.0
25381 20240416  2.424 -131.59   55.05    12.4    -0.1     6.1     6.3     0.0    21.67 C    21.2    -1.5     8.8    96.9    28.7    70.9 -99.000 -99.000 -99.000 -99.000 -99.000 -9999.0 -9999.0 -9999.0 -9999.0 -9999.0
25381 20240417  2.424 -131.59   55.05    14.2     0.6     7.4     7.5     0.0    21.64 C    21.6    -1.2    10.1    99.0    29.5    68.0 -99.000 -99.000 -99.000 -99.000 -99.000 -9999.0 -9999.0 -9999.0 -9999.0 -9999.0
25381 20240418  2.424 -131.59   55.05    16.7     0.7     8.7     9.5     0.0    22.23 C    24.3    -0.5    11.9    98.9    20.2    57.7 -99.000 -99.000 -99.000 -99.000 -99.000 -9999.0 -9999.0 -9999.0 -9999.0 -9999.0
25381 20240419  2.424 -131.59   55.05    17.5     1.9     9.7    10.0     0.0    22.52 C    24.4     0.3    11.9    97.1    14.3    52.9 -99.000 -99.000 -99.000 -99.000 -99.000 -9999.0 -9999.0 -9999.0 -9999.0 -9999.0
25381 20240420  2.424 -131.59   55.05    17.8     1.4     9.6    10.9     0.0    18.28 C    25.6    -0.6    12.8    95.1    16.5    47.2 -99.000 -99.000 -99.000 -99.000 -99.000 -9999.0 -9999.0 -9999.0 -9999.0 -9999.0
25381 20240421  2.424 -131.59   55.05    12.2     7.0     9.6     9.0     0.0    15.40 C    20.3     6.8    10.8    86.4    64.0    77.3 -99.000 -99.000 -99.000 -99.000 -99.000 -9999.0 -9999.0 -9999.0 -9999.0 -9999.0
25381 20240422  2.424 -131.59   55.05     9.8     3.4     6.6     7.5     0.0    13.07 C    15.5     2.0     8.7    92.9    62.7    72.8 -99.000 -99.000 -99.000 -99.000 -99.000 -9999.0 -9999.0 -9999.0 -9999.0 -9999.0
25381 20240423  2.424 -131.59   55.05     9.4     5.0     7.2     6.9     5.5    12.25 C    13.5     4.6     7.5    91.6    66.3    78.7 -99.000 -99.000 -99.000 -99.000 -99.000 -9999.0 -9999.0 -9999.0 -9999.0 -9999.0
25381 20240424  2.424 -131.59   55.05     9.7     2.9     6.3     6.8     1.2    18.04 C    16.2     1.6     8.4    93.6    59.1    80.6 -99.000 -99.000 -99.000 -99.000 -99.000 -9999.0 -9999.0 -9999.0 -9999.0 -9999.0
25381 20240425  2.424 -131.59   55.05    13.2     2.1     7.6     8.2     0.0    19.35 C    19.0     0.4    10.0    97.8    54.1    76.5 -99.000 -99.000 -99.000 -99.000 -99.000 -9999.0 -9999.0 -9999.0 -9999.0 -9999.0
25381 20240426  2.424 -131.59   55.05    16.2     6.6    11.4    10.7     0.0    23.60 C    24.8     5.7    14.0    90.5    42.6    69.5 -99.000 -99.000 -99.000 -99.000 -99.000 -9999.0 -9999.0 -9999.0 -9999.0 -9999.0
25381 20240427  2.424 -131.59   55.05     9.5     6.6     8.0     8.0     5.7     5.40 C    11.6     6.2     8.1    92.5    73.8    83.7 -99.000 -99.000 -99.000 -99.000 -99.000 -9999.0 -9999.0 -9999.0 -9999.0 -9999.0
25381 20240428  2.424 -131.59   55.05     8.5     3.4     6.0     5.5     4.8    12.46 C    15.5     2.6     6.6    92.6    65.3    80.9 -99.000 -99.000 -99.000 -99.000 -99.000 -9999.0 -9999.0 -9999.0 -9999.0 -9999.0
25381 20240429  2.424 -131.59   55.05     9.9     1.3     5.6     6.7     0.0    15.00 C    16.2     0.1     8.5    98.1    62.2    80.2 -99.000 -99.000 -99.000 -99.000 -99.000 -9999.0 -9999.0 -9999.0 -9999.0 -9999.0
25381 20240430  2.424 -131.59   55.05    12.2     6.2     9.2     8.7     0.0    16.42 C    21.9     6.0    10.9    94.0    63.4    80.6 -99.000 -99.000 -99.000 -99.000 -99.000 -9999.0 -9999.0 -9999.0 -9999.0 -9999.0
25381 20240501  2.424 -131.59   55.05    12.6     3.2     7.9     8.6     0.0    16.96 C    21.3     1.5    10.8    96.7    47.2    74.8 -99.000 -99.000 -99.000 -99.000 -99.000 -9999.0 -9999.0 -9999.0 -9999.0 -9999.0
25381 20240502  2.424 -131.59   55.05    16.3     2.0     9.2     9.5     0.0    24.37 C    24.4     0.4    12.8    99.4    27.9    73.8 -99.000 -99.000 -99.000 -99.000 -99.000 -9999.0 -9999.0 -9999.0 -9999.0 -9999.0
25381 20240503  2.424 -131.59   55.05    15.5     4.0     9.8    10.7     0.0    24.23 C    24.0     2.7    13.5    96.9    26.8    64.7 -99.000 -99.000 -99.000 -99.000 -99.000 -9999.0 -9999.0 -9999.0 -9999.0 -9999.0
25381 20240504  2.424 -131.59   55.05    19.7     4.8    12.2    13.3     0.0    23.73 C    27.8     3.4    16.4    97.3    31.4    60.0 -99.000 -99.000 -99.000 -99.000 -99.000 -9999.0 -9999.0 -9999.0 -9999.0 -9999.0
25381 20240505  2.424 -131.59   55.05    11.1     5.5     8.3     8.1     9.8     4.14 C    10.8     4.3     8.3    94.9    66.8    86.5 -99.000 -99.000 -99.000 -99.000 -99.000 -9999.0 -9999.0 -9999.0 -9999.0 -9999.0
25381 20240506  2.424 -131.59   55.05     9.5     3.5     6.5     6.8     6.6    18.15 C    14.8     2.1     7.8    97.0    65.1    80.1 -99.000 -99.000 -99.000 -99.000 -99.000 -9999.0 -9999.0 -9999.0 -9999.0 -9999.0
25381 20240507  2.424 -131.59   55.05    10.5     4.7     7.6     7.4    26.8    15.59 C    14.7     4.0     8.2    93.5    65.6    81.3 -99.000 -99.000 -99.000 -99.000 -99.000 -9999.0 -9999.0 -9999.0 -9999.0 -9999.0
25381 20240508  2.424 -131.59   55.05    11.6     6.5     9.0     8.8     4.3    14.40 C    17.4     6.1    10.0    93.5    68.3    83.6 -99.000 -99.000 -99.000 -99.000 -99.000 -9999.0 -9999.0 -9999.0 -9999.0 -9999.0
25381 20240509  2.424 -131.59   55.05    12.1     8.1    10.1     9.6     2.9     7.76 C    15.6     8.0    10.3    95.8    72.6    86.7 -99.000 -99.000 -99.000 -99.000 -99.000 -9999.0 -9999.0 -9999.0 -9999.0 -9999.0
25381 20240510  2.424 -131.59   55.05    13.5     6.8    10.2     9.9     0.5    17.75 C    21.0     5.5    12.0    97.2    56.9    83.5 -99.000 -99.000 -99.000 -99.000 -99.000 -9999.0 -9999.0 -9999.0 -9999.0 -9999.0
25381 20240511  2.424 -131.59   55.05    12.5     4.9     8.7     8.4     0.0    21.06 C    21.3     3.4    10.9    95.7    64.4    81.0 -99.000 -99.000 -99.000 -99.000 -99.000 -9999.0 -9999.0 -9999.0 -9999.0 -9999.0
25381 20240512  2.424 -131.59   55.05    10.1     7.0     8.5     8.7     1.7     5.10 C    11.8     6.5     9.1    95.8    74.6    87.0 -99.000 -99.000 -99.000 -99.000 -99.000 -9999.0 -9999.0 -9999.0 -9999.0 -9999.0
25381 20240513  2.424 -131.59   55.05    10.0     6.7     8.3     8.1    10.5    10.30 C    16.5     6.4     9.2    95.5    64.6    81.6 -99.000 -99.000 -99.000 -99.000 -99.000 -9999.0 -9999.0 -9999.0 -9999.0 -9999.0
25381 20240514  2.424 -131.59   55.05     9.5     7.5     8.5     8.8    14.3     3.60 C    10.5     6.8     9.0    96.5    83.0    94.9 -99.000 -99.000 -99.000 -99.000 -99.000 -9999.0 -9999.0 -9999.0 -9999.0 -9999.0
25381 20240515  2.424 -131.59   55.05    11.6     5.9     8.7     8.5     0.0    17.78 C    19.5     5.8    10.7    90.8    50.8    71.2 -99.000 -99.000 -99.000 -99.000 -99.000 -9999.0 -9999.0 -9999.0 -9999.0 -9999.0
25381 20240516  2.424 -131.59   55.05    13.9     6.8    10.3     9.6     0.0    19.32 C    21.5     6.2    11.5    83.1    46.9    66.6 -99.000 -99.000 -99.000 -99.000 -99.000 -9999.0 -9999.0 -9999.0 -9999.0 -9999.0
25381 20240517  2.424 -131.59   55.05    10.4     6.1     8.3     8.5     2.5     8.03 C    14.8     6.0     9.7    94.3    60.0    76.0 -99.000 -99.000 -99.000 -99.000 -99.000 -9999.0 -9999.0 -9999.0 -9999.0 -9999.0
25381 20240518  2.424 -131.59   55.05    11.9     3.7     7.8     8.8     0.2    25.50 C    20.6     2.8    11.7    97.8    51.7    72.5 -99.000 -99.000 -99.000 -99.000 -99.000 -9999.0 -9999.0 -9999.0 -9999.0 -9999.0
25381 20240519  2.424 -131.59   55.05    12.0     5.8     8.9     8.6     8.0    21.80 C    21.0     4.6    11.2    95.3    51.4    74.0 -99.000 -99.000 -99.000 -99.000 -99.000 -9999.0 -9999.0 -9999.0 -9999.0 -9999.0
25381 20240520  2.424 -131.59   55.05    10.0     6.2     8.1     8.4     1.6    14.33 C    16.0     4.9     9.7    96.1    58.1    77.1 -99.000 -99.000 -99.000 -99.000 -99.000 -9999.0 -9999.0 -9999.0 -9999.0 -9999.0
25381 20240521  2.424 -131.59   55.05    14.0     6.3    10.1    10.1     0.0    26.02 C    20.2     6.1    12.8    81.4    44.4    63.0 -99.000 -99.000 -99.000 -99.000 -99.000 -9999.0 -9999.0 -9999.0 -9999.0 -9999.0
25381 20240522  2.424 -131.59   55.05    16.7     6.7    11.7    12.0     0.0    22.84 C    25.3     5.7    15.3    88.7    38.0    62.8 -99.000 -99.000 -99.000 -99.000 -99.000 -9999.0 -9999.0 -9999.0 -9999.0 -9999.0
25381 20240523  2.424 -131.59   55.05    10.8     7.5     9.1     9.3    17.6     4.03 C    11.4     7.1     9.5    95.8    67.9    89.7 -99.000 -99.000 -99.000 -99.000 -99.000 -9999.0 -9999.0 -9999.0 -9999.0 -9999.0
25381 20240524  2.424 -131.59   55.05    12.4     6.8     9.6     9.4     0.0    24.14 C    20.6     6.2    11.8    89.7    55.5    72.2 -99.000 -99.000 -99.000 -99.000 -99.000 -9999.0 -9999.0 -9999.0 -9999.0 -9999.0
25381 20240525  2.424 -131.59   55.05     8.9     6.9     7.9     7.9     9.0     6.75 C    11.1     6.4     8.4    91.8    69.4    84.4 -99.000 -99.000 -99.000 -99.000 -99.000 -9999.0 -9999.0 -9999.0 -9999.0 -9999.0
25381 20240526  2.424 -131.59   55.05    11.7     6.3     9.0     8.2    24.0    12.13 C    15.8     5.4     8.8    94.4    72.4    88.6 -99.000 -99.000 -99.000 -99.000 -99.000 -9999.0 -9999.0 -9999.0 -9999.0 -9999.0
25381 20240527  2.424 -131.59   55.05    10.8     5.5     8.2     8.2    16.7     9.99 C    13.9     5.9     8.6    92.2    71.5    83.2 -99.000 -99.000 -99.000 -99.000 -99.000 -9999.0 -9999.0 -9999.0 -9999.0 -9999.0
25381 20240528  2.424 -131.59   55.05    11.6     6.3     8.9     9.2     0.8    17.11 C    17.7     5.3    10.6    95.6    68.8    79.6 -99.000 -99.000 -99.000 -99.000 -99.000 -9999.0 -9999.0 -9999.0 -9999.0 -9999.0
25381 20240529  2.424 -131.59   55.05    12.2     5.9     9.0     9.1     0.0    22.48 C    19.3     5.0    11.3    95.7    58.3    76.8 -99.000 -99.000 -99.000 -99.000 -99.000 -9999.0 -9999.0 -9999.0 -9999.0 -9999.0
25381 20240530  2.424 -131.59   55.05    12.2     7.8    10.0     9.4    12.2    10.46 C    18.3     7.7    10.2    95.8    77.3    88.2 -99.000 -99.000 -99.000 -99.000 -99.000 -9999.0 -9999.0 -9999.0 -9999.0 -9999.0
25381 20240531  2.424 -131.59   55.05    10.3     7.9     9.1     9.5    30.4     3.43 C    10.3     7.8     9.3    95.3    85.1    91.0 -99.000 -99.000 -99.000 -99.000 -99.000 -9999.0 -9999.0 -9999.0 -9999.0 -9999.0
25381 20240601  2.424 -131.59   55.05    11.6     7.7     9.7     9.3     2.4    13.33 C    16.3     7.6    10.5    94.8    64.2    84.4 -99.000 -99.000 -99.000 -99.000 -99.000 -9999.0 -9999.0 -9999.0 -9999.0 -9999.0
25381 20240602  2.424 -131.59   55.05    13.3     8.5    10.9    10.2    11.2     9.15 C    15.4     8.1    10.4    96.9    61.5    84.8 -99.000 -99.000 -99.000 -99.000 -99.000 -9999.0 -9999.0 -9999.0 -9999.0 -9999.0
25381 20240603  2.424 -131.59   55.05    12.6     8.6    10.6    10.2    10.5    10.30 C    17.2     8.2    10.8    97.2    73.6    89.1 -99.000 -99.000 -99.000 -99.000 -99.000 -9999.0 -9999.0 -9999.0 -9999.0 -9999.0
25381 20240604  2.424 -131.59   55.05     9.9     8.2     9.1     9.2    23.9     2.82 C     9.5     7.7     8.8    93.0    76.3    88.6 -99.000 -99.000 -99.000 -99.000 -99.000 -9999.0 -9999.0 -9999.0 -9999.0 -9999.0
25381 20240605  2.424 -131.59   55.05    10.4     8.6     9.5     9.5     9.7     6.67 C    11.3     8.2     9.5    93.4    81.3    89.3 -99.000 -99.000 -99.000 -99.000 -99.000 -9999.0 -9999.0 -9999.0 -9999.0 -9999.0
25381 20240606  2.424 -131.59   55.05    13.3     6.4     9.8     9.9    10.3    23.79 C    20.4     5.2    12.2    97.3    56.2    81.8 -99.000 -99.000 -99.000 -99.000 -99.000 -9999.0 -9999.0 -9999.0 -9999.0 -9999.0
25381 20240607  2.424 -131.59   55.05    19.5     6.6    13.0    13.1     0.0    29.20 C    25.5     5.2    16.2    96.5    39.4    69.8 -99.000 -99.000 -99.000 -99.000 -99.000 -9999.0 -9999.0 -9999.0 -9999.0 -9999.0
25381 20240608  2.424 -131.59   55.05    20.8     9.9    15.4    14.9     0.0    21.16 C    29.3     9.0    17.6    84.6    35.9    60.7 -99.000 -99.000 -99.000 -99.000 -99.000 -9999.0 -9999.0 -9999.0 -9999.0 -9999.0
25381 20240609  2.424 -131.59   55.05    15.4     9.1    12.3    11.8     0.5    18.02 C    23.7     8.8    14.3    90.8    56.9    77.1 -99.000 -99.000 -99.000 -99.000 -99.000 -9999.0 -9999.0 -9999.0 -9999.0 -9999.0
25381 20240610  2.424 -131.59   55.05    11.1     9.2    10.2    10.2    19.2     4.21 C    12.2     8.8    10.3    95.9    80.0    90.8 -99.000 -99.000 -99.000 -99.000 -99.000 -9999.0 -9999.0 -9999.0 -9999.0 -9999.0
25381 20240611  2.424 -131.59   55.05    13.6     8.5    11.0    10.9    13.2     8.34 C    17.3     8.0    11.5    96.9    80.3    91.6 -99.000 -99.000 -99.000 -99.000 -99.000 -9999.0 -9999.0 -9999.0 -9999.0 -9999.0
25381 20240612  2.424 -131.59   55.05    13.0     7.0    10.0    10.2     0.0    23.93 C    19.6     6.5    12.8    95.4    55.7    71.4 -99.000 -99.000 -99.000 -99.000 -99.000 -9999.0 -9999.0 -9999.0 -9999.0 -9999.0
25381 20240613  2.424 -131.59   55.05    13.4     6.1     9.7    10.7     0.0    16.24 C    21.4     4.9    12.9    92.7    45.1    70.2 -99.000 -99.000 -99.000 -99.000 -99.000 -9999.0 -9999.0 -9999.0 -9999.0 -9999.0
25381 20240614  2.424 -131.59   55.05    15.5     5.1    10.3    11.0     0.0    22.58 C    24.4     4.2    14.0    97.3    47.4    73.7 -99.000 -99.000 -99.000 -99.000 -99.000 -9999.0 -9999.0 -9999.0 -9999.0 -9999.0
25381 20240615  2.424 -131.59   55.05    15.0     7.9    11.4    11.8     1.5     8.77 C    20.0     6.9    12.8    95.1    65.2    79.9 -99.000 -99.000 -99.000 -99.000 -99.000 -9999.0 -9999.0 -9999.0 -9999.0 -9999.0
25381 20240616  2.424 -131.59   55.05    16.3     8.8    12.6    12.3     0.0    15.12 C    23.6     7.6    14.4    96.7    64.3    80.0 -99.000 -99.000 -99.000 -99.000 -99.000 -9999.0 -9999.0 -9999.0 -9999.0 -9999.0
25381 20240617  2.424 -131.59   55.05    15.7     9.6    12.6    12.6     0.0    24.94 C    25.2     8.2    15.8    96.3    68.0    80.4 -99.000 -99.000 -99.000 -99.000 -99.000 -9999.0 -9999.0 -9999.0 -9999.0 -9999.0
25381 20240618  2.424 -131.59   55.05    14.5     9.6    12.0    11.8     0.0    21.70 C    23.5     8.6    14.6    93.5    73.1    83.3 -99.000 -99.000 -99.000 -99.000 -99.000 -9999.0 -9999.0 -9999.0 -9999.0 -9999.0
25381 20240619  2.424 -131.59   55.05    16.5     9.2    12.8    12.5     0.0    23.40 C    25.0     9.6    15.9    94.4    62.1    82.6 -99.000 -99.000 -99.000 -99.000 -99.000 -9999.0 -9999.0 -9999.0 -9999.0 -9999.0
25381 20240620  2.424 -131.59   55.05    15.9     9.3    12.6    12.8     0.0    28.48 C    24.4     8.2    16.5    96.7    66.2    82.8 -99.000 -99.000 -99.000 -99.000 -99.000 -9999.0 -9999.0 -9999.0 -9999.0 -9999.0
25381 20240621  2.424 -131.59   55.05    17.1     9.6    13.3    12.6    33.4     8.85 C    22.7     9.1    13.3    95.7    59.2    84.3 -99.000 -99.000 -99.000 -99.000 -99.000 -9999.0 -9999.0 -9999.0 -9999.0 -9999.0
25381 20240622  2.424 -131.59   55.05    13.0    10.6    11.8    11.9    21.3     6.75 C    14.3    10.3    12.2    95.8    83.7    91.4 -99.000 -99.000 -99.000 -99.000 -99.000 -9999.0 -9999.0 -9999.0 -9999.0 -9999.0
25381 20240623  2.424 -131.59   55.05    16.0    10.6    13.3    12.7     0.8    22.15 C    23.1    10.5    15.2    92.6    59.6    80.8 -99.000 -99.000 -99.000 -99.000 -99.000 -9999.0 -9999.0 -9999.0 -9999.0 -9999.0
25381 20240624  2.424 -131.59   55.05    15.5    10.9    13.2    12.9     0.0    15.59 C    22.7    10.5    14.9    90.8    62.5    82.0 -99.000 -99.000 -99.000 -99.000 -99.000 -9999.0 -9999.0 -9999.0 -9999.0 -9999.0
25381 20240625  2.424 -131.59   55.05    18.4    11.3    14.8    14.4     0.0    16.34 C    25.4    11.2    16.7    92.0    54.9    74.5 -99.000 -99.000 -99.000 -99.000 -99.000 -9999.0 -9999.0 -9999.0 -9999.0 -9999.0
25381 20240626  2.424 -131.59   55.05    21.2    12.4    16.8    16.4     0.6    22.92 C    28.8    11.8    19.3    89.8    50.0    70.8 -99.000 -99.000 -99.000 -99.000 -99.000 -9999.0 -9999.0 -9999.0 -9999.0 -9999.0
25381 20240627  2.424 -131.59   55.05    16.9    11.9    14.4    13.9     0.0    16.50 C    24.5    11.5    15.9    94.6    73.7    84.3 -99.000 -99.000 -99.000 -99.000 -99.000 -9999.0 -9999.0 -9999.0 -9999.0 -9999.0
25381 20240628  2.424 -131.59   55.05    13.4    10.9    12.1    12.4     0.4     5.44 C    15.8    10.0    13.2    95.2    78.1    87.1 -99.000 -99.000 -99.000 -99.000 -99.000 -9999.0 -9999.0 -9999.0 -9999.0 -9999.0
25381 20240629  2.424 -131.59   55.05    13.9    10.9    12.4    12.7     5.2     3.72 C    14.5    10.0    12.9    95.2    86.8    92.0 -99.000 -99.000 -99.000 -99.000 -99.000 -9999.0 -9999.0 -9999.0 -9999.0 -9999.0
25381 20240630  2.424 -131.59   55.05    13.7    11.3    12.5    12.2     1.2     6.41 C    16.8    11.1    12.7    95.5    82.1    89.8 -99.000 -99.000 -99.000 -99.000 -99.000 -9999.0 -9999.0 -9999.0 -9999.0 -9999.0
25381 20240701  2.424 -131.59   55.05    14.6    11.0    12.8    12.4     1.4     7.99 C    17.8    11.0    13.4    96.0    77.1    89.2 -99.000 -99.000 -99.000 -99.000 -99.000 -9999.0 -9999.0 -9999.0 -9999.0 -9999.0
25381 20240702  2.424 -131.59   55.05 -9999.0 -9999.0 -9999.0 -9999.0 -9999.0 -9999.00 U -9999.0 -9999.0 -9999.0 -9999.0 -9999.0 -9999.0 -99.000 -99.000 -99.000 -99.000 -99.000 -9999.0 -9999.0 -9999.0 -9999.0 -9999.0
