53150 20240101  2.622 -119.82   37.76     7.0     0.2     3.6     2.9     0.0    11.11 C     7.6    -8.0    -2.8    73.7    33.5    46.7 -99.000   0.176   0.119   0.117   0.110     1.9     2.8     3.7     4.7     5.5
53150 20240102  2.622 -119.82   37.76     5.7    -2.7     1.5     1.8    10.3     7.44 C    10.3    -5.5    -0.6    92.4    40.9    56.3 -99.000   0.174   0.119   0.116   0.112     1.9     2.7     3.5     4.5     5.4
53150 20240103  2.622 -119.82   37.76    -1.3    -5.2    -3.2    -3.6    12.4     4.40 C     0.2   -17.0    -5.1    92.6    47.4    87.7 -99.000   0.171   0.119   0.116   0.115     1.9     2.6     3.3     4.3     5.2
53150 20240104  2.622 -119.82   37.76     2.5    -4.6    -1.1    -1.0     0.0     9.36 C    -1.0   -16.6    -8.4    81.5    30.8    55.3 -99.000   0.170   0.118   0.116   0.116     1.8     2.5     3.2     4.2     5.1
53150 20240105  2.622 -119.82   37.76     5.9    -0.8     2.5     1.8     0.0    11.82 C    -0.2   -13.8    -6.6    72.7    15.5    41.1 -99.000   0.170   0.116   0.115   0.118     1.8     2.4     3.2     4.1     5.0
53150 20240106  2.622 -119.82   37.76     3.3    -8.4    -2.6    -2.0    17.4     1.85 C    -4.6   -14.1    -8.2    90.2    13.7    51.9 -99.000   0.170   0.116   0.115   0.118     1.7     2.4     3.1     4.0     4.9
53150 20240107  2.622 -119.82   37.76    -2.1    -9.7    -5.9    -5.9     0.0    11.92 C    -4.3   -21.8   -13.9    90.7    23.4    51.5 -99.000   0.170   0.116   0.115   0.119     1.7     2.3     3.0     3.9     4.8
53150 20240108  2.622 -119.82   37.76     2.9    -6.5    -1.8    -1.5     0.0    11.17 C    -1.2   -21.4   -10.6    62.1    18.5    35.8 -99.000   0.170   0.116   0.115   0.120     1.6     2.2     3.0     3.9     4.7
53150 20240109  2.622 -119.82   37.76     3.7    -2.4     0.6     0.6     3.2     6.30 C     0.4   -12.4    -4.1    94.4    36.1    76.6 -99.000   0.170   0.116   0.116   0.125     1.6     2.2     3.0     3.8     4.7
53150 20240110  2.622 -119.82   37.76    -2.4    -5.4    -3.9    -3.5    27.7     0.89 C    -2.1   -13.0    -4.5    90.6    84.5    88.3 -99.000   0.173   0.120   0.119   0.125     1.6     2.2     2.9     3.8     4.6
53150 20240111  2.622 -119.82   37.76    -1.9    -9.8    -5.9    -5.1     0.0    12.64 C    -4.4   -18.5   -11.3    86.2    24.7    60.2 -99.000   0.175   0.121   0.120   0.124     1.6     2.2     2.8     3.7     4.5
53150 20240112  2.622 -119.82   37.76     4.6    -4.5     0.0    -0.1     0.0     6.38 C     0.2   -16.5    -6.1    74.8     7.4    34.6 -99.000   0.175   0.121   0.119   0.123     1.6     2.1     2.8     3.6     4.5
53150 20240113  2.622 -119.82   37.76     1.9    -1.0     0.5     0.4    16.7     0.42 C     0.0    -3.1    -0.5    94.2    69.9    88.6 -99.000   0.176   0.122   0.121   0.124     1.6     2.1     2.8     3.6     4.4
53150 20240114  2.622 -119.82   37.76     5.4     0.0     2.7     2.3     0.7     9.47 C     0.4    -7.0    -1.7    94.4    48.4    82.7 -99.000   0.214   0.140   0.126   0.124     1.5     2.0     2.7     3.5     4.3
53150 20240115  2.622 -119.82   37.76     9.6     1.7     5.7     5.9     0.0    10.22 C     0.0    -7.5    -2.9    65.2    21.5    38.0 -99.000   0.224   0.153   0.133   0.125     1.4     1.9     2.6     3.4     4.3
53150 20240116  2.622 -119.82   37.76     8.5     0.6     4.5     6.0     9.6     3.59 C     0.3    -8.0    -2.2    93.7    11.5    39.5 -99.000   0.223   0.152   0.134   0.127     1.4     1.9     2.6     3.4     4.2
53150 20240117  2.622 -119.82   37.76     5.5     1.2     3.3     3.1     5.6    10.28 C     0.7    -6.2    -1.3    99.9     6.1    72.5 -99.000   0.264   0.188   0.162   0.156     1.1     1.6     2.4     3.2     4.1
53150 20240118  2.622 -119.82   37.76    12.7     0.9     6.8     7.3     0.0     5.79 C     0.2    -6.4    -1.7    49.4    11.2    32.6 -99.000   0.255   0.182   0.163   0.182     1.1     1.6     2.3     3.1     4.0
53150 20240119  2.622 -119.82   37.76     8.6     0.6     4.6     5.4     1.9     8.11 C     0.8    -1.5    -0.4    93.3    24.5    47.0 -99.000   0.255   0.180   0.162   0.187     1.2     1.6     2.3     3.0     4.0
53150 20240120  2.622 -119.82   37.76     2.5    -0.5     1.0     0.9    11.8     4.94 C     0.9    -0.5     0.0    99.9    89.5    94.7 -99.000   0.267   0.191   0.172   0.198     1.1     1.6     2.3     3.0     3.9
53150 20240121  2.622 -119.82   37.76     3.4    -0.6     1.4     0.9     1.9     5.66 C     0.5    -3.2    -0.4    94.2    82.0    91.7 -99.000   0.262   0.191   0.177   0.215     1.1     1.5     2.2     2.9     3.8
53150 20240122  2.622 -119.82   37.76     1.4    -0.8     0.3     0.4    29.1     3.06 C     0.6    -2.4    -0.1    94.7    91.5    94.0 -99.000   0.260   0.189   0.175   0.220     1.1     1.5     2.2     2.9     3.7
53150 20240123  2.622 -119.82   37.76     4.6    -0.9     1.9     1.5     0.0    10.95 C     0.7    -6.7    -2.4    94.3    54.9    79.3 -99.000   0.261   0.189   0.175   0.223     1.1     1.5     2.1     2.9     3.7
53150 20240124  2.622 -119.82   37.76     3.1    -0.6     1.2     1.7    13.8     3.05 C     0.3    -2.7    -0.3    99.9    50.0    87.4 -99.000   0.260   0.190   0.175   0.225     1.1     1.5     2.1     2.8     3.7
53150 20240125  2.622 -119.82   37.76     4.2    -1.5     1.4     1.4     0.3    12.91 C     0.2    -7.8    -2.3    97.7    39.5    76.6 -99.000   0.267   0.202   0.188   0.237     1.1     1.4     2.1     2.7     3.6
53150 20240126  2.622 -119.82   37.76    10.1     1.3     5.7     6.1     0.0    10.66 C     0.4    -6.8    -1.7    65.9    14.8    39.2 -99.000   0.259   0.194   0.182   0.242     1.1     1.5     2.1     2.7     3.5
53150 20240127  2.622 -119.82   37.76    13.8     8.3    11.1    11.2     0.0     7.38 C     0.2    -0.9    -0.2    49.0    30.7    38.3 -99.000   0.265   0.202   0.188   0.246     2.2     2.2     2.2     2.7     3.5
53150 20240128  2.622 -119.82   37.76    16.5     9.9    13.2    12.8     0.0    12.98 C     0.3    -1.1    -0.3    52.1    22.1    32.7 -99.000   0.260   0.203   0.193   0.253     3.7     3.4     2.5     2.8     3.4
53150 20240129  2.622 -119.82   37.76    14.0     6.3    10.2    10.3     0.0    13.65 C     0.4    -3.2    -1.2    71.2    24.9    46.1 -99.000 -99.000 -99.000 -99.000 -99.000 -9999.0 -9999.0 -9999.0 -9999.0 -9999.0
53150 20240130  2.622 -119.82   37.76    13.0     6.1     9.6     8.8     0.0    12.92 C     1.9    -2.8    -0.6    64.7    35.5    47.5 -99.000 -99.000 -99.000 -99.000 -99.000 -9999.0 -9999.0 -9999.0 -9999.0 -9999.0
53150 20240131  2.622 -119.82   37.76     8.2     0.0     4.1     5.1     3.9     5.92 C     3.3    -1.7     0.3    93.8    35.8    56.0 -99.000 -99.000 -99.000 -99.000 -99.000 -9999.0 -9999.0 -9999.0 -9999.0 -9999.0
53150 20240201  2.622 -119.82   37.76     1.2    -2.4    -0.6    -0.8    41.9     2.74 C     0.4    -2.5    -0.7    94.5    89.7    92.9 -99.000   0.255   0.198   0.189   0.258     2.1     2.8     2.7     3.2     3.5
53150 20240202  2.622 -119.82   37.76    -1.5    -4.7    -3.1    -3.0    16.3     1.19 C    -0.2    -9.6    -3.1    90.4    87.0    88.9 -99.000   0.248   0.190   0.181   0.256     1.6     2.2     2.5     3.0     3.6
53150 20240203  2.622 -119.82   37.76    -2.2    -5.2    -3.7    -3.6     1.1     2.21 C    -2.6    -8.7    -4.6    91.8    62.9    83.5 -99.000   0.240   0.183   0.174   0.252     1.4     1.9     2.3     2.9     3.6
53150 20240204  2.622 -119.82   37.76     1.5    -2.5    -0.5    -0.1    42.6     0.67 C     1.0    -2.7    -0.3    99.9    91.5    94.5 -99.000   0.265   0.192   0.181   0.249     1.1     1.4     2.1     2.8     3.5
53150 20240205  2.622 -119.82   37.76     0.4    -1.8    -0.7    -0.8     8.4     4.58 C     0.1    -2.1    -0.8    94.1    79.0    90.7 -99.000   0.289   0.208   0.193   0.257     0.7     1.1     1.9     2.6     3.5
53150 20240206  2.622 -119.82   37.76    -0.9    -3.3    -2.1    -1.9    11.8     4.65 C     0.4    -7.0    -2.2    92.4    88.9    91.0 -99.000   0.260   0.192   0.181   0.256     0.9     1.3     2.0     2.6     3.4
53150 20240207  2.622 -119.82   37.76    -2.5    -5.7    -4.1    -3.7    26.2     3.01 C    -1.8    -8.0    -3.9    89.3    86.5    88.1 -99.000   0.248   0.184   0.175   0.253     1.0     1.4     2.0     2.6     3.4
53150 20240208  2.622 -119.82   37.76    -3.3    -6.8    -5.1    -5.2     0.5     7.97 C    -0.5   -18.4    -9.0    89.5    85.5    87.5 -99.000   0.240   0.180   0.171   0.250     0.9     1.3     2.0     2.6     3.3
53150 20240209  2.622 -119.82   37.76    -2.4    -6.2    -4.3    -4.2     0.0    12.13 C     0.4   -19.3    -7.8    92.7    61.8    82.5 -99.000   0.235   0.175   0.167   0.247     0.8     1.3     1.9     2.6     3.3
53150 20240210  2.622 -119.82   37.76    -0.1    -4.4    -2.2    -2.2     0.0    16.15 C    -0.6   -18.6    -8.4    93.6    25.6    62.3 -99.000   0.231   0.172   0.164   0.243     0.7     1.2     1.9     2.6     3.3
53150 20240211  2.622 -119.82   37.76     3.0    -3.6    -0.3     0.1     0.0    15.23 C     0.5   -14.6    -6.3    94.6    39.9    64.0 -99.000   0.228   0.170   0.162   0.241     0.7     1.2     1.9     2.5     3.3
53150 20240212  2.622 -119.82   37.76     5.4     0.7     3.1     3.1     0.0    14.04 C     0.5   -13.5    -6.0    76.9    16.3    42.1 -99.000   0.229   0.169   0.161   0.239     0.8     1.2     1.9     2.5     3.2
53150 20240213  2.622 -119.82   37.76     4.7    -0.1     2.3     2.0     0.0    12.59 C     0.6   -10.7    -4.1    93.4    29.3    53.1 -99.000   0.231   0.170   0.162   0.238     0.8     1.2     1.9     2.5     3.2
53150 20240214  2.622 -119.82   37.76     3.3    -1.5     0.9     0.8     7.9     8.97 C     0.4    -7.6    -2.1    94.0    28.6    66.7 -99.000   0.232   0.172   0.163   0.238     0.8     1.2     1.9     2.4     3.2
53150 20240215  2.622 -119.82   37.76     2.8    -2.2     0.3     0.3     7.6    14.33 C     0.9    -7.6    -2.4    93.8    56.8    80.6 -99.000   0.230   0.170   0.162   0.238     0.9     1.3     1.9     2.4     3.2
53150 20240216  2.622 -119.82   37.76     7.1     1.5     4.3     5.0     0.0     6.90 C     0.3    -7.1    -2.4    57.2    14.0    31.9 -99.000   0.229   0.169   0.161   0.237     0.9     1.3     1.9     2.4     3.2
53150 20240217  2.622 -119.82   37.76     6.5    -0.6     2.9     2.6     6.9     2.87 C     0.1    -3.1    -0.9    94.5    21.7    58.5 -99.000   0.228   0.168   0.160   0.236     0.9     1.3     1.9     2.4     3.1
53150 20240218  2.622 -119.82   37.76     5.2    -0.2     2.5     2.3     8.0    16.12 C     0.6    -2.6    -0.4    94.4    54.0    80.7 -99.000   0.228   0.168   0.159   0.236     0.9     1.3     1.9     2.4     3.1
53150 20240219  2.622 -119.82   37.76     3.0    -0.6     1.2     1.4    29.6     8.60 C     2.4    -1.8     0.1    99.3    68.4    86.0 -99.000   0.286   0.224   0.205   0.302     0.7     1.1     1.6     2.3     3.0
53150 20240220  2.622 -119.82   37.76     3.2    -2.0     0.6     0.1    16.6    11.87 C     0.2    -6.4    -2.0    93.6    51.1    76.4 -99.000   0.274   0.211   0.196   0.302     0.7     1.1     1.5     2.1     2.8
53150 20240221  2.622 -119.82   37.76     1.3    -2.8    -0.8    -0.8     2.2    12.59 C     1.3   -11.3    -4.0    93.7    74.8    86.6 -99.000 -99.000   0.201   0.187 -99.000 -9999.0     1.1     1.5     2.0 -9999.0
53150 20240222  2.622 -119.82   37.76     3.9    -1.5     1.2     1.3     0.0    14.81 C     0.4   -14.5    -5.9    86.7    42.2    63.7 -99.000 -99.000 -99.000 -99.000 -99.000 -9999.0 -9999.0 -9999.0 -9999.0 -9999.0
53150 20240223  2.622 -119.82   37.76    10.4     2.0     6.2     4.7     0.0    12.00 C     0.3   -11.4    -4.5    85.0    15.6    49.4 -99.000 -99.000 -99.000 -99.000 -99.000 -9999.0 -9999.0 -9999.0 -9999.0 -9999.0
53150 20240224  2.622 -119.82   37.76     8.7     3.1     5.9     6.1     0.0    16.88 C     0.5    -6.4    -2.9    53.9    20.8    39.1 -99.000   0.266   0.195   0.180   0.274     0.7     1.1     1.6     2.1     2.8
53150 20240225  2.622 -119.82   37.76     8.0     2.1     5.0     5.1     0.0    18.11 C     0.0    -8.3    -3.5    80.4    26.9    46.2 -99.000   0.279   0.206   0.188   0.277     0.6     1.0     1.5     2.1     2.8
53150 20240226  2.622 -119.82   37.76     3.9     0.5     2.2     1.9     4.8     4.70 C     0.4    -5.5    -1.1    94.6    58.7    83.2 -99.000   0.278   0.207   0.191   0.281     0.6     1.0     1.5     2.0     2.7
53150 20240227  2.622 -119.82   37.76     5.1    -0.7     2.2     1.8     0.0    11.86 C     0.9    -7.7    -2.1    94.7    60.9    83.1 -99.000   0.279   0.207   0.190   0.282     0.6     1.0     1.5     2.0     2.7
53150 20240228  2.622 -119.82   37.76     7.2     2.3     4.7     4.5     0.0    18.87 C     0.1    -6.8    -2.6    84.3    39.9    59.3 -99.000   0.285   0.214   0.197   0.283     0.7     1.0     1.5     2.0     2.7
53150 20240229  2.622 -119.82   37.76     3.0    -0.1     1.5     1.6     1.3     4.20 C     0.0    -3.0    -0.8    94.0    63.0    79.2 -99.000   0.277   0.211   0.196   0.287     0.7     1.1     1.5     2.0     2.6
53150 20240301  2.622 -119.82   37.76     0.2    -1.3    -0.5    -0.4    46.8     2.36 C     0.0    -1.4    -0.3    94.9    93.3    94.0 -99.000   0.265   0.200   0.187   0.283     0.6     1.0     1.5     2.0     2.6
53150 20240302  2.622 -119.82   37.76    -0.9    -5.8    -3.3    -4.2    37.9     4.05 C    -1.0    -5.7    -4.2    94.6    88.2    90.1 -99.000 -99.000 -99.000 -99.000 -99.000 -9999.0 -9999.0 -9999.0 -9999.0 -9999.0
53150 20240303  2.622 -119.82   37.76    -2.7    -6.6    -4.7    -4.4    11.5     9.37 C    -0.6    -6.8    -4.1    90.1    86.1    88.3 -99.000 -99.000 -99.000 -99.000 -99.000 -9999.0 -9999.0 -9999.0 -9999.0 -9999.0
53150 20240304  2.622 -119.82   37.76    -0.7    -4.0    -2.3    -2.5     2.4    11.08 C     0.7    -7.4    -2.6    91.9    84.9    89.9 -99.000   0.243   0.183   0.172   0.271     0.6     1.0     1.5     2.0     2.6
53150 20240305  2.622 -119.82   37.76     2.4    -3.4    -0.5    -0.2     0.0    16.23 C     0.6   -11.2    -4.7    92.8    53.0    74.1 -99.000   0.239   0.179   0.169   0.266     0.6     1.0     1.5     2.0     2.6
53150 20240306  2.622 -119.82   37.76     2.6    -1.7     0.5    -0.2     2.0    10.59 C     0.6   -12.1    -4.5    95.2    36.8    64.5 -99.000   0.238   0.177   0.167   0.263     0.6     1.0     1.5     2.0     2.6
53150 20240307  2.622 -119.82   37.76     3.2    -1.8     0.7     0.2     0.0    15.59 C     1.0   -11.0    -4.2    94.2    35.9    75.7 -99.000   0.238   0.176   0.166   0.261     0.6     1.1     1.5     2.0     2.6
53150 20240308  2.622 -119.82   37.76     6.8     0.2     3.5     2.9     0.0    20.08 C     0.2   -13.0    -4.5    94.3    22.8    55.2 -99.000   0.240   0.177   0.166   0.259     0.6     1.1     1.5     2.0     2.6
53150 20240309  2.622 -119.82   37.76     5.6     0.9     3.3     3.0     0.0    19.46 C     0.1    -7.2    -3.1    89.8    28.5    47.4 -99.000   0.246   0.181   0.169   0.260     0.6     1.0     1.5     2.0     2.6
53150 20240310  2.622 -119.82   37.76     4.7     0.2     2.4     1.7     0.0    12.99 C     0.6    -6.0    -2.0    94.2    42.6    71.6 -99.000   0.251   0.186   0.173   0.263     0.6     1.0     1.5     2.0     2.6
53150 20240311  2.622 -119.82   37.76     4.2    -0.3     1.9     1.1     0.9    11.86 C     1.2    -0.8     0.0    95.8    69.1    90.8 -99.000   0.255   0.190   0.178   0.266     0.6     1.0     1.5     1.9     2.5
53150 20240312  2.622 -119.82   37.76     2.0    -1.0     0.5     0.5    10.4     7.42 C     0.8    -6.1    -0.9    99.9    85.5    93.5 -99.000   0.258   0.195   0.184   0.270     0.6     1.0     1.5     1.9     2.5
53150 20240313  2.622 -119.82   37.76     5.3    -1.2     2.1     1.5     0.0    18.11 C     0.4    -8.5    -3.3    94.0    15.4    65.7 -99.000   0.259   0.197   0.187   0.273     0.6     1.0     1.4     1.9     2.5
53150 20240314  2.622 -119.82   37.76     5.1    -2.1     1.5     1.2     0.0    22.56 C     0.0   -11.9    -5.2    47.3    14.2    27.7 -99.000   0.259   0.198   0.188   0.274     0.6     0.9     1.4     1.8     2.4
53150 20240315  2.622 -119.82   37.76     7.0     0.5     3.7     3.3     0.0    20.91 C     0.7    -8.9    -3.4    67.6    24.6    44.4 -99.000   0.258   0.198   0.187   0.275     0.6     0.9     1.4     1.8     2.4
53150 20240316  2.622 -119.82   37.76     6.9     0.5     3.7     3.9     0.0    21.72 C     0.6    -7.3    -2.7    84.7    38.1    61.1 -99.000   0.263   0.206   0.196   0.277     0.6     0.9     1.3     1.8     2.4
53150 20240317  2.622 -119.82   37.76     9.1     2.4     5.8     6.4     0.0    22.87 C     8.8    -6.7    -2.1    88.7    31.4    56.2 -99.000   0.268   0.217   0.206   0.291     0.6     0.8     1.2     1.8     2.3
53150 20240318  2.622 -119.82   37.76    11.1     4.7     7.9     7.9     0.0    22.02 C     0.7    -5.4    -1.9    81.4    32.3    52.0 -99.000   0.272   0.222   0.211   0.306     0.5     0.8     1.1     1.6     2.3
53150 20240319  2.622 -119.82   37.76    11.3     5.8     8.5     8.4     0.0    22.71 C     0.4    -5.2    -1.5    88.3    28.3    56.7 -99.000   0.274   0.225   0.215   0.307     0.5     0.7     1.1     1.6     2.2
53150 20240320  2.622 -119.82   37.76    11.0     4.6     7.8     7.4     0.0    22.04 C     0.5    -4.5    -1.7    84.2    24.8    48.1 -99.000   0.274   0.224   0.213   0.306     0.4     0.7     1.1     1.5     2.1
53150 20240321  2.622 -119.82   37.76     9.7     3.7     6.7     5.9     0.0    22.19 C     0.3    -6.5    -2.4    73.2    38.5    51.3 -99.000   0.279   0.225   0.213   0.305     0.5     0.7     1.0     1.4     2.1
53150 20240322  2.622 -119.82   37.76     9.5    -0.6     4.5     5.1     6.8    19.01 C     0.6    -3.8    -0.7    99.9    29.4    66.0 -99.000   0.281   0.225   0.214   0.305     1.0     1.0     1.1     1.4     2.0
53150 20240323  2.622 -119.82   37.76     1.4    -3.8    -1.2    -1.9    25.3    16.10 C     0.8    -7.7    -2.2    99.9    72.8    90.0 -99.000   0.282   0.224   0.212   0.306     0.8     1.2     1.1     1.5     2.0
53150 20240324  2.622 -119.82   37.76     0.1    -3.8    -1.8    -2.5     9.2    10.54 C     0.6   -12.5    -3.0    91.4    39.6    87.2 -99.000   0.268   0.207   0.193   0.298     0.5     0.8     1.1     1.5     1.9
53150 20240325  2.622 -119.82   37.76     3.2    -3.1     0.0    -0.2     2.4    18.85 C     0.9   -15.2    -5.0    94.7    45.3    72.3 -99.000   0.267   0.202   0.186   0.289     0.5     0.7     1.1     1.5     2.0
53150 20240326  2.622 -119.82   37.76     4.5    -1.1     1.7     1.3     0.0    17.37 C     1.0   -10.6    -3.8    93.4    45.2    70.8 -99.000   0.271   0.202   0.185   0.285     0.4     0.7     1.1     1.5     2.0
53150 20240327  2.622 -119.82   37.76     7.3    -0.4     3.4     2.3     7.8    13.17 C     0.7    -8.2    -2.5    94.2    18.3    65.6 -99.000   0.269   0.201   0.185   0.284     0.5     0.7     1.1     1.5     2.0
53150 20240328  2.622 -119.82   37.76     2.1    -3.5    -0.7    -0.2    21.6    17.63 C     0.4    -4.8    -0.8    94.9    46.0    83.2 -99.000   0.292   0.216   0.198   0.287     0.4     0.6     1.1     1.5     2.0
53150 20240329  2.622 -119.82   37.76    -0.9    -3.3    -2.1    -2.3    18.3     5.17 C    -0.6    -5.9    -2.7    93.0    77.0    88.1 -99.000   0.273   0.206   0.191   0.289     0.3     0.6     1.1     1.5     2.0
53150 20240330  2.622 -119.82   37.76    -0.7    -3.2    -2.0    -2.3     9.2    11.87 C     0.8   -13.5    -3.5    92.9    71.6    89.7 -99.000   0.257   0.195   0.182   0.285     0.4     0.6     1.1     1.5     2.0
53150 20240331  2.622 -119.82   37.76     0.3    -2.5    -1.1    -1.2     2.4     8.38 C     0.6   -13.5    -4.6    94.4    53.6    77.3 -99.000   0.249   0.188   0.176   0.279     0.4     0.6     1.1     1.5     2.0
53150 20240401  2.622 -119.82   37.76     5.9    -1.0     2.4     3.2     0.0    21.61 C     0.6   -15.8    -5.1    90.8    27.4    57.6 -99.000   0.267   0.195   0.181   0.276     0.4     0.6     1.1     1.5     2.0
53150 20240402  2.622 -119.82   37.76    10.1     5.0     7.6     7.7     0.0    22.82 C     0.6    -7.0    -1.8    89.3    31.1    59.0 -99.000 -99.000   0.213   0.205   0.280     0.1     0.4     0.9     1.4     1.9
53150 20240403  2.622 -119.82   37.76    10.0     3.4     6.7     6.7     0.0    21.59 C     0.5    -5.4    -1.2    93.0    50.2    67.4 -99.000 -99.000   0.219   0.205   0.285     0.3     0.4     0.9     1.3     1.9
53150 20240404  2.622 -119.82   37.76     3.4    -7.1    -1.9    -3.9    39.4     3.40 C     0.3    -8.4    -4.0    94.6    86.1    90.5 -99.000   0.289   0.223   0.211   0.295     0.3     0.6     1.0     1.3     1.8
53150 20240405  2.622 -119.82   37.76    -4.3    -7.0    -5.7    -6.1    13.2    13.27 C    -0.9   -17.9    -6.9    89.6    85.5    87.2 -99.000   0.268   0.204   0.192   0.290     0.3     0.6     1.0     1.3     1.8
53150 20240406  2.622 -119.82   37.76     0.1    -7.3    -3.6    -3.2     0.0    18.18 C     0.9   -20.2    -8.2    92.4    50.7    77.5 -99.000   0.261   0.196   0.183   0.284     0.3     0.6     1.0     1.4     1.8
53150 20240407  2.622 -119.82   37.76     0.8    -5.4    -2.3    -1.8     0.0    19.64 C     1.2   -17.7    -5.9    93.4    43.3    76.2 -99.000   0.266   0.195   0.180   0.279     0.3     0.6     1.0     1.4     1.8
53150 20240408  2.622 -119.82   37.76     6.1    -1.7     2.2     2.9     0.0    24.93 C     0.4   -11.8    -4.2    82.0    22.2    44.8 -99.000   0.274   0.197   0.181   0.277     0.2     0.5     1.0     1.4     1.8
53150 20240409  2.622 -119.82   37.76    10.7     3.2     7.0     7.5     0.0    26.19 C     0.6    -9.8    -3.0    86.8    14.8    44.4 -99.000 -99.000   0.208   0.190   0.280     0.2     0.5     1.0     1.4     1.8
53150 20240410  2.622 -119.82   37.76    14.2     8.5    11.4    11.3     0.0    25.15 C     0.4    -4.9    -1.4    78.9    26.9    48.4 -99.000 -99.000   0.225   0.211   0.289     0.2     0.4     0.9     1.3     1.8
53150 20240411  2.622 -119.82   37.76    15.8     8.6    12.2    12.3     0.0    26.48 C     0.6    -1.6    -0.4    73.4    21.6    54.0 -99.000   0.288   0.233   0.226   0.307     2.3     1.6     1.0     1.2     1.7
53150 20240412  2.622 -119.82   37.76    12.9     4.0     8.4     9.3     0.0    22.66 C     0.6    -1.5    -0.4    58.4    37.1    45.7 -99.000   0.281   0.233   0.235   0.311     3.7     3.0     1.4     1.3     1.6
53150 20240413  2.622 -119.82   37.76     4.0    -3.7     0.2    -0.5    13.8     5.28 C     0.3    -7.0    -1.5    94.3    58.5    86.3 -99.000   0.270   0.218   0.207   0.307     2.3     2.6     1.5     1.4     1.6
53150 20240414  2.622 -119.82   37.76    -0.2    -4.2    -2.2    -2.0     5.8    15.94 C     0.6    -8.5    -2.3    93.1    86.5    90.7 -99.000   0.261   0.204   0.192   0.297     1.1     1.5     1.2     1.5     1.6
53150 20240415  2.622 -119.82   37.76     6.6    -2.1     2.2     2.4     0.0    19.88 C     0.7    -8.8    -2.1    94.4    59.0    81.6 -99.000   0.267   0.206   0.192   0.291     1.4     1.4     1.2     1.4     1.7
53150 20240416  2.622 -119.82   37.76    13.4     4.8     9.1     9.8     0.0    25.99 C     0.4    -5.0    -1.1    89.1    26.6    51.8 -99.000   0.270   0.222   0.217   0.300     3.8     2.7     1.4     1.4     1.7
53150 20240417  2.622 -119.82   37.76    15.7     8.4    12.1    11.4     0.0    23.68 C     0.9    -2.1    -0.4    68.7    21.9    43.5 -99.000   0.267   0.225   0.222   0.307     5.5     4.4     2.0     1.6     1.6
53150 20240418  2.622 -119.82   37.76    15.0     7.5    11.3    10.7     0.0    24.67 C     1.7    -3.8    -0.6    81.8    19.7    49.3 -99.000   0.262   0.221   0.222   0.317     6.4     5.3     2.4     1.9     1.4
53150 20240419  2.622 -119.82   37.76    15.6     7.3    11.5    10.9     0.0    27.19 C     4.9    -2.8     0.9    89.2    27.1    49.4 -99.000   0.258   0.212   0.215   0.308     7.3     6.0     2.7     2.1     1.7
53150 20240420  2.622 -119.82   37.76    17.8     9.2    13.5    12.7     0.0    26.44 C    26.5    -1.5     7.7    68.3    34.9    54.1 -99.000   0.253   0.217   0.213   0.308     8.0     6.8     3.1     2.3     1.9
53150 20240421  2.622 -119.82   37.76    20.1    11.4    15.8    14.9     0.0    27.60 C    37.6     0.4    15.2    74.3    30.2    47.0 -99.000   0.243   0.205   0.199   0.302     9.2     7.7     3.9     2.7     2.0
53150 20240422  2.622 -119.82   37.76    19.3     9.5    14.4    14.0     0.0    26.91 C    38.5     1.9    16.9    92.7    22.9    49.6 -99.000   0.234   0.189   0.183   0.291    10.2     8.6     5.8     3.7     2.3
53150 20240423  2.622 -119.82   37.76    14.3     5.2     9.8     9.1     0.0    19.18 C    35.4     3.0    13.3    93.6    52.6    74.5 -99.000   0.227   0.179   0.174   0.285    10.0     8.9     6.9     4.7     2.4
53150 20240424  2.622 -119.82   37.76    10.1     2.7     6.4     5.3     0.0    14.82 C    34.2     1.4    11.5    94.2    63.2    87.4 -99.000   0.223   0.173   0.168   0.271     8.8     8.2     7.1     5.3     3.3
53150 20240425  2.622 -119.82   37.76     9.3     1.9     5.6     3.9     0.4    11.91 C    31.2     3.3     9.3    94.5    64.0    86.4 -99.000   0.218   0.169   0.164   0.265     7.8     7.4     6.8     5.5     3.6
53150 20240426  2.622 -119.82   37.76     4.3    -0.6     1.9     0.9    13.1     9.57 C    20.8    -3.2     3.1    94.8    72.1    92.3 -99.000   0.217   0.167   0.161   0.259     5.9     6.2     6.3     5.5     3.9
53150 20240427  2.622 -119.82   37.76     9.7     0.5     5.1     4.8     0.0    21.61 C    31.7    -4.7     6.9    89.0    43.3    67.0 -99.000   0.224   0.172   0.164   0.258     5.7     5.3     5.3     5.1     4.0
53150 20240428  2.622 -119.82   37.76    12.3     3.8     8.0     7.2     0.0    23.28 C    36.4    -1.0    10.9    90.2    48.8    70.1 -99.000   0.222   0.170   0.163   0.258     7.3     6.4     5.7     5.0     4.0
53150 20240429  2.622 -119.82   37.76    13.9     4.5     9.2     8.4     0.0    22.66 C    35.3     0.3    11.6    89.9    21.5    64.4 -99.000   0.217   0.166   0.160   0.255     7.9     7.1     6.4     5.3     4.1
53150 20240430  2.622 -119.82   37.76    13.9     6.7    10.3     9.8     0.0    28.87 C    37.8    -2.1    13.0    53.5     5.9    34.4 -99.000   0.212   0.161   0.156   0.251     8.1     7.3     6.8     5.6     4.2
53150 20240501  2.622 -119.82   37.76    14.3     6.3    10.3     9.7     0.0    29.03 C    38.9    -1.6    13.8    45.9    13.3    32.1 -99.000   0.207   0.157   0.153   0.246     8.6     7.8     7.2     5.9     4.3
53150 20240502  2.622 -119.82   37.76    14.7     6.9    10.8    10.1     0.0    28.61 C    40.5    -0.6    15.1    69.4    22.2    46.1 -99.000   0.201   0.153   0.150   0.241     9.1     8.2     7.7     6.2     4.5
53150 20240503  2.622 -119.82   37.76    14.5     6.9    10.7    10.1     0.0    26.18 C    41.8     1.4    15.5    72.7    42.7    55.5 -99.000   0.197   0.149   0.147   0.236     9.8     8.8     8.2     6.6     4.7
53150 20240504  2.622 -119.82   37.76     7.2    -6.3     0.4     1.3    31.8     1.88 C     8.8   -16.6     0.2    94.4    67.8    86.6 -99.000   0.203   0.149   0.146   0.232     7.2     7.6     8.1     6.9     5.0
53150 20240505  2.622 -119.82   37.76     2.1    -6.6    -2.2    -2.4     0.3    25.46 C     1.6   -15.7    -3.9    92.6    63.7    82.1 -99.000   0.246   0.175   0.158   0.233     4.0     4.8     6.2     6.3     5.1
53150 20240506  2.622 -119.82   37.76    10.1    -2.1     4.0     4.6     0.0    30.04 C    25.4    -7.1     4.6    83.4    45.4    60.1 -99.000   0.254   0.190   0.175   0.245     5.1     4.8     5.2     5.5     5.1
53150 20240507  2.622 -119.82   37.76    12.5     4.6     8.6     7.7     0.0    29.52 C    35.3    -1.2    11.7    91.7     8.9    48.1 -99.000   0.247   0.186   0.176   0.256     7.0     6.1     6.0     5.5     4.9
53150 20240508  2.622 -119.82   37.76    11.9     5.1     8.5     8.0     0.0    23.82 C    37.6    -2.2    10.8    80.5    16.2    45.7 -99.000   0.237   0.178   0.170   0.257     8.1     7.2     6.8     5.8     4.8
53150 20240509  2.622 -119.82   37.76    15.0     5.9    10.5    10.1     0.0    29.76 C    38.5    -0.7    14.5    52.3    22.9    35.6 -99.000   0.228   0.172   0.165   0.254     8.9     7.8     7.3     6.2     5.0
53150 20240510  2.622 -119.82   37.76    17.1     8.8    12.9    11.7     2.4    22.69 C    42.8     0.4    13.8    78.8    24.8    40.4 -99.000   0.220   0.166   0.161   0.251     9.8     8.6     8.0     6.6     5.1
53150 20240511  2.622 -119.82   37.76    17.7     9.5    13.6    13.1     0.0    27.84 C    38.1     1.2    15.2    55.4    23.9    36.9 -99.000   0.213   0.161   0.157   0.247    10.2     9.0     8.4     7.0     5.3
53150 20240512  2.622 -119.82   37.76    19.8    11.7    15.7    14.8     0.0    30.33 C    44.0     2.3    18.1    50.1    32.8    40.5 -99.000   0.206   0.156   0.153   0.243    11.5    10.0     9.1     7.4     5.5
53150 20240513  2.622 -119.82   37.76    20.0    11.3    15.6    14.9     0.0    27.22 C    42.3     4.0    19.0    50.2    22.5    35.4 -99.000   0.199   0.151   0.149   0.238    12.3    10.8     9.9     7.9     5.7
53150 20240514  2.622 -119.82   37.76    21.0    12.8    16.9    16.0     0.0    25.61 C    47.2     3.8    19.1    57.9    27.1    38.9 -99.000   0.193   0.147   0.146   0.234    12.7    11.2    10.3     8.3     6.0
53150 20240515  2.622 -119.82   37.76    21.3    14.1    17.7    17.1     0.0    29.84 C    46.0     5.0    21.3    70.3    16.6    38.5 -99.000   0.186   0.142   0.142   0.229    13.6    12.0    10.9     8.8     6.3
53150 20240516  2.622 -119.82   37.76    20.7    12.5    16.6    16.5     0.0    30.10 C    47.5     3.4    21.0    77.0    14.7    43.2 -99.000 -99.000 -99.000 -99.000 -99.000 -9999.0 -9999.0 -9999.0 -9999.0 -9999.0
53150 20240517  2.622 -119.82   37.76    19.8    11.2    15.5    15.0     0.0    29.01 C    47.4     6.3    20.7    77.2    38.3    61.2 -99.000 -99.000 -99.000 -99.000 -99.000 -9999.0 -9999.0 -9999.0 -9999.0 -9999.0
53150 20240518  2.622 -119.82   37.76    16.9    10.3    13.6    13.2     0.0    19.40 C    47.7     5.6    17.5    78.5    46.0    65.8 -99.000 -99.000 -99.000 -99.000 -99.000 -9999.0 -9999.0 -9999.0 -9999.0 -9999.0
53150 20240519  2.622 -119.82   37.76    16.4     7.0    11.7    11.8     0.0    30.47 C    46.0     3.9    19.2    84.8    31.6    61.5 -99.000 -99.000 -99.000 -99.000 -99.000 -9999.0 -9999.0 -9999.0 -9999.0 -9999.0
53150 20240520  2.622 -119.82   37.76    14.3     6.6    10.4     9.6     0.0    27.50 C    47.0     1.5    16.8    71.0    37.0    53.7 -99.000 -99.000 -99.000 -99.000 -99.000 -9999.0 -9999.0 -9999.0 -9999.0 -9999.0
53150 20240521  2.622 -119.82   37.76    16.1     6.7    11.4    10.8     0.0    30.68 C    49.6     0.6    18.6    61.0    28.0    43.5 -99.000 -99.000 -99.000 -99.000 -99.000 -9999.0 -9999.0 -9999.0 -9999.0 -9999.0
53150 20240522  2.622 -119.82   37.76    16.6     7.9    12.3    11.7     0.0    30.03 C    47.2     1.6    19.1    57.2    30.9    43.5 -99.000   0.151   0.119   0.124   0.197    12.6    11.7    11.6    10.0     7.8
53150 20240523  2.622 -119.82   37.76    15.8     7.3    11.6    11.0     0.0    28.43 C    46.5     2.1    19.2    72.0    37.6    50.5 -99.000   0.146   0.116   0.122   0.193    12.7    11.8    11.7    10.1     8.0
53150 20240524  2.622 -119.82   37.76    13.4     5.3     9.4     8.9     0.0    24.83 C    44.8     2.0    16.8    73.1    47.4    60.5 -99.000   0.142   0.114   0.120   0.190    12.1    11.5    11.7    10.2     8.1
53150 20240525  2.622 -119.82   37.76    12.5     3.6     8.1     8.4     0.0    26.29 C    45.7    -0.4    16.3    81.1    45.5    64.0 -99.000   0.138   0.111   0.119   0.187    11.8    11.1    11.4    10.2     8.1
53150 20240526  2.622 -119.82   37.76    16.2     6.4    11.3    11.6     0.0    30.47 C    48.6     1.1    20.1    77.5    33.5    58.0 -99.000   0.134   0.109   0.117   0.185    12.5    11.5    11.4    10.1     8.2
53150 20240527  2.622 -119.82   37.76    18.9     9.7    14.3    14.0     0.0    30.33 C    50.3     3.6    22.1    71.4    43.0    52.5 -99.000   0.130   0.107   0.114   0.181    13.4    12.3    11.9    10.3     8.3
53150 20240528  2.622 -119.82   37.76    19.0    10.5    14.8    13.9     0.0    27.44 C    50.6     4.3    21.2    59.6    35.1    48.5 -99.000   0.125   0.104   0.112   0.179    14.0    12.8    12.4    10.6     8.4
53150 20240529  2.622 -119.82   37.76    18.6    10.0    14.3    14.1     0.0    27.34 C    51.1     3.7    21.2    60.3    32.8    49.3 -99.000   0.121   0.101   0.111   0.176    14.0    12.9    12.6    10.8     8.5
53150 20240530  2.622 -119.82   37.76    19.9    11.3    15.6    15.6     0.0    30.42 C    52.4     5.2    23.4    57.8    40.9    49.3 -99.000   0.117   0.099   0.109   0.173    14.7    13.4    12.9    11.1     8.7
53150 20240531  2.622 -119.82   37.76    20.7    11.9    16.3    16.0     0.0    30.72 C    52.9     4.0    23.5    54.5    28.7    41.5 -99.000   0.112   0.096   0.107   0.170    15.1    13.8    13.3    11.3     8.9
53150 20240601  2.622 -119.82   37.76    20.5    11.8    16.1    15.5     0.0    30.33 C    52.6     5.0    23.3    51.0    29.7    41.3 -99.000   0.107   0.093   0.104   0.167    15.1    13.9    13.5    11.6     9.0
53150 20240602  2.622 -119.82   37.76    19.7    11.3    15.5    15.1     0.0    29.34 C    51.5     5.5    23.8    66.2    31.9    52.1 -99.000   0.103   0.091   0.102   0.165    15.2    14.0    13.7    11.7     9.2
53150 20240603  2.622 -119.82   37.76    18.0    10.6    14.3    14.1     0.0    21.10 C    46.3     7.6    20.5    90.9    48.0    64.3 -99.000   0.099   0.089   0.101 -99.000 -9999.0 -9999.0 -9999.0 -9999.0 -9999.0
53150 20240604  2.622 -119.82   37.76    23.3    11.4    17.4    18.0     0.0    30.53 C    55.5     6.5    26.0    77.4    32.5    50.6 -99.000 -99.000 -99.000 -99.000 -99.000 -9999.0 -9999.0 -9999.0 -9999.0 -9999.0
53150 20240605  2.622 -119.82   37.76    26.9    17.1    22.0    22.3     0.0    30.29 C    57.4     9.7    28.5    56.7    19.2    36.8 -99.000   0.092   0.084   0.097   0.158    17.2    15.4    14.5    12.2     9.6
53150 20240606  2.622 -119.82   37.76    26.1    18.4    22.3    21.9     0.0    30.25 C    56.7    10.4    28.4    55.9    27.2    37.6 -99.000   0.087   0.081   0.094   0.154    17.8    16.1    15.2    12.7     9.8
53150 20240607  2.622 -119.82   37.76    25.8    16.7    21.2    20.7     0.0    31.02 C    56.7     8.7    27.2    43.3    22.7    32.9 -99.000 -99.000 -99.000 -99.000 -99.000 -9999.0 -9999.0 -9999.0 -9999.0 -9999.0
53150 20240608  2.622 -119.82   37.76    22.7    13.4    18.1    18.0     0.0    28.68 C    55.6     8.0    25.3    70.9    21.7    45.8 -99.000 -99.000 -99.000 -99.000 -99.000 -9999.0 -9999.0 -9999.0 -9999.0 -9999.0
53150 20240609  2.622 -119.82   37.76    20.0    12.0    16.0    15.7     0.0    30.83 C    53.8     6.6    24.9    71.6    36.1    50.6 -99.000   0.074   0.073   0.087   0.146    17.1    16.0    15.6    13.4    10.5
53150 20240610  2.622 -119.82   37.76    22.6    13.0    17.8    17.6     0.0    28.31 C    55.5     6.7    26.0    62.6    36.5    48.1 -99.000   0.071   0.070   0.085   0.144    16.9    15.7    15.5    13.4    10.6
53150 20240611  2.622 -119.82   37.76    25.4    16.4    20.9    21.2     0.0    30.76 C    57.8    10.0    29.1    57.7    33.9    48.7 -99.000   0.068   0.068   0.083   0.142    17.9    16.3    15.7    13.6    10.8
53150 20240612  2.622 -119.82   37.76    26.3    17.8    22.0    21.6     0.0    30.60 C    57.4    10.4    29.0    57.7    36.9    46.1 -99.000   0.065   0.065   0.079   0.139    18.6    17.0    16.3    13.8    10.9
53150 20240613  2.622 -119.82   37.76    22.2    15.3    18.7    18.7     0.0    30.40 C    54.2     9.3    26.6    63.0    42.5    51.3 -99.000   0.064   0.064   0.077   0.137    18.3    17.0    16.5    14.1    11.0
53150 20240614  2.622 -119.82   37.76    22.7    14.5    18.6    18.1     0.0    31.00 C    55.2     6.6    25.2    55.1    18.5    37.2 -99.000   0.061   0.061   0.075   0.134    17.7    16.6    16.4    14.2    11.2
53150 20240615  2.622 -119.82   37.76    20.7    12.6    16.7    16.1     0.0    31.25 C    53.9     4.8    23.9    41.5    23.1    29.8 -99.000   0.059   0.059   0.073   0.132    16.9    16.0    16.1    14.2    11.3
53150 20240616  2.622 -119.82   37.76    19.9    10.9    15.4    15.1     0.0    30.21 C    53.0     4.0    22.7    43.1    25.2    33.6 -99.000   0.056   0.057   0.071   0.130    16.3    15.5    15.8    14.0    11.4
53150 20240617  2.622 -119.82   37.76    16.4     9.8    13.1    12.4     0.0    31.03 C    51.5     2.3    21.3    53.8    28.8    43.0 -99.000   0.055   0.055   0.070   0.128    15.5    14.9    15.4    13.9    11.5
53150 20240618  2.622 -119.82   37.76    17.1    10.0    13.6    12.6     0.0    26.95 C    49.2    -1.3    18.6    43.8    13.0    31.6 -99.000   0.054   0.053   0.068   0.126    14.7    14.2    14.9    13.7 -9999.0
53150 20240619  2.622 -119.82   37.76    19.1     9.1    14.1    13.7     0.0    30.18 C    51.7     2.2    22.0    45.3    24.7    34.9 -99.000 -99.000 -99.000 -99.000 -99.000 -9999.0 -9999.0 -9999.0 -9999.0 -9999.0
53150 20240620  2.622 -119.82   37.76    21.0    12.7    16.9    15.8     0.0    29.69 C    53.3     3.8    23.6    49.5    27.5    38.7 -99.000 -99.000 -99.000 -99.000 -99.000 -9999.0 -9999.0 -9999.0 -9999.0 -9999.0
53150 20240621  2.622 -119.82   37.76    23.2    14.0    18.6    18.8     0.0    30.45 C    56.0     6.3    26.6    50.5    36.3    43.5 -99.000 -99.000 -99.000 -99.000 -99.000 -9999.0 -9999.0 -9999.0 -9999.0 -9999.0
53150 20240622  2.622 -119.82   37.76    26.9    16.2    21.6    21.8     0.0    30.74 C    57.7     9.5    28.3    52.1    21.5    35.1 -99.000 -99.000 -99.000 -99.000 -99.000 -9999.0 -9999.0 -9999.0 -9999.0 -9999.0
53150 20240623  2.622 -119.82   37.76    26.6    17.5    22.0    21.3     0.0    30.76 C    56.4     8.8    27.7    38.8    19.1    29.4 -99.000 -99.000 -99.000 -99.000 -99.000 -9999.0 -9999.0 -9999.0 -9999.0 -9999.0
53150 20240624  2.622 -119.82   37.76    25.5    14.2    19.8    20.1     8.1    24.26 C    59.2    11.3    25.3    83.7    25.2    42.9 -99.000 -99.000 -99.000 -99.000 -99.000 -9999.0 -9999.0 -9999.0 -9999.0 -9999.0
53150 20240625  2.622 -119.82   37.76    24.7    17.5    21.1    20.4     0.0    27.88 C    46.0    11.8    24.6    58.6    32.3    45.7 -99.000 -99.000 -99.000 -99.000 -99.000 -9999.0 -9999.0 -9999.0 -9999.0 -9999.0
53150 20240626  2.622 -119.82   37.76    23.7    15.3    19.5    19.4     0.0    30.04 C    50.3    11.6    26.2    51.7    33.1    40.8 -99.000 -99.000 -99.000 -99.000 -99.000 -9999.0 -9999.0 -9999.0 -9999.0 -9999.0
53150 20240627  2.622 -119.82   37.76    22.1    14.2    18.1    17.4     0.0    30.80 C    50.7     8.2    24.5    55.5    32.8    42.5 -99.000 -99.000 -99.000 -99.000 -99.000 -9999.0 -9999.0 -9999.0 -9999.0 -9999.0
53150 20240628  2.622 -119.82   37.76    22.5    13.8    18.2    17.6     0.0    30.95 C    51.2     6.7    24.5    43.1    24.5    37.2 -99.000 -99.000 -99.000 -99.000 -99.000 -9999.0 -9999.0 -9999.0 -9999.0 -9999.0
53150 20240629  2.622 -119.82   37.76    23.5    14.3    18.9    18.1     0.0    30.83 C    52.6     6.4    25.0    44.2    27.3    35.9 -99.000 -99.000 -99.000 -99.000 -99.000 -9999.0 -9999.0 -9999.0 -9999.0 -9999.0
53150 20240630  2.622 -119.82   37.76    22.7    15.0    18.9    18.1     0.0    30.56 C    52.4     8.3    25.6    55.4    30.6    39.7 -99.000 -99.000 -99.000 -99.000 -99.000 -9999.0 -9999.0 -9999.0 -9999.0 -9999.0
53150 20240701  2.622 -119.82   37.76    23.4    15.1    19.3    19.2     0.0    30.73 C    53.9     8.0    26.5    56.4    27.9    39.3 -99.000   0.046   0.039   0.052   0.095    17.5    16.4    16.6    14.7    12.2
53150 20240702  2.622 -119.82   37.76 -9999.0 -9999.0 -9999.0 -9999.0 -9999.0 -9999.00 U -9999.0 -9999.0 -9999.0 -9999.0 -9999.0 -9999.0 -99.000 -99.000 -99.000 -99.000 -99.000 -9999.0 -9999.0 -9999.0 -9999.0 -9999.0
