53138 20240101  2.623 -114.21   39.01     4.5    -3.7     0.4    -0.5     0.0     9.59 C    12.8    -7.2    -1.1    44.2    30.5    38.2 -99.000 -99.000 -99.000 -99.000 -99.000    -0.1     0.4 -9999.0 -9999.0 -9999.0
53138 20240102  2.623 -114.21   39.01     5.1    -4.2     0.4    -0.3     0.0     9.64 C    13.2    -8.2    -0.8    44.1    29.1    36.4 -99.000 -99.000 -99.000 -99.000 -99.000    -0.2     0.0 -9999.0 -9999.0 -9999.0
53138 20240103  2.623 -114.21   39.01     0.0    -6.7    -3.4    -2.4     6.3     1.91 C     1.8   -10.3    -3.0    95.6    37.5    72.9 -99.000 -99.000 -99.000 -99.000 -99.000    -0.2     0.0 -9999.0 -9999.0 -9999.0
53138 20240104  2.623 -114.21   39.01     1.2    -8.8    -3.8    -3.8     0.0     8.00 C     1.6   -11.1    -4.5    93.5    56.1    80.9 -99.000   0.033 -99.000 -99.000 -99.000     0.2     0.6 -9999.0 -9999.0 -9999.0
53138 20240105  2.623 -114.21   39.01     1.9    -9.6    -3.9    -3.1     0.0     7.48 C     4.2   -11.1    -4.6    86.9    23.6    55.7 -99.000 -99.000 -99.000 -99.000 -99.000    -1.0    -0.3 -9999.0 -9999.0 -9999.0
53138 20240106  2.623 -114.21   39.01     2.3   -11.4    -4.6    -4.1     0.0     5.85 C     2.7   -12.2    -4.8    64.3    23.3    47.2 -99.000 -99.000 -99.000 -99.000 -99.000    -2.1    -1.4 -9999.0 -9999.0 -9999.0
53138 20240107  2.623 -114.21   39.01    -4.0    -8.1    -6.1    -6.3     0.0     8.31 C     1.0   -10.6    -6.2    69.7    38.0    50.9 -99.000 -99.000 -99.000 -99.000 -99.000    -3.1    -1.9 -9999.0 -9999.0 -9999.0
53138 20240108  2.623 -114.21   39.01    -4.9   -12.0    -8.4    -8.5     0.0    10.28 C     2.1   -13.0    -7.9    59.9    35.1    45.5 -99.000 -99.000 -99.000 -99.000 -99.000    -4.8    -3.6 -9999.0 -9999.0 -9999.0
53138 20240109  2.623 -114.21   39.01     6.9   -11.9    -2.5    -0.5     0.0     6.43 C     9.0   -12.5    -2.9    64.8    27.3    41.5 -99.000 -99.000 -99.000 -99.000 -99.000    -3.0    -2.8 -9999.0 -9999.0 -9999.0
53138 20240110  2.623 -114.21   39.01     1.8    -6.9    -2.6    -1.9     6.3     6.04 C     6.2    -8.8    -3.1    85.7    32.0    49.3 -99.000 -99.000 -99.000 -99.000 -99.000    -1.8    -1.6 -9999.0 -9999.0 -9999.0
53138 20240111  2.623 -114.21   39.01    -3.1   -12.1    -7.6    -7.5     0.0    10.37 C    -2.2   -17.3   -10.4    87.9    30.2    51.5 -99.000 -99.000 -99.000 -99.000 -99.000    -1.3    -0.8 -9999.0 -9999.0 -9999.0
53138 20240112  2.623 -114.21   39.01     2.6    -8.8    -3.1     0.2     0.0     7.52 C     1.5   -12.7    -2.9    47.7    29.1    37.0 -99.000 -99.000 -99.000 -99.000 -99.000    -1.2    -0.9 -9999.0 -9999.0 -9999.0
53138 20240113  2.623 -114.21   39.01     6.1    -4.1     1.0     1.7     0.0     6.58 C     3.7    -9.3    -0.9    76.8    35.6    51.7 -99.000 -99.000 -99.000 -99.000 -99.000    -0.9    -0.7 -9999.0 -9999.0 -9999.0
53138 20240114  2.623 -114.21   39.01     5.9    -3.7     1.1     2.3     0.0     6.21 C     6.4    -5.2     0.4    85.9    40.8    59.8 -99.000 -99.000 -99.000 -99.000 -99.000     0.1     0.1 -9999.0 -9999.0 -9999.0
53138 20240115  2.623 -114.21   39.01     3.5    -9.4    -3.0    -2.7     0.0    10.37 C     7.9    -9.0    -2.4    87.8    41.3    67.1 -99.000 -99.000 -99.000 -99.000 -99.000    -1.0    -0.5 -9999.0 -9999.0 -9999.0
53138 20240116  2.623 -114.21   39.01     3.3   -10.4    -3.6    -3.5     0.0    10.86 C     7.1   -10.7    -2.7    88.0    39.2    66.9 -99.000 -99.000 -99.000 -99.000 -99.000    -2.0    -1.6 -9999.0 -9999.0 -9999.0
53138 20240117  2.623 -114.21   39.01     9.5     0.4     4.9     4.9     1.5     9.30 C    13.0    -1.9     3.2    89.3    28.5    49.9 -99.000 -99.000 -99.000 -99.000 -99.000     1.0     0.7 -9999.0 -9999.0 -9999.0
53138 20240118  2.623 -114.21   39.01     6.1    -2.3     1.9     1.8     0.0     8.65 C    10.3    -4.5     0.7    68.0    31.8    49.8 -99.000 -99.000 -99.000 -99.000 -99.000     0.9     0.8 -9999.0 -9999.0 -9999.0
53138 20240119  2.623 -114.21   39.01     7.3    -1.5     2.9     2.0     0.0     7.65 C    14.8    -3.3     1.6    72.7    40.5    59.1 -99.000 -99.000 -99.000 -99.000 -99.000     1.4     1.3 -9999.0 -9999.0 -9999.0
53138 20240120  2.623 -114.21   39.01     6.4     0.1     3.3     3.4     0.0     2.75 C     6.0    -2.1     1.8    77.2    47.6    62.6 -99.000   0.046 -99.000 -99.000 -99.000     1.6     1.5 -9999.0 -9999.0 -9999.0
53138 20240121  2.623 -114.21   39.01     3.9    -0.9     1.5     1.8     1.1     3.89 C     5.9    -2.5     1.5    93.8    69.6    83.4   0.055   0.056 -99.000 -99.000 -99.000     2.3     2.3 -9999.0 -9999.0 -9999.0
53138 20240122  2.623 -114.21   39.01     5.2    -2.0     1.6     1.5     1.0     7.38 C    11.2    -4.0     1.8    96.0    53.0    74.1 -99.000   0.066 -99.000 -99.000 -99.000     2.0     2.2 -9999.0 -9999.0 -9999.0
53138 20240123  2.623 -114.21   39.01     3.8    -1.8     1.0     0.9     2.5     5.35 C     9.1    -2.0     1.7    96.7    74.2    90.9   0.064   0.078 -99.000 -99.000 -99.000     2.6     2.9 -9999.0 -9999.0 -9999.0
53138 20240124  2.623 -114.21   39.01     3.4    -3.7    -0.1     0.3     0.0     6.00 C     7.0    -4.8     0.3    94.5    65.9    77.7 -99.000   0.070 -99.000 -99.000 -99.000     1.7     1.9 -9999.0 -9999.0 -9999.0
53138 20240125  2.623 -114.21   39.01     5.5    -3.4     1.0     1.0     1.3     6.55 C     9.5    -5.6     0.2    92.9    42.9    66.9   0.077   0.069 -99.000 -99.000 -99.000     1.4     1.7 -9999.0 -9999.0 -9999.0
53138 20240126  2.623 -114.21   39.01     2.7    -7.2    -2.2    -1.7     0.0    12.00 C     9.1    -8.5    -1.6    76.7    39.8    51.4 -99.000   0.066 -99.000 -99.000 -99.000    -0.1     0.6 -9999.0 -9999.0 -9999.0
53138 20240127  2.623 -114.21   39.01     7.4    -3.5     1.9     1.4     0.0    10.27 C    13.6    -5.0     1.3    82.2    39.2    59.5 -99.000   0.065 -99.000 -99.000 -99.000     1.0     1.2 -9999.0 -9999.0 -9999.0
53138 20240128  2.623 -114.21   39.01    11.0    -1.7     4.7     4.2     0.0    11.11 C    18.0    -3.4     3.5    85.1    42.6    63.0 -99.000   0.072 -99.000 -99.000 -99.000     2.4     2.5 -9999.0 -9999.0 -9999.0
53138 20240129  2.623 -114.21   39.01    10.5     1.2     5.9     5.3     0.0    12.13 C    18.7    -2.3     4.6    67.9    45.7    56.4   0.065   0.070 -99.000 -99.000 -99.000     3.2     3.2 -9999.0 -9999.0 -9999.0
53138 20240130  2.623 -114.21   39.01    10.6    -0.2     5.2     4.8     0.0    12.45 C    18.9    -3.2     4.4    65.5    41.3    50.1   0.063   0.060 -99.000 -99.000 -99.000     3.2     3.3 -9999.0 -9999.0 -9999.0
53138 20240131  2.623 -114.21   39.01    12.8     1.1     6.9     7.1     0.0    12.31 C    20.7    -2.3     6.6    54.7    26.0    39.3   0.059   0.060 -99.000 -99.000 -99.000     4.1     3.9 -9999.0 -9999.0 -9999.0
53138 20240201  2.623 -114.21   39.01     8.9     0.3     4.6     5.4     0.0     6.19 C    12.7     0.1     5.3    89.2    35.2    59.7   0.054   0.060 -99.000 -99.000 -99.000     5.1     4.8 -9999.0 -9999.0 -9999.0
53138 20240202  2.623 -114.21   39.01     3.9    -3.1     0.4     0.8     0.2     5.37 C    10.4    -5.9     0.9    89.0    39.1    69.8   0.053   0.057 -99.000 -99.000 -99.000     3.0     3.4 -9999.0 -9999.0 -9999.0
53138 20240203  2.623 -114.21   39.01     2.1    -6.4    -2.2    -1.3     0.0    12.48 C    12.4    -8.7    -0.9    55.7    23.1    37.1 -99.000   0.055 -99.000 -99.000 -99.000     0.9     1.6 -9999.0 -9999.0 -9999.0
53138 20240204  2.623 -114.21   39.01     4.4    -8.8    -2.2    -2.1     0.3     7.18 C     7.3   -10.1    -1.7    80.9    28.4    50.5 -99.000 -99.000 -99.000 -99.000 -99.000     0.2     0.4 -9999.0 -9999.0 -9999.0
53138 20240205  2.623 -114.21   39.01     4.6     0.2     2.4     1.5     6.0     2.77 C     3.7    -0.1     1.2    94.1    60.0    86.5   0.065   0.062 -99.000 -99.000 -99.000     1.7     1.8 -9999.0 -9999.0 -9999.0
53138 20240206  2.623 -114.21   39.01     3.0    -1.2     0.9     0.6     4.7     3.63 C     4.6    -2.3     0.3    94.2    77.1    89.3   0.095   0.095 -99.000 -99.000 -99.000     1.6     1.7 -9999.0 -9999.0 -9999.0
53138 20240207  2.623 -114.21   39.01     4.2    -3.5     0.4     0.0     1.2    10.73 C     9.6    -4.1     0.2    94.0    38.4    69.0   0.093   0.102 -99.000 -99.000 -99.000     1.4     1.9 -9999.0 -9999.0 -9999.0
53138 20240208  2.623 -114.21   39.01     1.5    -4.5    -1.5    -1.9     3.9     7.37 C    10.0    -5.5    -0.7    96.3    64.7    78.4 -99.000   0.091 -99.000 -99.000 -99.000     1.1     1.5 -9999.0 -9999.0 -9999.0
53138 20240209  2.623 -114.21   39.01    -0.7    -8.8    -4.8    -4.4     7.9     6.04 C     1.6   -11.3    -4.6    93.7    62.4    80.1   0.093   0.104 -99.000 -99.000 -99.000     1.0     1.4 -9999.0 -9999.0 -9999.0
53138 20240210  2.623 -114.21   39.01    -4.0   -10.2    -7.1    -6.5     0.0     4.42 C     0.2   -13.3    -7.1    93.3    65.1    79.3   0.121   0.109 -99.000 -99.000 -99.000     0.5     0.8 -9999.0 -9999.0 -9999.0
53138 20240211  2.623 -114.21   39.01    -1.6   -11.2    -6.4    -6.3     0.0    14.51 C     0.6   -13.8    -6.8    79.7    55.8    70.7 -99.000   0.098 -99.000 -99.000 -99.000     0.3     0.6 -9999.0 -9999.0 -9999.0
53138 20240212  2.623 -114.21   39.01     3.8    -8.0    -2.1    -2.2     0.0    14.30 C     7.7    -9.5    -2.3    82.3    53.2    65.5 -99.000   0.097 -99.000 -99.000 -99.000     0.2     0.6 -9999.0 -9999.0 -9999.0
53138 20240213  2.623 -114.21   39.01     7.0    -3.6     1.7     1.6     0.0    13.23 C    13.0    -5.5     1.4    59.1    29.8    43.8 -99.000   0.100 -99.000 -99.000 -99.000     1.0     1.3 -9999.0 -9999.0 -9999.0
53138 20240214  2.623 -114.21   39.01     6.4    -3.2     1.6     1.3     0.0    11.80 C    13.8    -4.4     1.5    69.2    35.6    55.5 -99.000   0.104 -99.000 -99.000 -99.000     1.9     2.1 -9999.0 -9999.0 -9999.0
53138 20240215  2.623 -114.21   39.01     6.6    -1.9     2.3     2.4     0.0    11.05 C    16.3    -3.7     2.3    72.3    32.3    52.2   0.098   0.106 -99.000 -99.000 -99.000     2.1     2.5 -9999.0 -9999.0 -9999.0
53138 20240216  2.623 -114.21   39.01     8.5    -3.4     2.6     1.8     0.0     9.22 C    16.2    -4.8     1.4    83.5    28.2    52.8 -99.000   0.096 -99.000 -99.000 -99.000     1.9     2.2 -9999.0 -9999.0 -9999.0
53138 20240217  2.623 -114.21   39.01     2.2    -3.8    -0.8    -1.0     0.0    10.43 C    12.8    -2.6     1.6    76.5    53.8    66.9   0.087   0.094 -99.000 -99.000 -99.000     2.4     2.6 -9999.0 -9999.0 -9999.0
53138 20240218  2.623 -114.21   39.01    10.8    -1.5     4.6     4.0     0.0    15.56 C    19.2    -3.9     4.7    77.8    17.4    46.4   0.082   0.091 -99.000 -99.000 -99.000     3.5     3.8 -9999.0 -9999.0 -9999.0
53138 20240219  2.623 -114.21   39.01    11.6    -1.9     4.9     4.5     1.2    11.21 C    18.3    -4.2     4.4    79.2    35.9    54.0   0.082   0.086 -99.000 -99.000 -99.000     3.3     3.3 -9999.0 -9999.0 -9999.0
53138 20240220  2.623 -114.21   39.01     6.4     0.1     3.3     3.3     0.6     5.59 C     9.7    -1.0     3.1    93.5    47.5    78.4   0.081   0.090 -99.000 -99.000 -99.000     3.7     3.7 -9999.0 -9999.0 -9999.0
53138 20240221  2.623 -114.21   39.01     6.5    -3.2     1.7     2.0     0.3    11.46 C    12.5    -4.8     1.9    83.8    31.3    59.7   0.083   0.093 -99.000 -99.000 -99.000     3.2     3.5 -9999.0 -9999.0 -9999.0
53138 20240222  2.623 -114.21   39.01     5.8    -4.2     0.8     0.0     0.0    13.64 C    17.6    -5.8     1.1    63.7    44.1    55.4 -99.000   0.089 -99.000 -99.000 -99.000     2.5     2.8 -9999.0 -9999.0 -9999.0
53138 20240223  2.623 -114.21   39.01     6.5    -4.0     1.2     0.8     0.0    15.10 C    16.8    -5.7     2.1    58.3    36.9    45.5 -99.000   0.087 -99.000 -99.000 -99.000     2.4     2.9 -9999.0 -9999.0 -9999.0
53138 20240224  2.623 -114.21   39.01    10.4    -3.6     3.4     2.8     0.0    15.11 C    18.7    -6.3     3.6    47.1    20.1    36.1 -99.000   0.082 -99.000 -99.000 -99.000     2.8     3.3 -9999.0 -9999.0 -9999.0
53138 20240225  2.623 -114.21   39.01    13.6    -1.1     6.3     6.8     0.0    16.87 C    24.1    -4.1     7.1    46.0    10.2    29.0   0.076   0.085 -99.000 -99.000 -99.000     4.5     4.6 -9999.0 -9999.0 -9999.0
53138 20240226  2.623 -114.21   39.01    10.8     0.0     5.4     6.6     1.3    15.46 C    18.9    -3.2     6.6    79.7    16.5    37.9   0.071   0.081 -99.000 -99.000 -99.000     5.0     4.9 -9999.0 -9999.0 -9999.0
53138 20240227  2.623 -114.21   39.01     4.4    -8.4    -2.0    -1.7     0.3    17.00 C    14.2    -8.4     1.0    90.1    27.6    48.7   0.071   0.081 -99.000 -99.000 -99.000     3.2     4.2 -9999.0 -9999.0 -9999.0
53138 20240228  2.623 -114.21   39.01     6.8    -9.5    -1.3    -1.3     0.0    17.31 C    18.6    -9.5     1.6    67.9    22.1    46.2 -99.000   0.073 -99.000 -99.000 -99.000     2.5     3.1 -9999.0 -9999.0 -9999.0
53138 20240229  2.623 -114.21   39.01    11.8    -2.3     4.7     5.6     0.0    14.93 C    23.1    -4.7     5.6    56.0    21.5    35.6   0.072   0.077 -99.000 -99.000 -99.000     4.3     4.3 -9999.0 -9999.0 -9999.0
53138 20240301  2.623 -114.21   39.01    10.5     3.3     6.9     6.5     0.0    17.17 C    19.1     0.1     6.8    54.1    23.1    34.7   0.067   0.076 -99.000 -99.000 -99.000     5.4     5.3 -9999.0 -9999.0 -9999.0
53138 20240302  2.623 -114.21   39.01     4.7    -5.6    -0.4     0.1    16.3     3.25 C     3.3    -6.2    -0.5    92.1    42.2    69.7   0.075   0.089 -99.000 -99.000 -99.000     2.5     3.1 -9999.0 -9999.0 -9999.0
53138 20240303  2.623 -114.21   39.01    -0.1    -5.9    -3.0    -3.5     9.6     7.25 C     0.3    -6.4    -3.8    93.4    50.2    79.5   0.107   0.122 -99.000 -99.000 -99.000     1.1     1.6 -9999.0 -9999.0 -9999.0
53138 20240304  2.623 -114.21   39.01     1.3    -9.3    -4.0    -3.6     1.8    15.87 C     3.2   -13.9    -3.7    92.3    60.3    79.5   0.121   0.131 -99.000 -99.000 -99.000     1.0     1.4 -9999.0 -9999.0 -9999.0
53138 20240305  2.623 -114.21   39.01     6.4    -6.7    -0.2     0.4     0.0    10.57 C     8.6    -9.7    -0.4    90.4    31.0    65.6   0.118   0.126 -99.000 -99.000 -99.000     1.7     1.7 -9999.0 -9999.0 -9999.0
53138 20240306  2.623 -114.21   39.01     7.5    -1.8     2.9     2.7     0.0    13.50 C    16.6    -4.2     3.1    84.6    34.6    51.9   0.117   0.124 -99.000 -99.000 -99.000     3.3     3.4 -9999.0 -9999.0 -9999.0
53138 20240307  2.623 -114.21   39.01     2.1    -5.6    -1.8    -0.9    13.0     5.35 C     4.7   -10.8    -0.7    96.3    75.8    87.2   0.119   0.131 -99.000 -99.000 -99.000     1.5     2.0 -9999.0 -9999.0 -9999.0
53138 20240308  2.623 -114.21   39.01     0.6   -11.9    -5.7    -5.5     0.0    17.38 C     7.3   -15.3    -4.7    82.6    49.3    69.7   0.128   0.130 -99.000 -99.000 -99.000     1.5     2.1 -9999.0 -9999.0 -9999.0
53138 20240309  2.623 -114.21   39.01     7.6    -9.3    -0.9    -0.7     0.0    18.52 C    14.2    -9.9     0.9    72.2    27.7    48.7 -99.000   0.107 -99.000 -99.000 -99.000     2.0     2.5 -9999.0 -9999.0 -9999.0
53138 20240310  2.623 -114.21   39.01    11.7    -1.6     5.1     5.1     0.0    17.34 C    19.1    -3.9     5.5    48.1    14.0    27.5   0.105   0.110 -99.000 -99.000 -99.000     4.2     4.0 -9999.0 -9999.0 -9999.0
53138 20240311  2.623 -114.21   39.01    11.2    -0.5     5.3     5.1     0.0    20.22 C    22.7    -3.0     6.3    57.1    23.5    36.6   0.095   0.108 -99.000 -99.000 -99.000     5.2     5.3 -9999.0 -9999.0 -9999.0
53138 20240312  2.623 -114.21   39.01     9.9    -0.9     4.5     4.3     3.6    11.18 C    20.2    -1.3     5.2    94.0    34.0    57.9   0.095   0.105 -99.000 -99.000 -99.000     5.1     5.1 -9999.0 -9999.0 -9999.0
53138 20240313  2.623 -114.21   39.01     3.8    -7.0    -1.6    -1.5     1.9    16.00 C    17.7    -7.2     1.2    94.0    39.8    70.3   0.101   0.111 -99.000 -99.000 -99.000     3.6     4.2 -9999.0 -9999.0 -9999.0
53138 20240314  2.623 -114.21   39.01     0.3    -8.7    -4.2    -3.3     0.9     5.32 C     1.7    -9.3    -2.9    93.1    54.3    72.0   0.101   0.105 -99.000 -99.000 -99.000     0.9     1.8 -9999.0 -9999.0 -9999.0
53138 20240315  2.623 -114.21   39.01     3.0    -2.1     0.4     0.4     1.5     4.84 C     4.7    -2.4     0.3    90.7    51.0    72.3   0.099   0.113 -99.000 -99.000 -99.000     2.0     2.4 -9999.0 -9999.0 -9999.0
53138 20240316  2.623 -114.21   39.01     4.4    -0.2     2.1     1.7     9.1     3.66 C     3.5    -0.5     0.7    94.5    68.7    84.9   0.122   0.135 -99.000 -99.000 -99.000     1.3     1.7 -9999.0 -9999.0 -9999.0
53138 20240317  2.623 -114.21   39.01     9.4    -1.4     4.0     4.1     0.0    14.46 C    18.3    -2.7     4.0    78.4    34.8    54.8   0.116   0.124 -99.000 -99.000 -99.000     4.1     4.2 -9999.0 -9999.0 -9999.0
53138 20240318  2.623 -114.21   39.01    12.0     0.6     6.3     5.9     0.0    21.29 C    23.0    -2.3     7.2    59.0    22.8    41.6   0.103   0.113 -99.000 -99.000 -99.000     5.9     5.8 -9999.0 -9999.0 -9999.0
53138 20240319  2.623 -114.21   39.01    14.5     2.5     8.5     7.6     0.0    21.52 C    25.6    -1.1     9.0    47.0    19.2    33.4   0.097   0.107 -99.000 -99.000 -99.000     6.6     6.7 -9999.0 -9999.0 -9999.0
53138 20240320  2.623 -114.21   39.01    16.3     3.6     9.9     9.7     0.0    21.28 C    28.1     0.1    10.8    39.4    13.1    28.7   0.090   0.102 -99.000 -99.000 -99.000     8.4     8.2 -9999.0 -9999.0 -9999.0
53138 20240321  2.623 -114.21   39.01    14.1     3.1     8.6     8.9     0.0    13.41 C    19.8     0.0     8.2    50.9    24.0    34.9   0.085   0.099 -99.000 -99.000 -99.000     7.5     7.5 -9999.0 -9999.0 -9999.0
53138 20240322  2.623 -114.21   39.01    15.8     2.7     9.2     8.9     0.0    19.69 C    28.5     0.1    10.0    52.5    16.6    34.7   0.082   0.096 -99.000 -99.000 -99.000     8.9     8.7 -9999.0 -9999.0 -9999.0
53138 20240323  2.623 -114.21   39.01    10.5    -2.1     4.2     4.7     7.6    15.53 C    19.8    -2.8     5.1    88.1    24.7    55.1   0.087   0.098 -99.000 -99.000 -99.000     6.1     6.7 -9999.0 -9999.0 -9999.0
53138 20240324  2.623 -114.21   39.01     5.4    -3.7     0.8     0.7     0.3    18.53 C    16.1    -5.4     3.0    84.5    35.1    57.7   0.101   0.110 -99.000 -99.000 -99.000     5.0     5.4 -9999.0 -9999.0 -9999.0
53138 20240325  2.623 -114.21   39.01     6.4    -2.4     2.0     1.4     0.0    17.93 C    22.3    -4.4     4.0    77.8    24.7    45.8   0.094   0.104 -99.000 -99.000 -99.000     5.0     5.3 -9999.0 -9999.0 -9999.0
53138 20240326  2.623 -114.21   39.01     5.6    -5.1     0.2     0.6     0.0    17.03 C    19.2    -6.3     2.6    80.7    27.4    46.7   0.089   0.099 -99.000 -99.000 -99.000     4.2     4.8 -9999.0 -9999.0 -9999.0
53138 20240327  2.623 -114.21   39.01    10.6    -4.6     3.0     4.1     0.0    18.85 C    22.9    -6.1     5.8    58.5    21.7    35.8   0.086   0.096 -99.000 -99.000 -99.000     5.8     5.8 -9999.0 -9999.0 -9999.0
53138 20240328  2.623 -114.21   39.01    10.9     0.0     5.5     5.0     7.0    13.93 C    24.7     0.1     6.4    95.6    32.5    58.7   0.089   0.097 -99.000 -99.000 -99.000     6.4     6.4 -9999.0 -9999.0 -9999.0
53138 20240329  2.623 -114.21   39.01     3.3    -1.4     0.9     0.2     7.5     4.58 C     4.7    -2.3     0.9    96.3    63.5    91.9   0.127   0.133 -99.000 -99.000 -99.000     3.6     4.0 -9999.0 -9999.0 -9999.0
53138 20240330  2.623 -114.21   39.01     5.6     0.4     3.0     2.8     0.2    10.31 C    12.9    -0.2     3.9    90.1    55.4    71.9   0.112   0.121 -99.000 -99.000 -99.000     5.0     5.1 -9999.0 -9999.0 -9999.0
53138 20240331  2.623 -114.21   39.01     4.7    -1.6     1.5     1.0     1.2    13.05 C    15.2    -2.7     2.6    95.1    39.1    66.0   0.105   0.114 -99.000 -99.000 -99.000     4.4     4.6 -9999.0 -9999.0 -9999.0
53138 20240401  2.623 -114.21   39.01     6.8    -2.3     2.3     2.2     0.0    12.77 C    14.7    -2.7     3.2    78.9    48.5    60.4   0.101   0.111 -99.000 -99.000 -99.000     4.7     4.9 -9999.0 -9999.0 -9999.0
53138 20240402  2.623 -114.21   39.01    12.8    -1.7     5.5     5.9     0.0    24.23 C    25.4    -3.5     8.3    74.2    30.7    47.3   0.096   0.108 -99.000 -99.000 -99.000     7.5     7.3 -9999.0 -9999.0 -9999.0
53138 20240403  2.623 -114.21   39.01    17.8     2.5    10.2    10.5     0.0    24.39 C    30.3    -0.1    12.4    57.6    16.8    34.3   0.092   0.104 -99.000 -99.000 -99.000    10.0     9.6 -9999.0 -9999.0 -9999.0
53138 20240404  2.623 -114.21   39.01    13.8     4.4     9.1     9.6     0.0    19.26 C    25.1     1.8    10.3    45.2    20.6    27.8   0.086   0.100 -99.000 -99.000 -99.000     9.5     9.4 -9999.0 -9999.0 -9999.0
53138 20240405  2.623 -114.21   39.01     6.3    -3.2     1.5     0.6     0.3    14.31 C    17.5    -4.5     3.2    67.1    23.6    42.8   0.082   0.095 -99.000 -99.000 -99.000     6.1     6.7 -9999.0 -9999.0 -9999.0
53138 20240406  2.623 -114.21   39.01     5.0    -4.5     0.2     0.0     0.0    24.61 C    20.7    -6.3     3.8    57.1    25.2    36.8   0.078   0.092 -99.000 -99.000 -99.000     5.7     6.2 -9999.0 -9999.0 -9999.0
53138 20240407  2.623 -114.21   39.01     5.6    -5.6     0.0     0.0     0.0    20.91 C    22.6    -6.0     4.6    64.2    29.1    43.4   0.077   0.090 -99.000 -99.000 -99.000     6.8     7.0 -9999.0 -9999.0 -9999.0
53138 20240408  2.623 -114.21   39.01     5.3    -3.8     0.8     0.3     0.0    15.21 C    17.8    -5.5     2.6    74.2    30.1    49.2   0.075   0.088 -99.000 -99.000 -99.000     5.6     5.8 -9999.0 -9999.0 -9999.0
53138 20240409  2.623 -114.21   39.01    11.7    -3.8     3.9     4.3     0.0    25.25 C    25.8    -5.5     8.0    54.2    23.8    37.7   0.072   0.087 -99.000 -99.000 -99.000     8.1     7.9 -9999.0 -9999.0 -9999.0
53138 20240410  2.623 -114.21   39.01    15.2     2.3     8.7     8.7     0.0    25.15 C    29.7    -0.2    11.7    48.8    21.9    35.3   0.071   0.087 -99.000 -99.000 -99.000    10.8    10.3 -9999.0 -9999.0 -9999.0
53138 20240411  2.623 -114.21   39.01    19.6     3.4    11.5    11.9     0.0    25.45 C    33.6     1.2    14.8    48.1    15.0    30.1   0.068   0.085 -99.000 -99.000 -99.000    12.8    12.3 -9999.0 -9999.0 -9999.0
53138 20240412  2.623 -114.21   39.01    20.1     5.9    13.0    13.6     0.0    24.55 C    34.2     2.7    15.2    41.1    10.6    22.3   0.064   0.085 -99.000 -99.000 -99.000    14.1    13.2 -9999.0 -9999.0 -9999.0
53138 20240413  2.623 -114.21   39.01    18.2     8.9    13.6    13.3     0.0    26.13 C    32.9     4.4    15.5    29.8    10.9    19.1   0.060   0.081 -99.000 -99.000 -99.000    14.3    13.7 -9999.0 -9999.0 -9999.0
53138 20240414  2.623 -114.21   39.01    12.5     3.9     8.2     8.2     0.0    24.24 C    30.1     2.8    12.3    56.0    15.8    27.7   0.057   0.079 -99.000 -99.000 -99.000    13.2    13.1 -9999.0 -9999.0 -9999.0
53138 20240415  2.623 -114.21   39.01    13.3     0.9     7.1     6.4     0.0    16.94 C    28.9     1.4     9.1    81.3    21.2    41.5   0.055   0.075 -99.000 -99.000 -99.000    11.2    11.7 -9999.0 -9999.0 -9999.0
53138 20240416  2.623 -114.21   39.01    16.9     1.4     9.2    10.0     0.0    25.37 C    31.3    -0.1    13.7    59.6    22.3    36.8   0.056   0.076 -99.000 -99.000 -99.000    13.7    13.2 -9999.0 -9999.0 -9999.0
53138 20240417  2.623 -114.21   39.01    18.5     2.1    10.3    11.5     0.0    24.52 C    34.6     1.5    15.0    45.5    18.4    30.1   0.053   0.075 -99.000 -99.000 -99.000    14.8    14.4 -9999.0 -9999.0 -9999.0
53138 20240418  2.623 -114.21   39.01    12.1    -1.5     5.3     5.0     0.0    26.54 C    28.9    -1.9    10.9    48.6    21.2    29.9   0.050   0.074 -99.000 -99.000 -99.000    13.5    13.6 -9999.0 -9999.0 -9999.0
53138 20240419  2.623 -114.21   39.01    14.0     1.2     7.6     7.2     0.0    21.75 C    30.2     0.7    11.7    54.3    21.0    35.5   0.049   0.071 -99.000 -99.000 -99.000    13.8    13.7 -9999.0 -9999.0 -9999.0
53138 20240420  2.623 -114.21   39.01    19.2     1.8    10.5    11.1     0.0    22.25 C    34.3     0.8    14.2    56.5    16.7    33.1   0.047   0.069 -99.000 -99.000 -99.000    14.7    14.1 -9999.0 -9999.0 -9999.0
53138 20240421  2.623 -114.21   39.01    23.2     7.3    15.3    15.4     0.0    26.12 C    39.1     4.6    18.4    41.5    11.2    24.1   0.045   0.066 -99.000 -99.000 -99.000    16.9    16.0 -9999.0 -9999.0 -9999.0
53138 20240422  2.623 -114.21   39.01    21.9     5.6    13.8    14.0     0.0    20.14 C    37.3     3.6    17.1    53.4    14.3    32.9   0.042   0.064 -99.000 -99.000 -99.000    16.9    16.1 -9999.0 -9999.0 -9999.0
53138 20240423  2.623 -114.21   39.01    21.8     6.0    13.9    14.7     0.0    22.73 C    37.7     4.1    17.5    54.1    12.8    29.1   0.040   0.063 -99.000 -99.000 -99.000    17.2    16.5 -9999.0 -9999.0 -9999.0
53138 20240424  2.623 -114.21   39.01    21.0     5.8    13.4    14.2     0.0    26.55 C    38.1     4.0    18.0    51.8    10.7    24.8   0.038   0.061 -99.000 -99.000 -99.000    17.9    17.2 -9999.0 -9999.0 -9999.0
53138 20240425  2.623 -114.21   39.01    17.1     4.4    10.7    10.3     0.0    19.22 C    33.1     2.7    13.6    57.6    18.8    36.9   0.035   0.059 -99.000 -99.000 -99.000    15.7    15.7 -9999.0 -9999.0 -9999.0
53138 20240426  2.623 -114.21   39.01     6.8     1.5     4.2     4.5    10.5     7.14 C    11.8     3.9     6.2    93.7    49.9    74.2   0.068   0.075 -99.000 -99.000 -99.000    10.2    11.3 -9999.0 -9999.0 -9999.0
53138 20240427  2.623 -114.21   39.01    10.7     2.9     6.8     6.5     0.0    15.49 C    22.7     1.5     8.3    66.2    36.6    49.3   0.083   0.090 -99.000 -99.000 -99.000    10.0    10.5 -9999.0 -9999.0 -9999.0
53138 20240428  2.623 -114.21   39.01    13.6     2.3     8.0     8.5     0.0    20.32 C    26.3     0.8    11.1    58.5    32.3    42.6   0.076   0.085 -99.000 -99.000 -99.000    12.0    11.8 -9999.0 -9999.0 -9999.0
53138 20240429  2.623 -114.21   39.01    18.1     3.7    10.9    11.2     0.0    18.30 C    30.3     2.6    12.3    64.9    12.1    34.9   0.071   0.087 -99.000 -99.000 -99.000    12.8    13.0 -9999.0 -9999.0 -9999.0
53138 20240430  2.623 -114.21   39.01    15.9    -1.5     7.2     7.8     0.0    26.21 C    29.0    -2.0    12.4    69.1    10.6    40.5   0.065   0.078 -99.000 -99.000 -99.000    14.0    14.0 -9999.0 -9999.0 -9999.0
53138 20240501  2.623 -114.21   39.01    12.4     0.3     6.3     5.8     0.0    28.53 C    28.6     0.0    11.1    56.1    11.5    35.3   0.059   0.075 -99.000 -99.000 -99.000    14.3    14.5 -9999.0 -9999.0 -9999.0
53138 20240502  2.623 -114.21   39.01    16.8    -2.5     7.1     8.5     0.0    26.04 C    30.8    -3.1    12.4    49.3    12.2    27.3   0.056   0.075 -99.000 -99.000 -99.000    14.5    14.1 -9999.0 -9999.0 -9999.0
53138 20240503  2.623 -114.21   39.01    12.9     1.6     7.3     6.7     0.0    25.42 C    31.9     1.1    11.9    71.1    32.1    49.4   0.052   0.073 -99.000 -99.000 -99.000    15.0    15.1 -9999.0 -9999.0 -9999.0
53138 20240504  2.623 -114.21   39.01    18.9     0.9     9.9    11.3     0.0    20.71 C    31.0     0.4    14.0    60.9    18.1    32.7   0.049   0.066 -99.000 -99.000 -99.000    14.9    14.4 -9999.0 -9999.0 -9999.0
53138 20240505  2.623 -114.21   39.01    11.0    -0.7     5.2     3.9     1.3    14.07 C    18.3    -1.6     5.8    80.4    23.3    47.0   0.047   0.065 -99.000 -99.000 -99.000    10.2    11.1 -9999.0 -9999.0 -9999.0
53138 20240506  2.623 -114.21   39.01    13.1    -3.7     4.7     6.2     0.0    27.74 C    29.6    -4.7    10.4    58.0    20.6    34.7   0.047   0.058 -99.000 -99.000 -99.000    12.6    12.5 -9999.0 -9999.0 -9999.0
53138 20240507  2.623 -114.21   39.01    10.3    -0.5     4.9     6.0     0.0    29.17 C    28.9    -1.3    10.7    42.4    17.9    29.4   0.045   0.054 -99.000 -99.000 -99.000    12.9    13.2 -9999.0 -9999.0 -9999.0
53138 20240508  2.623 -114.21   39.01     8.2    -1.6     3.3     3.4     0.0    24.06 C    25.7    -2.9     9.0    50.7    25.8    37.0   0.043   0.054 -99.000 -99.000 -99.000    12.7    12.8 -9999.0 -9999.0 -9999.0
53138 20240509  2.623 -114.21   39.01    12.1     2.9     7.5     6.4     0.4    19.57 C    28.8     3.2    10.7    83.2    32.3    53.1   0.042   0.055 -99.000 -99.000 -99.000    13.5    13.6 -9999.0 -9999.0 -9999.0
53138 20240510  2.623 -114.21   39.01    13.3     3.9     8.6     8.0     0.3    15.89 C    27.6     2.9    11.0    74.5    28.4    52.4   0.041   0.057 -99.000 -99.000 -99.000    13.0    13.1 -9999.0 -9999.0 -9999.0
53138 20240511  2.623 -114.21   39.01    17.7     3.3    10.5    10.8     0.0    27.20 C    33.2     1.4    14.6    68.9    17.1    37.8   0.041   0.053 -99.000 -99.000 -99.000    15.5    14.8 -9999.0 -9999.0 -9999.0
53138 20240512  2.623 -114.21   39.01    22.0     9.9    16.0    15.4     0.0    28.52 C    38.6     6.4    18.9    35.4    16.7    26.5   0.039   0.049 -99.000 -99.000 -99.000    18.6    17.7 -9999.0 -9999.0 -9999.0
53138 20240513  2.623 -114.21   39.01    24.4    10.8    17.6    17.2     0.0    24.18 C    40.0     7.8    20.0    46.2    11.5    25.1   0.035   0.045 -99.000 -99.000 -99.000    19.4    18.3 -9999.0 -9999.0 -9999.0
53138 20240514  2.623 -114.21   39.01    22.1     8.1    15.1    15.4     0.0    20.76 C    39.3     6.4    18.1    51.0    18.2    36.1   0.034   0.046 -99.000 -99.000 -99.000    18.9    18.0 -9999.0 -9999.0 -9999.0
53138 20240515  2.623 -114.21   39.01    20.2     7.6    13.9    13.8     0.0    29.72 C    37.2     5.0    17.9    42.8    13.8    26.5   0.033   0.044 -99.000 -99.000 -99.000    19.7    18.7 -9999.0 -9999.0 -9999.0
53138 20240516  2.623 -114.21   39.01    23.3     9.0    16.1    16.3     0.0    29.31 C    39.1     6.4    20.1    39.7    12.9    24.4   0.031   0.050 -99.000 -99.000 -99.000    20.9    19.9 -9999.0 -9999.0 -9999.0
53138 20240517  2.623 -114.21   39.01    25.2    10.3    17.8    19.1     0.0    27.56 C    41.5     8.8    22.1    29.8    12.2    18.8   0.030   0.046 -99.000 -99.000 -99.000    21.7    20.6 -9999.0 -9999.0 -9999.0
53138 20240518  2.623 -114.21   39.01    22.3     6.8    14.6    15.7     0.3    23.71 C    40.1     6.0    19.4    62.9    14.4    28.2   0.029   0.039 -99.000 -99.000 -99.000    20.8    19.5 -9999.0 -9999.0 -9999.0
53138 20240519  2.623 -114.21   39.01    23.2     9.4    16.3    16.4     0.0    27.43 C    40.7     9.1    20.7    46.5     6.8    25.6   0.028   0.042 -99.000 -99.000 -99.000    21.5    20.8 -9999.0 -9999.0 -9999.0
53138 20240520  2.623 -114.21   39.01    14.0     3.5     8.8     8.7     1.3    18.22 C    33.2     2.9    12.1    76.0    32.5    47.6   0.028   0.043 -99.000 -99.000 -99.000    16.4    17.2 -9999.0 -9999.0 -9999.0
53138 20240521  2.623 -114.21   39.01    14.4    -0.8     6.8     7.9     0.0    30.49 C    31.4    -1.3    13.2    61.7    14.7    30.3   0.030   0.038 -99.000 -99.000 -99.000    17.3    17.0 -9999.0 -9999.0 -9999.0
53138 20240522  2.623 -114.21   39.01    21.6     3.9    12.8    14.1     0.0    29.51 C    37.2     2.7    18.0    43.2    10.2    18.0   0.030   0.036 -99.000 -99.000 -99.000    19.3    18.6 -9999.0 -9999.0 -9999.0
53138 20240523  2.623 -114.21   39.01    15.4     0.8     8.1     7.8     0.0    29.64 C    33.3     0.4    13.7    62.7    16.9    36.1   0.030   0.041 -99.000 -99.000 -99.000    18.6    18.7 -9999.0 -9999.0 -9999.0
53138 20240524  2.623 -114.21   39.01    15.9     3.5     9.7    10.4     0.0    12.94 C    22.8     2.8    13.1    47.7    21.7    31.1   0.028   0.038 -99.000 -99.000 -99.000    16.0    16.4 -9999.0 -9999.0 -9999.0
53138 20240525  2.623 -114.21   39.01    17.2     7.1    12.2    12.4     0.0    23.31 C    33.9     5.6    15.6    55.4    18.9    35.2   0.029   0.035 -99.000 -99.000 -99.000    17.7    17.7 -9999.0 -9999.0 -9999.0
53138 20240526  2.623 -114.21   39.01    22.6     4.4    13.5    14.6     0.0    27.37 C    38.3     3.0    18.7    47.7    15.6    28.5   0.028   0.035 -99.000 -99.000 -99.000    20.3    19.2 -9999.0 -9999.0 -9999.0
53138 20240527  2.623 -114.21   39.01    23.0     9.8    16.4    16.6     0.0    21.22 C    39.2     7.5    19.7    39.0    14.5    25.8   0.027   0.040 -99.000 -99.000 -99.000    20.7    19.7 -9999.0 -9999.0 -9999.0
53138 20240528  2.623 -114.21   39.01    27.2    12.1    19.6    19.6     0.0    26.72 C    41.3     9.2    22.2    34.4     8.5    18.8   0.027   0.036 -99.000 -99.000 -99.000    22.6    21.3 -9999.0 -9999.0 -9999.0
53138 20240529  2.623 -114.21   39.01    26.0    10.3    18.1    18.5     0.0    27.07 C    43.6     7.9    21.9    39.5    11.0    21.3   0.027   0.038 -99.000 -99.000 -99.000    22.9    21.7 -9999.0 -9999.0 -9999.0
53138 20240530  2.623 -114.21   39.01    21.2     5.8    13.5    13.6     0.0    29.02 C    37.5     4.3    18.8    47.2    17.6    29.9   0.026   0.036 -99.000 -99.000 -99.000    22.5    21.6 -9999.0 -9999.0 -9999.0
53138 20240531  2.623 -114.21   39.01    22.7    10.0    16.3    16.0     0.0    22.36 C    38.3     9.2    20.1    36.8    14.9    24.7   0.026   0.039 -99.000 -99.000 -99.000    21.9    21.2 -9999.0 -9999.0 -9999.0
53138 20240601  2.623 -114.21   39.01    27.4    11.5    19.4    20.0     0.0    30.11 C    44.0     9.2    24.3    33.3     8.9    18.5   0.026   0.034 -99.000 -99.000 -99.000    24.7    23.0 -9999.0 -9999.0 -9999.0
53138 20240602  2.623 -114.21   39.01    26.3    13.5    19.9    19.9     0.0    20.14 C    40.9    12.2    22.7    30.2    12.8    21.2   0.024   0.034 -99.000 -99.000 -99.000    23.6    22.9 -9999.0 -9999.0 -9999.0
53138 20240603  2.623 -114.21   39.01    24.8    12.6    18.7    18.8     0.0    17.19 C    33.5    10.6    20.6    46.6    18.8    28.9   0.024   0.040 -99.000 -99.000 -99.000    22.1    21.7 -9999.0 -9999.0 -9999.0
53138 20240604  2.623 -114.21   39.01    24.6    10.4    17.5    18.0     0.0    30.24 C    40.3     9.2    22.8    53.8    23.3    37.0   0.025   0.036 -99.000 -99.000 -99.000    25.0    23.7 -9999.0 -9999.0 -9999.0
53138 20240605  2.623 -114.21   39.01    29.2    13.1    21.2    21.8     0.0    30.47 C    44.5    10.8    26.0    43.3    14.5    25.8   0.025   0.039 -99.000 -99.000 -99.000    27.0    25.6 -9999.0 -9999.0 -9999.0
53138 20240606  2.623 -114.21   39.01    31.5    16.1    23.8    24.8     0.0    26.08 C    47.9    14.0    28.4    33.5    10.6    20.3   0.024   0.035 -99.000 -99.000 -99.000    27.9    26.0 -9999.0 -9999.0 -9999.0
53138 20240607  2.623 -114.21   39.01    30.0    14.8    22.4    22.5     0.0    21.24 C    45.4    13.4    26.0    48.7    17.2    30.0   0.024   0.039 -99.000 -99.000 -99.000    26.9    25.7 -9999.0 -9999.0 -9999.0
53138 20240608  2.623 -114.21   39.01    30.5    13.3    21.9    22.5     0.0    26.17 C    46.6    11.7    27.1    49.1    14.0    29.2   0.024   0.039 -99.000 -99.000 -99.000    27.6    26.2 -9999.0 -9999.0 -9999.0
53138 20240609  2.623 -114.21   39.01    30.6    15.7    23.2    23.6     0.0    28.53 C    46.6    13.6    27.1    40.6    10.5    22.1   0.024   0.039 -99.000 -99.000 -99.000    28.2    26.9 -9999.0 -9999.0 -9999.0
53138 20240610  2.623 -114.21   39.01    28.8    13.8    21.3    21.3     0.0    26.87 C    45.8    11.9    25.6    39.9     9.6    25.1   0.023   0.038 -99.000 -99.000 -99.000    27.5    26.6 -9999.0 -9999.0 -9999.0
53138 20240611  2.623 -114.21   39.01    31.7    15.8    23.8    24.1     0.0    26.12 C    46.4    13.8    27.6    40.9     7.8    21.9   0.023   0.036 -99.000 -99.000 -99.000    28.6    27.1 -9999.0 -9999.0 -9999.0
53138 20240612  2.623 -114.21   39.01    32.7    18.0    25.3    26.9     0.0    31.23 C    48.0    14.5    29.7    18.0     4.4     8.8   0.023   0.036 -99.000 -99.000 -99.000    29.9    28.4 -9999.0 -9999.0 -9999.0
53138 20240613  2.623 -114.21   39.01    31.2    16.7    23.9    25.0     0.0    29.84 C    48.8    14.0    28.8    20.8     4.9    11.3   0.022   0.037 -99.000 -99.000 -99.000    29.6    28.3 -9999.0 -9999.0 -9999.0
53138 20240614  2.623 -114.21   39.01    31.3    18.2    24.8    25.1     0.0    29.94 C    50.1    15.1    28.8    21.0     6.7    13.0   0.022   0.034 -99.000 -99.000 -99.000    30.2    29.0 -9999.0 -9999.0 -9999.0
53138 20240615  2.623 -114.21   39.01    29.8    14.7    22.3    23.0     0.0    29.50 C    45.9    13.5    26.7    31.7     5.9    13.8   0.022   0.029 -99.000 -99.000 -99.000    29.1    28.2 -9999.0 -9999.0 -9999.0
53138 20240616  2.623 -114.21   39.01    26.0     8.3    17.2    18.0     0.0    30.22 C    41.0     8.1    23.4    39.7    11.3    20.8   0.022   0.028 -99.000 -99.000 -99.000    27.7    27.2 -9999.0 -9999.0 -9999.0
53138 20240617  2.623 -114.21   39.01    26.0     5.0    15.5    16.7     0.0    30.42 C    40.0     4.8    21.1    36.6     6.9    16.4   0.021   0.027 -99.000 -99.000 -99.000    25.5    25.5 -9999.0 -9999.0 -9999.0
53138 20240618  2.623 -114.21   39.01    16.4     0.5     8.5     9.7     0.0    29.13 C    34.7     0.6    16.4    47.8    10.5    24.5   0.022   0.026 -99.000 -99.000 -99.000    22.9    23.3 -9999.0 -9999.0 -9999.0
53138 20240619  2.623 -114.21   39.01    23.5     7.9    15.7    15.5     0.0    27.90 C    39.0     6.5    20.3    22.8     8.0    14.5   0.022   0.026 -99.000 -99.000 -99.000    24.5    24.3 -9999.0 -9999.0 -9999.0
53138 20240620  2.623 -114.21   39.01    27.8    10.5    19.2    20.1     0.0    27.75 C    44.2     8.3    24.1    22.6     8.5    13.7   0.021   0.026 -99.000 -99.000 -99.000    26.5    25.4 -9999.0 -9999.0 -9999.0
53138 20240621  2.623 -114.21   39.01    30.3    15.6    22.9    22.9     0.0    27.21 C    46.8    12.8    26.6    24.2     7.9    14.6   0.022   0.027 -99.000 -99.000 -99.000    27.7    26.5 -9999.0 -9999.0 -9999.0
53138 20240622  2.623 -114.21   39.01    32.5    16.1    24.3    25.7     0.0    30.65 C    49.3    13.6    29.5    23.1     5.3    12.5   0.022   0.027 -99.000 -99.000 -99.000    30.0    28.3 -9999.0 -9999.0 -9999.0
53138 20240623  2.623 -114.21   39.01    32.6    21.2    26.9    27.8     0.0    29.94 C    48.4    19.0    30.6    17.9     8.6    13.5   0.022   0.028 -99.000 -99.000 -99.000    31.0    29.4 -9999.0 -9999.0 -9999.0
53138 20240624  2.623 -114.21   39.01    33.3    20.6    27.0    27.8     0.0    29.45 C    50.1    16.8    30.8    17.2     8.4    12.1   0.022   0.027 -99.000 -99.000 -99.000    31.4    29.9 -9999.0 -9999.0 -9999.0
53138 20240625  2.623 -114.21   39.01    33.6    18.0    25.8    26.9     0.5    26.34 C    50.5    17.3    30.8    68.5    10.0    18.8   0.022   0.027 -99.000 -99.000 -99.000    31.4    30.0 -9999.0 -9999.0 -9999.0
53138 20240626  2.623 -114.21   39.01    31.3    15.7    23.5    22.3     1.3    22.19 C    47.5    15.0    25.8    81.5    23.6    47.6   0.025   0.028 -99.000 -99.000 -99.000    28.1    27.9 -9999.0 -9999.0 -9999.0
53138 20240627  2.623 -114.21   39.01    31.1    14.3    22.7    23.4     1.0    26.87 C    44.0    14.3    26.9    85.4    12.3    36.2   0.029   0.030 -99.000 -99.000 -99.000    28.7    28.0 -9999.0 -9999.0 -9999.0
53138 20240628  2.623 -114.21   39.01    28.4    13.4    20.9    20.4     0.0    26.47 C    44.4    11.6    25.0    45.1    16.0    28.0   0.028   0.031 -99.000 -99.000 -99.000    28.2    27.7 -9999.0 -9999.0 -9999.0
53138 20240629  2.623 -114.21   39.01    31.8    15.2    23.5    24.3     0.0    31.04 C    47.8    13.1    28.1    29.9     6.2    15.5   0.025   0.030 -99.000 -99.000 -99.000    29.9    28.5 -9999.0 -9999.0 -9999.0
53138 20240630  2.623 -114.21   39.01    31.5    16.3    23.9    25.4     0.0    31.58 C    48.1    12.7    28.3    25.7     3.2     8.1   0.023   0.029 -99.000 -99.000 -99.000    30.1    29.0 -9999.0 -9999.0 -9999.0
53138 20240701  2.623 -114.21   39.01    29.2    14.6    21.9    21.2     0.0    27.36 C    46.9    13.2    26.2    42.4    11.6    28.8   0.023   0.028 -99.000 -99.000 -99.000    29.5    28.8 -9999.0 -9999.0 -9999.0
53138 20240702  2.623 -114.21   39.01 -9999.0 -9999.0 -9999.0 -9999.0 -9999.0 -9999.00 U -9999.0 -9999.0 -9999.0 -9999.0 -9999.0 -9999.0 -99.000 -99.000 -99.000 -99.000 -99.000 -9999.0 -9999.0 -9999.0 -9999.0 -9999.0
