53152 20240101  2.622 -119.88   34.41    18.6     6.9    12.7    12.2     0.0    11.94 C    23.7     5.9    12.5    96.3    57.1    81.5   0.326   0.345   0.388 -99.000 -99.000    12.3    12.7    13.7    14.4    14.8
53152 20240102  2.622 -119.88   34.41    17.1     6.2    11.7    12.0     0.0     9.87 C    21.9     5.2    12.4    92.7    66.7    82.7   0.321   0.342   0.372 -99.000 -99.000    11.9    12.4    13.2    14.1    14.7
53152 20240103  2.622 -119.88   34.41    17.1     9.8    13.4    13.5     7.7    11.59 C    20.4     8.1    13.3    93.8    45.5    68.2   0.334   0.350   0.398 -99.000 -99.000    12.4    12.8    13.5    14.1    14.5
53152 20240104  2.622 -119.88   34.41    19.4    10.1    14.7    14.0     0.0    11.43 C    23.4     7.7    13.7    59.8    23.5    42.0   0.327   0.349   0.392 -99.000 -99.000    11.3    12.0    13.1    13.9    14.4
53152 20240105  2.622 -119.88   34.41    20.0     6.8    13.4    12.3     0.0    11.69 C    24.4     5.3    12.1    75.2    34.8    55.9   0.322   0.344   0.378 -99.000 -99.000    10.8    11.4    12.6    13.6    14.2
53152 20240106  2.622 -119.88   34.41    17.0     4.6    10.8    11.4     0.0    10.01 C    21.3     2.8    11.5    78.5    54.2    69.7   0.319   0.339   0.371 -99.000 -99.000    10.7    11.2    12.2    13.3    14.0
53152 20240107  2.622 -119.88   34.41    14.9     5.1    10.0    11.2     0.0    12.56 C    20.2     3.3    11.2    73.0    28.8    47.3   0.316   0.334   0.368 -99.000 -99.000    10.0    11.2    12.3    13.2    13.8
53152 20240108  2.622 -119.88   34.41    15.0     2.9     9.0     9.3     0.0    12.28 C    19.7     1.4     9.3    69.6    33.3    50.4   0.312   0.331   0.364 -99.000 -99.000     8.7     9.8    11.4    12.8    13.6
53152 20240109  2.622 -119.88   34.41    15.8     2.6     9.2    10.2     0.0    12.51 C    21.0     1.3    10.6    74.9    43.5    63.8   0.310   0.328   0.362 -99.000 -99.000     9.5     9.9    11.0    12.3    13.3
53152 20240110  2.622 -119.88   34.41    16.9     6.2    11.5    12.6     0.0    12.24 C    19.9     4.4    12.5    85.0    47.0    65.7   0.307   0.326   0.358 -99.000 -99.000    10.7    10.9    11.6    12.4    13.1
53152 20240111  2.622 -119.88   34.41    16.7     3.8    10.3    11.6     0.0    12.72 C    21.1     1.4    11.4    78.9    24.5    47.5   0.303   0.324   0.357 -99.000   0.428    10.1    10.7    11.7    12.5    13.1
53152 20240112  2.622 -119.88   34.41    14.9     1.5     8.2     8.1     0.0    12.57 C    20.3     0.0     8.2    69.4    45.3    58.3   0.300   0.322   0.354 -99.000 -99.000     8.3     9.0    10.6    12.1    13.0
53152 20240113  2.622 -119.88   34.41    15.5     3.8     9.7     9.4     0.0    12.05 C    21.0     3.0     9.9    89.2    54.9    74.4   0.297   0.319   0.350 -99.000 -99.000     9.4     9.6    10.7    11.8    12.7
53152 20240114  2.622 -119.88   34.41    16.1     4.7    10.4    10.3     0.0    12.87 C    21.1     3.4    10.7    92.3    64.5    82.1   0.295   0.317   0.349 -99.000 -99.000    10.2    10.1    10.9    11.8    12.6
53152 20240115  2.622 -119.88   34.41    15.9     7.4    11.6    11.0     0.0     9.70 C    22.6     5.6    11.3    95.3    75.6    88.0   0.293   0.314   0.349   0.433   0.414    11.3    11.0    11.4    12.0    12.6
53152 20240116  2.622 -119.88   34.41    15.6     7.7    11.7    11.0     0.0     7.88 C    20.7     6.1    11.4    98.9    78.4    93.7   0.292   0.313   0.348 -99.000   0.411    11.4    11.3    11.7    12.2    12.7
53152 20240117  2.622 -119.88   34.41    15.8     9.1    12.4    12.9     0.0     6.65 C    21.5     7.9    13.6    97.8    81.8    92.5   0.290   0.311   0.347   0.431   0.411    13.2    12.5    12.3    12.5    12.8
53152 20240118  2.622 -119.88   34.41    16.9    10.6    13.8    13.4     0.2    10.35 C    22.6     8.6    13.9    96.3    72.8    86.3   0.288   0.310   0.346   0.432   0.410    13.5    13.1    13.0    13.0    13.1
53152 20240119  2.622 -119.88   34.41    16.9    10.1    13.5    13.6     0.3     7.75 C    21.4     8.7    13.7    96.0    66.6    84.2   0.288   0.308   0.344   0.430   0.411    13.6    13.2    13.2    13.2    13.3
53152 20240120  2.622 -119.88   34.41    15.2    12.1    13.7    13.5    17.4     2.33 C    16.5    11.4    13.4    95.8    85.9    92.1   0.331   0.333   0.361   0.445   0.435    13.8    13.7    13.6    13.5    13.6
53152 20240121  2.622 -119.88   34.41    17.0    12.3    14.6    14.3     0.4     8.68 C    21.1    11.6    14.7    96.5    74.5    89.0   0.338   0.344   0.393   0.462 -99.000    14.8    14.2    13.9    13.7    13.8
53152 20240122  2.622 -119.88   34.41    15.9    11.3    13.6    14.4    41.3     4.17 C    18.8     9.9    14.2    96.7    81.4    90.4   0.387   0.374   0.409   0.465   0.450    14.3    14.3    14.1    14.0    14.0
53152 20240123  2.622 -119.88   34.41    19.2    10.1    14.7    15.0     0.0    13.40 C    22.9     8.1    14.7    86.1    60.1    72.7   0.391   0.382   0.409 -99.000 -99.000    13.8    13.9    13.9    14.0    14.1
53152 20240124  2.622 -119.88   34.41    15.7     8.6    12.1    12.7     0.0     3.87 C    17.6     7.3    12.4    92.6    72.7    81.7   0.386   0.375   0.418   0.467   0.450    12.8    13.3    13.6    13.9    14.1
53152 20240125  2.622 -119.88   34.41    17.2     9.1    13.1    13.8     0.3    13.53 C    23.4     7.3    14.5    97.5    49.5    86.3   0.380   0.372   0.415 -99.000 -99.000    14.2    13.8    13.9    14.0    14.1
53152 20240126  2.622 -119.88   34.41    18.6     6.8    12.7    12.3     0.0    13.52 C    24.4     5.7    12.6    80.2    47.3    73.1   0.372   0.369   0.411 -99.000 -99.000    12.6    12.7    13.4    13.8    14.1
53152 20240127  2.622 -119.88   34.41    21.3     8.1    14.7    14.3     0.0    13.19 C    25.6     6.8    14.6    80.8    34.7    63.6   0.370   0.364   0.412 -99.000 -99.000    13.1    12.9    13.3    13.7    14.0
53152 20240128  2.622 -119.88   34.41    24.1     9.1    16.6    15.1     0.0    14.00 C    30.9     7.8    15.4    82.3    30.5    64.5   0.364   0.361   0.409 -99.000 -99.000    13.5    13.1    13.4    13.7    14.0
53152 20240129  2.622 -119.88   34.41    22.8     7.7    15.2    13.9     0.0    14.21 C    28.7     6.6    14.3    83.4    28.0    69.9   0.358   0.358   0.403 -99.000 -99.000    13.1    12.9    13.4    13.7    14.0
53152 20240130  2.622 -119.88   34.41    19.2     6.3    12.8    12.2     0.0    11.58 C    25.4     5.0    12.7    95.8    74.8    85.4   0.354   0.355   0.393 -99.000 -99.000    12.4    12.6    13.2    13.6    14.0
53152 20240131  2.622 -119.88   34.41    16.9     7.0    12.0    12.7    13.6     8.65 C    22.6     6.0    12.8    96.2    77.1    87.4   0.353   0.354   0.382   0.466   0.449    12.9    12.9    13.2    13.6    13.9
53152 20240201  2.622 -119.88   34.41    16.5     9.1    12.8    13.6    64.0    12.12 C    22.0     7.0    14.2    96.2    74.4    85.8   0.410   0.386   0.410   0.467 -99.000    14.2    14.0    13.8    13.8    14.0
53152 20240202  2.622 -119.88   34.41    17.7     6.7    12.2    12.4     0.3    15.16 C    21.5     5.3    12.3    89.5    50.2    69.8   0.401   0.384   0.410 -99.000 -99.000    12.6    13.3    13.5    13.8    14.1
53152 20240203  2.622 -119.88   34.41    14.9     5.9    10.4    11.1     1.2     8.08 C    20.4     3.8    10.9    80.9    55.4    69.7   0.394   0.378   0.415   0.467   0.448    11.7    12.4    13.0    13.5    13.9
53152 20240204  2.622 -119.88   34.41    14.6    11.2    12.9    12.9    86.3     0.69 C    14.2     9.9    12.3    96.5    63.4    84.2   0.409   0.386   0.417   0.466   0.448    12.1    12.6    12.9    13.4    13.8
53152 20240205  2.622 -119.88   34.41    15.1     9.4    12.2    12.7    30.8     4.47 C    17.5     8.5    12.5    98.6    89.4    94.3   0.411   0.391   0.417   0.466   0.449    13.0    13.0    13.0    13.3    13.7
53152 20240206  2.622 -119.88   34.41    14.2     9.1    11.6    11.6     2.8     5.78 C    16.2     7.9    11.4    96.1    68.8    84.1   0.412   0.391   0.417   0.466   0.449    12.4    12.8    13.0    13.4    13.7
53152 20240207  2.622 -119.88   34.41    15.8     8.2    12.0    11.4     5.7     9.51 C    20.5     6.2    11.2    82.2    58.8    73.6   0.408   0.391   0.410 -99.000 -99.000    11.7    12.4    12.6    13.2    13.6
53152 20240208  2.622 -119.88   34.41    15.6     5.9    10.8    10.9     0.0    13.63 C    19.5     4.3    10.6    76.3    51.9    66.8   0.408   0.391   0.415 -99.000 -99.000    10.9    11.9    12.2    12.9    13.4
53152 20240209  2.622 -119.88   34.41    16.8     3.6    10.2    10.8     0.0    15.44 C    20.6     2.0    11.0    87.7    37.6    62.4   0.404   0.384   0.412 -99.000 -99.000    10.6    11.2    11.8    12.6    13.2
53152 20240210  2.622 -119.88   34.41    16.1     3.9    10.0    10.8     0.0    16.17 C    21.0     2.7    11.2    79.5    39.0    60.4   0.397   0.381   0.413 -99.000 -99.000    10.7    10.9    11.7    12.5    13.0
53152 20240211  2.622 -119.88   34.41    16.4     3.9    10.1     9.9     0.0    16.32 C    21.9     2.5    10.4    86.3    46.7    70.7   0.391   0.378   0.412 -99.000 -99.000    10.5    10.6    11.5    12.3    12.9
53152 20240212  2.622 -119.88   34.41    16.5     3.8    10.2    10.0     0.0    16.37 C    21.7     2.8    10.8    87.6    53.0    74.9   0.386   0.373   0.413 -99.000 -99.000    10.7    10.6    11.4    12.3    12.8
53152 20240213  2.622 -119.88   34.41    16.2     4.0    10.1    10.6     0.3    16.07 C    21.4     2.9    11.2    93.3    67.1    82.9   0.381   0.371   0.408 -99.000 -99.000    11.3    11.0    11.6    12.2    12.7
53152 20240214  2.622 -119.88   34.41    16.2     6.8    11.5    11.6     0.0    10.31 C    21.4     5.3    11.9    93.3    70.4    82.9   0.377   0.368   0.413   0.463 -99.000    12.0    11.7    12.0    12.4    12.8
53152 20240215  2.622 -119.88   34.41    16.6     7.3    11.9    12.5     0.0    15.03 C    22.4     6.3    13.7    97.0    75.7    88.7   0.370   0.365   0.396 -99.000 -99.000    13.7    12.7    12.5    12.6    12.9
53152 20240216  2.622 -119.88   34.41    16.3    10.4    13.3    13.0     0.0    14.51 C    22.2     9.3    14.1    96.0    74.7    86.4   0.366   0.362   0.388 -99.000 -99.000    14.3    13.6    13.3    13.1    13.1
53152 20240217  2.622 -119.88   34.41 -9999.0 -9999.0 -9999.0 -9999.0 -9999.0 -9999.00 U -9999.0 -9999.0 -9999.0 -9999.0 -9999.0 -9999.0 -99.000 -99.000 -99.000 -99.000 -99.000 -9999.0 -9999.0 -9999.0 -9999.0 -9999.0
53152 20240218  2.622 -119.88   34.41    15.6    10.7    13.1    13.3    57.0     4.38 C    18.7     5.1    14.0    96.8    83.5    91.8   0.375   0.372   0.412   0.463   0.448    14.1    13.9    13.8    13.7    13.6
53152 20240219  2.622 -119.88   34.41    16.8    13.8    15.3    14.5    29.4     5.57 C    22.5    13.1    14.8    97.4    95.1    96.3   0.423   0.392   0.418 -99.000 -99.000    14.8    14.3    14.0    13.9    13.8
53152 20240220  2.622 -119.88   34.41    16.7    13.0    14.9    14.6     9.4    11.47 C    22.9    11.7    15.3    97.1    85.5    91.9   0.412   0.392   0.417 -99.000 -99.000    15.9    14.9    14.5    14.1    14.0
53152 20240221  2.622 -119.88   34.41    18.3     9.6    14.0    14.2     3.2    15.37 C    24.2     5.4    13.8    95.3    65.6    80.7   0.415   0.393   0.418 -99.000 -99.000    15.1    14.9    14.6    14.4    14.2
53152 20240222  2.622 -119.88   34.41    16.7     7.6    12.1    12.2     0.0    16.79 C    23.7     4.9    12.0    92.7    75.5    84.4   0.407   0.389   0.415 -99.000 -99.000    13.9    14.0    14.1    14.3    14.3
53152 20240223  2.622 -119.88   34.41    22.2     8.2    15.2    13.5     0.0    13.10 C    28.3     5.6    12.7    93.7    31.2    75.0   0.399   0.385   0.413 -99.000 -99.000    13.9    13.8    13.9    14.2    14.3
53152 20240224  2.622 -119.88   34.41    18.7     8.3    13.5    13.0     0.0    15.27 C    25.6     5.4    12.9    95.8    59.4    79.9   0.390   0.382   0.410 -99.000 -99.000    14.2    13.8    13.9    14.1    14.2
53152 20240225  2.622 -119.88   34.41    17.4     8.0    12.7    12.4     0.0    16.76 C    23.7     5.5    13.0    97.5    74.0    87.8   0.382   0.381   0.411 -99.000 -99.000    14.3    13.8    14.0    14.2    14.3
53152 20240226  2.622 -119.88   34.41    16.2     8.6    12.4    12.7     0.0     7.18 C    22.4     5.2    12.0    95.7    70.0    86.2   0.379   0.377   0.418 -99.000 -99.000    13.4    13.6    14.0    14.2    14.3
53152 20240227  2.622 -119.88   34.41    16.6     7.2    11.9    12.2     0.0    17.09 C    24.0     4.9    12.4    95.6    74.8    87.1   0.374   0.375   0.409 -99.000 -99.000    13.8    13.4    13.8    14.1    14.2
53152 20240228  2.622 -119.88   34.41    17.7     6.9    12.3    12.3     0.0    17.75 C    24.3     4.2    12.2    97.8    75.6    88.4   0.368   0.372   0.409 -99.000 -99.000    13.5    13.2    13.7    14.0    14.2
53152 20240229  2.622 -119.88   34.41    16.1     9.7    12.9    13.4     0.0     9.88 C    21.7     6.1    13.5    95.6    65.1    80.2   0.365   0.369   0.397 -99.000 -99.000    13.9    13.8    14.0    14.1    14.2
53152 20240301  2.622 -119.88   34.41    14.7    10.7    12.7    13.0    10.4     6.24 C    17.1     6.7    13.0    97.0    83.1    92.9   0.375   0.373   0.402 -99.000 -99.000    14.3    14.2    14.2    14.2    14.3
53152 20240302  2.622 -119.88   34.41    16.2    10.1    13.1    13.3    10.4    14.12 C    19.7     7.2    13.4    93.3    71.9    84.5   0.408   0.393   0.417 -99.000 -99.000    14.7    14.5    14.4    14.3    14.4
53152 20240303  2.622 -119.88   34.41    17.1     9.1    13.1    13.0     4.8    18.07 C    22.7     6.2    12.8    95.1    52.6    74.3   0.412   0.395   0.413 -99.000 -99.000    13.9    14.1    14.1    14.3    14.4
53152 20240304  2.622 -119.88   34.41    17.7     8.5    13.1    13.0     0.0    18.77 C    25.1     4.8    12.8    84.6    49.6    68.5   0.405   0.391   0.413 -99.000 -99.000    13.6    13.7    13.8    14.2    14.3
53152 20240305  2.622 -119.88   34.41    16.4     6.3    11.3    11.8     0.0    19.23 C    24.4     2.6    11.8    91.5    69.1    81.8   0.396   0.386   0.408 -99.000 -99.000    13.3    13.3    13.6    14.0    14.3
53152 20240306  2.622 -119.88   34.41    14.6     7.4    11.0    10.9    19.1     3.35 C    18.1     5.0    10.0    94.4    83.8    90.2   0.402   0.389   0.419 -99.000 -99.000    12.6    13.2    13.6    14.0    14.2
53152 20240307  2.622 -119.88   34.41    17.2     7.8    12.5    13.1     0.0    19.09 C    22.2     4.5    12.1    94.1    59.5    72.2   0.411   0.397   0.415 -99.000 -99.000    13.2    13.2    13.1    13.7    14.1
53152 20240308  2.622 -119.88   34.41    17.3     6.9    12.1    12.3     0.0    19.21 C    24.3     3.8    11.9    90.2    66.8    80.6   0.406   0.393   0.411 -99.000 -99.000    13.3    13.1    13.2    13.6    14.0
53152 20240309  2.622 -119.88   34.41    17.5     6.3    11.9    12.1     0.0    19.21 C    24.7     4.1    12.0    96.5    75.1    87.5   0.398   0.389   0.409 -99.000 -99.000    13.5    13.2    13.4    13.7    14.0
53152 20240310  2.622 -119.88   34.41    17.0     7.4    12.2    12.4     0.0    16.20 C    25.0     4.6    12.0    96.4    72.6    85.1   0.390   0.384   0.411 -99.000 -99.000    13.5    13.2    13.5    13.8    14.0
53152 20240311  2.622 -119.88   34.41    16.8     8.2    12.5    12.9     0.0    19.73 C    24.0     4.4    12.6    87.5    70.6    78.0   0.385   0.380   0.413 -99.000 -99.000    13.8    13.4    13.7    13.9    14.1
53152 20240312  2.622 -119.88   34.41    19.0     8.4    13.7    13.9     0.0    19.04 C    25.1     5.3    14.0    84.6    54.5    74.2   0.378   0.375   0.403 -99.000 -99.000    14.3    13.8    13.9    14.0    14.1
53152 20240313  2.622 -119.88   34.41    21.6     9.4    15.5    15.0     0.0    19.52 C    25.1     5.2    13.9    87.7    30.2    61.9   0.371   0.369   0.392 -99.000 -99.000    14.2    13.9    14.1    14.2    14.2
53152 20240314  2.622 -119.88   34.41    17.5     7.9    12.7    14.1     0.0    20.65 C    24.2     4.3    12.8    70.6    37.8    55.9   0.364   0.362   0.386 -99.000 -99.000    13.6    13.6    14.0    14.2    14.3
53152 20240315  2.622 -119.88   34.41    17.6     5.9    11.7    12.4     0.0    20.93 C    26.3     1.6    11.9    93.1    42.1    70.7   0.357   0.355   0.380 -99.000 -99.000    13.5    13.3    13.8    14.1    14.3
53152 20240316  2.622 -119.88   34.41    17.0     6.2    11.6    11.9     0.0    20.90 C    24.0     3.1    12.2    93.0    72.6    83.6   0.349   0.350   0.374 -99.000 -99.000    13.6    13.4    13.8    14.1    14.3
53152 20240317  2.622 -119.88   34.41    16.5     7.6    12.0    12.4     0.0    20.54 C    24.8     4.8    13.0    93.9    75.0    85.2   0.342   0.345   0.371 -99.000 -99.000    14.4    13.9    14.1    14.2    14.3
53152 20240318  2.622 -119.88   34.41    18.4     8.1    13.2    13.6     0.0    21.27 C    25.6     5.2    14.2    93.9    68.2    85.5   0.333   0.339   0.365 -99.000 -99.000    15.1    14.3    14.3    14.3    14.4
53152 20240319  2.622 -119.88   34.41    15.0     8.7    11.8    12.2     0.2    12.99 C    21.7     5.5    13.3    98.7    86.3    94.1   0.327   0.334   0.363 -99.000 -99.000    14.9    14.6    14.6    14.6    14.5
53152 20240320  2.622 -119.88   34.41    15.1    11.3    13.2    12.6     0.0    11.77 C    22.7    11.4    14.3    99.2    85.3    94.6   0.325   0.329   0.357 -99.000 -99.000    15.7    15.3    15.0    14.8    14.7
53152 20240321  2.622 -119.88   34.41    16.7    10.1    13.4    13.3     0.0    17.23 C    24.6     7.5    14.1    98.1    77.2    88.8   0.319   0.323   0.357 -99.000 -99.000    16.0    15.5    15.3    15.0    14.9
53152 20240322  2.622 -119.88   34.41    16.7     8.6    12.6    13.2     0.7    15.54 C    24.2     6.0    14.0    97.2    79.6    88.3   0.310   0.316   0.352 -99.000 -99.000    15.5    15.0    15.1    15.1    15.0
53152 20240323  2.622 -119.88   34.41    17.5    10.6    14.0    13.6    16.2    21.44 C    21.3     8.7    13.7    96.3    48.5    76.3   0.350   0.339   0.368 -99.000 -99.000    14.6    14.9    15.2    15.1    15.1
53152 20240324  2.622 -119.88   34.41    17.4    10.7    14.1    13.1     0.0    15.68 C    24.4     9.1    12.9    77.3    48.8    67.3   0.338   0.339   0.368 -99.000 -99.000    13.4    13.9    14.6    14.9    15.0
53152 20240325  2.622 -119.88   34.41    16.9     9.4    13.1    13.0     0.0    21.57 C    22.0     4.8    12.8    75.6    59.3    67.9   0.325   0.333   0.364 -99.000 -99.000    13.6    13.8    14.3    14.7    14.9
53152 20240326  2.622 -119.88   34.41    16.6     8.2    12.4    12.6     0.0    22.39 C    23.1     4.1    13.1    86.0    64.6    75.6   0.314   0.325   0.359 -99.000 -99.000    14.5    14.2    14.4    14.6    14.8
53152 20240327  2.622 -119.88   34.41    15.2     7.1    11.2    11.0     0.0    20.43 C    24.2     3.8    11.6    97.1    81.9    89.9   0.306   0.318   0.356 -99.000 -99.000    13.9    14.0    14.4    14.7    14.8
53152 20240328  2.622 -119.88   34.41    15.6     7.7    11.7    12.1     0.0    20.02 C    22.9     4.5    12.2    98.3    57.4    83.0   0.298   0.312   0.353 -99.000 -99.000    14.0    13.9    14.4    14.6    14.8
53152 20240329  2.622 -119.88   34.41    14.7     5.5    10.1    10.7    11.5    12.37 C    21.1     2.4    10.5    94.8    72.6    83.3   0.295   0.306   0.351 -99.000 -99.000    12.8    13.3    14.0    14.5    14.7
53152 20240330  2.622 -119.88   34.41    15.0     9.1    12.0    11.6    27.4    12.32 C    23.5     5.8    14.7    97.2    78.7    90.1   0.369   0.342   0.374 -99.000 -99.000    13.9    14.0    14.2    14.5    14.6
53152 20240331  2.622 -119.88   34.41    15.4     9.6    12.5    12.2    18.0    16.05 C    32.3    19.4    23.3    96.5    73.4    84.1   0.416   0.382   0.408 -99.000 -99.000    14.5    14.0    13.9    14.3    14.6
53152 20240401  2.622 -119.88   34.41    17.4     7.5    12.4    13.3     0.0    23.22 C    32.5    17.8    24.4    97.6    63.8    82.6   0.411   0.385   0.411 -99.000 -99.000    15.0    14.5    14.2    14.4    14.5
53152 20240402  2.622 -119.88   34.41    18.1     8.3    13.2    13.7     0.0    23.67 C    35.0    18.7    25.8    91.2    67.3    81.5   0.400   0.379   0.408 -99.000 -99.000    15.2    14.7    14.5    14.6    14.6
53152 20240403  2.622 -119.88   34.41    17.0     8.5    12.8    13.2     0.0    23.43 C    36.9    20.3    27.5    94.2    80.2    88.6   0.381   0.371   0.408 -99.000 -99.000    15.2    14.8    14.8    14.8    14.8
53152 20240404  2.622 -119.88   34.41    16.4     5.2    10.8    11.3     1.5    13.97 C    35.7    20.5    26.6    94.1    56.4    77.7   0.371   0.367   0.415 -99.000 -99.000    13.4    14.1    14.8    14.9    14.9
53152 20240405  2.622 -119.88   34.41    13.6     6.2     9.9     9.6    10.3    19.19 C    33.0    22.0    26.1    95.7    55.4    75.6   0.401   0.384   0.409 -99.000 -99.000    12.2    13.2    13.8    14.5    14.8
53152 20240406  2.622 -119.88   34.41    15.3     3.9     9.6    10.7     0.0    24.39 C    35.7    18.5    26.6    80.2    46.2    65.8   0.394   0.380   0.411 -99.000 -99.000    12.8    13.1    13.4    14.1    14.5
53152 20240407  2.622 -119.88   34.41    18.8     4.8    11.8    11.6     0.0    23.44 C    37.7    19.8    27.1    90.4    40.5    70.6   0.378   0.374   0.410 -99.000 -99.000    13.3    13.1    13.6    14.1    14.4
53152 20240408  2.622 -119.88   34.41    19.5     9.9    14.7    14.7     0.0    22.80 C    37.2    17.8    26.3    71.3    37.5    54.6   0.365   0.368   0.414 -99.000 -99.000    14.0    13.7    14.0    14.2    14.4
53152 20240409  2.622 -119.88   34.41    21.0     6.4    13.7    14.4     0.0    24.76 C    34.9    16.5    24.6    83.0    38.0    65.4   0.357   0.360   0.393 -99.000 -99.000    14.8    14.1    14.2    14.3    14.4
53152 20240410  2.622 -119.88   34.41    20.2     9.0    14.6    14.5     0.0    24.58 C    35.9    17.0    24.3    96.5    46.7    76.8   0.346   0.351   0.381 -99.000 -99.000    15.8    14.9    14.8    14.6    14.6
53152 20240411  2.622 -119.88   34.41    13.9    10.5    12.2    11.8     0.3    17.24 C    29.0    17.3    23.5    99.0    89.5    96.1   0.337   0.343   0.374 -99.000 -99.000    15.6    15.3    15.2    15.0    14.9
53152 20240412  2.622 -119.88   34.41    15.6    10.9    13.3    13.0     0.0     6.53 C    28.5    21.1    23.0    99.2    78.5    89.5   0.332   0.339   0.370 -99.000 -99.000    15.0    15.2    15.2    15.2    15.1
53152 20240413  2.622 -119.88   34.41    14.4     7.1    10.8    11.6     8.8     4.18 C    24.4    16.8    21.8    93.0    72.9    82.8   0.349   0.342   0.372 -99.000 -99.000    13.3    14.2    14.9    15.1    15.1
53152 20240414  2.622 -119.88   34.41    15.8     8.3    12.0    11.5    10.2    16.74 C    31.3    18.4    23.2    95.1    78.6    89.1   0.380   0.361   0.392 -99.000 -99.000    14.2    14.1    14.3    14.7    14.9
53152 20240415  2.622 -119.88   34.41    17.0     7.4    12.2    12.9     0.0    24.88 C    34.0    17.2    24.4    91.7    69.9    80.9   0.376   0.369   0.409 -99.000 -99.000    15.0    14.5    14.5    14.7    14.8
53152 20240416  2.622 -119.88   34.41    18.1     7.6    12.8    13.7     0.0    25.54 C    34.8    17.7    25.5    93.8    73.9    84.5   0.365   0.364   0.413 -99.000 -99.000    15.7    14.9    14.9    14.9    14.9
53152 20240417  2.622 -119.88   34.41    15.8    10.7    13.3    12.9     0.0    20.00 C    34.4    20.0    25.6    99.1    87.8    93.9   0.356   0.358   0.410 -99.000 -99.000    16.0    15.5    15.4    15.2    15.1
53152 20240418  2.622 -119.88   34.41    15.2    11.5    13.3    13.3     0.0    16.03 C    31.7    23.2    26.1    99.5    84.7    92.4   0.350   0.352   0.395 -99.000 -99.000    16.3    16.0    15.8    15.5    15.3
53152 20240419  2.622 -119.88   34.41    14.5    11.9    13.2    13.1     0.0     7.51 C    29.2    21.6    25.0    95.3    79.9    86.9   0.346   0.348   0.382 -99.000 -99.000    15.2    15.5    15.7    15.6    15.5
53152 20240420  2.622 -119.88   34.41    15.3    12.9    14.1    13.9     0.0     9.50 C    29.5    23.8    25.8    91.3    83.4    86.8   0.341   0.344   0.377 -99.000 -99.000    15.7    15.7    15.7    15.6    15.5
53152 20240421  2.622 -119.88   34.41    15.6    12.4    14.0    13.3     0.0    11.66 C    30.8    24.2    25.9    99.3    89.6    95.5   0.337   0.339   0.373 -99.000 -99.000    16.2    16.0    15.9    15.7    15.6
53152 20240422  2.622 -119.88   34.41    14.9    12.7    13.8    13.4     0.4     7.62 C    28.2    24.1    25.3    98.3    85.1    93.6   0.335   0.336   0.370 -99.000 -99.000    15.8    15.9    16.0    15.8    15.7
53152 20240423  2.622 -119.88   34.41    16.8     9.8    13.3    13.6     0.0    21.96 C    34.0    18.7    25.7    95.4    69.7    82.8   0.329   0.331   0.363 -99.000 -99.000    16.6    16.2    16.1    15.9    15.8
53152 20240424  2.622 -119.88   34.41    17.4     8.0    12.7    13.3     0.0    25.56 C    35.2    17.8    24.6    90.1    72.5    79.7   0.318   0.322   0.355 -99.000 -99.000    15.6    15.4    15.8    15.9    15.8
53152 20240425  2.622 -119.88   34.41    17.4     7.7    12.6    13.5     0.0    14.09 C    30.8    16.5    23.6    91.7    69.8    79.3   0.308   0.313   0.352 -99.000 -99.000    14.5    14.9    15.5    15.8    15.8
53152 20240426  2.622 -119.88   34.41    22.3    10.9    16.6    15.3     0.0    26.51 C    37.2    19.3    25.7    79.8    43.7    67.5   0.295   0.304   0.353 -99.000 -99.000    16.5    15.9    15.8    15.7    15.7
53152 20240427  2.622 -119.88   34.41    23.0    10.2    16.6    14.7     0.0    26.41 C    35.4    19.0    26.1    82.3    51.6    70.5   0.275   0.290   0.347 -99.000 -99.000    16.7    16.1    16.0    15.9    15.8
53152 20240428  2.622 -119.88   34.41    17.5     9.1    13.3    13.4     0.0    26.15 C    35.9    18.8    25.7    93.2    75.5    85.4   0.259   0.276   0.336 -99.000 -99.000    16.7    16.0    16.1    16.1    16.0
53152 20240429  2.622 -119.88   34.41    21.2     8.7    15.0    15.2     0.0    26.35 C    36.9    19.0    26.3    93.7    31.9    78.1   0.243   0.264   0.328 -99.000 -99.000    17.0    16.2    16.2    16.2    16.0
53152 20240430  2.622 -119.88   34.41    20.6     9.7    15.1    14.5     0.0    26.64 C    36.7    19.1    26.0    92.5    31.6    80.5   0.225   0.252   0.320 -99.000 -99.000    17.2    16.4    16.5    16.4    16.2
53152 20240501  2.622 -119.88   34.41    18.0    10.5    14.2    14.0     0.0    26.29 C    36.9    19.1    26.4    94.6    73.1    86.3   0.211   0.241   0.308 -99.000 -99.000    16.9    16.3    16.5    16.5    16.3
53152 20240502  2.622 -119.88   34.41    17.5    10.5    14.0    14.0     0.0    24.37 C    36.7    20.0    26.6    94.7    76.7    87.5   0.200   0.232   0.300 -99.000 -99.000    17.4    16.7    16.7    16.6    16.4
53152 20240503  2.622 -119.88   34.41    16.1    10.5    13.3    14.0     0.0    10.31 C    28.8    20.0    24.9    94.9    81.3    87.9   0.190   0.225   0.295 -99.000 -99.000    16.2    16.4    16.7    16.7    16.5
53152 20240504  2.622 -119.88   34.41    17.2     9.9    13.5    13.3     2.4    12.64 C    33.0    19.7    25.1    98.3    76.2    90.9   0.186   0.220   0.288 -99.000 -99.000    15.6    15.7    16.2    16.4    16.5
53152 20240505  2.622 -119.88   34.41    20.8     8.5    14.7    13.7     0.0    27.42 C    37.1    18.2    24.7    98.9    27.6    62.0   0.186   0.214   0.280 -99.000 -99.000    16.0    15.9    16.2    16.3    16.4
53152 20240506  2.622 -119.88   34.41    18.8     7.2    13.0    13.6     0.0    27.53 C    36.0    16.1    25.0    88.7    46.6    65.7   0.172   0.204   0.267 -99.000 -99.000    15.9    15.4    15.8    16.2    16.3
53152 20240507  2.622 -119.88   34.41    18.2     7.8    13.0    13.4     0.0    27.34 C    37.9    17.1    25.3    92.1    69.8    81.8   0.161   0.195   0.257 -99.000 -99.000    16.4    15.8    15.9    16.2    16.3
53152 20240508  2.622 -119.88   34.41    17.6     8.5    13.1    13.6     0.0    27.09 C    37.4    16.0    25.4    91.3    71.5    83.5   0.151   0.187   0.248 -99.000 -99.000    16.7    16.0    16.1    16.3    16.3
53152 20240509  2.622 -119.88   34.41    18.9    10.5    14.7    14.9     0.0    22.65 C    36.7    17.4    25.8    94.4    71.6    83.5   0.142   0.179   0.242 -99.000 -99.000    18.2    17.2    16.9    16.6    16.4
53152 20240510  2.622 -119.88   34.41    16.0    10.5    13.3    13.5     0.0    11.82 C    30.7    17.4    24.2    97.0    81.8    91.1   0.136   0.174   0.238 -99.000 -99.000    16.6    16.5    16.7    16.7    16.6
53152 20240511  2.622 -119.88   34.41    15.2    11.6    13.4    12.7     0.7     9.22 C    29.5    21.7    23.8    98.1    85.3    93.7   0.133   0.170   0.234 -99.000 -99.000    16.1    16.3    16.6    16.7    16.6
53152 20240512  2.622 -119.88   34.41    15.2    11.6    13.4    13.0     1.2    10.11 C    28.3    21.1    23.3    98.3    85.5    93.6   0.131   0.168   0.232 -99.000 -99.000    16.3    16.3    16.5    16.6    16.6
53152 20240513  2.622 -119.88   34.41    15.8    11.3    13.5    13.3     0.0    14.37 C    29.6    18.5    23.6    95.8    83.0    90.2   0.129   0.165   0.229 -99.000 -99.000    16.7    16.4    16.5    16.6    16.6
53152 20240514  2.622 -119.88   34.41    15.0    12.2    13.6    13.1     0.5     8.43 C    27.5    20.9    22.8    95.3    85.0    90.3   0.126   0.162   0.225 -99.000 -99.000    16.2    16.2    16.5    16.6    16.6
53152 20240515  2.622 -119.88   34.41    15.2    11.8    13.5    13.4     0.0    10.67 C    27.9    20.5    23.3    94.2    82.9    89.2   0.124   0.160   0.222 -99.000 -99.000    16.5    16.3    16.5    16.5    16.5
53152 20240516  2.622 -119.88   34.41    17.2    12.1    14.6    14.3     0.0    18.09 C    32.6    18.2    23.7    92.9    77.6    87.2   0.121   0.157   0.218 -99.000 -99.000    17.5    16.8    16.7    16.6    16.6
53152 20240517  2.622 -119.88   34.41    17.1    11.0    14.1    14.3     0.0    16.85 C    31.5    15.8    23.7    94.9    77.8    87.2   0.118   0.153   0.213 -99.000 -99.000    17.4    16.9    16.8    16.8    16.7
53152 20240518  2.622 -119.88   34.41    16.8    11.5    14.1    14.0     0.0    15.07 C    30.9    17.9    23.4    94.7    78.2    87.0   0.114   0.149   0.209 -99.000 -99.000    17.4    16.9    16.9    16.8    16.8
53152 20240519  2.622 -119.88   34.41    16.2     9.8    13.0    13.8     0.0    11.36 C    29.8    14.5    22.6    95.4    79.6    87.6   0.111   0.146   0.205 -99.000 -99.000    16.8    16.7    16.9    16.9    16.8
53152 20240520  2.622 -119.88   34.41    17.6     8.2    12.9    12.9     0.0    22.48 C    35.3    13.8    21.8    96.0    70.2    85.1   0.108   0.144   0.201 -99.000 -99.000    16.7    16.3    16.4    16.7    16.8
53152 20240521  2.622 -119.88   34.41    17.3     8.5    12.9    13.2     0.0    25.34 C    35.2    13.1    22.6    94.0    74.5    85.6   0.105   0.141   0.198 -99.000 -99.000    17.2    16.5    16.4    16.6    16.7
53152 20240522  2.622 -119.88   34.41    14.5    12.2    13.4    13.3     0.0     8.60 C    26.0    19.3    21.7    92.9    83.6    88.9   0.102   0.139   0.195 -99.000 -99.000    16.5    16.6    16.7    16.8    16.8
53152 20240523  2.622 -119.88   34.41    18.2     9.5    13.9    13.9     0.0    16.14 C    33.8    13.8    22.2    93.5    72.6    84.1   0.100   0.136   0.193 -99.000 -99.000    17.1    16.7    16.7    16.8    16.8
53152 20240524  2.622 -119.88   34.41    18.5     8.0    13.2    13.9     0.2    27.42 C    34.1    12.7    22.3    95.5    58.2    77.6   0.098   0.134   0.188 -99.000 -99.000    17.6    16.6    16.4    16.6    16.7
53152 20240525  2.622 -119.88   34.41    18.7     9.3    14.0    14.7     0.0    27.99 C    34.9    13.4    22.7    89.1    62.6    75.1   0.096   0.131   0.187 -99.000 -99.000    18.6    17.3    16.8    16.8    16.8
53152 20240526  2.622 -119.88   34.41    17.2     9.7    13.4    13.3     0.0    16.69 C    33.3    12.5    20.1    93.9    75.4    85.9   0.093   0.128   0.185 -99.000 -99.000    16.8    16.6    16.7    16.9    16.9
53152 20240527  2.622 -119.88   34.41    17.9     9.2    13.5    13.8     0.0    25.18 C    34.4    12.5    22.3    97.7    73.5    87.4   0.092   0.125   0.183 -99.000 -99.000    18.1    16.9    16.7    16.8    16.9
53152 20240528  2.622 -119.88   34.41    17.8    11.3    14.6    14.5     0.0    21.71 C    34.0    14.1    22.7    93.9    74.7    86.2   0.090   0.124   0.181 -99.000 -99.000    19.0    17.8    17.4    17.1    17.0
53152 20240529  2.622 -119.88   34.41    18.3    11.7    15.0    14.6     0.0    17.71 C    36.4    13.4    22.1    95.4    75.4    87.6   0.089   0.122   0.179   0.364 -99.000    18.4    17.7    17.4    17.3    17.1
53152 20240530  2.622 -119.88   34.41    16.7    10.4    13.5    13.7     0.0    13.06 C    29.7    12.8    21.1    97.2    80.4    90.9   0.088   0.122   0.178   0.360 -99.000    17.4    17.1    17.1    17.2    17.2
53152 20240531  2.622 -119.88   34.41    16.7    12.0    14.3    13.6     0.4    12.46 C    30.5    18.0    21.4    96.9    78.7    90.7   0.087   0.120   0.177   0.357 -99.000    17.6    17.2    17.2    17.2    17.2
53152 20240601  2.622 -119.88   34.41    18.3    10.6    14.4    13.6     0.8    16.29 C    33.5    12.7    20.5    97.9    71.4    88.2   0.086   0.120   0.176   0.355 -99.000    17.2    17.0    17.0    17.1    17.1
53152 20240602  2.622 -119.88   34.41    19.3    12.1    15.7    15.4     0.0    24.01 C    32.5    14.3    22.5    92.9    69.3    82.1   0.085   0.118   0.174 -99.000 -99.000    19.6    18.0    17.4    17.2    17.1
53152 20240603  2.622 -119.88   34.41    18.2    10.7    14.4    14.9     0.0    22.16 C    33.8    13.4    21.7    95.2    75.1    86.5   0.084   0.117   0.172   0.349 -99.000    19.3    17.9    17.5    17.3    17.2
53152 20240604  2.622 -119.88   34.41    19.6    12.7    16.2    15.9     0.0    19.99 C    33.5    15.0    22.7    97.9    75.8    87.4   0.082   0.116   0.170 -99.000 -99.000    20.0    18.6    18.0    17.6    17.4
53152 20240605  2.622 -119.88   34.41    18.6    13.9    16.2    15.2     0.5    13.39 C    34.1    19.0    22.3    99.0    80.7    94.2   0.081   0.115   0.169   0.345 -99.000    19.4    18.6    18.2    17.8    17.6
53152 20240606  2.622 -119.88   34.41    19.1    13.8    16.4    15.6     0.2    16.98 C    32.9    18.7    22.7    98.9    76.4    90.8   0.081   0.114   0.168 -99.000 -99.000    19.8    18.7    18.3    17.9    17.7
53152 20240607  2.622 -119.88   34.41    18.5    13.4    15.9    15.3     0.6    13.34 C    29.0    18.3    21.8    99.3    81.1    92.7   0.080   0.113   0.167   0.342 -99.000    19.3    18.7    18.3    18.0    17.8
53152 20240608  2.622 -119.88   34.41    18.3    13.5    15.9    15.5     0.4    12.61 C    29.4    18.2    21.8    98.8    78.1    90.2   0.079   0.112   0.166   0.341 -99.000    19.0    18.4    18.2    18.0    17.8
53152 20240609  2.622 -119.88   34.41    19.7    12.3    16.0    16.2     0.3    15.86 C    32.4    13.9    22.1    96.2    69.4    85.7   0.079   0.112   0.166 -99.000 -99.000    19.3    18.5    18.2    18.0    17.8
53152 20240610  2.622 -119.88   34.41    20.2    11.0    15.6    15.7     0.4    27.30 C    34.3    12.2    22.3    96.1    70.2    85.2   0.077   0.111   0.165 -99.000 -99.000    20.5    18.7    18.0    17.9    17.8
53152 20240611  2.622 -119.88   34.41    18.6    13.2    15.9    15.3     0.0    13.86 C    30.8    17.5    21.7    97.2    77.8    90.3   0.076   0.110   0.164   0.335 -99.000    19.8    18.9    18.5    18.2    17.9
53152 20240612  2.622 -119.88   34.41    19.5    14.6    17.1    16.1     0.9    14.52 C    30.6    18.4    22.0    96.8    76.1    88.6   0.075   0.109   0.163   0.332 -99.000    19.8    18.9    18.6    18.2    18.0
53152 20240613  2.622 -119.88   34.41    18.6    12.8    15.7    15.5     0.0    15.60 C    29.7    12.9    21.0    97.5    76.1    89.5   0.075   0.109   0.163   0.331 -99.000    19.1    18.6    18.5    18.3    18.1
53152 20240614  2.622 -119.88   34.41    20.4    12.1    16.2    16.3     0.0    24.76 C    35.8    11.7    22.1    96.4    67.8    83.5   0.074   0.108   0.162 -99.000 -99.000    20.6    18.9    18.3    18.1    18.1
53152 20240615  2.622 -119.88   34.41    31.4    11.7    21.5    19.7     0.0    28.79 C    36.2    12.1    23.9    94.7    22.7    67.6   0.073   0.107   0.161 -99.000 -99.000    22.6    19.9    18.8    18.3    18.1
53152 20240616  2.622 -119.88   34.41    21.4    12.2    16.8    16.9     0.0    28.22 C    31.7    11.0    21.0    90.3    64.0    79.3   0.071   0.106   0.160 -99.000 -99.000    21.7    19.9    19.0    18.6    18.3
53152 20240617  2.622 -119.88   34.41    21.2    12.1    16.6    16.7     0.0    28.05 C    33.7    10.2    21.3    96.5    64.4    81.7   0.069   0.105   0.159 -99.000 -99.000    21.8    20.0    19.2    18.8    18.5
53152 20240618  2.622 -119.88   34.41    20.1    11.2    15.7    16.2     0.0    27.90 C    34.5     8.8    21.4    93.4    70.1    81.2   0.068   0.104   0.158 -99.000 -99.000    21.7    20.0    19.2    18.9    18.6
53152 20240619  2.622 -119.88   34.41    19.4    12.5    15.9    16.4     0.3    17.20 C    30.7     9.9    20.0    94.5    69.3    83.7   0.067   0.103   0.157   0.324 -99.000    20.4    19.7    19.3    19.0    18.8
53152 20240620  2.622 -119.88   34.41    20.8    11.5    16.2    16.2     0.0    27.65 C    32.8     9.3    20.6    95.2    62.6    81.1   0.066   0.102   0.157 -99.000 -99.000    21.5    19.7    19.0    18.8    18.7
53152 20240621  2.622 -119.88   34.41    20.2    11.6    15.9    16.2     0.0    27.98 C    32.8     8.5    19.9    94.9    66.5    82.3   0.065   0.101   0.156 -99.000 -99.000    21.9    20.1    19.3    18.9    18.8
53152 20240622  2.622 -119.88   34.41    20.1    12.6    16.3    15.4     0.0    26.17 C    32.2    10.8    20.2    99.2    72.5    89.2   0.064   0.100   0.155 -99.000 -99.000    22.2    20.6    19.7    19.2    18.9
53152 20240623  2.622 -119.88   34.41    22.4    12.6    17.5    17.0     0.6    25.91 C    33.7    14.5    22.1    99.9    70.6    87.4   0.064   0.100   0.155   0.322 -99.000    23.4    21.3    20.2    19.5    19.1
53152 20240624  2.622 -119.88   34.41    23.6    14.5    19.0    18.9     0.0    23.57 C    35.9    14.2    23.0    92.7    68.8    80.6   0.063   0.099   0.155 -99.000 -99.000    24.2    21.9    20.6    19.8    19.3
53152 20240625  2.622 -119.88   34.41    22.0    14.4    18.2    17.8     0.0    26.68 C    33.5    13.8    22.1    93.6    67.4    82.4   0.062   0.099   0.154 -99.000 -99.000    23.9    21.9    20.8    20.0    19.5
53152 20240626  2.622 -119.88   34.41    20.7    14.6    17.7    17.5     0.0    26.29 C    32.1    13.5    21.3    96.2    64.1    83.9   0.061   0.098   0.154 -99.000 -99.000    23.9    21.9    20.8    20.1    19.7
53152 20240627  2.622 -119.88   34.41    21.4    14.3    17.8    18.0     0.0    27.86 C    34.1    12.7    21.6    92.7    65.5    79.9   0.060   0.098   0.152   0.322 -99.000    24.0    22.0    20.9    20.2    19.8
53152 20240628  2.622 -119.88   34.41    20.4    13.9    17.2    16.9     0.0    27.80 C    32.6    10.3    20.2    93.0    65.0    81.8   0.059   0.097   0.152   0.321 -99.000    23.1    21.6    20.7    20.3    19.9
53152 20240629  2.622 -119.88   34.41    17.9    13.0    15.4    14.6     0.2    15.60 C    28.6    12.5    18.2    98.8    77.0    91.1   0.059   0.097   0.151   0.315 -99.000    20.7    20.4    20.3    20.2    19.9
53152 20240630  2.622 -119.88   34.41    19.1    12.6    15.9    15.3     0.6    22.11 C    30.4    11.3    18.9    99.9    74.7    89.3   0.059   0.096   0.151   0.317 -99.000    21.3    20.4    20.1    19.9    19.8
53152 20240701  2.622 -119.88   34.41    19.4    13.8    16.6    15.9     0.0    23.66 C    31.9    10.4    19.7    96.9    74.3    86.7   0.059   0.095   0.150   0.316 -99.000    21.9    20.6    20.0    19.8    19.8
53152 20240702  2.622 -119.88   34.41 -9999.0 -9999.0 -9999.0 -9999.0 -9999.0 -9999.00 U -9999.0 -9999.0 -9999.0 -9999.0 -9999.0 -9999.0 -99.000 -99.000 -99.000 -99.000 -99.000 -9999.0 -9999.0 -9999.0 -9999.0 -9999.0
