94644 20240101  2.622  -68.70   44.93    -4.5    -9.3    -6.9    -5.8     0.0     1.32 C    -3.8   -14.2    -6.4    84.6    63.9    72.5 -99.000 -99.000 -99.000 -99.000 -99.000 -9999.0 -9999.0 -9999.0 -9999.0 -9999.0
94644 20240102  2.622  -68.70   44.93    -0.6   -10.2    -5.4    -6.5     0.0     5.72 C    -0.1   -14.3    -9.4    93.7    52.5    78.2 -99.000 -99.000 -99.000 -99.000 -99.000 -9999.0 -9999.0 -9999.0 -9999.0 -9999.0
94644 20240103  2.622  -68.70   44.93     1.5    -9.6    -4.1    -3.3     0.0     2.13 C     0.7   -11.9    -3.5    94.4    70.1    86.0 -99.000 -99.000 -99.000 -99.000 -99.000 -9999.0 -9999.0 -9999.0 -9999.0 -9999.0
94644 20240104  2.622  -68.70   44.93     2.8    -9.8    -3.5    -2.2     0.0     1.96 C     2.9   -10.9    -3.0    92.7    48.4    75.5 -99.000 -99.000 -99.000 -99.000 -99.000 -9999.0 -9999.0 -9999.0 -9999.0 -9999.0
94644 20240105  2.622  -68.70   44.93    -5.0   -11.5    -8.3    -8.5     0.0     6.60 C    -2.3   -11.9    -8.3    73.5    46.4    61.7 -99.000 -99.000 -99.000 -99.000 -99.000 -9999.0 -9999.0 -9999.0 -9999.0 -9999.0
94644 20240106  2.622  -68.70   44.93    -6.2   -10.1    -8.1    -8.0     0.0     4.30 C    -2.0   -12.4    -6.9    85.7    44.1    63.8 -99.000 -99.000 -99.000 -99.000 -99.000 -9999.0 -9999.0 -9999.0 -9999.0 -9999.0
94644 20240107  2.622  -68.70   44.93    -5.9   -10.2    -8.0    -8.2     2.3     1.76 C    -1.3    -9.1    -6.7    86.1    67.7    76.4 -99.000 -99.000 -99.000 -99.000 -99.000 -9999.0 -9999.0 -9999.0 -9999.0 -9999.0
94644 20240108  2.622  -68.70   44.93    -2.3    -9.8    -6.0    -5.8     0.0     6.50 C    -3.5   -13.9    -8.5    89.7    54.7    72.3 -99.000 -99.000 -99.000 -99.000 -99.000 -9999.0 -9999.0 -9999.0 -9999.0 -9999.0
94644 20240109  2.622  -68.70   44.93    -1.6   -10.7    -6.1    -5.2     2.4     4.24 C    -1.8   -15.9    -7.5    90.9    55.0    72.2 -99.000 -99.000 -99.000 -99.000 -99.000 -9999.0 -9999.0 -9999.0 -9999.0 -9999.0
94644 20240110  2.622  -68.70   44.93     9.0    -1.6     3.7     3.3    32.4     0.70 C     8.1    -3.6     0.6    98.2    82.7    92.2 -99.000 -99.000 -99.000 -99.000 -99.000 -9999.0 -9999.0 -9999.0 -9999.0 -9999.0
94644 20240111  2.622  -68.70   44.93     3.1    -1.7     0.7     1.5     0.0     3.88 C     3.9    -3.5    -0.5    90.8    53.9    69.4 -99.000 -99.000 -99.000 -99.000 -99.000 -9999.0 -9999.0 -9999.0 -9999.0 -9999.0
94644 20240112  2.622  -68.70   44.93    -0.5    -8.2    -4.3    -3.1     0.0     7.07 C     1.3   -10.5    -5.0    83.7    39.7    63.5 -99.000 -99.000 -99.000 -99.000 -99.000 -9999.0 -9999.0 -9999.0 -9999.0 -9999.0
94644 20240113  2.622  -68.70   44.93     9.0    -5.7     1.7     0.8    12.7     0.39 C     4.9    -5.8    -1.0    96.1    59.0    81.4 -99.000 -99.000 -99.000 -99.000 -99.000 -9999.0 -9999.0 -9999.0 -9999.0 -9999.0
94644 20240114  2.622  -68.70   44.93     3.3    -4.0    -0.4     0.1     0.0     4.19 C     5.0   -10.2    -2.5    95.3    45.9    69.1 -99.000 -99.000 -99.000 -99.000 -99.000 -9999.0 -9999.0 -9999.0 -9999.0 -9999.0
94644 20240115  2.622  -68.70   44.93    -0.5   -10.9    -5.7    -4.9     0.0     6.99 C     3.9   -12.4    -7.2    89.6    38.3    60.5 -99.000 -99.000 -99.000 -99.000 -99.000 -9999.0 -9999.0 -9999.0 -9999.0 -9999.0
94644 20240116  2.622  -68.70   44.93    -3.1   -11.3    -7.2    -6.2    13.8     1.98 C    -0.3   -12.5    -5.1    93.5    68.3    86.4 -99.000 -99.000 -99.000 -99.000 -99.000 -9999.0 -9999.0 -9999.0 -9999.0 -9999.0
94644 20240117  2.622  -68.70   44.93    -4.7   -14.2    -9.5    -7.5     0.0     7.31 C    -5.7   -25.5   -12.7    90.0    47.3    64.7 -99.000 -99.000 -99.000 -99.000 -99.000 -9999.0 -9999.0 -9999.0 -9999.0 -9999.0
94644 20240118  2.622  -68.70   44.93    -4.1   -17.0   -10.6   -10.5     0.0     7.77 C    -3.7   -27.2   -18.8    90.6    49.0    68.4 -99.000 -99.000 -99.000 -99.000 -99.000 -9999.0 -9999.0 -9999.0 -9999.0 -9999.0
94644 20240119  2.622  -68.70   44.93    -6.8   -20.8   -13.8   -13.0     0.0     7.20 C   -10.2   -28.9   -19.1    89.7    33.0    63.8 -99.000 -99.000 -99.000 -99.000 -99.000 -9999.0 -9999.0 -9999.0 -9999.0 -9999.0
94644 20240120  2.622  -68.70   44.93    -6.7   -14.9   -10.8   -10.5     0.2     4.30 C    -6.5   -21.4   -11.6    76.4    52.6    64.1 -99.000 -99.000 -99.000 -99.000 -99.000 -9999.0 -9999.0 -9999.0 -9999.0 -9999.0
94644 20240121  2.622  -68.70   44.93    -6.7   -15.9   -11.3   -10.2     0.0     7.52 C    -8.1   -24.2   -15.5    84.3    47.5    62.9 -99.000 -99.000 -99.000 -99.000 -99.000 -9999.0 -9999.0 -9999.0 -9999.0 -9999.0
94644 20240122  2.622  -68.70   44.93     1.5   -17.5    -8.0    -5.8     0.0     4.20 C    -2.1   -25.2    -9.6    81.4    33.1    52.9 -99.000 -99.000 -99.000 -99.000 -99.000 -9999.0 -9999.0 -9999.0 -9999.0 -9999.0
94644 20240123  2.622  -68.70   44.93     1.8    -8.5    -3.4    -1.2     0.0     5.24 C    -0.4   -13.8    -5.6    63.3    33.4    47.5 -99.000 -99.000 -99.000 -99.000 -99.000 -9999.0 -9999.0 -9999.0 -9999.0 -9999.0
94644 20240124  2.622  -68.70   44.93    -5.2   -12.3    -8.8    -8.3     4.1     2.77 C    -3.8   -15.3    -8.4    92.6    37.6    60.6 -99.000 -99.000 -99.000 -99.000 -99.000 -9999.0 -9999.0 -9999.0 -9999.0 -9999.0
94644 20240125  2.622  -68.70   44.93     2.2    -6.3    -2.1    -1.0     6.4     4.95 C     0.2    -7.0    -0.9    97.8    87.5    93.3 -99.000 -99.000 -99.000 -99.000 -99.000 -9999.0 -9999.0 -9999.0 -9999.0 -9999.0
94644 20240126  2.622  -68.70   44.93    -0.4    -2.5    -1.4    -1.2     7.5     0.92 C    -0.3    -5.7    -2.0    97.9    83.4    93.7 -99.000 -99.000 -99.000 -99.000 -99.000 -9999.0 -9999.0 -9999.0 -9999.0 -9999.0
94644 20240127  2.622  -68.70   44.93     0.2    -2.9    -1.4    -1.4     0.0     3.04 C    -0.4    -3.9    -1.9    95.9    81.7    91.6 -99.000 -99.000 -99.000 -99.000 -99.000 -9999.0 -9999.0 -9999.0 -9999.0 -9999.0
94644 20240128  2.622  -68.70   44.93     1.4    -1.5    -0.1    -0.1     0.0     2.41 C     0.1    -2.9    -0.9    98.1    80.8    93.2 -99.000 -99.000 -99.000 -99.000 -99.000 -9999.0 -9999.0 -9999.0 -9999.0 -9999.0
94644 20240129  2.622  -68.70   44.93     1.1    -6.8    -2.9    -1.6     1.6     3.36 C     0.3    -8.1    -2.9    94.3    65.1    77.6 -99.000 -99.000 -99.000 -99.000 -99.000 -9999.0 -9999.0 -9999.0 -9999.0 -9999.0
94644 20240130  2.622  -68.70   44.93    -6.8   -19.0   -12.9   -12.2     0.0     9.43 C    -7.7   -24.6   -17.5    90.7    44.2    68.3 -99.000 -99.000 -99.000 -99.000 -99.000 -9999.0 -9999.0 -9999.0 -9999.0 -9999.0
94644 20240131  2.622  -68.70   44.93    -3.1   -21.3   -12.2   -10.9     0.0     3.56 C    -4.4   -25.7   -12.6    89.2    64.8    80.4 -99.000 -99.000 -99.000 -99.000 -99.000 -9999.0 -9999.0 -9999.0 -9999.0 -9999.0
94644 20240201  2.622  -68.70   44.93     1.8    -4.6    -1.4    -0.9     0.5     2.17 C     0.0    -4.9    -1.7    97.8    74.4    86.1 -99.000 -99.000 -99.000 -99.000 -99.000 -9999.0 -9999.0 -9999.0 -9999.0 -9999.0
94644 20240202  2.622  -68.70   44.93     1.7    -2.7    -0.5    -0.4     0.0     2.73 C     0.2    -3.9    -1.1    99.9    73.9    88.2 -99.000 -99.000 -99.000 -99.000 -99.000 -9999.0 -9999.0 -9999.0 -9999.0 -9999.0
94644 20240203  2.622  -68.70   44.93    -1.6    -7.5    -4.6    -4.4     0.0     9.45 C    -3.9   -14.7    -7.6    74.4    40.0    59.7 -99.000 -99.000 -99.000 -99.000 -99.000 -9999.0 -9999.0 -9999.0 -9999.0 -9999.0
94644 20240204  2.622  -68.70   44.93    -0.1   -13.8    -6.9    -5.8     0.0    10.18 C    -4.3   -20.0   -11.5    71.9    25.7    47.3 -99.000 -99.000 -99.000 -99.000 -99.000 -9999.0 -9999.0 -9999.0 -9999.0 -9999.0
94644 20240205  2.622  -68.70   44.93    -1.4   -11.1    -6.3    -4.9     0.0     5.57 C    -3.1   -17.8    -8.5    66.7    36.6    54.5 -99.000 -99.000 -99.000 -99.000 -99.000 -9999.0 -9999.0 -9999.0 -9999.0 -9999.0
94644 20240206  2.622  -68.70   44.93     2.1    -6.7    -2.3    -2.3     0.0     8.35 C    -0.5   -13.5    -6.0    85.1    51.5    65.8 -99.000 -99.000 -99.000 -99.000 -99.000 -9999.0 -9999.0 -9999.0 -9999.0 -9999.0
94644 20240207  2.622  -68.70   44.93     3.0   -11.1    -4.1    -4.9     0.0    10.21 C    -0.3   -16.1    -9.8    94.5    45.0    78.6 -99.000 -99.000 -99.000 -99.000 -99.000 -9999.0 -9999.0 -9999.0 -9999.0 -9999.0
94644 20240208  2.622  -68.70   44.93     5.0   -11.2    -3.1    -4.1     0.0    10.25 C     0.1   -15.2    -8.6    93.9    43.0    77.4 -99.000 -99.000 -99.000 -99.000 -99.000 -9999.0 -9999.0 -9999.0 -9999.0 -9999.0
94644 20240209  2.622  -68.70   44.93     4.5   -10.2    -2.9    -1.4     0.0     5.29 C     0.1   -14.1    -5.4    95.3    55.3    80.1 -99.000 -99.000 -99.000 -99.000 -99.000 -9999.0 -9999.0 -9999.0 -9999.0 -9999.0
94644 20240210  2.622  -68.70   44.93     7.7    -0.8     3.4     3.1     7.3     5.46 C     0.4    -2.3    -0.2    99.9    71.1    90.4 -99.000 -99.000 -99.000 -99.000 -99.000 -9999.0 -9999.0 -9999.0 -9999.0 -9999.0
94644 20240211  2.622  -68.70   44.93     7.3    -1.7     2.8     2.4     0.0     6.10 C     0.8    -5.5    -1.2    99.6    58.2    81.9 -99.000 -99.000 -99.000 -99.000 -99.000 -9999.0 -9999.0 -9999.0 -9999.0 -9999.0
94644 20240212  2.622  -68.70   44.93     4.5    -2.2     1.1     1.8     0.0     6.40 C     5.4    -5.5    -0.3    89.0    52.4    66.1 -99.000 -99.000 -99.000 -99.000 -99.000 -9999.0 -9999.0 -9999.0 -9999.0 -9999.0
94644 20240213  2.622  -68.70   44.93     0.7    -5.2    -2.3    -0.9     0.0     4.20 C     0.9    -9.1    -2.5    80.0    42.8    54.9 -99.000 -99.000 -99.000 -99.000 -99.000 -9999.0 -9999.0 -9999.0 -9999.0 -9999.0
94644 20240214  2.622  -68.70   44.93    -3.6    -8.5    -6.0    -6.9     0.0     8.25 C    -2.5    -9.9    -6.6    77.8    42.4    55.8 -99.000 -99.000 -99.000 -99.000 -99.000 -9999.0 -9999.0 -9999.0 -9999.0 -9999.0
94644 20240215  2.622  -68.70   44.93     0.7    -8.9    -4.1    -5.2     0.0    12.02 C     4.0   -10.7    -5.8    66.0    22.1    46.9 -99.000 -99.000 -99.000 -99.000 -99.000 -9999.0 -9999.0 -9999.0 -9999.0 -9999.0
94644 20240216  2.622  -68.70   44.93    -2.0   -10.3    -6.1    -5.3     2.4     6.01 C    -3.4   -17.6    -7.4    87.1    49.5    67.8 -99.000 -99.000 -99.000 -99.000 -99.000 -9999.0 -9999.0 -9999.0 -9999.0 -9999.0
94644 20240217  2.622  -68.70   44.93    -1.4   -13.1    -7.3    -6.8     0.2     7.27 C    -1.0   -18.9    -9.2    89.6    43.4    66.6 -99.000 -99.000 -99.000 -99.000 -99.000 -9999.0 -9999.0 -9999.0 -9999.0 -9999.0
94644 20240218  2.622  -68.70   44.93    -1.8   -16.0    -8.9    -7.3     0.0    10.55 C    -1.6   -22.3   -10.6    69.6    38.2    53.4 -99.000 -99.000 -99.000 -99.000 -99.000 -9999.0 -9999.0 -9999.0 -9999.0 -9999.0
94644 20240219  2.622  -68.70   44.93    -3.0   -10.9    -6.9    -6.0     0.0    12.98 C    -2.2   -14.6    -9.3    77.9    29.8    47.8 -99.000 -99.000 -99.000 -99.000 -99.000 -9999.0 -9999.0 -9999.0 -9999.0 -9999.0
94644 20240220  2.622  -68.70   44.93    -3.3   -15.4    -9.3    -9.8     0.0    13.03 C     1.6   -17.9   -10.9    77.2    33.4    55.2 -99.000 -99.000 -99.000 -99.000 -99.000 -9999.0 -9999.0 -9999.0 -9999.0 -9999.0
94644 20240221  2.622  -68.70   44.93     1.0   -17.9    -8.5    -7.0     0.0    12.98 C     7.8   -17.7    -6.0    87.2    39.1    65.2 -99.000 -99.000 -99.000 -99.000 -99.000 -9999.0 -9999.0 -9999.0 -9999.0 -9999.0
94644 20240222  2.622  -68.70   44.93     2.3    -3.1    -0.4    -0.9     0.0     8.79 C    11.9    -5.3    -0.4    81.2    54.0    68.2 -99.000 -99.000 -99.000 -99.000 -99.000 -9999.0 -9999.0 -9999.0 -9999.0 -9999.0
94644 20240223  2.622  -68.70   44.93     2.2    -1.5     0.3     0.8     3.5     2.10 C     4.3    -2.9     0.6    99.1    81.7    95.1 -99.000 -99.000 -99.000 -99.000 -99.000 -9999.0 -9999.0 -9999.0 -9999.0 -9999.0
94644 20240224  2.622  -68.70   44.93     0.9   -12.1    -5.6    -3.9     0.0    11.11 C     3.8   -13.0    -3.4    98.6    37.8    66.2 -99.000 -99.000 -99.000 -99.000 -99.000 -9999.0 -9999.0 -9999.0 -9999.0 -9999.0
94644 20240225  2.622  -68.70   44.93    -0.8   -15.1    -7.9    -7.6     0.0    13.40 C     6.1   -15.3    -6.8    87.9    28.5    52.1 -99.000 -99.000 -99.000 -99.000 -99.000 -9999.0 -9999.0 -9999.0 -9999.0 -9999.0
94644 20240226  2.622  -68.70   44.93     3.8    -8.8    -2.5    -2.5     0.0     5.55 C    12.8   -10.3    -3.1    93.3    56.8    80.0 -99.000 -99.000 -99.000 -99.000 -99.000 -9999.0 -9999.0 -9999.0 -9999.0 -9999.0
94644 20240227  2.622  -68.70   44.93    11.0    -8.3     1.3     1.8     0.0    12.92 C    15.4   -10.2     1.0    98.7    47.8    80.9 -99.000 -99.000 -99.000 -99.000 -99.000 -9999.0 -9999.0 -9999.0 -9999.0 -9999.0
94644 20240228  2.622  -68.70   44.93    10.4     6.3     8.4     9.2    13.9     0.69 C     9.2     4.0     7.3    96.4    91.2    93.8 -99.000 -99.000 -99.000 -99.000 -99.000 -9999.0 -9999.0 -9999.0 -9999.0 -9999.0
94644 20240229  2.622  -68.70   44.93     8.8   -12.7    -1.9    -6.3     9.1    13.32 C     7.3   -14.8    -7.3    96.6    36.3    57.7 -99.000 -99.000 -99.000 -99.000 -99.000 -9999.0 -9999.0 -9999.0 -9999.0 -9999.0
94644 20240301  2.622  -68.70   44.93    -1.3   -15.3    -8.3    -8.0     0.0    14.94 C    -1.6   -18.7    -9.3    73.4    29.4    46.7 -99.000 -99.000 -99.000 -99.000 -99.000 -9999.0 -9999.0 -9999.0 -9999.0 -9999.0
94644 20240302  2.622  -68.70   44.93     8.9    -7.7     0.6     1.7     4.6     9.88 C    10.7   -10.4     0.2    98.5    50.2    78.0 -99.000 -99.000 -99.000 -99.000 -99.000 -9999.0 -9999.0 -9999.0 -9999.0 -9999.0
94644 20240303  2.622  -68.70   44.93    11.4     2.6     7.0     7.0     8.8     5.40 C    13.7    -0.8     5.4    99.0    85.6    94.5 -99.000 -99.000 -99.000 -99.000 -99.000 -9999.0 -9999.0 -9999.0 -9999.0 -9999.0
94644 20240304  2.622  -68.70   44.93    10.7    -0.7     5.0     4.7     0.0    13.80 C    15.5    -3.9     2.9    99.3    40.0    71.8 -99.000 -99.000 -99.000 -99.000 -99.000 -9999.0 -9999.0 -9999.0 -9999.0 -9999.0
94644 20240305  2.622  -68.70   44.93     5.2    -0.9     2.1     2.7     8.0     2.54 C     7.0    -2.6     2.3    98.6    77.7    89.3 -99.000 -99.000 -99.000 -99.000 -99.000 -9999.0 -9999.0 -9999.0 -9999.0 -9999.0
94644 20240306  2.622  -68.70   44.93    10.6     3.0     6.8     6.4    11.4     7.64 C    14.7     2.0     6.3    99.1    74.4    90.8 -99.000 -99.000 -99.000 -99.000 -99.000 -9999.0 -9999.0 -9999.0 -9999.0 -9999.0
94644 20240307  2.622  -68.70   44.93     5.6    -0.3     2.6     2.3    27.6     2.46 C     6.0    -2.3     1.9    97.2    83.1    91.3 -99.000 -99.000 -99.000 -99.000 -99.000 -9999.0 -9999.0 -9999.0 -9999.0 -9999.0
94644 20240308  2.622  -68.70   44.93     6.4    -4.6     0.9     0.6     0.0    16.21 C    11.9    -7.8    -0.4    91.7    35.6    66.2 -99.000 -99.000 -99.000 -99.000 -99.000 -9999.0 -9999.0 -9999.0 -9999.0 -9999.0
94644 20240309  2.622  -68.70   44.93     2.2    -6.0    -1.9    -1.4     0.0     9.46 C     6.5    -8.7    -1.4    96.4    64.6    81.6 -99.000 -99.000 -99.000 -99.000 -99.000 -9999.0 -9999.0 -9999.0 -9999.0 -9999.0
94644 20240310  2.622  -68.70   44.93     7.4     0.4     3.9     3.7    26.3     1.65 C     7.3    -0.2     2.8    97.4    84.9    92.5 -99.000 -99.000 -99.000 -99.000 -99.000 -9999.0 -9999.0 -9999.0 -9999.0 -9999.0
94644 20240311  2.622  -68.70   44.93     4.5    -0.6     2.0     2.1     0.0     5.50 C     6.0    -2.9     0.9    84.6    58.2    67.1 -99.000 -99.000 -99.000 -99.000 -99.000 -9999.0 -9999.0 -9999.0 -9999.0 -9999.0
94644 20240312  2.622  -68.70   44.93     5.4    -1.0     2.2     1.7     0.0    13.78 C    10.1    -3.0     1.1    70.1    48.8    58.8 -99.000 -99.000 -99.000 -99.000 -99.000 -9999.0 -9999.0 -9999.0 -9999.0 -9999.0
94644 20240313  2.622  -68.70   44.93    11.1    -2.7     4.2     4.1     0.0    16.75 C    18.4    -6.2     3.0    86.1    41.2    64.9 -99.000 -99.000 -99.000 -99.000 -99.000 -9999.0 -9999.0 -9999.0 -9999.0 -9999.0
94644 20240314  2.622  -68.70   44.93     9.3    -2.4     3.4     3.8     0.0    10.39 C    19.7    -5.3     2.7    93.9    50.3    74.4 -99.000 -99.000 -99.000 -99.000 -99.000 -9999.0 -9999.0 -9999.0 -9999.0 -9999.0
94644 20240315  2.622  -68.70   44.93     3.7     0.6     2.1     2.2     5.3     2.27 C     5.8    -1.5     1.7    99.4    89.3    95.2 -99.000 -99.000 -99.000 -99.000 -99.000 -9999.0 -9999.0 -9999.0 -9999.0 -9999.0
94644 20240316  2.622  -68.70   44.93     8.6    -3.4     2.6     3.0     0.0    10.42 C    16.2    -6.6     2.3    99.8    56.4    82.9 -99.000 -99.000 -99.000 -99.000 -99.000 -9999.0 -9999.0 -9999.0 -9999.0 -9999.0
94644 20240317  2.622  -68.70   44.93     8.2    -0.3     4.0     4.3     9.6     2.05 C    10.3    -3.6     3.2    99.2    85.4    93.4 -99.000 -99.000 -99.000 -99.000 -99.000 -9999.0 -9999.0 -9999.0 -9999.0 -9999.0
94644 20240318  2.622  -68.70   44.93     6.2    -0.6     2.8     3.1     0.0    11.28 C    11.2    -4.9     1.3    97.5    45.0    66.0 -99.000 -99.000 -99.000 -99.000 -99.000 -9999.0 -9999.0 -9999.0 -9999.0 -9999.0
94644 20240319  2.622  -68.70   44.93     4.4    -4.3     0.1     0.9     0.0    12.79 C    11.6    -7.8     0.0    79.4    40.1    59.9 -99.000 -99.000 -99.000 -99.000 -99.000 -9999.0 -9999.0 -9999.0 -9999.0 -9999.0
94644 20240320  2.622  -68.70   44.93     5.8    -5.1     0.3     0.4     2.5     7.72 C    12.5    -8.0     0.3    98.0    56.7    79.9 -99.000 -99.000 -99.000 -99.000 -99.000 -9999.0 -9999.0 -9999.0 -9999.0 -9999.0
94644 20240321  2.622  -68.70   44.93     1.3    -5.8    -2.2    -3.3     4.5     7.60 C     0.2    -9.3    -4.5    97.7    52.9    70.1 -99.000 -99.000 -99.000 -99.000 -99.000 -9999.0 -9999.0 -9999.0 -9999.0 -9999.0
94644 20240322  2.622  -68.70   44.93    -0.1    -8.4    -4.2    -4.3     0.0    19.10 C     3.3   -11.1    -5.2    59.0    25.7    41.4 -99.000 -99.000 -99.000 -99.000 -99.000 -9999.0 -9999.0 -9999.0 -9999.0 -9999.0
94644 20240323  2.622  -68.70   44.93    -3.2    -6.8    -5.0    -5.0    41.9     2.33 C    -0.5    -6.1    -4.4    93.1    40.5    76.9 -99.000 -99.000 -99.000 -99.000 -99.000 -9999.0 -9999.0 -9999.0 -9999.0 -9999.0
94644 20240324  2.622  -68.70   44.93     3.4    -7.2    -1.9    -2.4     1.1    17.29 C    -0.1   -12.6    -6.0    91.0    22.9    55.8 -99.000 -99.000 -99.000 -99.000 -99.000 -9999.0 -9999.0 -9999.0 -9999.0 -9999.0
94644 20240325  2.622  -68.70   44.93     2.8    -7.2    -2.2    -1.4     0.0    14.23 C    -0.2   -13.9    -6.3    74.6    38.9    56.3 -99.000 -99.000 -99.000 -99.000 -99.000 -9999.0 -9999.0 -9999.0 -9999.0 -9999.0
94644 20240326  2.622  -68.70   44.93     4.5    -2.2     1.1     0.8     2.5     5.44 C     0.3    -7.8    -1.6    96.7    57.4    78.9 -99.000 -99.000 -99.000 -99.000 -99.000 -9999.0 -9999.0 -9999.0 -9999.0 -9999.0
94644 20240327  2.622  -68.70   44.93     7.8     0.9     4.3     3.6    10.7     6.04 C     0.7     0.0     0.2    99.8    96.2    97.7 -99.000 -99.000 -99.000 -99.000 -99.000 -9999.0 -9999.0 -9999.0 -9999.0 -9999.0
94644 20240328  2.622  -68.70   44.93     6.8     1.7     4.3     4.7    35.4     1.56 C     1.2     0.2     0.6    99.8    98.6    99.2 -99.000 -99.000 -99.000 -99.000 -99.000 -9999.0 -9999.0 -9999.0 -9999.0 -9999.0
94644 20240329  2.622  -68.70   44.93     5.4     1.3     3.3     3.1    31.5     1.38 C     4.5     0.2     1.6    99.0    89.3    93.8 -99.000 -99.000 -99.000 -99.000 -99.000 -9999.0 -9999.0 -9999.0 -9999.0 -9999.0
94644 20240330  2.622  -68.70   44.93     5.7    -2.2     1.8     2.7     0.2    19.71 C    10.3    -6.4     1.6    88.8    37.2    54.7 -99.000 -99.000 -99.000 -99.000 -99.000 -9999.0 -9999.0 -9999.0 -9999.0 -9999.0
94644 20240331  2.622  -68.70   44.93     8.9    -3.2     2.8     3.0     0.0    19.70 C    15.6    -7.2     1.7    77.3    24.5    45.5 -99.000 -99.000 -99.000 -99.000 -99.000 -9999.0 -9999.0 -9999.0 -9999.0 -9999.0
94644 20240401  2.622  -68.70   44.93    11.2    -5.7     2.7     3.1     0.0    16.80 C    22.5    -8.1     3.2    95.4    30.9    60.8 -99.000 -99.000 -99.000 -99.000 -99.000 -9999.0 -9999.0 -9999.0 -9999.0 -9999.0
94644 20240402  2.622  -68.70   44.93    11.5    -3.0     4.3     5.2     0.0    21.18 C    22.8    -6.1     5.9    85.1    25.9    51.3 -99.000 -99.000 -99.000 -99.000 -99.000 -9999.0 -9999.0 -9999.0 -9999.0 -9999.0
94644 20240403  2.622  -68.70   44.93     9.0    -3.5     2.8     3.0     0.0    15.15 C    20.2    -6.8     3.3    91.7    38.4    60.5 -99.000 -99.000 -99.000 -99.000 -99.000 -9999.0 -9999.0 -9999.0 -9999.0 -9999.0
94644 20240404  2.622  -68.70   44.93     0.8    -1.7    -0.4    -0.1    28.5     3.29 C     0.0    -1.9    -0.5    95.0    70.2    92.9 -99.000 -99.000 -99.000 -99.000 -99.000 -9999.0 -9999.0 -9999.0 -9999.0 -9999.0
94644 20240405  2.622  -68.70   44.93     3.3     0.8     2.0     1.8     2.5     5.91 C     0.2    -0.1     0.0    94.6    87.7    91.5 -99.000 -99.000 -99.000 -99.000 -99.000 -9999.0 -9999.0 -9999.0 -9999.0 -9999.0
94644 20240406  2.622  -68.70   44.93     3.9     0.4     2.1     1.8     2.1     6.91 C     7.1    -0.1     1.5    95.5    82.3    89.4 -99.000 -99.000 -99.000 -99.000 -99.000 -9999.0 -9999.0 -9999.0 -9999.0 -9999.0
94644 20240407  2.622  -68.70   44.93     8.7    -2.2     3.3     2.8     0.0    12.68 C    14.7    -5.4     2.5    94.4    44.0    71.9 -99.000 -99.000 -99.000 -99.000 -99.000 -9999.0 -9999.0 -9999.0 -9999.0 -9999.0
94644 20240408  2.622  -68.70   44.93    17.8    -3.8     7.0     7.3     0.0    20.21 C    23.4    -6.8     5.3    97.5    18.3    55.2 -99.000 -99.000 -99.000 -99.000 -99.000 -9999.0 -9999.0 -9999.0 -9999.0 -9999.0
94644 20240409  2.622  -68.70   44.93    13.3    -2.8     5.3     5.5     0.0    22.59 C    23.3    -5.9     5.3    93.4    24.1    57.1 -99.000 -99.000 -99.000 -99.000 -99.000 -9999.0 -9999.0 -9999.0 -9999.0 -9999.0
94644 20240410  2.622  -68.70   44.93     9.5    -3.0     3.2     3.5    10.4     6.50 C    16.8    -5.6     3.5    97.9    48.0    83.1 -99.000 -99.000 -99.000 -99.000 -99.000 -9999.0 -9999.0 -9999.0 -9999.0 -9999.0
94644 20240411  2.622  -68.70   44.93     7.0     4.0     5.5     5.7     6.1     1.55 C     7.8     3.2     5.8    97.8    89.4    94.4 -99.000 -99.000 -99.000 -99.000 -99.000 -9999.0 -9999.0 -9999.0 -9999.0 -9999.0
94644 20240412  2.622  -68.70   44.93    14.7     6.9    10.8    11.1    18.7     1.78 C    14.2     6.4    10.5    98.6    90.8    94.8 -99.000 -99.000 -99.000 -99.000 -99.000 -9999.0 -9999.0 -9999.0 -9999.0 -9999.0
94644 20240413  2.622  -68.70   44.93    16.6     6.0    11.3    10.4     2.1    20.30 C    24.3     3.5    11.8    95.2    51.7    77.3 -99.000 -99.000 -99.000 -99.000 -99.000 -9999.0 -9999.0 -9999.0 -9999.0 -9999.0
94644 20240414  2.622  -68.70   44.93    14.6     4.3     9.5     9.0     0.0    20.32 C    22.2     2.5     9.8    78.0    33.2    57.3 -99.000 -99.000 -99.000 -99.000 -99.000 -9999.0 -9999.0 -9999.0 -9999.0 -9999.0
94644 20240415  2.622  -68.70   44.93    15.8     2.1     9.0     8.8     0.2    14.54 C    23.6    -1.0     8.7    96.1    45.7    72.1 -99.000 -99.000 -99.000 -99.000 -99.000 -9999.0 -9999.0 -9999.0 -9999.0 -9999.0
94644 20240416  2.622  -68.70   44.93    12.9    -0.7     6.1     6.7     0.0    16.08 C    20.9    -2.4     6.9    97.9    39.8    62.1 -99.000 -99.000 -99.000 -99.000 -99.000 -9999.0 -9999.0 -9999.0 -9999.0 -9999.0
94644 20240417  2.622  -68.70   44.93    12.6    -1.0     5.8     6.4     0.0    23.61 C    23.7    -2.9     7.8    87.6    33.8    51.1 -99.000 -99.000 -99.000 -99.000 -99.000 -9999.0 -9999.0 -9999.0 -9999.0 -9999.0
94644 20240418  2.622  -68.70   44.93    15.6    -2.9     6.3     6.5     0.0    24.60 C    29.1    -4.9     8.3    93.1    31.9    63.8 -99.000 -99.000 -99.000 -99.000 -99.000 -9999.0 -9999.0 -9999.0 -9999.0 -9999.0
94644 20240419  2.622  -68.70   44.93    15.4    -2.0     6.7     7.6     0.0    22.29 C    24.5    -3.6     9.2    97.9    33.0    63.2 -99.000 -99.000 -99.000 -99.000 -99.000 -9999.0 -9999.0 -9999.0 -9999.0 -9999.0
94644 20240420  2.622  -68.70   44.93     9.8     3.1     6.4     6.9     8.2     3.53 C    17.2     1.2     7.2    99.9    64.6    85.9 -99.000 -99.000 -99.000 -99.000 -99.000 -9999.0 -9999.0 -9999.0 -9999.0 -9999.0
94644 20240421  2.622  -68.70   44.93    11.5    -1.1     5.2     6.4     0.0    14.83 C    23.2    -2.1     6.8    98.5    39.7    66.0 -99.000 -99.000 -99.000 -99.000 -99.000 -9999.0 -9999.0 -9999.0 -9999.0 -9999.0
94644 20240422  2.622  -68.70   44.93     8.6    -3.1     2.8     3.1     0.0    25.04 C    17.7    -6.0     3.7    81.1    18.6    48.3 -99.000 -99.000 -99.000 -99.000 -99.000 -9999.0 -9999.0 -9999.0 -9999.0 -9999.0
94644 20240423  2.622  -68.70   44.93    13.4    -4.1     4.7     5.4     0.0    23.11 C    22.2    -6.5     6.1    89.2    27.1    56.3 -99.000 -99.000 -99.000 -99.000 -99.000 -9999.0 -9999.0 -9999.0 -9999.0 -9999.0
94644 20240424  2.622  -68.70   44.93    10.2    -2.7     3.8     3.5     1.9     5.99 C    18.1    -4.9     3.9    91.5    41.6    75.4 -99.000 -99.000 -99.000 -99.000 -99.000 -9999.0 -9999.0 -9999.0 -9999.0 -9999.0
94644 20240425  2.622  -68.70   44.93     8.5    -4.8     1.9     1.3     0.0    22.97 C    18.2    -8.1     2.4    71.6    22.0    43.6 -99.000 -99.000 -99.000 -99.000 -99.000 -9999.0 -9999.0 -9999.0 -9999.0 -9999.0
94644 20240426  2.622  -68.70   44.93    12.3    -5.5     3.4     3.8     0.0    22.82 C    23.4    -7.9     5.0    90.1    18.9    51.4 -99.000 -99.000 -99.000 -99.000 -99.000 -9999.0 -9999.0 -9999.0 -9999.0 -9999.0
94644 20240427  2.622  -68.70   44.93    17.2    -4.2     6.5     7.7     0.0    22.20 C    26.9    -6.3     8.9    92.4    16.0    49.0 -99.000 -99.000 -99.000 -99.000 -99.000 -9999.0 -9999.0 -9999.0 -9999.0 -9999.0
94644 20240428  2.622  -68.70   44.93    15.1     0.8     7.9     9.1     0.4    11.29 C    21.2    -1.0     9.2    97.1    34.0    64.9 -99.000 -99.000 -99.000 -99.000 -99.000 -9999.0 -9999.0 -9999.0 -9999.0 -9999.0
94644 20240429  2.622  -68.70   44.93    16.5     1.8     9.2    10.1     0.0    21.96 C    24.5    -0.9    10.5    98.9    39.0    63.5 -99.000 -99.000 -99.000 -99.000 -99.000 -9999.0 -9999.0 -9999.0 -9999.0 -9999.0
94644 20240430  2.622  -68.70   44.93    15.9     0.4     8.2     9.3     1.4    17.51 C    25.1    -2.2    10.7    90.2    25.7    51.2 -99.000 -99.000 -99.000 -99.000 -99.000 -9999.0 -9999.0 -9999.0 -9999.0 -9999.0
94644 20240501  2.622  -68.70   44.93    14.8     4.8     9.8    10.0     0.0    11.44 C    23.8     1.8    11.1    97.6    52.5    77.6 -99.000 -99.000 -99.000 -99.000 -99.000 -9999.0 -9999.0 -9999.0 -9999.0 -9999.0
94644 20240502  2.622  -68.70   44.93    11.0     3.1     7.0     8.5     5.1     3.20 C    13.5     1.4     8.9    98.7    85.7    94.1 -99.000 -99.000 -99.000 -99.000 -99.000 -9999.0 -9999.0 -9999.0 -9999.0 -9999.0
94644 20240503  2.622  -68.70   44.93    17.4     4.4    10.9    10.9     0.0    17.56 C    26.6     1.5    11.7    96.2    47.6    72.4 -99.000 -99.000 -99.000 -99.000 -99.000 -9999.0 -9999.0 -9999.0 -9999.0 -9999.0
94644 20240504  2.622  -68.70   44.93    16.5     4.2    10.3    10.8     0.0    13.60 C    23.9     2.1    12.1    97.0    52.9    71.2 -99.000 -99.000 -99.000 -99.000 -99.000 -9999.0 -9999.0 -9999.0 -9999.0 -9999.0
94644 20240505  2.622  -68.70   44.93    14.3     6.6    10.4     9.5     2.0     9.02 C    19.7     7.2    10.9    94.6    55.8    80.2 -99.000 -99.000 -99.000 -99.000 -99.000 -9999.0 -9999.0 -9999.0 -9999.0 -9999.0
94644 20240506  2.622  -68.70   44.93    19.0     7.0    13.0    12.2     0.0    11.38 C    26.4     7.5    13.6    96.9    62.6    83.5 -99.000 -99.000 -99.000 -99.000 -99.000 -9999.0 -9999.0 -9999.0 -9999.0 -9999.0
94644 20240507  2.622  -68.70   44.93    20.2     5.6    12.9    13.3     0.0    24.02 C    27.2     1.8    12.7    99.0    29.5    59.2 -99.000 -99.000 -99.000 -99.000 -99.000 -9999.0 -9999.0 -9999.0 -9999.0 -9999.0
94644 20240508  2.622  -68.70   44.93    16.9     2.5     9.7     9.1     5.5    11.35 C    28.1    -0.2    10.0    96.0    39.9    74.6 -99.000 -99.000 -99.000 -99.000 -99.000 -9999.0 -9999.0 -9999.0 -9999.0 -9999.0
94644 20240509  2.622  -68.70   44.93    10.4     0.9     5.7     7.4     0.2     5.88 C    20.0    -0.9     8.1    98.5    65.6    85.5 -99.000 -99.000 -99.000 -99.000 -99.000 -9999.0 -9999.0 -9999.0 -9999.0 -9999.0
94644 20240510  2.622  -68.70   44.93    14.8    -1.3     6.8     8.1     0.0    17.64 C    27.2    -1.5    10.0   100.0    36.3    67.2 -99.000 -99.000 -99.000 -99.000 -99.000 -9999.0 -9999.0 -9999.0 -9999.0 -9999.0
94644 20240511  2.622  -68.70   44.93    14.3     3.0     8.6     9.5     0.0    11.04 C    26.9     0.1    10.4    93.3    38.5    67.5 -99.000 -99.000 -99.000 -99.000 -99.000 -9999.0 -9999.0 -9999.0 -9999.0 -9999.0
94644 20240512  2.622  -68.70   44.93    16.6    -0.6     8.0     9.3     0.0    19.08 C    28.2    -1.5    11.2    99.3    32.0    65.3 -99.000 -99.000 -99.000 -99.000 -99.000 -9999.0 -9999.0 -9999.0 -9999.0 -9999.0
94644 20240513  2.622  -68.70   44.93    18.7     5.1    11.9    12.1     0.0    16.38 C    31.1     3.0    12.7    91.2    34.3    60.1 -99.000 -99.000 -99.000 -99.000 -99.000 -9999.0 -9999.0 -9999.0 -9999.0 -9999.0
94644 20240514  2.622  -68.70   44.93    20.0     3.4    11.7    13.2     0.0    15.29 C    27.5     2.7    13.6    93.7    48.0    70.4 -99.000 -99.000 -99.000 -99.000 -99.000 -9999.0 -9999.0 -9999.0 -9999.0 -9999.0
94644 20240515  2.622  -68.70   44.93    25.4     9.8    17.6    17.2     0.4    20.72 C    32.3     9.1    18.7    96.9    41.0    72.3 -99.000 -99.000 -99.000 -99.000 -99.000 -9999.0 -9999.0 -9999.0 -9999.0 -9999.0
94644 20240516  2.622  -68.70   44.93    23.2    12.4    17.8    17.0     0.9    13.53 C    33.3    11.1    18.3    98.3    58.3    83.3 -99.000 -99.000 -99.000 -99.000 -99.000 -9999.0 -9999.0 -9999.0 -9999.0 -9999.0
94644 20240517  2.622  -68.70   44.93    24.0    10.1    17.1    15.8     3.1    17.16 C    31.7     8.3    17.2    99.2    49.6    83.2 -99.000 -99.000 -99.000 -99.000 -99.000 -9999.0 -9999.0 -9999.0 -9999.0 -9999.0
94644 20240518  2.622  -68.70   44.93    20.3    10.9    15.6    15.3     8.1     8.29 C    26.3    10.1    16.0    98.2    57.6    82.8 -99.000 -99.000 -99.000 -99.000 -99.000 -9999.0 -9999.0 -9999.0 -9999.0 -9999.0
94644 20240519  2.622  -68.70   44.93    17.4    10.3    13.8    14.1     0.4    10.26 C    22.0     7.9    15.4    97.7    70.3    86.6 -99.000 -99.000 -99.000 -99.000 -99.000 -9999.0 -9999.0 -9999.0 -9999.0 -9999.0
94644 20240520  2.622  -68.70   44.93    22.7     9.2    15.9    15.1     0.0    18.71 C    29.1     7.6    16.6    98.4    53.8    79.6 -99.000 -99.000 -99.000 -99.000 -99.000 -9999.0 -9999.0 -9999.0 -9999.0 -9999.0
94644 20240521  2.622  -68.70   44.93    24.9    11.1    18.0    16.7     0.0    19.02 C    29.7    10.8    18.1    92.8    55.9    78.4 -99.000 -99.000 -99.000 -99.000 -99.000 -9999.0 -9999.0 -9999.0 -9999.0 -9999.0
94644 20240522  2.622  -68.70   44.93    29.5    10.9    20.2    20.4     0.0    17.87 C    32.1     9.9    20.1    96.0    46.8    71.9 -99.000 -99.000 -99.000 -99.000 -99.000 -9999.0 -9999.0 -9999.0 -9999.0 -9999.0
94644 20240523  2.622  -68.70   44.93    26.6    12.7    19.6    18.2    14.5    12.04 C    30.3    11.8    18.2    99.0    59.2    87.1 -99.000 -99.000 -99.000 -99.000 -99.000 -9999.0 -9999.0 -9999.0 -9999.0 -9999.0
94644 20240524  2.622  -68.70   44.93    24.7     7.8    16.2    17.0     0.0    18.68 C    27.3     6.0    15.4    99.1    33.1    66.4 -99.000 -99.000 -99.000 -99.000 -99.000 -9999.0 -9999.0 -9999.0 -9999.0 -9999.0
94644 20240525  2.622  -68.70   44.93    22.1     6.2    14.2    15.2     0.0    25.36 C    25.5     4.9    14.9    88.9    36.0    61.6 -99.000 -99.000 -99.000 -99.000 -99.000 -9999.0 -9999.0 -9999.0 -9999.0 -9999.0
94644 20240526  2.622  -68.70   44.93    22.0     9.7    15.8    15.7     0.0    13.64 C    27.4     7.7    15.8    90.4    41.9    71.3 -99.000 -99.000 -99.000 -99.000 -99.000 -9999.0 -9999.0 -9999.0 -9999.0 -9999.0
94644 20240527  2.622  -68.70   44.93    15.8     7.1    11.4    12.6     0.9     4.06 C    16.2     5.4    12.3    97.9    66.5    84.1 -99.000 -99.000 -99.000 -99.000 -99.000 -9999.0 -9999.0 -9999.0 -9999.0 -9999.0
94644 20240528  2.622  -68.70   44.93    22.6    13.3    17.9    17.8    33.2    11.99 C    26.2    12.2    17.9    96.3    75.1    88.6 -99.000 -99.000 -99.000 -99.000 -99.000 -9999.0 -9999.0 -9999.0 -9999.0 -9999.0
94644 20240529  2.622  -68.70   44.93    21.5     7.0    14.2    16.1     0.0    23.54 C    23.8     5.0    15.0    97.7    36.9    64.7 -99.000 -99.000 -99.000 -99.000 -99.000 -9999.0 -9999.0 -9999.0 -9999.0 -9999.0
94644 20240530  2.622  -68.70   44.93    19.2     4.9    12.0    12.7     0.0    20.25 C    23.6     3.7    12.5    98.5    40.3    71.1 -99.000 -99.000 -99.000 -99.000 -99.000 -9999.0 -9999.0 -9999.0 -9999.0 -9999.0
94644 20240531  2.622  -68.70   44.93    21.8     4.9    13.3    13.3     0.0    18.83 C    30.9     3.7    13.4    95.9    30.7    64.8 -99.000 -99.000 -99.000 -99.000 -99.000 -9999.0 -9999.0 -9999.0 -9999.0 -9999.0
94644 20240601  2.622  -68.70   44.93    22.1     4.0    13.0    13.7     0.0    25.44 C    33.6     2.6    16.4    98.9    28.2    63.4 -99.000 -99.000 -99.000 -99.000 -99.000 -9999.0 -9999.0 -9999.0 -9999.0 -9999.0
94644 20240602  2.622  -68.70   44.93    27.0     3.4    15.2    16.1     0.0    25.59 C    36.9     2.3    18.6    98.4    25.6    64.8 -99.000 -99.000 -99.000 -99.000 -99.000 -9999.0 -9999.0 -9999.0 -9999.0 -9999.0
94644 20240603  2.622  -68.70   44.93    25.2     7.9    16.5    16.9     0.0    21.23 C    39.2     6.1    19.5    98.3    40.1    73.1 -99.000 -99.000 -99.000 -99.000 -99.000 -9999.0 -9999.0 -9999.0 -9999.0 -9999.0
94644 20240604  2.622  -68.70   44.93    24.7     8.8    16.7    17.7     0.0    22.85 C    38.1     7.9    21.1    99.6    48.2    73.3 -99.000 -99.000 -99.000 -99.000 -99.000 -9999.0 -9999.0 -9999.0 -9999.0 -9999.0
94644 20240605  2.622  -68.70   44.93    28.9    10.8    19.9    18.8    30.7    20.75 C    38.9    10.2    21.9   100.0    42.4    79.6 -99.000 -99.000 -99.000 -99.000 -99.000 -9999.0 -9999.0 -9999.0 -9999.0 -9999.0
94644 20240606  2.622  -68.70   44.93    24.8    12.9    18.8    19.0     0.0    19.11 C    36.9    13.0    22.2    99.2    63.9    83.9 -99.000 -99.000 -99.000 -99.000 -99.000 -9999.0 -9999.0 -9999.0 -9999.0 -9999.0
94644 20240607  2.622  -68.70   44.93    18.1    14.0    16.0    16.1     0.6     2.92 C    20.4    15.1    17.4    96.5    87.2    92.8 -99.000 -99.000 -99.000 -99.000 -99.000 -9999.0 -9999.0 -9999.0 -9999.0 -9999.0
94644 20240608  2.622  -68.70   44.93    19.4    13.4    16.4    15.6     1.2    10.59 C    30.8    12.7    18.0    98.0    75.0    90.2 -99.000 -99.000 -99.000 -99.000 -99.000 -9999.0 -9999.0 -9999.0 -9999.0 -9999.0
94644 20240609  2.622  -68.70   44.93    18.4    11.0    14.7    14.8     6.3     7.51 C    23.9     9.5    15.6    98.4    69.5    88.0 -99.000 -99.000 -99.000 -99.000 -99.000 -9999.0 -9999.0 -9999.0 -9999.0 -9999.0
94644 20240610  2.622  -68.70   44.93    22.0    10.1    16.1    15.6     0.7    19.36 C    31.9     8.7    17.9    98.2    54.3    82.9 -99.000 -99.000 -99.000 -99.000 -99.000 -9999.0 -9999.0 -9999.0 -9999.0 -9999.0
94644 20240611  2.622  -68.70   44.93    23.5     8.4    16.0    16.7     9.6    20.07 C    35.4     8.6    20.1    99.2    51.5    81.1 -99.000 -99.000 -99.000 -99.000 -99.000 -9999.0 -9999.0 -9999.0 -9999.0 -9999.0
94644 20240612  2.622  -68.70   44.93    22.4    12.1    17.3    16.8     1.5    16.54 C    34.8    12.4    19.6    98.1    61.7    85.6 -99.000 -99.000 -99.000 -99.000 -99.000 -9999.0 -9999.0 -9999.0 -9999.0 -9999.0
94644 20240613  2.622  -68.70   44.93    25.0    11.2    18.1    18.8     0.0    22.54 C    33.0    10.9    20.8    99.2    53.5    73.7 -99.000 -99.000 -99.000 -99.000 -99.000 -9999.0 -9999.0 -9999.0 -9999.0 -9999.0
94644 20240614  2.622  -68.70   44.93    25.4    16.2    20.8    20.1     0.5    15.09 C    32.3    14.9    21.1    96.5    65.2    80.3 -99.000 -99.000 -99.000 -99.000 -99.000 -9999.0 -9999.0 -9999.0 -9999.0 -9999.0
94644 20240615  2.622  -68.70   44.93    21.0     8.2    14.6    16.4     0.0    18.76 C    30.4     6.5    17.5    96.9    42.5    66.8 -99.000 -99.000 -99.000 -99.000 -99.000 -9999.0 -9999.0 -9999.0 -9999.0 -9999.0
94644 20240616  2.622  -68.70   44.93    22.8     4.6    13.7    15.0     0.0    27.35 C    29.8     4.0    16.7    97.1    30.1    60.5 -99.000 -99.000 -99.000 -99.000 -99.000 -9999.0 -9999.0 -9999.0 -9999.0 -9999.0
94644 20240617  2.622  -68.70   44.93    20.2     8.0    14.1    15.2     0.0     9.77 C    24.0     7.4    15.8    93.9    64.7    80.0 -99.000 -99.000 -99.000 -99.000 -99.000 -9999.0 -9999.0 -9999.0 -9999.0 -9999.0
94644 20240618  2.622  -68.70   44.93    30.2    12.5    21.3    22.2     0.0    22.66 C    35.4    12.3    23.2    97.7    55.9    76.6 -99.000 -99.000 -99.000 -99.000 -99.000 -9999.0 -9999.0 -9999.0 -9999.0 -9999.0
94644 20240619  2.622  -68.70   44.93    34.0    16.8    25.4    25.4     0.0    21.07 C    37.6    16.5    25.5    95.9    52.2    75.1 -99.000 -99.000 -99.000 -99.000 -99.000 -9999.0 -9999.0 -9999.0 -9999.0 -9999.0
94644 20240620  2.622  -68.70   44.93    33.9    19.5    26.7    25.6     8.3    20.95 C    37.2    18.8    25.8    95.8    45.1    78.7 -99.000 -99.000 -99.000 -99.000 -99.000 -9999.0 -9999.0 -9999.0 -9999.0 -9999.0
94644 20240621  2.622  -68.70   44.93    26.4    16.6    21.5    21.0     0.3    17.96 C    31.7    17.6    22.2    96.2    34.1    69.4 -99.000 -99.000 -99.000 -99.000 -99.000 -9999.0 -9999.0 -9999.0 -9999.0 -9999.0
94644 20240622  2.622  -68.70   44.93    20.7    16.0    18.3    17.9     0.6     9.85 C    25.6    15.4    19.0    96.7    72.8    85.3 -99.000 -99.000 -99.000 -99.000 -99.000 -9999.0 -9999.0 -9999.0 -9999.0 -9999.0
94644 20240623  2.622  -68.70   44.93    19.6    14.9    17.2    16.7    14.6     2.37 C    19.3    15.7    17.4    96.7    89.6    94.3 -99.000 -99.000 -99.000 -99.000 -99.000 -9999.0 -9999.0 -9999.0 -9999.0 -9999.0
94644 20240624  2.622  -68.70   44.93    21.6    16.3    18.9    18.9    13.8     5.87 C    24.5    16.1    19.8    97.3    85.1    93.5 -99.000 -99.000 -99.000 -99.000 -99.000 -9999.0 -9999.0 -9999.0 -9999.0 -9999.0
94644 20240625  2.622  -68.70   44.93    29.1    15.2    22.2    21.9     0.0    25.13 C    31.5    15.1    22.2    96.2    33.2    69.9 -99.000 -99.000 -99.000 -99.000 -99.000 -9999.0 -9999.0 -9999.0 -9999.0 -9999.0
94644 20240626  2.622  -68.70   44.93    28.4    16.6    22.5    22.3     0.0    16.23 C    30.4    15.4    21.5    97.2    52.3    75.1 -99.000 -99.000 -99.000 -99.000 -99.000 -9999.0 -9999.0 -9999.0 -9999.0 -9999.0
94644 20240627  2.622  -68.70   44.93    24.9    12.5    18.7    19.5    18.2    17.84 C    28.7     9.7    19.5    97.9    51.8    74.7 -99.000 -99.000 -99.000 -99.000 -99.000 -9999.0 -9999.0 -9999.0 -9999.0 -9999.0
94644 20240628  2.622  -68.70   44.93    21.8    10.3    16.1    15.7     0.0    26.96 C    25.8     8.7    15.9    93.7    34.3    63.2 -99.000 -99.000 -99.000 -99.000 -99.000 -9999.0 -9999.0 -9999.0 -9999.0 -9999.0
94644 20240629  2.622  -68.70   44.93    20.1    11.5    15.8    15.1     6.6     5.40 C    20.5    10.5    14.9    94.8    57.9    81.6 -99.000 -99.000 -99.000 -99.000 -99.000 -9999.0 -9999.0 -9999.0 -9999.0 -9999.0
94644 20240630  2.622  -68.70   44.93    28.1    15.4    21.7    20.6    10.4    13.87 C    30.9    15.1    20.8    98.9    70.9    90.9 -99.000 -99.000 -99.000 -99.000 -99.000 -9999.0 -9999.0 -9999.0 -9999.0 -9999.0
94644 20240701  2.622  -68.70   44.93    25.6    11.7    18.7    19.2     0.0    26.03 C    28.6     9.4    18.7    99.6    34.2    70.8 -99.000 -99.000 -99.000 -99.000 -99.000 -9999.0 -9999.0 -9999.0 -9999.0 -9999.0
94644 20240702  2.622  -68.70   44.93 -9999.0 -9999.0 -9999.0 -9999.0 -9999.0 -9999.00 U -9999.0 -9999.0 -9999.0 -9999.0 -9999.0 -9999.0 -99.000 -99.000 -99.000 -99.000 -99.000 -9999.0 -9999.0 -9999.0 -9999.0 -9999.0
