63856 20240101  2.622  -81.46   30.81    20.1     2.4    11.3    12.3     0.0    12.35 C    29.9    -1.7    10.5    98.4    38.9    73.4   0.100   0.104   0.101   0.093   0.080    11.5    12.0    12.2    14.2    15.8
63856 20240102  2.622  -81.46   30.81    11.7     1.0     6.3     6.5     0.0    12.66 C    26.0    -2.9     6.3    98.1    52.5    70.7   0.098   0.102   0.099   0.091   0.079    11.5    12.2    12.8    14.4    15.7
63856 20240103  2.622  -81.46   30.81    15.3    -0.4     7.4     7.9    10.7    10.21 C    30.5    -3.9     8.5    99.8    53.0    84.1   0.100   0.103   0.098   0.091   0.079    10.8    11.5    11.9    14.0    15.5
63856 20240104  2.622  -81.46   30.81    16.2     5.3    10.8     9.9     2.5    12.85 C    22.5     3.4     8.8    94.0    37.9    72.2   0.135   0.135   0.126   0.093   0.079    11.7    12.1    12.5    14.0    15.3
63856 20240105  2.622  -81.46   30.81    16.6     5.2    10.9    12.6     0.0    12.19 C    24.0     0.8    10.8    89.9    58.1    78.1   0.121   0.126   0.122   0.098   0.079    11.8    12.1    12.3    13.8    15.2
63856 20240106  2.622  -81.46   30.81    25.0    13.6    19.3    18.4    24.7     8.16 C    31.2     9.1    16.4    95.3    55.7    79.6   0.150   0.153   0.153   0.128   0.085    15.6    15.1    14.5    14.4    15.1
63856 20240107  2.622  -81.46   30.81    13.9     5.1     9.5    10.6     0.0     7.47 C    17.6     1.9     9.2    89.6    62.2    77.8   0.125   0.135   0.136   0.134   0.107    13.3    13.8    14.5    15.1    15.6
63856 20240108  2.622  -81.46   30.81    16.5     3.3     9.9    12.3     0.0     3.62 C    17.0    -0.1     9.9    97.2    67.0    80.7   0.116   0.125   0.124   0.124   0.106    11.9    12.5    13.0    14.6    15.6
63856 20240109  2.622  -81.46   30.81    19.7    12.7    16.2    16.0    28.1     1.53 C    17.8     7.6    13.5    93.7    77.7    89.5   0.143   0.142   0.138   0.126   0.104    14.9    14.8    14.6    14.8    15.5
63856 20240110  2.622  -81.46   30.81    13.8     4.2     9.0     9.1     0.0    13.11 C    18.5     0.2     5.8    94.0    43.4    65.6   0.137   0.144   0.146   0.138   0.117    12.4    13.1    13.8    15.0    15.7
63856 20240111  2.622  -81.46   30.81    14.4     3.7     9.0     8.9     0.0     5.83 C    19.2    -0.1     6.1    97.5    59.0    82.3   0.120   0.128   0.127   0.124   0.109    11.2    11.9    12.5    14.3    15.4
63856 20240112  2.622  -81.46   30.81    21.8     5.5    13.6    15.4     0.7     2.92 C    16.3     1.8    10.4    98.1    83.2    92.0   0.114   0.120   0.118   0.116   0.102    12.8    13.0    12.8    14.1    15.1
63856 20240113  2.622  -81.46   30.81    22.1     4.6    13.3    12.9     0.0     8.92 C    17.3     0.5     8.3    89.9    30.2    55.9   0.111   0.116   0.113   0.110   0.098    14.2    14.3    14.5    14.8    15.2
63856 20240114  2.622  -81.46   30.81    12.6     2.1     7.4     7.0     0.0     8.74 C    17.1    -2.3     4.3    97.3    35.4    68.2   0.108   0.113   0.110   0.105   0.095    11.2    12.1    12.8    14.5    15.4
63856 20240115  2.622  -81.46   30.81    19.6     2.1    10.9    11.1     0.0     7.95 C    26.1    -1.4     8.4    97.2    59.0    84.4   0.105   0.110   0.107   0.102   0.093    11.7    12.1    12.3    13.9    15.1
63856 20240116  2.622  -81.46   30.81    16.2     5.0    10.6    13.2    26.4     2.33 C    15.0     1.9     9.8    97.0    65.7    89.5   0.143   0.143   0.140   0.121   0.094    13.3    13.5    13.6    14.2    15.0
63856 20240117  2.622  -81.46   30.81     8.2    -2.1     3.1     2.1     0.0    11.50 C    14.6    -4.5     1.4    86.5    33.9    61.2   0.133   0.141   0.142   0.134   0.106     9.0    10.3    11.7    13.9    15.0
63856 20240118  2.622  -81.46   30.81    15.3    -1.7     6.8     7.7     0.7     7.38 C    18.9    -4.4     5.4    97.4    64.3    85.5   0.121   0.128   0.128   0.124   0.103     8.9     9.8    10.2    12.8    14.4
63856 20240119  2.622  -81.46   30.81    18.6     6.0    12.3    12.1     0.6     8.97 C    19.8     0.7     8.7    97.1    39.4    71.9   0.116   0.122   0.120   0.117   0.099    11.9    12.0    11.9    12.9    14.1
63856 20240120  2.622  -81.46   30.81     9.7    -0.1     4.8     4.4     0.0    14.17 C    18.2    -4.4     2.7    65.8    29.0    47.1   0.113   0.118   0.116   0.111   0.096     9.3    10.2    11.1    13.0    14.1
63856 20240121  2.622  -81.46   30.81     6.3    -2.1     2.1     1.9     0.0    12.90 C    17.5    -5.6     1.1    79.5    52.2    63.8   0.110   0.115   0.112   0.107   0.094     7.4     8.6     9.5    12.2    13.8
63856 20240122  2.622  -81.46   30.81    17.2     6.2    11.7    12.2     0.0    10.07 C    25.0     0.5     9.6    89.6    58.8    76.7   0.107   0.112   0.109   0.103   0.092    10.4    10.5    10.2    11.8    13.4
63856 20240123  2.622  -81.46   30.81    17.0    12.4    14.7    15.1     0.0     3.62 C    17.7     8.7    11.9    96.0    78.8    90.2   0.104   0.109   0.106   0.101   0.090    13.4    13.1    12.6    12.7    13.5
63856 20240124  2.622  -81.46   30.81    22.2    14.4    18.3    17.4     0.2    11.24 C    30.1     9.4    15.4    96.8    78.2    92.0   0.102   0.106   0.104   0.098   0.089    16.3    15.5    14.6    13.8    14.0
63856 20240125  2.622  -81.46   30.81    22.8    14.5    18.6    17.8     0.2    12.75 C    30.8    10.0    16.0    97.2    76.4    91.7   0.100   0.104   0.102   0.096   0.087    17.8    17.1    16.3    15.1    14.8
63856 20240126  2.622  -81.46   30.81    21.7    15.1    18.4    18.4     0.5     5.78 C    24.1    11.2    15.3    97.1    86.9    94.1   0.098   0.103   0.100   0.095   0.086    18.2    17.7    17.3    16.1    15.6
63856 20240127  2.622  -81.46   30.81    22.5    15.4    19.0    18.8     0.0    12.32 C    30.7    11.9    16.9    97.0    77.9    89.8   0.096   0.101   0.099   0.094   0.085    19.2    18.6    17.9    16.8    16.2
63856 20240128  2.622  -81.46   30.81    20.4    11.1    15.8    17.0     0.2    14.19 C    27.6     6.3    14.1    91.0    43.4    67.7   0.095   0.100   0.098   0.092   0.084    18.8    18.4    18.3    17.4    16.8
63856 20240129  2.622  -81.46   30.81    17.1     4.3    10.7    10.6     0.0    14.94 C    27.6    -0.6     8.7    96.7    39.3    63.9   0.093   0.099   0.096   0.092   0.082    15.7    16.1    16.6    17.1    17.1
63856 20240130  2.622  -81.46   30.81    16.2     3.2     9.7     9.3     0.0    15.09 C    28.8    -1.5     7.5    99.0    46.1    78.3   0.092   0.098   0.095   0.091   0.081    14.1    14.7    15.1    16.3    16.9
63856 20240131  2.622  -81.46   30.81    18.3     8.2    13.3    12.1     0.0    15.34 C    27.2     1.8     8.9    80.7    29.9    59.2   0.091   0.098   0.095   0.090   0.081    14.2    14.5    14.8    15.9    16.5
63856 20240201  2.622  -81.46   30.81    14.4     2.8     8.6     9.0     0.0    14.98 C    29.0    -2.7     7.4    97.4    52.8    79.1   0.090   0.097   0.094   0.089   0.080    13.7    14.1    14.5    15.6    16.3
63856 20240202  2.622  -81.46   30.81    21.1     5.2    13.2    11.6     0.0    14.54 C    32.4    -0.5     9.3    97.4    28.1    72.2   0.088   0.096   0.093   0.088   0.079    14.2    14.5    14.5    15.4    16.1
63856 20240203  2.622  -81.46   30.81    17.9     5.1    11.5    11.8     0.0    14.79 C    29.5    -0.8     9.7    95.5    65.8    80.3   0.087   0.095   0.092   0.088   0.079    14.0    14.3    14.5    15.4    16.0
63856 20240204  2.622  -81.46   30.81    16.6    11.7    14.1    14.7    27.2     1.69 C    15.8     5.6    10.5    95.7    78.3    90.1   0.125   0.128   0.124   0.100   0.078    14.9    15.0    15.1    15.5    16.0
63856 20240205  2.622  -81.46   30.81    14.3     8.4    11.4    11.7     0.4     6.29 C    17.8     3.8     9.3    98.7    79.0    90.9   0.131   0.141   0.143   0.129   0.088    14.0    14.4    14.7    15.5    16.0
63856 20240206  2.622  -81.46   30.81    17.2     7.5    12.3    11.9     0.0    16.11 C    23.7     0.1     8.6    87.6    31.7    54.8   0.119   0.129   0.130   0.123   0.096    13.8    14.1    14.4    15.3    16.0
63856 20240207  2.622  -81.46   30.81    10.3     5.6     7.9     8.5     0.0    15.04 C    24.6    -0.6     6.1    75.5    56.8    67.5   0.113   0.123   0.122   0.118   0.096    12.6    13.2    13.7    15.0    15.8
63856 20240208  2.622  -81.46   30.81    17.2     3.3    10.3    11.0     0.0    15.52 C    30.2    -1.6     9.3    96.4    61.6    82.2   0.109   0.118   0.117   0.114   0.095    13.3    13.5    13.5    14.6    15.5
63856 20240209  2.622  -81.46   30.81    21.1     9.5    15.3    14.2     0.0    13.13 C    32.5     3.8    12.3    97.6    63.2    87.9   0.106   0.115   0.114   0.111   0.093    15.3    15.1    14.7    14.9    15.5
63856 20240210  2.622  -81.46   30.81    24.7     9.9    17.3    16.1     0.2    12.56 C    33.7     5.3    13.0    98.0    46.4    82.5   0.103   0.111   0.111   0.108   0.092    16.4    16.1    15.8    15.6    15.8
63856 20240211  2.622  -81.46   30.81    25.7    13.3    19.5    17.9     0.0    11.26 C    35.7     6.5    14.8    95.0    55.5    81.7   0.100   0.108   0.108   0.105   0.091    17.7    17.2    16.8    16.2    16.2
63856 20240212  2.622  -81.46   30.81    24.6    15.1    19.8    19.3     2.2     6.19 C    27.4     9.6    14.9    93.0    63.6    82.9   0.098   0.106   0.105   0.103   0.090    18.3    17.9    17.6    16.9    16.6
63856 20240213  2.622  -81.46   30.81    19.1     6.9    13.0    13.6     0.0    12.42 C    23.0     0.7    10.0    90.5    38.9    64.2   0.099   0.105   0.103   0.100   0.088    16.6    16.8    17.2    17.2    17.0
63856 20240214  2.622  -81.46   30.81    16.6     4.2    10.4     9.9     0.0    17.56 C    30.7    -2.5     8.3    97.5    34.0    71.5   0.098   0.104   0.102   0.099   0.088    14.7    15.2    15.6    16.6    17.0
63856 20240215  2.622  -81.46   30.81    20.2     5.7    12.9    14.5     0.0    14.34 C    32.9     0.9    13.0    97.7    56.8    77.5   0.096   0.102   0.100   0.097   0.086    16.0    16.0    15.8    16.3    16.8
63856 20240216  2.622  -81.46   30.81    19.1     9.4    14.2    14.2     0.0     7.19 C    25.8     4.5    12.2    96.9    63.9    82.2   0.094   0.101   0.099   0.096   0.085    16.4    16.5    16.5    16.6    16.8
63856 20240217  2.622  -81.46   30.81    16.2    10.9    13.6    14.6    14.1     3.43 C    15.8     8.5    11.6    97.1    59.9    82.9   0.103   0.105   0.100   0.094   0.084    16.2    16.4    16.6    16.8    17.0
63856 20240218  2.622  -81.46   30.81    11.9     8.4    10.1    10.3    11.0     1.70 C     9.8     6.1     7.9    92.7    83.8    89.1   0.149   0.148   0.144   0.102   0.084    13.9    14.7    15.4    16.5    17.0
63856 20240219  2.622  -81.46   30.81    13.9     2.9     8.4     8.8     0.0    17.94 C    24.9    -1.1     8.5    95.7    40.7    70.2   0.131   0.139   0.138   0.123   0.087    13.8    14.2    14.5    15.8    16.6
63856 20240220  2.622  -81.46   30.81    16.0     2.0     9.0     9.0     0.0    18.47 C    28.1    -2.2     8.2    99.4    37.2    74.4   0.120   0.128   0.127   0.119   0.094    13.2    13.7    13.9    15.3    16.3
63856 20240221  2.622  -81.46   30.81    16.4     3.2     9.8     9.3     0.0    18.41 C    30.9    -1.8     8.2    97.5    21.1    71.1   0.113   0.122   0.121   0.115   0.095    13.6    13.9    14.1    15.2    16.0
63856 20240222  2.622  -81.46   30.81    18.7     2.3    10.5    10.7     0.0    17.82 C    31.8    -1.9     9.5    98.8    41.4    78.9   0.109   0.118   0.117   0.112   0.095    14.0    14.2    14.2    15.1    15.9
63856 20240223  2.622  -81.46   30.81    22.7     9.8    16.2    16.3     0.6    10.60 C    30.1     1.9    12.3    91.5    60.3    76.4   0.106   0.114   0.113   0.109   0.094    15.4    15.3    15.1    15.4    15.9
63856 20240224  2.622  -81.46   30.81    21.7     9.5    15.6    15.5     0.0    18.58 C    30.8     1.6    11.5    85.1    22.5    51.2   0.103   0.111   0.110   0.106   0.093    15.9    15.8    15.7    15.8    16.1
63856 20240225  2.622  -81.46   30.81    14.6     3.9     9.2    10.0     0.0    18.97 C    32.3    -2.8     9.1    85.9    48.4    66.6   0.100   0.109   0.108   0.104   0.091    15.1    15.3    15.5    16.0    16.3
63856 20240226  2.622  -81.46   30.81    18.5     4.0    11.2    12.0     0.0    18.70 C    34.0    -1.2    11.2    98.8    56.8    80.6   0.098   0.106   0.105   0.102   0.090    15.4    15.5    15.4    15.9    16.3
63856 20240227  2.622  -81.46   30.81    20.2     7.6    13.9    15.0     0.0    18.25 C    33.7     2.3    13.5    96.9    56.6    77.6   0.096   0.104   0.103   0.101   0.089    16.7    16.5    16.2    16.2    16.4
63856 20240228  2.622  -81.46   30.81    27.5    12.3    19.9    20.7     0.0    16.48 C    36.9     5.8    16.7    89.5    36.2    61.8   0.093   0.102   0.101   0.099   0.088    18.7    18.1    17.5    16.8    16.7
63856 20240229  2.622  -81.46   30.81    19.9    13.4    16.6    15.0     0.0    11.98 C    31.6     9.2    15.0    88.3    37.5    62.1   0.091   0.100   0.099   0.097   0.087    18.8    18.5    18.4    17.6    17.2
63856 20240301  2.622  -81.46   30.81    18.9    13.8    16.4    16.7     8.4     3.57 C    18.5     9.9    13.9    95.4    75.9    90.5   0.104   0.105   0.099   0.096   0.086    18.0    17.9    17.9    17.8    17.6
63856 20240302  2.622  -81.46   30.81    22.2    15.0    18.6    17.7    28.2     9.24 C    27.4    10.9    15.5    96.8    80.3    92.0   0.140   0.133   0.123   0.103   0.085    18.9    18.6    18.4    17.9    17.7
63856 20240303  2.622  -81.46   30.81    20.1    14.8    17.4    16.4     1.9     9.02 C    24.5    11.7    14.6    96.8    82.8    93.1   0.139   0.145   0.147   0.140   0.117    18.6    18.5    18.5    18.3    18.0
63856 20240304  2.622  -81.46   30.81    18.9    13.5    16.2    15.1     0.2    10.48 C    24.3    11.3    15.1    97.5    84.1    94.5   0.121   0.129   0.129   0.126   0.111    18.9    18.7    18.6    18.3    18.2
63856 20240305  2.622  -81.46   30.81    19.1    12.4    15.8    16.3     1.6     6.04 C    20.9     9.2    14.2    97.7    86.9    93.8   0.113   0.121   0.119   0.118   0.105    18.3    18.4    18.5    18.4    18.3
63856 20240306  2.622  -81.46   30.81    26.4    17.0    21.7    21.1    17.3    13.24 C    28.6    11.7    16.8    95.9    52.8    78.3   0.145   0.145   0.142   0.124   0.104    20.3    19.8    19.2    18.5    18.4
63856 20240307  2.622  -81.46   30.81    21.0    12.4    16.7    17.1     0.0    19.79 C    31.2     8.1    15.9    97.8    66.3    85.5   0.120   0.128   0.127   0.123   0.108    20.3    20.0    19.7    19.0    18.7
63856 20240308  2.622  -81.46   30.81    21.6    16.1    18.8    18.4     0.0    11.73 C    28.6    10.7    16.2    93.8    73.8    86.0   0.111   0.120   0.118   0.116   0.104    20.1    20.0    19.8    19.3    18.9
63856 20240309  2.622  -81.46   30.81    27.8    18.5    23.1    21.3    14.4     5.77 C    32.3    14.7    17.4    96.2    66.2    88.1   0.118   0.122   0.116   0.111   0.100    21.0    20.7    20.4    19.6    19.1
63856 20240310  2.622  -81.46   30.81    21.7    13.8    17.7    17.5     0.0    19.05 C    28.3     7.5    14.7    95.1    33.1    58.8   0.131   0.135   0.129   0.116   0.099    20.1    20.0    20.1    19.8    19.4
63856 20240311  2.622  -81.46   30.81    15.2     5.6    10.4    11.2     0.0    18.34 C    29.2     2.0    11.5    90.0    35.4    53.0   0.116   0.123   0.120   0.114   0.100    17.7    18.2    18.6    19.3    19.4
63856 20240312  2.622  -81.46   30.81    20.3     4.5    12.4    12.8     0.0    20.87 C    33.9     0.8    12.9    98.9    43.2    81.1   0.109   0.116   0.114   0.110   0.098    17.9    18.1    18.1    18.7    19.1
63856 20240313  2.622  -81.46   30.81    23.4     9.8    16.6    15.8     0.0    18.56 C    35.8     5.7    15.0    97.3    40.4    79.5   0.103   0.110   0.109   0.106   0.096    19.4    19.2    18.9    18.8    18.9
63856 20240314  2.622  -81.46   30.81    23.8     8.2    16.0    16.2     0.0    20.50 C    35.8     3.6    14.9    99.8    25.4    70.8   0.099   0.106   0.105   0.102   0.093    19.6    19.4    19.2    19.1    19.0
63856 20240315  2.622  -81.46   30.81    30.5    11.4    20.9    19.8     0.0    17.79 C    36.9     6.7    17.8    97.5    45.1    79.7   0.094   0.103   0.102   0.099   0.091    20.9    20.5    20.0    19.4    19.2
63856 20240316  2.622  -81.46   30.81    27.1    17.7    22.4    20.8     0.0    12.77 C    36.6    12.4    18.5    93.8    57.0    82.8   0.090   0.100   0.099   0.096   0.089    22.4    21.8    21.3    20.1    19.5
63856 20240317  2.622  -81.46   30.81    27.5    18.1    22.8    21.1     0.0    19.47 C    38.0    12.3    20.2    94.1    42.1    79.4   0.086   0.097   0.096   0.094   0.087    23.3    22.6    22.0    20.7    20.0
63856 20240318  2.622  -81.46   30.81 -9999.0 -9999.0 -9999.0 -9999.0 -9999.0 -9999.00 U -9999.0 -9999.0 -9999.0 -9999.0 -9999.0 -9999.0 -99.000 -99.000 -99.000 -99.000 -99.000 -9999.0 -9999.0 -9999.0 -9999.0 -9999.0
63856 20240319  2.622  -81.46   30.81    13.6     5.8     9.7    10.4     0.0    23.10 C    34.1     0.2    12.2    72.4    26.8    43.9   0.078   0.092   0.092   0.091   0.083    20.3    20.5    20.9    21.0    20.6
63856 20240320  2.622  -81.46   30.81    22.3     3.2    12.7    12.8     0.0    22.49 C    36.4    -2.1    12.1    93.6    22.3    62.3   0.075   0.090   0.090   0.089   0.081    19.2    19.5    19.8    20.3    20.4
63856 20240321  2.622  -81.46   30.81    22.0     8.6    15.3    16.3     0.0    21.17 C    35.9     1.8    14.8    86.8    32.9    62.0   0.071   0.087   0.088   0.088   0.080    20.0    20.0    19.9    20.0    20.1
63856 20240322  2.622  -81.46   30.81    19.2    16.0    17.6    17.9    19.7     2.07 C    16.9    11.0    13.7    94.9    83.8    89.3   0.110   0.110   0.104   0.087   0.079    19.5    19.8    20.1    20.2    20.1
63856 20240323  2.622  -81.46   30.81    26.1    15.2    20.7    18.6    17.2    15.32 C    31.8    10.4    18.3    96.2    48.9    85.0   0.137   0.138   0.134   0.098   0.078    20.4    20.2    20.1    20.0    20.0
63856 20240324  2.622  -81.46   30.81    17.0    13.0    15.0    14.6     0.0    14.38 C    25.6     7.8    13.2    90.9    62.1    75.2   0.129   0.135   0.137   0.121   0.090    18.4    18.9    19.5    20.0    20.1
63856 20240325  2.622  -81.46   30.81    18.6    14.9    16.8    16.5     0.0    14.10 C    26.3     8.0    14.7    90.2    73.0    79.3   0.115   0.123   0.125   0.117   0.096    18.5    18.7    18.7    19.4    19.8
63856 20240326  2.622  -81.46   30.81    23.0    17.6    20.3    19.8     0.0    18.11 C    32.7    12.4    18.5    90.3    68.9    79.2   0.107   0.116   0.117   0.112   0.095    21.6    21.0    20.2    19.7    19.7
63856 20240327  2.622  -81.46   30.81    22.8    17.7    20.3    19.4     4.9     4.25 C    19.8    12.8    15.4    95.2    82.0    91.7   0.110   0.115   0.113   0.107   0.093    20.9    20.8    20.9    20.4    20.0
63856 20240328  2.622  -81.46   30.81    22.6    11.0    16.8    16.7    33.0     9.91 C    25.2     7.5    14.3    97.1    59.1    87.7   0.151   0.152   0.148   0.133   0.106    19.7    19.9    20.1    20.3    20.2
63856 20240329  2.622  -81.46   30.81    18.7     8.1    13.4    13.6     0.0    24.67 C    29.5     4.4    13.3    97.9    41.6    64.8   0.125   0.132   0.132   0.129   0.113    18.8    18.9    19.1    19.8    20.1
63856 20240330  2.622  -81.46   30.81    23.9     6.3    15.1    15.4     0.0    24.11 C    33.5     2.9    14.4    98.5    27.9    73.0   0.110   0.119   0.118   0.117   0.104    19.6    19.5    19.2    19.5    19.8
63856 20240331  2.622  -81.46   30.81    27.3    10.6    18.9    18.8     0.0    22.42 C    36.7     5.0    16.7    92.3    22.7    64.5   0.102   0.111   0.110   0.108   0.099    21.2    20.7    20.3    19.9    19.8
63856 20240401  2.622  -81.46   30.81    26.4    14.2    20.3    20.0     0.0    18.41 C    35.5     8.4    17.5    94.5    50.6    75.7   0.095   0.105   0.104   0.102   0.095    22.4    21.8    21.4    20.5    20.1
63856 20240402  2.622  -81.46   30.81    27.4    15.6    21.5    21.0     0.0    14.43 C    33.5    10.8    18.4    95.3    51.5    78.6   0.090   0.101   0.100   0.098   0.091    23.0    22.5    22.1    21.1    20.5
63856 20240403  2.622  -81.46   30.81    22.4     0.0    11.2    19.8    19.5     2.79 C    20.4     0.0    15.0    94.4    72.7    83.9   0.122   0.123   0.118   0.097   0.088    21.7    21.7    22.0    21.4    20.9
63856 20240404  2.622  -81.46   30.81    21.4    10.0    15.7    16.0     0.0    25.63 C    29.7     5.7    13.9    89.2    23.9    53.3   0.125   0.130   0.130   0.108   0.088    20.1    20.3    20.5    20.9    20.9
63856 20240405  2.622  -81.46   30.81    23.3     9.8    16.6    16.3     0.0    25.47 C    34.4     5.4    15.1    87.6    21.3    53.3   0.111   0.119   0.119   0.106   0.090    20.6    20.5    20.4    20.5    20.6
63856 20240406  2.622  -81.46   30.81    16.8     7.4    12.1    12.3     0.0    24.80 C    34.6     4.1    14.1    92.5    48.3    68.2   0.103   0.111   0.111   0.102   0.090    20.5    20.5    20.5    20.6    20.6
63856 20240407  2.622  -81.46   30.81    20.1     6.0    13.1    14.5     0.0    25.22 C    36.4     2.5    15.4    98.3    39.8    70.1   0.097   0.106   0.106   0.099   0.089    20.8    20.7    20.5    20.5    20.5
63856 20240408  2.622  -81.46   30.81    22.6    11.4    17.0    18.4     0.0    20.40 C    36.2     6.2    17.1    97.0    55.4    75.4   0.091   0.101   0.101   0.096   0.087    22.0    21.7    21.3    20.7    20.6
63856 20240409  2.622  -81.46   30.81    23.6    15.2    19.4    20.0     0.0    20.45 C    35.9     9.4    19.2    95.0    62.3    79.8   0.085   0.097   0.097   0.094   0.085    23.3    22.7    22.1    21.2    20.8
63856 20240410  2.622  -81.46   30.81    24.6    17.0    20.8    21.3     0.0    21.54 C    37.7    11.5    20.8    94.9    66.1    81.2   0.079   0.093   0.093   0.091   0.084    24.6    23.9    23.2    21.8    21.2
63856 20240411  2.622  -81.46   30.81    28.0    19.4    23.7    22.2    56.5    12.28 C    27.8    12.8    17.3    94.4    35.9    75.7   0.132   0.137   0.134   0.123   0.098    23.3    23.2    23.3    22.4    21.7
63856 20240412  2.622  -81.46   30.81    25.1    13.3    19.2    19.4     0.0    26.26 C    32.4     6.5    16.6    75.3    25.8    48.2   0.116   0.125   0.125   0.125   0.114    22.3    22.3    22.2    22.1    21.8
63856 20240413  2.622  -81.46   30.81    25.6     8.9    17.2    17.4     0.0    26.42 C    35.7     3.8    15.5    83.2    21.7    50.9   0.103   0.113   0.112   0.111   0.103    22.4    22.3    22.1    21.9    21.7
63856 20240414  2.622  -81.46   30.81    26.3     9.6    18.0    19.0     0.0    25.36 C    36.8     5.2    17.5    86.9    25.4    61.9   0.095   0.105   0.104   0.102   0.096    23.3    23.0    22.5    22.0    21.7
63856 20240415  2.622  -81.46   30.81    27.1    14.5    20.8    20.8     0.0    24.54 C    36.7     8.8    19.1    80.3    32.2    59.1   0.087   0.099   0.099   0.097   0.092    24.8    24.2    23.6    22.5    21.9
63856 20240416  2.622  -81.46   30.81    26.3    12.4    19.4    19.6     1.5    21.56 C    37.3     7.4    17.8    96.0    50.1    76.5   0.079   0.093   0.095   0.094   0.088    24.6    24.2    23.9    22.9    22.2
63856 20240417  2.622  -81.46   30.81    24.8    13.9    19.4    20.2     0.0    23.18 C    35.3     8.8    19.3    97.6    68.4    84.6   0.073   0.089   0.091   0.091   0.085    24.9    24.5    24.0    23.1    22.4
63856 20240418  2.622  -81.46   30.81    28.2    17.3    22.8    22.3     0.0    22.45 C    37.0    11.8    20.6    92.6    46.5    74.7   0.067   0.083   0.087   0.088   0.082    26.3    25.7    25.0    23.5    22.7
63856 20240419  2.622  -81.46   30.81    28.8    16.0    22.4    22.6     0.0    22.37 C    37.3    10.8    20.7    95.5    50.8    76.4   0.061   0.078   0.083   0.086   0.080    26.4    25.9    25.3    24.0    23.0
63856 20240420  2.622  -81.46   30.81    29.8    19.6    24.7    23.7     0.0    20.70 C    38.3    13.6    21.0    92.5    52.8    76.0   0.055   0.072   0.079   0.083   0.078    27.0    26.4    25.8    24.3    23.4
63856 20240421  2.622  -81.46   30.81    29.4    14.3    21.8    21.5    13.7    18.15 C    37.7    12.5    23.0    93.4    45.5    77.5   0.064   0.076   0.075   0.081   0.076    25.9    25.7    25.8    24.6    23.6
63856 20240422  2.622  -81.46   30.81    19.1    11.0    15.0    15.6     0.0    20.03 C    39.5    -8.7    16.8    86.4    55.7    72.0   0.097   0.102   0.086   0.079   0.075    22.7    23.2    23.8    24.1    23.7
63856 20240423  2.622  -81.46   30.81    20.7     9.6    15.1    16.2     0.0    27.37 C    34.4     5.0    16.0    92.6    40.4    63.5   0.090   0.096   0.087   0.079   0.074    22.5    22.8    22.8    23.2    23.3
63856 20240424  2.622  -81.46   30.81    24.0    11.1    17.6    18.9     0.0    26.23 C    34.0     6.3    17.2    96.9    35.2    66.3   0.082   0.091   0.084   0.078   0.073    24.0    23.8    23.5    23.2    23.0
63856 20240425  2.622  -81.46   30.81    27.0    15.8    21.4    20.9     0.0    21.82 C    35.4    10.1    19.2    94.2    40.6    72.8   0.074   0.086   0.081   0.077   0.072    25.1    24.8    24.4    23.6    23.1
63856 20240426  2.622  -81.46   30.81    25.4    15.8    20.6    21.3     0.0    24.83 C    37.8    10.7    20.9    97.3    67.0    82.6   0.066   0.080   0.077   0.075   0.071    26.0    25.5    25.1    24.0    23.3
63856 20240427  2.622  -81.46   30.81    25.3    21.5    23.4    22.8     0.0    21.17 C    35.5    14.1    20.9    76.5    62.4    69.6   0.058   0.074   0.073   0.074   0.070    26.5    26.1    25.7    24.5    23.6
63856 20240428  2.622  -81.46   30.81    25.1    20.8    22.9    22.2     0.5    23.36 C    38.2    14.1    21.6    76.9    55.6    65.0   0.053   0.068   0.068   0.072   0.068    26.9    26.4    25.9    24.7    23.9
63856 20240429  2.622  -81.46   30.81    25.4    21.0    23.2    22.9     0.0    25.16 C    39.1    13.6    22.1    78.6    51.3    62.4   0.048   0.062   0.064   0.070   0.067    27.4    26.9    26.3    25.0    24.1
63856 20240430  2.622  -81.46   30.81    25.7    18.5    22.1    22.8     0.0    21.07 C    37.6    12.6    21.2    94.6    70.0    80.3   0.045   0.057   0.061   0.067   0.066    27.5    27.0    26.6    25.3    24.4
63856 20240501  2.622  -81.46   30.81    28.2    20.0    24.1    23.0     7.3    24.21 C    37.9    15.5    23.9    95.3    57.1    81.7   0.048   0.055   0.058   0.065   0.065    28.0    27.5    26.9    25.5    24.6
63856 20240502  2.622  -81.46   30.81    26.2    17.3    21.7    22.5     0.0    25.99 C    44.3    13.1    28.7    96.6    76.1    86.3   0.059   0.055   0.057   0.064   0.064    27.7    27.3    26.9    25.6    24.8
63856 20240503  2.622  -81.46   30.81    26.9    17.5    22.2    23.1     0.0    25.25 C    37.0    12.7    21.6    96.8    68.1    82.1   0.051   0.054   0.055   0.062   0.063    28.3    27.8    27.1    25.8    24.9
63856 20240504  2.622  -81.46   30.81    26.6    19.8    23.2    23.5     0.0    16.70 C    33.1    14.3    20.3    92.7    67.5    78.2   0.046   0.053   0.053   0.060   0.062    27.9    27.6    27.4    26.1    25.1
63856 20240505  2.622  -81.46   30.81    27.4    19.9    23.7    23.9     0.0    23.34 C    39.3    14.3    22.7    95.8    69.4    81.9   0.042   0.051   0.051   0.059   0.061    28.5    27.9    27.3    26.1    25.2
63856 20240506  2.622  -81.46   30.81    27.6    21.9    24.7    24.6     0.0    24.18 C    39.7    15.8    23.7    90.0    61.7    79.5   0.039   0.048   0.049   0.058   0.060    29.4    28.7    28.0    26.3    25.4
63856 20240507  2.622  -81.46   30.81    30.1    21.0    25.5    25.1     0.0    23.52 C    41.8    15.4    24.4    89.5    55.8    77.5   0.037   0.046   0.046   0.056   0.059    30.0    29.2    28.5    26.7    25.6
63856 20240508  2.622  -81.46   30.81    30.8    19.5    25.2    25.1     0.0    25.62 C    41.6    14.2    24.7    91.9    48.8    78.8   0.035   0.043   0.043   0.054   0.057    30.4    29.6    28.8    27.0    25.9
63856 20240509  2.622  -81.46   30.81    33.9    20.6    27.3    25.4     8.6    18.25 C    43.0    16.2    23.7    93.0    41.8    76.6   0.040   0.043   0.041   0.051   0.056    29.8    29.3    29.1    27.3    26.1
63856 20240510  2.622  -81.46   30.81    28.2    20.7    24.5    24.0     9.6    14.68 C    27.7    15.8    19.4    95.0    57.1    78.5   0.079   0.071   0.050   0.051   0.056    26.5    26.9    27.4    27.0    26.2
63856 20240511  2.622  -81.46   30.81    24.5    15.3    19.9    21.4     0.0    25.35 C    33.8    12.0    20.3    95.2    62.1    74.4   0.082   0.076   0.067   0.050   0.055    27.1    27.0    26.7    26.4    25.9
63856 20240512  2.622  -81.46   30.81    26.9    14.5    20.7    20.7     0.0    19.72 C    37.1    10.5    19.3    97.2    35.3    70.3   0.073   0.071   0.065   0.050   0.055    26.7    26.8    26.7    26.2    25.7
63856 20240513  2.622  -81.46   30.81    25.4    19.1    22.2    22.3    23.4     6.13 C    24.8    14.0    17.9    92.6    61.1    77.8   0.085   0.078   0.073   0.050   0.055    25.2    25.7    26.2    26.1    25.7
63856 20240514  2.622  -81.46   30.81    31.7    22.8    27.3    26.7     0.0    18.97 C    31.6    17.4    22.1    91.6    45.3    70.9   0.113   0.118   0.124   0.060   0.054    26.9    26.5    25.8    25.6    25.4
63856 20240515  2.622  -81.46   30.81    29.9    22.2    26.0    25.5     4.3    18.08 C    35.3    16.7    21.9    87.4    60.4    77.1   0.098   0.107   0.111   0.065   0.054    27.9    27.6    27.2    26.1    25.4
63856 20240516  2.622  -81.46   30.81    31.6    21.2    26.4    25.4     0.0    26.61 C    34.9    15.6    22.0    87.4    40.8    70.2   0.096   0.103   0.104   0.066   0.054    28.3    27.9    27.4    26.4    25.7
63856 20240517  2.622  -81.46   30.81    29.7    19.5    24.6    24.0     8.5    13.33 C    32.9    14.9    20.6    95.5    60.7    84.1   0.088   0.097   0.098   0.067   0.054    27.7    27.6    27.5    26.7    25.9
63856 20240518  2.622  -81.46   30.81    30.3    21.6    26.0    24.7     0.7    14.24 C    28.5    17.2    20.5    94.4    61.2    78.2   0.109   0.109   0.102   0.068   0.053    27.1    27.1    27.3    26.6    25.9
63856 20240519  2.622  -81.46   30.81    30.9    20.7    25.8    23.9    21.7    22.11 C    33.3    16.8    21.6    94.7    50.1    80.6   0.127   0.133   0.139   0.117   0.064    27.3    27.0    26.7    26.3    25.9
63856 20240520  2.622  -81.46   30.81    25.5    21.0    23.3    22.6    14.9    20.73 C    31.9    15.5    20.6    94.1    64.4    79.6   0.129   0.136   0.139   0.129   0.094    26.6    26.6    26.7    26.3    25.9
63856 20240521  2.622  -81.46   30.81    26.5    20.2    23.4    23.7     3.1    24.10 C    34.6    14.5    22.0    87.0    67.4    76.5   0.104   0.116   0.120   0.119   0.103    27.5    27.2    26.8    26.2    25.8
63856 20240522  2.622  -81.46   30.81    27.8    19.7    23.7    24.4     0.0    24.50 C    36.9    15.5    22.8    95.9    66.2    79.9   0.094   0.107   0.108   0.109   0.100    29.0    28.4    27.8    26.6    25.9
63856 20240523  2.622  -81.46   30.81    29.2    21.1    25.1    25.4     1.6    24.93 C    36.1    15.9    23.2    91.8    56.5    74.2   0.085   0.099   0.101   0.102   0.096    29.8    29.3    28.7    27.1    26.2
63856 20240524  2.622  -81.46   30.81    30.7    19.8    25.2    25.7     0.0    25.61 C    37.1    15.2    24.0    95.2    51.1    74.5   0.075   0.092   0.094   0.097   0.093    30.5    29.9    29.2    27.6    26.6
63856 20240525  2.622  -81.46   30.81    32.4    21.0    26.7    25.6     6.8    21.73 C    38.4    16.9    25.0    95.6    47.6    76.4   0.070   0.087   0.089   0.093   0.090    30.4    30.0    29.7    28.1    26.9
63856 20240526  2.622  -81.46   30.81    29.7    21.2    25.5    26.1     0.0    26.23 C    45.6    20.4    30.8    95.0    65.9    80.9   0.084   0.091   0.085   0.089   0.088    30.2    29.8    29.3    28.1    27.1
63856 20240527  2.622  -81.46   30.81    32.5    22.9    27.7    27.3     0.0    25.69 C    36.5    16.6    24.1    86.0    50.1    73.0   0.073   0.085   0.082   0.086   0.085    31.2    30.6    30.0    28.4    27.3
63856 20240528  2.622  -81.46   30.81    32.1    22.7    27.4    26.6     0.0    24.32 C    38.0    17.7    24.6    92.3    50.8    74.6   0.063   0.079   0.078   0.084   0.083    31.8    31.2    30.6    28.8    27.6
63856 20240529  2.622  -81.46   30.81    32.7    19.7    26.2    26.6     0.0    27.87 C    38.3    14.5    23.3    95.9    28.9    56.6   0.054   0.071   0.073   0.080   0.080    31.4    30.9    30.5    29.0    27.9
63856 20240530  2.622  -81.46   30.81    28.7    19.2    24.0    25.0     0.0    23.96 C    37.1    12.3    22.0    74.2    41.0    58.0   0.048   0.063   0.067   0.077   0.077    30.5    30.3    30.1    29.0    28.0
63856 20240531  2.622  -81.46   30.81    28.5    17.1    22.8    24.5     0.0    27.02 C    38.5    13.0    23.0    90.1    35.6    58.7   0.044   0.057   0.062   0.073   0.075    30.6    30.3    29.9    28.8    28.0
63856 20240601  2.622  -81.46   30.81    28.0    23.6    25.8    25.5     0.0    23.19 C    36.1    15.2    23.1    66.2    40.2    51.4   0.041   0.053   0.059   0.069   0.072    30.2    30.0    29.7    28.8    28.0
63856 20240602  2.622  -81.46   30.81    28.0    24.3    26.1    25.8     0.8    18.30 C    35.1    17.2    23.1    68.0    53.1    59.4   0.039   0.050   0.055   0.064   0.070    30.1    30.0    29.7    28.7    27.9
63856 20240603  2.622  -81.46   30.81    28.4    22.9    25.7    25.8     0.0    25.73 C    40.7    18.0    25.4    82.1    55.6    66.7   0.037   0.047   0.051   0.060   0.067    31.0    30.5    29.8    28.6    27.9
63856 20240604  2.622  -81.46   30.81    28.8    19.8    24.3    25.7     0.0    26.71 C    41.4    15.5    25.6    93.7    59.4    70.5   0.036   0.044   0.048   0.057   0.064    31.6    31.1    30.3    28.9    28.0
63856 20240605  2.622  -81.46   30.81    29.7    21.8    25.7    26.3     0.0    20.91 C    42.3    17.1    25.3    87.9    58.6    74.4   0.034   0.042   0.045   0.054   0.061    31.6    31.1    30.6    29.1    28.1
63856 20240606  2.622  -81.46   30.81    34.4    23.0    28.7    27.9     0.0    22.95 C    43.5    17.8    26.9    91.2    42.6    75.6   0.033   0.041   0.043   0.051   0.059    32.1    31.5    30.8    29.2    28.2
63856 20240607  2.622  -81.46   30.81    35.3    24.1    29.7    29.0     0.0    23.64 C    43.9    19.2    27.9    90.7    39.2    69.5   0.032   0.039   0.040   0.048   0.057    32.8    32.1    31.3    29.4    28.4
63856 20240608  2.622  -81.46   30.81    31.7    21.8    26.7    27.5     0.0    27.09 C    46.6    16.8    28.4    93.3    36.0    69.7   0.031   0.038   0.038   0.044   0.054    33.4    32.6    31.7    29.7    28.5
63856 20240609  2.622  -81.46   30.81    36.2    22.8    29.5    29.2     0.0    27.07 C    48.3    19.0    29.4    95.8    23.1    61.8   0.030   0.036   0.036   0.041   0.050    33.5    32.7    31.9    29.9    28.7
63856 20240610  2.622  -81.46   30.81    36.5    23.7    30.1    29.6     0.0    23.33 C    48.0    19.1    29.6    82.3    32.2    59.9   0.030   0.035   0.034   0.038   0.047    33.7    32.9    32.2    30.1    28.8
63856 20240611  2.622  -81.46   30.81    30.3    23.4    26.8    27.0     0.0    19.89 C    45.1    19.4    27.9    86.9    59.6    74.8   0.029   0.035   0.033   0.035   0.044    33.1    32.6    32.2    30.2    28.9
63856 20240612  2.622  -81.46   30.81    30.5    26.3    28.4    27.9     2.7    22.08 C    47.5    21.7    30.1    87.3    56.7    77.5   0.029   0.034   0.033   0.035   0.041    33.5    32.8    32.1    30.2    29.0
63856 20240613  2.622  -81.46   30.81    31.0    25.6    28.3    28.0     0.0    26.39 C    50.0    20.5    31.2    84.8    57.8    73.5   0.029   0.034   0.032   0.033   0.039    34.2    33.3    32.5    30.3    29.0
63856 20240614  2.622  -81.46   30.81    30.7    23.1    26.9    27.1     0.0    25.84 C    50.6    19.3    30.3    92.4    61.9    76.2   0.028   0.033   0.031   0.032   0.037    34.3    33.5    32.7    30.5    29.1
63856 20240615  2.622  -81.46   30.81    31.8    20.4    26.1    26.9     0.0    27.70 C    50.6    17.6    30.1    96.8    49.9    76.2   0.027   0.032   0.030   0.031   0.034    34.2    33.6    32.8    30.6    29.3
63856 20240616  2.622  -81.46   30.81    31.6    26.2    28.9    28.7     0.4    25.94 C    50.1    21.4    31.2    82.7    58.4    69.7   0.027   0.031   0.030   0.030   0.032    34.9    34.1    33.2    30.8    29.3
63856 20240617  2.622  -81.46   30.81    30.9    26.9    28.9    28.2     0.0    19.20 C    46.0    21.7    29.0    74.7    51.3    64.9   0.026   0.031   0.029   0.029   0.031    33.9    33.4    33.2    31.0    29.5
63856 20240618  2.622  -81.46   30.81    31.1    24.9    28.0    27.9     0.4    23.11 C    49.2    20.0    29.2    76.8    50.0    64.6   0.026   0.031   0.029   0.029   0.030    33.4    33.0    32.7    30.9    29.5
63856 20240619  2.622  -81.46   30.81    30.8    24.6    27.7    27.8     0.0    24.33 C    50.5    21.7    30.5    80.5    51.3    60.4   0.026   0.031   0.029   0.029   0.029    33.8    33.3    32.6    30.8    29.5
63856 20240620  2.622  -81.46   30.81    30.9    24.0    27.4    27.4     1.5    22.97 C    47.3    20.8    28.6    87.0    50.1    65.7   0.026   0.031   0.028   0.029   0.028    33.3    33.0    32.7    30.8    29.5
63856 20240621  2.622  -81.46   30.81    30.8    25.6    28.2    27.6     1.2    18.67 C    44.9    20.8    28.6    92.6    61.3    75.8   0.026   0.030   0.028   0.028   0.028    32.5    32.3    32.3    30.8    29.5
63856 20240622  2.622  -81.46   30.81    30.5    24.5    27.5    26.0    15.2     7.82 C    47.6    11.8    33.7    94.3    69.1    88.7   0.047   0.039   0.032   0.028   0.028    30.0    30.5    31.2    30.5    29.4
63856 20240623  2.622  -81.46   30.81    34.5    24.6    29.5    28.5     0.0    22.67 C    40.9    11.4    26.0    91.4    49.1    75.7   0.075   0.060   0.064   0.028   0.028    31.3    31.1    30.7    29.9    29.2
63856 20240624  2.622  -81.46   30.81    34.9    25.6    30.3    28.7     0.0    19.24 C    42.7    20.5    26.8    88.1    48.7    73.5   0.064   0.061   0.060   0.029   0.028    32.3    32.0    31.7    30.1    29.1
63856 20240625  2.622  -81.46   30.81    32.2    24.5    28.3    28.3     0.0    25.10 C    43.8    20.8    29.0    88.9    63.0    77.8   0.053   0.056   0.053   0.029   0.028    33.4    32.9    32.3    30.4    29.2
63856 20240626  2.622  -81.46   30.81    33.0    23.0    28.0    27.1     0.2    17.60 C    45.1    20.3    27.4    91.7    62.8    79.9   0.044   0.049   0.047   0.029   0.028    33.4    33.0    33.0    30.9    29.3
63856 20240627  2.622  -81.46   30.81    34.0    23.5    28.8    27.1     4.4    16.67 C    45.3    21.5    26.2    94.7    50.2    81.1   0.043   0.046   0.042   0.029   0.028    31.8    31.9    32.1    30.9    29.5
63856 20240628  2.622  -81.46   30.81    31.3    23.4    27.3    26.6     4.2    13.64 C    40.2    17.1    26.5    94.9    66.8    85.6   0.052   0.048   0.040   0.029   0.028    30.7    30.9    31.2    30.5    29.4
63856 20240629  2.622  -81.46   30.81    30.9    23.2    27.0    27.3     0.0    21.18 C    41.0    21.7    29.2    95.5    70.1    82.7   0.059   0.052   0.039   0.029   0.028    31.1    31.0    30.7    30.0    29.3
63856 20240630  2.622  -81.46   30.81    31.9    25.0    28.5    28.3     0.0    25.89 C    42.9    20.4    28.1    87.3    63.2    74.9   0.049   0.048   0.037   0.029   0.028    33.2    32.6    31.8    30.2    29.1
63856 20240701  2.622  -81.46   30.81    31.6    23.8    27.7    27.6     0.0    17.67 C    45.1    20.8    27.7    91.4    68.8    80.4   0.039   0.042   0.035   0.029   0.028    33.3    32.9    32.7    30.7    29.3
63856 20240702  2.622  -81.46   30.81 -9999.0 -9999.0 -9999.0 -9999.0 -9999.0 -9999.00 U -9999.0 -9999.0 -9999.0 -9999.0 -9999.0 -9999.0 -99.000 -99.000 -99.000 -99.000 -99.000 -9999.0 -9999.0 -9999.0 -9999.0 -9999.0
