12987 20240101  2.622  -98.06   26.53    25.9    12.4    19.1    18.4     0.0     9.20 C    32.2    11.6    18.7    97.4    56.5    82.8   0.068   0.087   0.057   0.070   0.080    18.8    17.3    17.5    17.7    18.4
12987 20240102  2.622  -98.06   26.53    23.5    13.8    18.6    17.6     7.1     4.17 C    26.7    13.8    18.3    92.2    68.8    82.6   0.090   0.089   0.057   0.070   0.080    18.7    18.1    18.2    18.3    18.7
12987 20240103  2.622  -98.06   26.53    20.9     8.2    14.5    14.2     0.0    13.89 C    23.8     5.8    14.4    92.2    42.7    73.1   0.124   0.102   0.057   0.070   0.080    16.4    16.7    18.0    18.6    19.0
12987 20240104  2.622  -98.06   26.53    22.1     5.2    13.6    13.6     0.2    10.72 C    27.7     4.1    14.0    94.4    48.8    79.4   0.110   0.098   0.056   0.070   0.079    14.7    14.8    16.4    17.9    18.9
12987 20240105  2.622  -98.06   26.53    23.0     9.8    16.4    16.4     5.9    14.82 C    26.1     7.8    15.8    95.8    26.1    68.7   0.145   0.115   0.056   0.070   0.079    17.1    16.7    17.5    17.9    18.6
12987 20240106  2.622  -98.06   26.53    23.4     6.0    14.7    13.9     0.0    12.88 C    27.5     4.5    12.7    95.8    27.5    71.1   0.130   0.111   0.056   0.070   0.079    14.2    14.5    16.2    17.6    18.6
12987 20240107  2.622  -98.06   26.53    23.2     9.7    16.4    16.5     0.0     6.62 C    24.8     8.8    15.8    91.7    39.0    71.7   0.118   0.108   0.056   0.069   0.079    15.2    15.1    16.0    17.3    18.3
12987 20240108  2.622  -98.06   26.53    32.2    18.0    25.1    23.9     0.0    14.36 C    35.3    17.0    23.7    83.3     8.2    56.7   0.110   0.106   0.056   0.069   0.079    21.8    19.4    18.3    17.8    18.3
12987 20240109  2.622  -98.06   26.53    19.8     8.3    14.1    14.4     0.0    15.39 C    24.7     5.0    13.2    59.2     8.6    24.7   0.099   0.099   0.056   0.070   0.079    16.1    16.2    18.1    18.5    18.9
12987 20240110  2.622  -98.06   26.53    24.6     5.5    15.0    14.9     0.0    12.15 C    27.9     3.5    14.0    93.6    41.6    62.3   0.092   0.095   0.056   0.069   0.079    15.6    15.0    16.5    17.8    18.7
12987 20240111  2.622  -98.06   26.53    28.6    11.7    20.1    19.5     0.0    12.50 C    33.9    10.2    19.6    97.3    42.8    80.6   0.087   0.092   0.056   0.069   0.079    19.0    17.3    17.3    17.7    18.4
12987 20240112  2.622  -98.06   26.53    21.5     8.9    15.2    17.1     0.0    12.93 C    25.4     7.6    16.8    94.9     9.3    38.4   0.079   0.089   0.056   0.068   0.079    17.7    17.4    18.3    18.3    18.7
12987 20240113  2.622  -98.06   26.53    23.0     3.2    13.1    13.6     0.0    13.86 C    28.3     2.0    14.3    83.4    31.5    57.6   0.072   0.086   0.056   0.067   0.079    15.6    15.2    16.7    17.9    18.7
12987 20240114  2.622  -98.06   26.53    26.7     7.4    17.0    16.6     0.0    13.00 C    31.7     6.9    17.6    95.7    41.1    74.5   0.067   0.084   0.056   0.067   0.078    17.7    16.5    17.0    17.6    18.4
12987 20240115  2.622  -98.06   26.53    10.1    -1.7     4.2     1.4     0.0     2.38 C    10.4    -1.3     1.9    95.1    67.5    85.2   0.065   0.080   0.055   0.066   0.078     9.7    12.8    16.1    17.6    18.4
12987 20240116  2.622  -98.06   26.53     5.9    -2.8     1.5     0.6     0.0    11.65 C    10.8    -3.1     1.5    92.1    22.3    44.1   0.065   0.077   0.055   0.066   0.078     8.5    10.2    13.4    16.1    17.7
12987 20240117  2.622  -98.06   26.53    11.3    -5.5     2.9     3.8     0.0     9.01 C    16.9    -6.0     4.6    71.7    30.0    52.2   0.064   0.076   0.055   0.066   0.078     8.7     9.7    12.3    14.8    16.8
12987 20240118  2.622  -98.06   26.53    24.8     8.0    16.4    15.2     0.0    13.65 C    29.0     8.0    16.8    88.5    44.0    65.4   0.065   0.078   0.055   0.065   0.078    16.1    13.9    13.7    14.7    16.2
12987 20240119  2.622  -98.06   26.53    17.3     8.7    13.0    13.0     0.0     4.35 C    19.1     8.3    13.1    96.6    31.9    65.3   0.063   0.078   0.055   0.065   0.078    14.1    14.1    14.9    15.6    16.5
12987 20240120  2.622  -98.06   26.53     9.8     3.6     6.7     5.8     0.8     4.13 C    11.4     3.6     6.3    94.7    38.1    57.6   0.061   0.077   0.054   0.065   0.078    11.0    12.4    14.3    15.7    16.6
12987 20240121  2.622  -98.06   26.53     9.5     5.4     7.4     7.5    13.9     1.65 C     9.5     5.2     7.5    96.7    91.7    95.7   0.111   0.088   0.054   0.065   0.078    10.2    11.3    13.2    15.2    16.4
12987 20240122  2.622  -98.06   26.53    25.1     8.1    16.6    15.8    10.9    12.93 C    29.8     8.1    16.4    96.8    62.1    85.9   0.181   0.175   0.055   0.065   0.077    15.9    14.3    14.0    14.8    16.0
12987 20240123  2.622  -98.06   26.53    25.2    18.8    22.0    21.6     0.3     3.67 C    26.4    18.4    21.7    94.7    73.1    87.4   0.159   0.166   0.055   0.065   0.078    19.5    17.9    16.8    16.1    16.4
12987 20240124  2.622  -98.06   26.53    22.5    17.0    19.7    20.5     0.0     1.46 C    24.0    17.0    20.7    93.0    80.4    89.4   0.151   0.157   0.056   0.066   0.078    19.8    19.0    18.4    17.5    17.3
12987 20240125  2.622  -98.06   26.53    26.1    14.0    20.0    18.9     0.0    16.07 C    33.1    13.6    20.9    94.7    41.8    72.5   0.143   0.151   0.056   0.066   0.078    20.0    19.0    18.6    18.2    18.0
12987 20240126  2.622  -98.06   26.53    26.5    15.4    20.9    20.1     0.0     9.16 C    31.5    14.5    21.4    92.4    60.0    81.4   0.134   0.143   0.057   0.066   0.078    20.3    19.4    18.9    18.6    18.4
12987 20240127  2.622  -98.06   26.53    23.8    10.7    17.2    18.2     0.0    16.56 C    27.5     9.6    19.0    92.9    32.1    65.1   0.128   0.137   0.058   0.066   0.078    20.1    19.5    19.5    19.1    18.8
12987 20240128  2.622  -98.06   26.53    23.6     7.4    15.5    14.2     0.0    18.19 C    30.6     5.8    15.6    86.2    18.1    51.9   0.119   0.130   0.058   0.066   0.078    16.7    16.7    17.9    18.6    19.0
12987 20240129  2.622  -98.06   26.53    23.6     4.0    13.8    13.2     0.0    17.99 C    32.0     2.4    15.0    80.4    18.7    53.8   0.113   0.125   0.058   0.066   0.078    16.1    15.7    16.8    17.8    18.5
12987 20240130  2.622  -98.06   26.53 -9999.0 -9999.0 -9999.0 -9999.0     0.0 -9999.00 U -9999.0 -9999.0 -9999.0 -9999.0 -9999.0 -9999.0 -99.000 -99.000 -99.000 -99.000 -99.000 -9999.0 -9999.0 -9999.0 -9999.0 -9999.0
12987 20240131  2.622  -98.06   26.53    25.6     7.7    16.7    16.0     0.0    13.76 C    40.8     5.9    17.5    96.6    37.1    74.6   0.109   0.117   0.059   0.066   0.078    17.8    16.6    16.9    17.4    18.0
12987 20240201  2.622  -98.06   26.53    27.9    13.4    20.6    19.7     0.0    13.26 C    44.3    10.9    21.3    90.4    40.9    71.5   0.106   0.115   0.059   0.066   0.077    20.2    18.4    18.0    17.8    18.1
12987 20240202  2.622  -98.06   26.53    28.5    16.1    22.3    21.8     0.0    13.18 C    44.2    12.5    23.1    95.0    49.3    76.3   0.103   0.114   0.059   0.066   0.078    21.7    19.9    19.1    18.5    18.5
12987 20240203  2.622  -98.06   26.53    27.0    11.7    19.3    20.8     0.2    17.34 C    41.2     7.3    21.5    96.7    27.1    67.4   0.099   0.112   0.060   0.066   0.078    23.0    21.1    20.4    19.5    19.0
12987 20240204  2.622  -98.06   26.53    28.5     8.8    18.7    18.1     0.0    19.80 C    41.4     3.3    17.2    88.1     8.2    41.5   0.094   0.107   0.059   0.066   0.078    19.8    18.8    19.5    19.5    19.5
12987 20240205  2.622  -98.06   26.53    22.9    10.6    16.8    16.3     0.0    19.47 C    36.8     4.9    16.6    69.8    29.6    41.4   0.086   0.104   0.059   0.066   0.078    19.7    18.4    18.9    19.2    19.3
12987 20240206  2.622  -98.06   26.53    24.5     6.1    15.3    14.8     0.0    19.37 C    44.1     2.7    17.1    88.4    23.7    61.6   0.080   0.101   0.059   0.066   0.078    19.5    18.2    18.6    18.9    19.2
12987 20240207  2.622  -98.06   26.53    26.8     7.4    17.1    17.6     0.0    15.48 C    43.9     4.1    18.7    97.5    42.8    72.3   0.074   0.099   0.059   0.066   0.078    19.3    18.2    18.5    18.7    19.1
12987 20240208  2.622  -98.06   26.53    28.4    15.3    21.8    21.9     0.0    15.00 C    50.0    10.9    23.8    92.5    42.3    68.7   0.070   0.097   0.059   0.066   0.078    23.0    20.5    19.6    18.8    19.1
12987 20240209  2.622  -98.06   26.53    29.9    18.7    24.3    23.0     0.0    13.56 C    48.5    16.1    25.5    93.1    42.5    73.3   0.067   0.095   0.059   0.066   0.078    24.1    21.8    20.8    19.6    19.6
12987 20240210  2.622  -98.06   26.53    25.3    19.8    22.5    22.5     0.0     3.20 C    29.7    17.3    22.3    94.6    62.5    82.0   0.065   0.092   0.059   0.066   0.078    22.2    21.5    21.3    20.2    20.1
12987 20240211  2.622  -98.06   26.53    29.3    14.5    21.9    22.8     0.0    12.47 C    41.1    10.3    22.9    96.2    22.7    60.2   0.065   0.090   0.059   0.066   0.078    23.6    22.1    21.4    20.5    20.5
12987 20240212  2.622  -98.06   26.53    21.4     9.5    15.4    14.7     0.0    20.51 C    36.8     5.3    16.0    68.8    20.3    39.4   0.063   0.087   0.059   0.066   0.078    20.6    20.0    20.7    20.6    20.7
12987 20240213  2.622  -98.06   26.53    23.5     7.6    15.6    14.9     0.0    14.37 C    42.9     4.6    17.0    74.1    25.8    54.5   0.060   0.084   0.058   0.066   0.078    19.6    19.0    19.7    20.0    20.4
12987 20240214  2.622  -98.06   26.53    22.5    12.3    17.4    17.6     0.0     3.05 C    29.1    10.3    17.8    88.1    63.2    79.3   0.058   0.083   0.058   0.066   0.078    18.9    18.7    19.5    19.7    20.2
12987 20240215  2.622  -98.06   26.53    25.7    16.5    21.1    20.6    33.6     5.33 C    36.1    15.8    22.3    95.3    62.8    83.6   0.095   0.102   0.058   0.066   0.078    21.3    20.2    19.9    19.7    20.1
12987 20240216  2.622  -98.06   26.53    20.2    16.6    18.4    18.4    18.1     1.51 C    22.8    17.2    19.2    96.3    94.1    95.5   0.216   0.204   0.075   0.066   0.078    19.5    19.4    19.8    19.9    20.2
12987 20240217  2.622  -98.06   26.53    17.6     5.2    11.4    11.0     4.2     2.43 C    18.1     3.9    11.6    96.9    67.2    82.6   0.189   0.186   0.098   0.067   0.078    14.6    16.6    18.8    19.7    20.2
12987 20240218  2.622  -98.06   26.53    15.0     3.7     9.3     8.7     0.0    20.81 C    31.0     2.6    11.8    85.5    34.6    59.8   0.165   0.168   0.102   0.077   0.078    13.9    14.5    16.2    18.1    19.3
12987 20240219  2.622  -98.06   26.53    21.4     4.7    13.0    13.3     0.0    20.02 C    39.3     3.0    15.8    92.3    51.2    74.3   0.148   0.157   0.101   0.090   0.080    15.4    15.3    16.1    17.5    18.5
12987 20240220  2.622  -98.06   26.53    27.8    11.3    19.5    18.8     0.0    20.94 C    43.8     7.4    20.8    97.1    42.2    75.6   0.138   0.149   0.100   0.097   0.082    19.4    17.9    17.4    17.6    18.2
12987 20240221  2.622  -98.06   26.53    28.3    15.4    21.8    21.5     0.0    21.08 C    44.5    12.5    23.8    95.1    48.0    74.7   0.129   0.143   0.099   0.101   0.085    22.2    20.2    19.1    18.4    18.6
12987 20240222  2.622  -98.06   26.53    31.2    16.9    24.0    23.1     0.0    19.28 C    47.4    13.5    25.7    92.9    42.6    69.8   0.122   0.137   0.097   0.102   0.089    24.7    22.3    20.8    19.4    19.3
12987 20240223  2.622  -98.06   26.53    28.5    13.3    20.9    19.9     0.0    18.49 C    44.1    10.0    21.0    96.4    25.1    58.8   0.113   0.129   0.097   0.103   0.093    22.4    21.1    21.0    20.3    20.0
12987 20240224  2.622  -98.06   26.53    27.9    10.0    18.9    18.9     0.0    21.16 C    46.7     6.7    21.5    81.5    24.7    57.6   0.105   0.121   0.096   0.102   0.096    22.0    20.5    20.5    20.4    20.2
12987 20240225  2.622  -98.06   26.53    31.1    16.0    23.5    22.3     0.0    20.81 C    48.9    11.5    25.3    94.1    38.1    71.0   0.099   0.116   0.094   0.102   0.099    24.5    22.1    21.2    20.6    20.3
12987 20240226  2.622  -98.06   26.53    31.5    18.9    25.2    23.8     0.0    18.76 C    49.7    16.3    26.5    91.1    45.1    73.4   0.093   0.112   0.092   0.101   0.102    25.6    23.3    22.2    21.3    20.7
12987 20240227  2.622  -98.06   26.53    33.9    21.0    27.4    25.6     0.0    18.29 C    51.6    18.4    28.4    88.2    38.8    70.2   0.086   0.107   0.090   0.101   0.103    27.1    24.5    23.1    22.0    21.2
12987 20240228  2.622  -98.06   26.53    27.6    16.1    21.8    21.6     0.0     7.49 C    42.7    16.4    22.7    92.9    35.1    68.1   0.077   0.104   0.088   0.100   0.103    23.6    23.2    23.2    22.6    21.8
12987 20240229  2.622  -98.06   26.53    16.1    11.4    13.7    13.1     0.0     3.10 C    18.9    12.7    15.0    62.0    36.4    47.2   0.071   0.099   0.087   0.099   0.104    18.0    19.3    21.2    21.9    21.8
12987 20240301  2.622  -98.06   26.53    15.4    10.3    12.8    12.4     0.4     2.55 C    19.1     8.6    13.6    93.8    57.5    77.9   0.067   0.096   0.085   0.098   0.104    16.3    17.6    19.4    20.6    21.2
12987 20240302  2.622  -98.06   26.53    29.0    10.1    19.6    18.7     0.0    21.20 C    50.2     7.6    23.7    95.9    37.9    75.7   0.067   0.095   0.084   0.097   0.104    23.1    20.4    19.7    19.9    20.5
12987 20240303  2.622  -98.06   26.53    29.3    17.4    23.4    22.5     0.0     7.85 C    40.1    14.8    23.9    96.2    50.9    81.2   0.066   0.093   0.083   0.096   0.104    23.2    21.8    21.3    20.9    20.7
12987 20240304  2.622  -98.06   26.53    28.7    20.8    24.8    24.2     0.0     6.94 C    40.1    19.0    25.7    94.5    59.0    81.4   0.066   0.092   0.082   0.096   0.104    24.6    23.0    22.1    21.4    21.1
12987 20240305  2.622  -98.06   26.53    32.4    19.0    25.7    24.0     0.0    17.83 C    50.9    16.3    27.7    97.1    31.2    78.5   0.065   0.091   0.080   0.095   0.103    27.7    24.7    23.1    22.0    21.5
12987 20240306  2.622  -98.06   26.53    32.3    19.8    26.1    24.5     0.0    17.99 C    52.0    18.0    28.9    93.5    37.0    74.1   0.063   0.088   0.078   0.093   0.103    28.5    25.6    24.2    22.8    22.1
12987 20240307  2.622  -98.06   26.53    29.7    22.4    26.1    25.2     0.0    10.14 C    44.3    20.7    27.3    88.9    54.9    75.2   0.061   0.086   0.075   0.091   0.102    26.9    25.4    24.5    23.6    22.7
12987 20240308  2.622  -98.06   26.53    31.9    15.7    23.8    25.3     0.0    13.94 C    46.1    11.1    26.0    88.1    15.2    58.8   0.059   0.085   0.071   0.090   0.102    27.3    25.5    24.7    23.8    23.0
12987 20240309  2.622  -98.06   26.53    22.3    13.8    18.1    18.3     0.0    20.59 C    39.9    11.3    21.6    66.9    34.8    48.9   0.055   0.083   0.070   0.088   0.101    24.9    23.6    23.9    23.7    23.2
12987 20240310  2.622  -98.06   26.53    23.5     9.8    16.6    16.0     0.0    16.41 C    42.5     7.4    20.4    84.4    34.8    59.5   0.051   0.082   0.070   0.087   0.100    23.3    22.6    23.1    23.1    23.0
12987 20240311  2.622  -98.06   26.53    25.8    10.3    18.0    18.4     0.0     9.53 C    47.4     8.6    20.3    95.7    46.5    72.8   0.050   0.081   0.068   0.086   0.099    21.7    21.7    22.4    22.7    22.8
12987 20240312  2.622  -98.06   26.53    28.0    16.6    22.3    22.2     0.0    12.89 C    44.8    14.8    25.2    91.4    53.5    73.8   0.050   0.080   0.066   0.085   0.099    24.7    23.1    22.6    22.5    22.5
12987 20240313  2.622  -98.06   26.53    33.5    20.3    26.9    26.0     0.0    22.64 C    56.4    17.8    31.4    92.2    41.7    69.5   0.050   0.080   0.066   0.083   0.097    30.0    26.3    24.2    23.2    22.7
12987 20240314  2.622  -98.06   26.53    31.4    23.5    27.4    26.2     0.0    12.36 C    50.8    22.2    29.3    85.0    55.1    73.7   0.048   0.079   0.065   0.081   0.096    28.6    26.7    25.3    24.2    23.3
12987 20240315  2.622  -98.06   26.53    32.2    23.4    27.8    26.4     0.0    10.42 C    47.8    22.3    29.4    87.8    53.6    76.1   0.048   0.078   0.064   0.080   0.095    28.8    26.9    25.6    24.6    23.8
12987 20240316  2.622  -98.06   26.53    30.6    18.5    24.6    24.3    30.1    18.76 C    44.5    18.0    26.9    92.7    51.2    76.0   0.171   0.167   0.064   0.079   0.094    25.9    25.6    25.4    24.8    24.1
12987 20240317  2.622  -98.06   26.53    24.8    20.3    22.6    22.7     0.0     4.09 C    30.5    19.5    23.7    94.3    76.6    86.8   0.158   0.160   0.064   0.079   0.094    24.1    24.5    24.8    24.7    24.2
12987 20240318  2.622  -98.06   26.53    20.5    15.7    18.1    18.0     3.6     2.41 C    20.5    15.5    18.3    94.9    46.4    78.2   0.160   0.155   0.064   0.078   0.094    19.8    21.4    23.0    23.9    24.0
12987 20240319  2.622  -98.06   26.53    19.1    14.0    16.5    16.3     0.0     4.67 C    23.4    14.1    17.3    77.9    59.1    68.0   0.155   0.151   0.064   0.078   0.094    18.1    19.4    21.0    22.5    23.2
12987 20240320  2.622  -98.06   26.53    20.9    15.1    18.0    18.1     5.7     2.95 C    23.9    15.7    19.1    96.2    75.2    90.8   0.162   0.150   0.064   0.077   0.094    19.5    19.7    20.4    21.7    22.4
12987 20240321  2.622  -98.06   26.53    27.3    17.7    22.5    22.2     0.0    12.16 C    38.6    16.3    23.6    96.5    58.3    84.7   0.166   0.155   0.064   0.077   0.093    23.2    22.5    21.8    21.8    22.1
12987 20240322  2.622  -98.06   26.53    33.6    14.3    23.9    23.1     0.0    23.24 C    46.6    13.2    25.0    98.6    16.4    64.3   0.147   0.145   0.068   0.077   0.093    23.8    23.1    22.6    22.2    22.3
12987 20240323  2.622  -98.06   26.53    27.0    13.0    20.0    19.5     0.0    24.60 C    45.9    11.4    23.5    94.3    41.5    72.2   0.127   0.131   0.069   0.076   0.092    23.9    23.3    22.9    22.6    22.6
12987 20240324  2.622  -98.06   26.53    28.8    14.4    21.6    22.8     0.0    19.29 C    45.4    13.5    26.0    95.5    50.1    73.7   0.116   0.121   0.068   0.076   0.092    24.9    23.7    23.2    23.0    22.7
12987 20240325  2.622  -98.06   26.53    32.1    18.2    25.2    25.2     0.0    21.93 C    51.2    17.0    29.1    89.6    23.8    64.6   0.104   0.113   0.068   0.075   0.091    28.1    26.1    24.7    23.6    23.0
12987 20240326  2.622  -98.06   26.53    28.6    13.1    20.8    20.3     0.0    25.41 C    50.4    12.3    25.4    93.7    16.8    61.1   0.094   0.105   0.068   0.074   0.090    26.7    25.2    24.9    24.2    23.5
12987 20240327  2.622  -98.06   26.53    26.4    12.9    19.6    18.4     0.0    24.49 C    49.6    10.8    24.4    96.1    35.8    69.3   0.083   0.098   0.068   0.073   0.090    26.3    24.8    24.6    24.2    23.7
12987 20240328  2.622  -98.06   26.53    29.6     9.5    19.6    19.8     0.0    25.31 C    52.8     8.3    25.2    94.8    26.2    61.0   0.071   0.092   0.066   0.073   0.089    26.1    24.5    24.3    23.9    23.7
12987 20240329  2.622  -98.06   26.53    29.8    17.0    23.4    22.8     0.0    24.69 C    52.3    14.9    27.7    83.3    34.1    61.5   0.065   0.089   0.065   0.072   0.088    27.5    25.6    24.8    23.7    23.7
12987 20240330  2.622  -98.06   26.53    28.9    18.6    23.7    23.2     0.0    12.69 C    46.1    16.8    25.7    89.4    51.3    72.6   0.064   0.085   0.062   0.072   0.088    26.1    25.3    24.9    24.0    23.9
12987 20240331  2.622  -98.06   26.53    31.2    20.2    25.7    25.0     0.0    12.95 C    49.1    18.3    28.4    94.7    53.5    76.8   0.063   0.084   0.061   0.071   0.088    27.7    26.1    25.2    24.2    24.1
12987 20240401  2.622  -98.06   26.53    31.6    22.9    27.2    26.2     0.0    13.99 C    48.5    21.6    28.8    90.5    58.2    76.3   0.061   0.083   0.061   0.070   0.086    28.3    26.9    25.9    24.6    24.4
12987 20240402  2.622  -98.06   26.53    32.1    19.5    25.8    25.7     0.0    25.31 C    54.3    16.3    30.4    88.2    14.4    39.7   0.057   0.082   0.060   0.069   0.085    30.5    27.9    26.5    25.0    24.7
12987 20240403  2.622  -98.06   26.53    27.6     9.5    18.6    19.6     0.0    27.01 C    51.7     7.3    24.9    77.3    14.7    40.0   0.051   0.080   0.059   0.067   0.084    27.7    26.3    26.2    25.2    25.0
12987 20240404  2.622  -98.06   26.53    31.7     8.5    20.1    20.8     0.0    26.80 C    57.5     6.1    26.3    90.7    13.1    43.7   0.047   0.078   0.058   0.066   0.084    27.6    26.0    25.6    24.9    24.9
12987 20240405  2.622  -98.06   26.53    31.5    12.6    22.0    22.0     0.0    25.85 C    56.6     9.9    28.1    95.4    30.3    64.4   0.045   0.077   0.057   0.065   0.082    28.7    26.7    25.8    24.9    24.9
12987 20240406  2.622  -98.06   26.53    31.0    20.1    25.5    24.7     0.0    16.48 C    52.8    18.8    28.8    87.1    50.1    71.6   0.044   0.075   0.056   0.065   0.081    28.9    27.5    26.4    25.2    25.0
12987 20240407  2.622  -98.06   26.53    28.6    20.1    24.3    24.4     0.0     8.67 C    46.0    18.2    27.1    95.5    63.7    81.7   0.045   0.074   0.056   0.064   0.080    27.6    27.0    26.4    25.5    25.2
12987 20240408  2.622  -98.06   26.53    29.6    21.3    25.4    24.5     0.3     5.94 C    39.3    20.2    25.7    96.3    65.1    87.0   0.046   0.072   0.056   0.064   0.080    26.3    26.4    26.1    25.5    25.4
12987 20240409  2.622  -98.06   26.53    33.6    24.4    29.0    27.5     0.0    17.90 C    57.7    24.0    32.6    83.8    51.8    73.0   0.047   0.072   0.055   0.064   0.080    31.3    28.5    26.6    25.5    25.3
12987 20240410  2.622  -98.06   26.53    31.5    18.4    24.9    24.5     0.0    27.31 C    51.0    16.3    28.9    82.7    13.0    40.5   0.044   0.072   0.054   0.063   0.079    30.8    28.6    27.5    26.1    25.7
12987 20240411  2.622  -98.06   26.53    32.3    11.8    22.0    22.4     0.0    27.38 C    59.1     8.7    28.6    71.9    12.8    39.8   0.041   0.070   0.053   0.063   0.078    30.3    28.0    27.1    26.1    25.9
12987 20240412  2.622  -98.06   26.53    31.7    11.1    21.4    22.3     0.0    25.03 C    57.0     9.5    28.1    91.6    17.1    50.8   0.039   0.069   0.052   0.062   0.077    29.5    27.9    27.2    26.1    25.9
12987 20240413  2.622  -98.06   26.53    30.8    17.5    24.1    23.7     0.0    23.02 C    53.9    15.1    29.6    83.6    39.3    62.4   0.038   0.067   0.051   0.062   0.077    30.6    28.7    27.4    26.2    26.0
12987 20240414  2.622  -98.06   26.53    33.6    20.3    27.0    25.7     0.0    24.13 C    59.5    18.8    32.7    90.3    42.0    68.6   0.038   0.067   0.050   0.061   0.076    32.6    29.9    28.0    26.7    26.2
12987 20240415  2.622  -98.06   26.53    33.4    23.2    28.3    26.7     0.0    20.14 C    58.0    23.0    32.7    83.7    46.8    69.3   0.038   0.066   0.050   0.061   0.076    32.2    30.4    28.7    27.1    26.5
12987 20240416  2.622  -98.06   26.53    33.5    23.6    28.6    27.2     0.0    14.56 C    52.6    22.3    31.8    87.2    48.1    72.4   0.039   0.065   0.049   0.061   0.076    31.7    30.2    28.8    27.6    26.9
12987 20240417  2.622  -98.06   26.53    34.8    24.2    29.5    27.9     0.0    16.90 C    58.5    24.0    33.5    87.5    43.1    70.8   0.039   0.064   0.049   0.060   0.076    33.6    31.1    29.2    27.7    27.1
12987 20240418  2.622  -98.06   26.53    32.4    24.4    28.4    26.9     0.0    12.34 C    56.0    23.5    31.1    86.0    49.6    74.0   0.039   0.065   0.048   0.060   0.076    31.9    30.7    29.5    27.9    27.4
12987 20240419  2.622  -98.06   26.53    34.3    23.5    28.9    27.5     0.0    18.80 C    59.5    21.9    33.3    88.2    44.6    70.9   0.039   0.063   0.048   0.060   0.075    33.7    31.2    29.5    28.2    27.6
12987 20240420  2.622  -98.06   26.53    34.1    23.5    28.8    27.4     0.0    16.84 C    58.8    23.1    33.0    90.8    42.0    71.6   0.038   0.063   0.048   0.059   0.075    33.4    31.4    29.9    28.5    27.8
12987 20240421  2.622  -98.06   26.53    24.5    16.4    20.4    18.6     0.0     3.01 C    25.7    17.8    21.1    91.0    67.8    82.6   0.038   0.062   0.047   0.059   0.075    24.8    27.3    28.8    28.6    28.0
12987 20240422  2.622  -98.06   26.53    22.9    16.2    19.5    19.0     0.0     4.58 C    33.6    17.2    21.2    87.3    59.8    73.1   0.039   0.062   0.047   0.059   0.074    23.3    24.8    26.3    26.6    27.5
12987 20240423  2.622  -98.06   26.53    28.7    17.1    22.9    23.3     0.0     8.71 C    44.9    15.1    26.4    90.4    61.4    76.0   0.039   0.060   0.047   0.058   0.074    26.6    26.1    25.9    26.4    26.7
12987 20240424  2.622  -98.06   26.53    32.5    21.8    27.1    25.9     0.0    14.01 C    53.9    20.7    29.9    92.3    49.7    75.3   0.040   0.062   0.047   0.058   0.074    30.1    28.3    26.9    26.6    26.5
12987 20240425  2.622  -98.06   26.53    32.2    22.8    27.5    26.6     0.0    13.18 C    50.7    21.6    30.1    92.4    52.8    74.6   0.039   0.061   0.047   0.058   0.074    30.1    28.8    27.7    27.1    26.6
12987 20240426  2.622  -98.06   26.53    33.4    24.5    29.0    27.4     0.0    14.25 C    56.4    23.5    31.6    87.5    43.2    70.9   0.039   0.062   0.047   0.058   0.074    31.2    29.5    28.1    27.4    26.8
12987 20240427  2.622  -98.06   26.53    34.0    24.8    29.4    28.1     0.0    17.21 C    57.7    23.3    33.5    82.5    48.6    69.6   0.038   0.062   0.047   0.058   0.074    33.0    30.6    28.8    27.7    27.1
12987 20240428  2.622  -98.06   26.53    36.5    25.2    30.9    28.8     0.0    15.13 C    58.2    24.1    34.0    81.8    37.6    68.6   0.038   0.062   0.047   0.058   0.074    33.8    31.4    29.5    28.0    27.4
12987 20240429  2.622  -98.06   26.53    34.3    24.4    29.3    28.0     0.0    15.07 C    54.9    23.8    33.3    90.5    43.2    72.0   0.038   0.062   0.047   0.058   0.074    33.8    31.7    30.1    28.4    27.8
12987 20240430  2.622  -98.06   26.53    33.6    23.8    28.7    27.6     0.0    15.77 C    56.5    23.1    33.2    84.2    51.2    71.6   0.037   0.061   0.047   0.058   0.074    33.8    31.7    30.3    28.7    28.1
12987 20240501  2.622  -98.06   26.53    33.8    24.8    29.3    28.4     0.0    14.96 C    52.1    24.1    32.9    88.4    49.3    71.0   0.037   0.061   0.047   0.058   0.074    33.2    31.6    30.4    28.9    28.4
12987 20240502  2.622  -98.06   26.53    33.4    26.2    29.8    28.2     0.0    12.32 C    54.2    25.3    32.5    86.5    58.9    76.5   0.037   0.061   0.047   0.057   0.073    32.8    31.5    30.3    29.0    28.5
12987 20240503  2.622  -98.06   26.53    34.2    26.1    30.2    28.4     0.0    13.14 C    59.0    26.2    33.2    88.2    50.8    76.0   0.038   0.061   0.046   0.057   0.073    33.9    32.1    30.6    29.2    28.7
12987 20240504  2.622  -98.06   26.53    31.3    24.0    27.6    27.3     0.0     6.58 C    45.5    23.0    29.6    91.1    55.6    75.6   0.038   0.060   0.046   0.057   0.073    30.7    30.5    30.3    29.3    28.8
12987 20240505  2.622  -98.06   26.53    33.4    24.4    28.9    27.7     0.0    10.15 C    55.1    23.5    30.3    90.2    47.4    74.8   0.039   0.060   0.046   0.057   0.073    30.8    30.2    29.7    29.0    28.7
12987 20240506  2.622  -98.06   26.53    34.4    25.8    30.1    28.2     0.0    11.44 C    55.5    25.2    32.0    85.0    48.4    73.8   0.039   0.060   0.046   0.057   0.073    32.0    30.6    29.7    28.9    28.6
12987 20240507  2.622  -98.06   26.53    36.2    24.9    30.6    29.1     0.0    10.68 C    55.1    23.8    32.6    90.6    48.5    74.1   0.038   0.060   0.046   0.057   0.073    32.9    31.3    30.1    29.0    28.7
12987 20240508  2.622  -98.06   26.53    39.3    24.3    31.8    30.7     0.0    18.53 C    64.1    23.4    36.8    93.1    38.7    69.8   0.038   0.060   0.046   0.057   0.073    36.2    32.8    30.8    29.2    28.8
12987 20240509  2.622  -98.06   26.53    44.3    25.9    35.1    32.4     0.0    22.66 C    67.5    24.6    39.4    90.3    18.2    64.9   0.036   0.061   0.046   0.057   0.073    39.1    34.9    32.2    30.0    29.2
12987 20240510  2.622  -98.06   26.53    34.0    25.2    29.6    29.0     0.0    13.16 C    54.5    24.4    33.6    94.3    50.3    73.3   0.036   0.060   0.046   0.057   0.073    35.1    33.7    32.6    30.6    29.7
12987 20240511  2.622  -98.06   26.53    34.3    24.5    29.4    28.3     0.2    12.59 C    52.2    23.8    32.2    92.7    51.2    74.7   0.036   0.060   0.046   0.057   0.073    33.2    32.5    31.8    30.6    30.0
12987 20240512  2.622  -98.06   26.53    36.5    23.9    30.2    29.4     0.0    20.47 C    61.9    23.1    36.0    94.4    38.6    68.9   0.037   0.060   0.046   0.057   0.073    35.6    33.1    31.7    30.4    29.9
12987 20240513  2.622  -98.06   26.53    39.1    21.9    30.5    29.1     4.1    20.71 C    64.4    22.4    36.6    95.8    34.5    73.1   0.037   0.060   0.045   0.057   0.073    36.1    34.1    32.5    30.7    30.0
12987 20240514  2.622  -98.06   26.53    35.5    20.9    28.2    26.9     0.0    26.02 C    60.0    20.2    33.2    95.3    25.9    64.2   0.051   0.060   0.045   0.057   0.073    32.8    32.2    31.9    30.8    30.2
12987 20240515  2.622  -98.06   26.53    35.9    21.9    28.9    28.2     0.0    20.76 C    59.7    20.1    34.3    96.9    42.3    75.2   0.052   0.061   0.045   0.057   0.073    33.8    32.0    31.5    30.6    30.2
12987 20240516  2.622  -98.06   26.53    36.3    26.3    31.3    29.6     0.0    11.51 C    55.9    25.5    33.2    91.1    49.8    75.3   0.049   0.062   0.045   0.057   0.073    33.1    32.0    31.5    30.4    30.1
12987 20240517  2.622  -98.06   26.53    31.3    21.2    26.2    26.0     1.1    11.59 C    46.1    22.1    29.7    93.3    57.2    76.8   0.046   0.062   0.045   0.057   0.073    30.5    30.6    30.9    30.3    30.0
12987 20240518  2.622  -98.06   26.53    38.2    21.9    30.1    28.4     0.0    22.91 C    64.6    21.5    36.4    93.3    35.1    71.3   0.045   0.062   0.045   0.057   0.073    36.2    32.5    30.9    29.9    29.8
12987 20240519  2.622  -98.06   26.53    39.4    23.7    31.5    29.5     0.0    22.85 C    65.2    22.5    36.9    97.5    25.4    71.4   0.040   0.062   0.045   0.056   0.072    37.1    33.8    32.2    30.5    29.9
12987 20240520  2.622  -98.06   26.53    39.0    23.8    31.4    30.1     0.0    21.77 C    64.9    22.7    37.3    96.0    37.1    71.8   0.038   0.061   0.045   0.056   0.072    37.4    34.5    32.8    31.1    30.2
12987 20240521  2.622  -98.06   26.53    38.2    26.8    32.5    31.3     0.0    21.61 C    64.6    26.2    38.5    90.7    41.7    68.5   0.037   0.060   0.045   0.056   0.072    38.2    35.3    33.4    32.0    30.6
12987 20240522  2.622  -98.06   26.53    38.3    27.7    33.0    31.7     0.0    22.75 C    63.9    27.7    39.1    84.4    39.4    64.5   0.036   0.060   0.045   0.057   0.072    38.8    35.9    33.8    32.3    31.0
12987 20240523  2.622  -98.06   26.53    37.8    27.4    32.6    31.5     0.0    23.89 C    63.7    27.1    39.2    86.1    38.5    65.6   0.035   0.060   0.045   0.057   0.072    38.8    36.2    34.2    32.8    31.3
12987 20240524  2.622  -98.06   26.53    38.7    27.5    33.1    32.0     0.0    24.18 C    64.9    27.0    40.1    86.2    41.4    65.9   0.035   0.059   0.045   0.056   0.072    39.6    36.8    34.5    33.1    31.6
12987 20240525  2.622  -98.06   26.53    39.4    27.8    33.6    32.1     0.0    24.93 C    65.1    27.4    39.9    86.8    35.6    64.8   0.034   0.059   0.045   0.056   0.072    39.8    37.2    35.0    33.5    31.9
12987 20240526  2.622  -98.06   26.53    38.9    27.8    33.4    32.3     0.0    20.76 C    64.3    27.7    39.6    85.4    45.6    67.7   0.034   0.058   0.045   0.056   0.072    39.4    37.1    35.1    33.6    32.2
12987 20240527  2.622  -98.06   26.53    37.8    23.4    30.6    30.5     1.9    14.00 C    59.7    24.3    35.8    90.5    48.0    74.4   0.034   0.058   0.045   0.056   0.072    37.0    36.2    35.0    33.6    32.5
12987 20240528  2.622  -98.06   26.53    40.0    22.3    31.2    30.3     2.2    23.11 C    62.1    22.8    35.7    86.2    38.7    67.1   0.038   0.058   0.044   0.056   0.072    35.4    34.8    34.1    33.2    32.4
12987 20240529  2.622  -98.06   26.53    35.4    21.9    28.7    28.2     6.5    21.16 C    54.8    22.8    32.9    94.1    45.3    70.6   0.112   0.063   0.044   0.056   0.072    32.2    32.8    33.4    32.8    32.2
12987 20240530  2.622  -98.06   26.53    37.5    25.3    31.4    30.4     0.0    22.17 C    58.7    25.1    36.2    94.8    39.2    71.7   0.099   0.068   0.044   0.056   0.072    34.9    33.6    33.2    32.3    31.9
12987 20240531  2.622  -98.06   26.53    35.6    27.1    31.3    29.9     0.0    16.83 C    53.1    26.2    34.1    86.2    48.6    71.7   0.088   0.071   0.044   0.056   0.072    34.4    33.2    33.3    32.4    31.9
12987 20240601  2.622  -98.06   26.53    38.3    26.9    32.6    31.1     0.0    23.28 C    62.9    26.7    37.9    90.1    38.9    69.5   0.074   0.073   0.044   0.056   0.072    36.8    34.3    33.5    32.5    31.8
12987 20240602  2.622  -98.06   26.53    38.0    27.3    32.6    31.6     0.0    22.66 C    62.6    26.3    38.3    87.0    36.5    64.8   0.063   0.074   0.044   0.056   0.072    37.1    34.9    34.1    32.4    31.9
12987 20240603  2.622  -98.06   26.53    37.8    28.3    33.1    31.9     0.0    23.73 C    63.3    27.4    39.4    84.6    42.1    65.4   0.055   0.074   0.044   0.056   0.072    38.1    35.6    34.4    32.6    32.1
12987 20240604  2.622  -98.06   26.53    37.5    28.3    32.9    31.9     0.0    20.10 C    62.3    27.1    38.3    84.9    45.6    66.9   0.047   0.073   0.044   0.056   0.072    37.5    35.6    34.6    33.0    32.3
12987 20240605  2.622  -98.06   26.53    39.7    26.8    33.2    31.9     0.0    23.73 C    64.7    26.2    39.4    88.8    39.0    68.2   0.043   0.070   0.044   0.056   0.072    39.0    36.4    34.8    33.0    32.4
12987 20240606  2.622  -98.06   26.53    38.0    25.7    31.8    30.7     0.0    17.73 C    60.2    25.3    36.6    94.4    44.0    71.5   0.041   0.068   0.044   0.056   0.072    37.5    35.7    34.9    33.6    32.6
12987 20240607  2.622  -98.06   26.53    39.4    24.4    31.9    30.3     0.0    23.31 C    65.7    23.7    37.9    95.4    30.8    68.0   0.039   0.066   0.044   0.056   0.072    38.4    35.9    34.8    33.5    32.7
12987 20240608  2.622  -98.06   26.53    38.2    22.7    30.5    30.0     0.0    23.65 C    67.5    22.3    37.5    93.3    34.0    65.6   0.037   0.064   0.044   0.056   0.072    38.2    36.0    34.9    33.9    32.8
12987 20240609  2.622  -98.06   26.53    39.2    24.8    32.0    31.1     0.0    20.60 C    65.6    23.9    38.1    90.4    34.1    63.8   0.036   0.063   0.044   0.056   0.072    38.2    36.0    34.9    34.0    32.9
12987 20240610  2.622  -98.06   26.53    38.3    25.0    31.7    30.6     1.4    21.38 C    64.1    24.6    37.8    92.2    35.8    67.1   0.035   0.062   0.044   0.056   0.072    37.7    36.2    35.0    34.1    33.0
12987 20240611  2.622  -98.06   26.53    39.4    24.8    32.1    30.6     0.0    21.42 C    67.2    24.2    36.7    95.7    31.1    66.9   0.036   0.061   0.044   0.056   0.072    37.0    35.4    34.6    33.9    33.0
12987 20240612  2.622  -98.06   26.53    39.2    23.8    31.5    30.6     0.0    20.30 C    66.7    23.1    37.5    94.1    31.7    65.4   0.035   0.060   0.044   0.056   0.072    37.8    35.7    34.6    33.8    33.0
12987 20240613  2.622  -98.06   26.53    39.7    24.5    32.1    31.1     0.0    21.67 C    67.9    24.0    38.4    91.9    30.5    62.7   0.035   0.060   0.044   0.056   0.071    38.7    36.3    34.9    34.0    33.0
12987 20240614  2.622  -98.06   26.53    39.6    24.0    31.8    30.7     0.0    23.61 C    68.1    23.5    38.4    92.4    31.7    62.7   0.034   0.059   0.044   0.056   0.071    38.9    36.6    35.1    34.2    33.1
12987 20240615  2.622  -98.06   26.53    38.2    24.0    31.1    30.4     0.0    21.80 C    65.7    23.7    37.5    88.3    33.8    62.5   0.033   0.058   0.044   0.056   0.071    38.1    36.3    35.2    34.3    33.2
12987 20240616  2.622  -98.06   26.53    38.8    23.6    31.2    30.7     0.0    25.75 C    69.6    23.3    39.0    92.5    33.2    63.1   0.033   0.058   0.044   0.056   0.071    39.4    36.9    35.2    34.3    33.2
12987 20240617  2.622  -98.06   26.53    37.8    24.8    31.3    30.6     0.0    21.96 C    65.0    24.6    37.7    89.7    40.7    65.9   0.033   0.058   0.044   0.056   0.071    38.5    36.8    35.5    34.5    33.4
12987 20240618  2.622  -98.06   26.53    35.1    25.3    30.2    29.3     0.0    17.00 C    58.0    24.6    34.7    88.4    45.4    68.5   0.033   0.057   0.044   0.056   0.071    36.1    35.6    35.0    34.4    33.5
12987 20240619  2.622  -98.06   26.53    26.8    25.1    25.9    25.9    92.6     2.26 C    29.3    25.5    26.7    95.6    86.9    93.5   0.165   0.141   0.056   0.056   0.071    27.7    30.7    32.9    33.7    33.3
12987 20240620  2.622  -98.06   26.53    33.5    25.0    29.2    28.4    10.3    18.60 C    42.5    25.4    29.8    93.5    56.9    81.9   0.195   0.202   0.124   0.076   0.074    29.9    30.0    30.5    31.5    32.1
12987 20240621  2.622  -98.06   26.53    34.8    24.5    29.6    28.7     0.0    24.62 C    49.9    24.6    32.3    94.0    45.8    73.9   0.159   0.172   0.121   0.122   0.096    30.9    30.7    30.9    31.2    31.4
12987 20240622  2.622  -98.06   26.53    31.6    23.9    27.8    27.1    23.1    15.31 C    44.0    24.8    29.6    95.2    59.2    83.0   0.168   0.167   0.115   0.125   0.125    29.5    30.0    30.8    31.2    31.3
12987 20240623  2.622  -98.06   26.53    34.6    25.1    29.8    28.8     0.3    21.19 C    47.4    25.2    32.0    95.8    52.3    77.8   0.175   0.186   0.125   0.131   0.140    30.7    30.6    30.6    30.9    31.0
12987 20240624  2.622  -98.06   26.53    34.9    25.4    30.2    29.1     0.9    21.05 C    52.6    25.3    32.9    94.7    53.3    79.0   0.147   0.160   0.119   0.133   0.150    31.0    31.3    31.0    31.1    31.0
12987 20240625  2.622  -98.06   26.53    36.0    25.5    30.7    29.8     0.0    22.44 C    54.7    25.2    33.8    95.8    47.0    76.0   0.131   0.146   0.112   0.130   0.149    31.9    31.9    31.4    31.2    31.0
12987 20240626  2.622  -98.06   26.53    36.4    25.7    31.1    30.0     0.0    23.75 C    55.1    25.5    34.7    93.8    46.5    74.0   0.110   0.131   0.106   0.125   0.147    32.9    32.6    31.9    31.5    31.2
12987 20240627  2.622  -98.06   26.53    36.8    24.7    30.8    29.9     0.0    24.92 C    56.4    24.6    35.1    95.8    46.5    73.8   0.092   0.116   0.099   0.120   0.144    34.0    33.3    32.5    31.8    31.4
12987 20240628  2.622  -98.06   26.53    36.1    26.0    31.0    30.5     0.0    21.85 C    53.8    25.9    34.9    94.6    48.7    72.9   0.078   0.105   0.091   0.114   0.139    34.0    33.5    32.8    32.3    31.7
12987 20240629  2.622  -98.06   26.53    36.0    26.5    31.3    30.5     0.0    24.69 C    54.3    25.7    35.1    90.9    44.3    69.9   0.068   0.098   0.083   0.106   0.134    34.7    34.1    33.0    32.2    31.9
12987 20240630  2.622  -98.06   26.53    34.3    25.4    29.9    29.5     0.0    23.58 C    51.1    25.0    33.8    93.0    50.2    73.6   0.063   0.092   0.073   0.099   0.127    34.5    33.9    33.2    32.6    32.1
12987 20240701  2.622  -98.06   26.53    35.2    24.6    29.9    29.4     0.0    22.26 C    51.4    24.6    33.5    93.8    48.5    74.1   0.059   0.089   0.066   0.093   0.121    34.2    33.9    33.2    32.7    32.2
12987 20240702  2.622  -98.06   26.53 -9999.0 -9999.0 -9999.0 -9999.0 -9999.0 -9999.00 U -9999.0 -9999.0 -9999.0 -9999.0 -9999.0 -9999.0 -99.000 -99.000 -99.000 -99.000 -99.000 -9999.0 -9999.0 -9999.0 -9999.0 -9999.0
