54796 20240101  2.622  -71.54   41.49     6.6    -3.0     1.8     1.6     0.0     5.71 C    15.3    -4.9     2.2    94.6    50.0    76.1   0.321   0.306   0.296   0.370   0.124     5.3     5.4     5.9     6.9     7.9
54796 20240102  2.622  -71.54   41.49     4.3    -6.0    -0.9    -1.7     0.0     8.86 C    10.5    -9.0    -1.7    93.1    37.7    71.6   0.319   0.305   0.294   0.368   0.120     3.7     4.1     5.1     6.6     7.9
54796 20240103  2.622  -71.54   41.49     5.9    -5.8     0.0     0.2     0.0     8.49 C    12.5    -7.6     0.6    95.0    51.7    74.4   0.318   0.303   0.292   0.368   0.115     2.7     3.1     4.1     6.0     7.7
54796 20240104  2.622  -71.54   41.49     6.6    -2.5     2.1     1.9     0.0     5.18 C    13.2    -4.7     1.9    87.5    41.9    66.1   0.317   0.302   0.291   0.367   0.113     3.6     3.7     4.2     5.7     7.5
54796 20240105  2.622  -71.54   41.49     2.1    -6.9    -2.4    -3.0     0.0     9.01 C     7.8    -9.0    -3.1    91.1    37.8    55.5   0.315   0.301   0.289   0.366   0.110     2.4     2.8     3.9     5.5     7.3
54796 20240106  2.622  -71.54   41.49     1.8    -8.0    -3.1    -2.3     5.0     3.73 C     4.1    -9.9    -2.7    93.7    54.8    79.3   0.314   0.300   0.288   0.365   0.108     1.5     1.9     3.0     5.1     7.2
54796 20240107  2.622  -71.54   41.49     1.4    -3.7    -1.1    -0.5    18.8     1.43 C     1.2    -5.6    -1.2    95.8    82.5    91.1   0.345   0.330   0.311   0.370   0.115     1.8     2.0     2.8     4.6     6.9
54796 20240108  2.622  -71.54   41.49     2.4    -8.4    -3.0    -2.4     0.0     9.67 C     5.6   -10.9    -3.8    97.4    57.1    81.9   0.334   0.319   0.309   0.375   0.133     2.1     2.2     2.9     4.4     6.6
54796 20240109  2.622  -71.54   41.49     9.7    -9.4     0.1     0.0    36.7     2.91 C     9.1   -11.9    -1.4    96.1    71.4    89.8   0.354   0.334   0.322   0.376   0.133     1.7     1.9     2.7     4.3     6.4
54796 20240110  2.622  -71.54   41.49    13.1     5.4     9.2     9.6    47.1     4.97 C    13.6     3.0     8.9    94.6    42.9    70.6   0.384   0.360   0.358   0.402   0.155     6.3     5.7     5.0     4.5     5.6
54796 20240111  2.622  -71.54   41.49     6.7     0.7     3.7     4.2     0.0     3.37 C    13.5    -1.2     3.4    83.6    48.2    62.3   0.337   0.317   0.307   0.380   0.134     4.8     4.8     5.0     5.2     5.7
54796 20240112  2.622  -71.54   41.49     8.7    -3.6     2.5     3.5     0.0     8.79 C    15.6    -5.9     3.4    96.9    39.5    72.7   0.332   0.311   0.300   0.377   0.128     3.6     3.8     4.3     5.1     5.9
54796 20240113  2.622  -71.54   41.49    13.5     2.5     8.0     8.6    37.2     3.22 C    14.3     0.7     7.8    97.4    39.0    75.7   0.379   0.351   0.340   0.390   0.144     5.5     5.2     4.9     5.1     5.9
54796 20240114  2.622  -71.54   41.49     6.1    -3.5     1.3     1.3     0.5     5.22 C     8.0    -6.3     0.2    87.0    29.3    50.0   0.342   0.319   0.308   0.380   0.135     3.9     4.1     4.7     5.4     5.9
54796 20240115  2.622  -71.54   41.49    -0.2    -6.9    -3.5    -3.1     0.7     8.26 C     5.1    -9.0    -2.6    90.8    39.1    55.2   0.334   0.313   0.300   0.378   0.128     2.0     2.4     3.5     4.9     6.0
54796 20240116  2.622  -71.54   41.49     0.8    -5.3    -2.2    -2.0    15.1     0.45 C     0.1    -8.1    -2.2    96.5    75.0    90.6   0.345   0.320   0.306   0.377   0.126     1.9     2.1     2.9     4.4     6.0
54796 20240117  2.622  -71.54   41.49    -3.6    -8.2    -5.9    -6.2     0.0    11.48 C     1.7   -11.4    -6.9    78.2    42.4    63.9   0.342   0.319   0.307   0.380   0.132     1.6     1.9     2.6     4.1     5.8
54796 20240118  2.622  -71.54   41.49    -1.1    -9.4    -5.3    -4.4     0.0     7.23 C     1.3   -12.4    -5.3    76.9    44.1    57.4   0.335   0.314   0.302   0.378   0.128     1.1     1.4     2.2     3.8     5.6
54796 20240119  2.622  -71.54   41.49    -2.2    -6.5    -4.4    -3.9     0.2     2.72 C    -1.0    -9.2    -4.5    85.0    45.1    72.9   0.334   0.311   0.299   0.377   0.123     1.0     1.3     2.0     3.5     5.4
54796 20240120  2.622  -71.54   41.49    -6.1   -10.1    -8.1    -8.2     0.0    10.48 C     1.3   -12.4    -7.7    75.8    43.5    57.4   0.331   0.309   0.297   0.376   0.119     0.8     1.1     1.8     3.3     5.3
54796 20240121  2.622  -71.54   41.49    -2.4   -11.3    -6.9    -7.4     0.0    10.71 C     2.6   -13.7    -7.3    64.1    35.6    50.6   0.328   0.307   0.294   0.375   0.116     0.7     0.9     1.7     3.2     5.1
54796 20240122  2.622  -71.54   41.49     2.3   -11.0    -4.3    -2.7     0.0     9.89 C     5.0   -12.9    -3.0    77.6    34.5    54.5   0.342   0.304   0.292   0.373   0.112     0.6     0.8     1.5     3.0     4.9
54796 20240123  2.622  -71.54   41.49     4.4     0.2     2.3     2.0     2.0     3.72 C     8.2    -1.9     1.6    97.6    44.2    65.3   0.350   0.308   0.293   0.372   0.110     0.6     0.7     1.4     2.9     4.8
54796 20240124  2.622  -71.54   41.49     7.9     0.1     4.0     2.9     8.6     0.94 C     7.1    -0.1     2.5    97.8    90.0    96.2   0.342   0.317   0.300   0.374   0.112     0.9     0.9     1.5     2.8     4.6
54796 20240125  2.622  -71.54   41.49    12.4     3.2     7.8     8.8     5.1     2.53 C    14.6     2.4     8.4    97.8    79.0    89.5   0.357   0.335   0.319   0.381   0.133     3.5     3.0     2.6     2.9     4.5
54796 20240126  2.622  -71.54   41.49     5.6     3.4     4.5     4.4     6.1     1.68 C     6.5     3.2     4.4    97.8    87.9    94.1   0.349   0.330   0.313   0.381   0.140     3.9     3.7     3.6     3.6     4.5
54796 20240127  2.622  -71.54   41.49     4.0     2.3     3.1     3.2     0.0     2.08 C     5.4     2.3     3.5    97.0    78.4    88.5   0.339   0.324   0.306   0.380   0.138     4.0     3.9     3.9     4.0     4.7
54796 20240128  2.622  -71.54   41.49     3.5     1.6     2.5     2.6    26.2     1.06 C     3.4     1.2     2.4    95.0    82.1    92.8   0.376   0.350   0.329   0.382   0.142     3.6     3.6     3.8     4.2     4.8
54796 20240129  2.622  -71.54   41.49     3.1     0.8     2.0     1.7     0.0     4.39 C     6.3     0.5     1.7    92.0    66.1    76.3   0.355   0.337   0.320   0.382   0.146     3.1     3.1     3.5     4.2     4.9
54796 20240130  2.622  -71.54   41.49     0.8    -3.0    -1.1    -1.1     0.3     2.20 C     2.4    -3.0    -0.8    89.7    66.1    75.6   0.339   0.323   0.305   0.379   0.134     2.5     2.6     3.1     4.1     4.9
54796 20240131  2.622  -71.54   41.49     1.9    -2.9    -0.5    -0.5     0.0     3.86 C     6.5    -2.7     0.5    87.7    64.3    73.0   0.334   0.318   0.300   0.377   0.128     2.3     2.3     2.8     3.8     4.9
54796 20240201  2.622  -71.54   41.49     7.2    -0.1     3.6     3.3     0.0     5.32 C    12.2    -0.2     3.5    88.6    58.7    78.8   0.331   0.316   0.298   0.376   0.123     3.1     3.0     3.1     3.8     4.9
54796 20240202  2.622  -71.54   41.49     6.4     1.9     4.2     3.7     0.0     2.75 C     8.9     1.2     3.6    97.7    67.7    83.4   0.329   0.314   0.295   0.375   0.119     3.8     3.6     3.7     4.0     4.9
54796 20240203  2.622  -71.54   41.49     3.5    -2.4     0.5     0.9     0.0    11.24 C     9.2    -5.6     1.1    76.8    37.6    55.9   0.327   0.312   0.293   0.374   0.116     3.2     3.3     3.7     4.2     4.9
54796 20240204  2.622  -71.54   41.49     5.4    -5.2     0.1    -0.6     0.0    12.59 C    12.8    -7.7    -0.6    78.4    28.0    51.6   0.328   0.311   0.291   0.373   0.113     1.9     2.2     2.9     4.1     5.0
54796 20240205  2.622  -71.54   41.49     5.5    -3.9     0.8    -0.1     0.0    13.01 C    10.0    -7.1    -0.9    74.1    18.9    44.4   0.326   0.310   0.290   0.371   0.111     1.3     1.6     2.3     3.7     5.0
54796 20240206  2.622  -71.54   41.49     2.2    -4.5    -1.1    -0.8     0.0     6.40 C     4.9    -6.4    -1.4    90.7    44.0    64.2   0.325   0.309   0.289   0.371   0.108     0.9     1.2     2.0     3.4     4.8
54796 20240207  2.622  -71.54   41.49     5.2    -5.2     0.0    -0.2     0.0    10.73 C    10.9    -7.3    -0.5    94.1    54.4    76.9   0.324   0.307   0.287   0.370   0.105     1.0     1.1     1.7     3.1     4.7
54796 20240208  2.622  -71.54   41.49     7.8    -5.9     1.0     0.2     0.0    12.56 C    17.2    -7.7     0.9    97.3    43.2    79.4   0.324   0.307   0.287   0.368   0.104     1.2     1.3     1.8     3.0     4.5
54796 20240209  2.622  -71.54   41.49     8.1    -4.0     2.1     1.6     0.0     7.75 C    12.4    -6.0     1.1   100.0    67.6    89.4   0.323   0.306   0.286   0.368   0.102     1.5     1.5     1.9     3.0     4.4
54796 20240210  2.622  -71.54   41.49    13.0    -1.0     6.0     5.5     0.0     6.72 C    15.9    -1.7     5.1    99.7    55.8    83.4   0.323   0.306   0.286   0.367   0.102     2.6     2.4     2.4     3.1     4.4
54796 20240211  2.622  -71.54   41.49     8.1    -1.6     3.3     4.7     0.0     5.82 C    10.5    -3.9     3.6    99.3    47.1    68.9   0.323   0.305   0.284   0.366   0.100     3.2     3.1     3.1     3.5     4.4
54796 20240212  2.622  -71.54   41.49     7.7    -4.0     1.8     1.3     0.0    10.99 C    16.1    -6.3     1.8    95.5    49.9    77.5   0.322   0.305   0.283   0.366   0.098     2.8     2.7     3.0     3.7     4.5
54796 20240213  2.622  -71.54   41.49     2.7    -2.8    -0.1     0.5    23.9     0.77 C     1.9    -5.3    -0.2    96.1    61.5    86.0   0.322   0.303   0.282   0.365   0.098     2.6     2.6     3.0     3.7     4.5
54796 20240214  2.622  -71.54   41.49     0.2    -4.4    -2.1    -2.1     0.0    14.63 C     3.5    -7.8    -3.0    98.1    38.6    58.5   0.323   0.304   0.283   0.365   0.096     2.2     2.3     2.8     3.6     4.6
54796 20240215  2.622  -71.54   41.49     2.9    -6.5    -1.8    -1.6     0.7    14.24 C     6.7   -10.7    -2.1    92.7    26.3    52.6   0.323   0.304   0.283   0.365   0.098     1.5     1.7     2.3     3.5     4.6
54796 20240216  2.622  -71.54   41.49     3.4    -4.6    -0.6     0.6     0.0    14.02 C     6.1    -7.4    -0.8    89.7    35.2    58.9   0.323   0.305   0.283   0.365   0.098     1.7     1.7     2.2     3.3     4.5
54796 20240217  2.622  -71.54   41.49     1.1    -5.9    -2.4    -2.4     2.2     5.27 C     3.9   -11.5    -3.3    94.2    44.5    74.7   0.324   0.305   0.283   0.365   0.097     1.5     1.6     2.1     3.2     4.4
54796 20240218  2.622  -71.54   41.49     1.9   -12.9    -5.5    -3.1     0.0    14.10 C     2.9   -16.3    -5.5    85.6    38.4    54.5   0.323   0.305   0.283   0.365   0.096     1.2     1.4     2.0     3.1     4.3
54796 20240219  2.622  -71.54   41.49     2.2    -9.1    -3.5    -2.4     0.0    15.70 C     6.8   -11.7    -3.9    90.1    24.3    48.6   0.322   0.304   0.282   0.365   0.096     0.9     1.0     1.7     2.9     4.2
54796 20240220  2.622  -71.54   41.49     1.1   -10.0    -4.4    -4.4     0.0    15.79 C     6.1   -12.6    -5.2    89.8    31.5    52.5   0.329   0.303   0.281   0.365   0.096     0.7     0.8     1.5     2.7     4.1
54796 20240221  2.622  -71.54   41.49     2.5   -11.9    -4.7    -3.6     0.0    13.12 C     8.9   -12.8    -3.7    95.1    53.5    76.3   0.343   0.303   0.280   0.364   0.095     0.5     0.7     1.3     2.6     4.1
54796 20240222  2.622  -71.54   41.49     3.1   -10.2    -3.5    -1.4     0.4    14.43 C     7.7   -11.1    -1.1    95.7    63.3    81.6   0.343   0.313   0.281   0.364   0.095     0.4     0.6     1.2     2.4     3.9
54796 20240223  2.622  -71.54   41.49     8.8     2.1     5.4     4.9     5.3     4.71 C    13.9     1.0     4.8    98.3    77.7    92.2   0.362   0.341   0.304   0.368   0.099     0.4     0.5     1.1     2.3     3.9
54796 20240224  2.622  -71.54   41.49     5.6    -4.4     0.6     2.1     0.0     8.63 C    11.4    -6.0     2.3    97.8    28.8    65.1   0.364   0.342   0.320   0.379   0.128     1.0     0.9     1.2     2.2     3.7
54796 20240225  2.622  -71.54   41.49     1.0    -9.4    -4.2    -3.7     0.0    16.41 C    12.4   -11.4    -2.1    84.1    26.3    52.4   0.352   0.325   0.308   0.379   0.135     0.6     0.7     1.2     2.3     3.7
54796 20240226  2.622  -71.54   41.49     9.7    -4.5     2.6     3.8     0.2    11.19 C    14.4    -6.8     3.2    99.2    57.4    78.0   0.348   0.326   0.303   0.378   0.130     1.0     0.9     1.2     2.2     3.6
54796 20240227  2.622  -71.54   41.49    13.7    -0.7     6.5     6.8     9.9    12.24 C    19.2    -2.1     7.9    99.9    62.8    88.5   0.337   0.319   0.301   0.377   0.127     2.8     2.4     2.1     2.5     3.6
54796 20240228  2.622  -71.54   41.49    11.6     4.0     7.8    10.4    32.7     0.84 C    11.2     3.8    10.0    96.4    84.6    93.3   0.396   0.363   0.346   0.385   0.148     6.2     5.5     4.5     3.5     3.7
54796 20240229  2.622  -71.54   41.49     4.0    -3.1     0.4    -0.4     1.9    13.78 C    13.2    -5.6     0.6    90.1    31.6    48.4   0.365   0.342   0.325   0.383   0.147     4.8     4.8     4.8     4.5     3.9
54796 20240301  2.622  -71.54   41.49     4.3    -5.6    -0.7    -0.1     0.0    17.23 C    14.2    -7.8     0.9    83.5    37.3    54.9   0.343   0.323   0.305   0.379   0.134     3.0     3.1     3.6     4.3     4.2
54796 20240302  2.622  -71.54   41.49     9.2    -0.8     4.2     5.9    51.8     2.80 C     9.9    -2.1     5.7    94.8    76.5    89.0   0.364   0.341   0.323   0.384   0.132     3.9     3.6     3.6     4.0     4.3
54796 20240303  2.622  -71.54   41.49    16.5     4.4    10.5     9.9     2.7    12.91 C    24.2     2.3    10.9    98.7    54.2    84.4   0.373   0.350   0.335   0.389   0.147     6.9     6.2     5.4     4.6     4.3
54796 20240304  2.622  -71.54   41.49    12.7     0.7     6.7     6.5     0.3    13.05 C    20.9    -0.7     7.4    98.5    65.9    86.8   0.343   0.323   0.305   0.380   0.133     6.5     6.2     5.8     5.3     4.6
54796 20240305  2.622  -71.54   41.49     8.2     4.4     6.3     6.2     9.3     2.44 C     8.9     4.4     6.5    98.0    94.3    96.0   0.348   0.326   0.305   0.378   0.128     6.4     6.2     6.0     5.6     4.9
54796 20240306  2.622  -71.54   41.49     9.2     6.7     8.0     7.5    23.1     3.17 C    12.1     6.7     8.1    98.0    91.7    95.9   0.355   0.333   0.311   0.380   0.133     6.9     6.6     6.2     5.8     5.1
54796 20240307  2.622  -71.54   41.49    12.1     5.2     8.6     7.2    19.9     4.02 C    11.4     4.0     7.0    96.7    66.8    86.2   0.386   0.362   0.346   0.389   0.151     7.2     7.0     6.7     6.3     5.4
54796 20240308  2.622  -71.54   41.49     9.7    -2.2     3.8     4.8     0.0    18.95 C    15.3    -3.7     5.2    91.7    39.2    60.3   0.347   0.327   0.307   0.380   0.135     6.0     5.9     6.1     6.2     5.6
54796 20240309  2.622  -71.54   41.49     6.0    -2.2     1.9     2.6    19.2     2.35 C     6.2    -3.7     2.6    94.5    77.6    86.8   0.344   0.323   0.302   0.377   0.127     4.8     5.0     5.4     6.0     5.8
54796 20240310  2.622  -71.54   41.49    11.2     2.6     6.9     7.8    28.9    12.07 C    19.0     1.2     8.7    97.2    49.7    71.2   0.382   0.361   0.346   0.392   0.148     6.6     6.1     5.8     5.7     5.7
54796 20240311  2.622  -71.54   41.49     7.3    -0.3     3.5     3.5     0.0    13.64 C    13.6    -1.3     4.1    72.6    32.9    49.5   0.345   0.325   0.306   0.380   0.133     5.6     5.6     5.8     6.0     5.8
54796 20240312  2.622  -71.54   41.49    14.5    -1.9     6.3     6.3     0.0    19.42 C    20.8    -4.6     6.5    86.2    25.2    47.5   0.338   0.318   0.299   0.377   0.126     5.3     5.1     5.3     5.8     5.8
54796 20240313  2.622  -71.54   41.49    12.9    -2.1     5.4     4.8     0.0    19.09 C    22.7    -4.4     6.2    92.8    34.0    65.9   0.334   0.315   0.295   0.375   0.121     5.7     5.5     5.5     5.8     5.8
54796 20240314  2.622  -71.54   41.49    16.4     0.4     8.4     8.5     0.0    18.82 C    26.8    -0.3    10.5    96.9    47.6    74.7   0.330   0.312   0.292   0.374   0.116     6.9     6.5     6.1     6.0     5.8
54796 20240315  2.622  -71.54   41.49    16.1     3.7     9.9     8.4     0.0     9.80 C    24.0     0.9     9.5    92.7    55.0    78.3   0.328   0.310   0.289   0.371   0.113     7.8     7.4     7.0     6.5     5.9
54796 20240316  2.622  -71.54   41.49    12.8     0.5     6.7     7.0     0.0    19.73 C    22.9    -1.4     8.9    97.2    51.2    76.9   0.326   0.308   0.287   0.370   0.109     7.7     7.3     7.1     6.8     6.1
54796 20240317  2.622  -71.54   41.49    15.3     1.5     8.4     8.8     0.4    14.29 C    21.2    -0.1     9.2    91.5    26.1    68.3   0.324   0.306   0.284   0.368   0.106     8.2     7.8     7.5     7.0     6.3
54796 20240318  2.622  -71.54   41.49    10.1     0.8     5.4     5.5     0.0    15.48 C    20.4    -2.2     6.5    86.6    27.0    52.1   0.323   0.304   0.282   0.366   0.103     7.6     7.4     7.4     7.2     6.5
54796 20240319  2.622  -71.54   41.49     7.6    -0.2     3.7     3.8     0.0    19.61 C    17.9    -3.0     5.2    67.9    26.7    46.7   0.321   0.303   0.280   0.364   0.100     6.6     6.5     6.8     7.1     6.6
54796 20240320  2.622  -71.54   41.49    12.0    -0.1     5.9     5.9     3.0    10.93 C    17.2    -2.0     6.1    91.6    30.6    63.3   0.320   0.301   0.278   0.363   0.097     6.7     6.6     6.7     6.9     6.7
54796 20240321  2.622  -71.54   41.49     4.3    -2.2     1.0     0.4     0.0    21.72 C    12.3    -4.3     1.8    55.3    26.0    39.6   0.323   0.303   0.279   0.362   0.095     5.7     5.7     6.2     6.8     6.7
54796 20240322  2.622  -71.54   41.49     4.3    -4.6    -0.1     0.5     0.0    20.72 C    17.2    -7.2     2.9    76.9    25.0    44.6   0.321   0.302   0.278   0.362   0.094     5.0     5.0     5.5     6.4     6.7
54796 20240323  2.622  -71.54   41.49    11.5     1.2     6.4     6.2    56.1     1.28 C    11.0     0.5     6.0    95.2    67.8    88.4   0.371   0.343   0.319   0.372   0.107     6.1     5.9     5.9     6.2     6.5
54796 20240324  2.622  -71.54   41.49     6.6    -2.2     2.2     1.6     0.0    17.83 C    12.4    -2.9     2.4    78.3    24.6    48.5   0.362   0.339   0.321   0.383   0.143     5.5     5.6     6.0     6.4     6.4
54796 20240325  2.622  -71.54   41.49     7.0     0.2     3.6     3.1     0.0    16.50 C    10.3    -1.4     3.3    69.4    41.2    57.0   0.342   0.323   0.304   0.378   0.131     4.6     4.7     5.3     6.1     6.4
54796 20240326  2.622  -71.54   41.49     4.9     2.2     3.6     3.4     0.0     5.55 C     6.9     1.9     3.7    95.1    62.2    81.7   0.336   0.318   0.298   0.376   0.125     4.5     4.5     5.0     5.8     6.3
54796 20240327  2.622  -71.54   41.49    15.9     3.8     9.8     8.4     1.3    12.48 C    25.1     3.6    10.4    96.3    59.2    84.8   0.333   0.315   0.295   0.375   0.120     6.5     6.0     5.6     5.8     6.3
54796 20240328  2.622  -71.54   41.49    11.2     7.7     9.4     9.4    47.1     1.43 C    12.1     7.6     9.5    97.1    90.9    95.0   0.385   0.357   0.332   0.380   0.132     8.0     7.6     7.1     6.5     6.2
54796 20240329  2.622  -71.54   41.49    11.8     3.4     7.6     6.4    10.9    13.23 C    18.0     1.4     7.3    92.6    29.7    65.3   0.379   0.357   0.337   0.385   0.151     8.0     7.7     7.6     7.1     6.4
54796 20240330  2.622  -71.54   41.49    13.5     3.2     8.3     7.4     0.0    23.45 C    21.1     1.0     8.9    80.1    28.1    49.5   0.344   0.326   0.306   0.379   0.135     7.7     7.4     7.3     7.2     6.7
54796 20240331  2.622  -71.54   41.49    14.8     2.1     8.4     8.5     0.0    20.53 C    23.4     0.3    10.0    89.4    33.5    57.5   0.335   0.317   0.296   0.376   0.126     8.6     8.2     7.9     7.4     6.8
54796 20240401  2.622  -71.54   41.49    10.7    -0.2     5.3     5.6     0.0     7.44 C    15.0    -1.2     5.8    96.8    51.1    77.7   0.333   0.314   0.293   0.374   0.120     7.8     7.7     7.7     7.7     7.0
54796 20240402  2.622  -71.54   41.49    10.3     0.5     5.4     5.5     7.6     5.79 C    14.0    -1.1     5.6    97.7    65.2    88.2   0.336   0.315   0.296   0.372   0.116     7.2     7.1     7.3     7.5     7.1
54796 20240403  2.622  -71.54   41.49     5.2     3.5     4.3     4.3    37.5     2.18 C     5.6     3.1     4.0    92.0    71.1    84.3   0.371   0.343   0.319   0.376   0.122     6.6     6.6     7.0     7.4     7.2
54796 20240404  2.622  -71.54   41.49     5.9     0.8     3.4     3.7    14.8     8.65 C    12.0    -0.9     4.3    93.5    69.3    85.2   0.390   0.364   0.348   0.387   0.150     6.0     5.9     6.2     6.9     7.2
54796 20240405  2.622  -71.54   41.49     8.6    -1.3     3.7     3.8     0.0    13.73 C    16.9    -3.5     4.8    92.8    47.3    70.4   0.349   0.327   0.311   0.380   0.134     6.1     6.0     6.2     6.7     7.1
54796 20240406  2.622  -71.54   41.49     7.9     1.5     4.7     4.5     3.6    11.89 C    13.8    -1.0     5.2    91.3    49.1    73.4   0.341   0.321   0.303   0.377   0.127     6.3     6.2     6.4     6.8     7.0
54796 20240407  2.622  -71.54   41.49     9.4    -0.1     4.7     5.0     0.0    12.48 C    14.0    -2.2     5.4    91.6    45.0    66.5   0.343   0.322   0.303   0.377   0.124     6.4     6.3     6.4     6.8     7.0
54796 20240408  2.622  -71.54   41.49    17.6    -2.4     7.6     8.1     0.0    20.52 C    27.0    -4.6     9.0    95.7    21.6    57.3   0.336   0.316   0.299   0.375   0.121     7.0     6.7     6.6     6.8     7.0
54796 20240409  2.622  -71.54   41.49    20.4     2.0    11.2    11.5     0.0    24.10 C    28.9     0.3    13.0    91.4    18.3    52.7   0.329   0.311   0.294   0.373   0.116     8.8     8.2     7.7     7.2     7.0
54796 20240410  2.622  -71.54   41.49    13.7     3.6     8.7     9.4     0.0    16.55 C    22.6     2.5    11.1    96.1    59.8    78.9   0.326   0.308   0.291   0.370   0.111     9.4     9.0     8.5     7.8     7.1
54796 20240411  2.622  -71.54   41.49    14.7     8.8    11.7    11.0     1.3     4.49 C    15.1     9.0    11.6    98.2    88.3    94.7   0.326   0.307   0.289   0.368   0.106    10.0     9.6     9.1     8.3     7.3
54796 20240412  2.622  -71.54   41.49    14.5     7.1    10.8    11.8    21.3     4.74 C    14.8     4.9    11.7    96.1    81.5    91.3   0.369   0.341   0.318   0.374   0.121    10.9    10.4     9.8     8.8     7.6
54796 20240413  2.622  -71.54   41.49    12.0     7.1     9.5     9.3     0.0    10.04 C    17.3     5.5     9.3    89.9    45.8    67.3   0.345   0.325   0.308   0.377   0.133    10.0     9.7     9.6     9.1     7.9
54796 20240414  2.622  -71.54   41.49    15.2     4.8    10.0     9.5     2.3    14.10 C    22.0     1.6     9.7    91.6    36.6    63.6   0.338   0.318   0.302   0.375   0.127     9.5     9.3     9.2     9.0     8.1
54796 20240415  2.622  -71.54   41.49    22.5     5.7    14.1    13.9     0.0    21.30 C    30.1     3.9    15.2    96.4    33.6    68.0   0.335   0.316   0.299   0.374   0.122    11.1    10.4     9.8     9.1     8.2
54796 20240416  2.622  -71.54   41.49    19.8     4.5    12.1    13.3     0.0    25.99 C    28.5     2.7    14.9    88.7    23.9    48.8   0.329   0.310   0.294   0.371   0.117    12.1    11.5    10.8     9.7     8.3
54796 20240417  2.622  -71.54   41.49    12.3     4.8     8.5     8.2     3.4    15.88 C    21.2     2.4     9.7    89.2    49.7    67.1   0.325   0.307   0.289   0.368   0.111    11.3    11.0    10.8    10.1     8.6
54796 20240418  2.622  -71.54   41.49     9.2     6.0     7.6     7.1     8.2     3.40 C    10.0     5.7     7.0    91.8    55.7    77.7   0.342   0.318   0.296   0.369   0.109    10.0    10.0    10.2    10.0     8.8
54796 20240419  2.622  -71.54   41.49    12.0     5.4     8.7     8.3     0.0    18.62 C    19.4     4.2    10.2    92.7    43.8    74.1   0.338   0.317   0.297   0.372   0.114    10.4    10.1     9.9     9.7     8.9
54796 20240420  2.622  -71.54   41.49    14.4     5.5     9.9     9.2     8.0     7.30 C    19.3     2.7     9.7    98.7    56.1    87.6   0.342   0.319   0.299   0.372   0.115    10.6    10.4    10.2     9.8     9.0
54796 20240421  2.622  -71.54   41.49    10.6    -0.7     4.9     6.1     0.0    15.36 C    16.5    -2.1     6.8    92.6    37.5    59.8   0.339   0.318   0.299   0.373   0.119    10.0     9.8     9.9     9.8     9.1
54796 20240422  2.622  -71.54   41.49    13.3    -1.5     5.9     6.3     0.0    27.46 C    24.4    -3.8     8.3    96.1    27.2    66.0   0.333   0.313   0.294   0.372   0.116     9.8     9.5     9.6     9.6     9.1
54796 20240423  2.622  -71.54   41.49    13.0    -0.8     6.1     6.2     0.0    26.79 C    21.1    -1.5     8.4   100.0    27.9    70.6   0.327   0.309   0.291   0.369   0.111    10.2     9.9     9.8     9.7     9.1
54796 20240424  2.622  -71.54   41.49    18.9     2.8    10.9    10.8     0.0    15.92 C    27.5     1.3    11.7    88.4    37.7    63.4   0.322   0.305   0.288   0.367   0.107    10.5    10.2    10.0     9.8     9.1
54796 20240425  2.622  -71.54   41.49    11.3    -0.9     5.2     4.9     0.0    28.14 C    22.1    -2.5     7.5    93.9    25.2    51.5   0.319   0.300   0.284   0.365   0.102    10.2    10.1    10.1     9.9     9.2
54796 20240426  2.622  -71.54   41.49    13.1    -2.0     5.5     5.4     0.0    27.87 C    25.1    -3.7     8.1    99.9    30.6    67.8   0.313   0.296   0.281   0.362   0.099    10.2    10.0     9.9     9.9     9.3
54796 20240427  2.622  -71.54   41.49    13.8    -1.2     6.3     8.0     0.0    25.69 C    23.3    -3.1     9.6    98.0    30.4    59.4   0.310   0.293   0.278   0.359   0.095    10.2    10.0    10.0    10.0     9.4
54796 20240428  2.622  -71.54   41.49    15.8     6.1    11.0    10.5     3.5    13.67 C    23.7     6.0    12.1    94.6    70.2    84.5   0.312   0.292   0.276   0.357   0.093    11.2    10.8    10.5    10.1     9.4
54796 20240429  2.622  -71.54   41.49    23.1     9.9    16.5    14.9     0.0    12.91 C    31.9     9.2    16.1    97.9    56.3    76.6   0.311   0.294   0.275   0.356   0.091    12.9    12.3    11.6    10.5     9.5
54796 20240430  2.622  -71.54   41.49    14.3     8.8    11.5    10.9     1.4    12.03 C    20.9     9.1    12.2    92.7    56.4    73.2   0.310   0.295   0.274   0.354   0.089    13.0    12.6    12.1    11.1     9.7
54796 20240501  2.622  -71.54   41.49    16.0     6.1    11.1    10.4     2.0    16.51 C    26.2     4.9    12.4    96.0    64.9    83.4   0.309   0.295   0.272   0.353   0.088    13.1    12.7    12.2    11.3     9.9
54796 20240502  2.622  -71.54   41.49    16.2     5.5    10.8    10.4     0.0    13.87 C    23.9     4.2    12.0    97.4    72.0    87.7   0.308   0.294   0.272   0.352   0.087    12.7    12.4    12.2    11.5    10.1
54796 20240503  2.622  -71.54   41.49    16.0     5.1    10.5    10.4     0.0    17.99 C    22.3     3.7    12.0    96.2    55.5    77.6   0.305   0.291   0.269   0.350   0.086    12.9    12.6    12.3    11.6    10.3
54796 20240504  2.622  -71.54   41.49    15.7     3.0     9.3    10.0     0.0    22.48 C    24.8     2.0    12.2    98.8    57.2    77.1   0.301   0.287   0.266   0.348   0.084    13.0    12.6    12.3    11.7    10.4
54796 20240505  2.622  -71.54   41.49    10.2     7.4     8.8     8.7     7.7     6.74 C    15.9     8.1    10.0    96.1    78.7    88.7   0.300   0.288   0.264   0.345   0.082    12.8    12.6    12.5    11.9    10.6
54796 20240506  2.622  -71.54   41.49    21.6     9.7    15.7    15.0     6.4    17.62 C    31.3     9.9    17.1    98.1    68.6    88.5   0.324   0.307   0.278   0.349   0.083    14.2    13.5    12.7    11.9    10.7
54796 20240507  2.622  -71.54   41.49    23.4    10.5    17.0    16.6     0.0    27.37 C    32.7     8.9    18.5    98.2    38.8    71.5   0.309   0.297   0.274   0.352   0.086    15.9    15.2    14.2    12.6    10.8
54796 20240508  2.622  -71.54   41.49    14.4     8.6    11.5    12.7    20.3     3.68 C    15.8     7.3    13.0    97.8    94.9    96.7   0.338   0.320   0.289   0.354   0.088    14.5    14.4    14.2    13.2    11.1
54796 20240509  2.622  -71.54   41.49    19.4     9.3    14.3    13.8     0.0    20.42 C    28.0     8.4    15.9    97.9    44.7    74.1   0.330   0.317   0.294   0.363   0.101    15.1    14.6    14.1    13.2    11.4
54796 20240510  2.622  -71.54   41.49    13.9     7.5    10.7    10.1     4.9    15.89 C    20.5     7.3    11.3    91.8    45.8    68.4   0.329   0.315   0.293   0.364   0.106    14.1    14.0    14.0    13.3    11.6
54796 20240511  2.622  -71.54   41.49    14.0     4.0     9.0     9.5     0.0    22.32 C    22.7     3.2    11.4    92.5    49.7    70.0   0.320   0.310   0.290   0.364   0.107    13.4    13.3    13.3    13.0    11.7
54796 20240512  2.622  -71.54   41.49    12.7     3.9     8.3     9.1     0.0    15.54 C    24.0     2.8    11.3    96.5    65.1    80.6   0.318   0.307   0.286   0.362   0.103    13.5    13.2    13.2    12.9    11.8
54796 20240513  2.622  -71.54   41.49    17.6     8.2    12.9    12.6     0.0    27.54 C    28.7     7.4    15.8    93.2    45.0    74.4   0.311   0.302   0.282   0.360   0.100    14.9    14.3    13.7    12.9    11.8
54796 20240514  2.622  -71.54   41.49    18.3     9.0    13.6    13.9     0.0    25.09 C    26.4     8.2    16.3    92.2    65.8    78.8   0.305   0.297   0.278   0.357   0.097    15.5    15.1    14.4    13.4    11.8
54796 20240515  2.622  -71.54   41.49    18.6    12.2    15.4    15.0    34.7     6.09 C    22.6    12.0    16.0    94.8    74.1    89.5   0.327   0.312   0.285   0.356   0.094    15.7    15.5    14.8    13.8    12.0
54796 20240516  2.622  -71.54   41.49    15.2    12.7    14.0    14.1    92.0     3.05 C    16.0    12.6    14.1    94.9    84.2    92.2   0.409   0.381   0.366   0.396   0.150    14.6    14.6    14.6    14.4    12.9
54796 20240517  2.622  -71.54   41.49    20.8    12.4    16.6    16.0     0.0    24.06 C    26.2    11.9    17.3    87.5    56.1    68.8   0.344   0.326   0.309   0.375   0.134    15.8    15.4    14.8    14.3    13.1
54796 20240518  2.622  -71.54   41.49    14.9    11.8    13.4    13.3     0.2     9.67 C    19.6    11.8    14.2    91.8    73.4    83.5   0.328   0.315   0.298   0.371   0.125    15.6    15.4    15.2    14.5    13.1
54796 20240519  2.622  -71.54   41.49    15.7    11.0    13.3    13.4     0.0    12.38 C    19.0    11.1    14.5    91.7    76.1    83.7   0.321   0.311   0.294   0.369   0.119    15.4    15.2    14.9    14.4    13.1
54796 20240520  2.622  -71.54   41.49    20.4    10.6    15.5    14.7     0.0    28.01 C    29.9    11.0    18.2    96.3    63.1    80.7   0.316   0.307   0.289   0.367   0.114    16.9    16.3    15.4    14.5    13.2
54796 20240521  2.622  -71.54   41.49    20.2     9.8    15.0    14.5     0.0    26.78 C    28.7    10.9    18.1   100.0    69.8    85.6   0.311   0.302   0.284   0.363   0.107    18.3    17.7    16.6    15.1    13.2
54796 20240522  2.622  -71.54   41.49    26.0    11.2    18.6    18.0     0.0    28.32 C    33.3    10.8    20.5    96.4    54.0    77.2   0.306   0.297   0.279   0.359   0.102    19.0    18.5    17.3    15.7    13.4
54796 20240523  2.622  -71.54   41.49    23.3    14.0    18.6    17.9    23.6    10.90 C    28.9    13.6    18.9    97.0    76.6    89.2   0.338   0.322   0.296   0.360   0.102    18.8    18.3    17.7    16.2    13.7
54796 20240524  2.622  -71.54   41.49    26.4    12.9    19.7    19.9     0.0    24.67 C    33.8    12.3    22.0   100.0    33.8    70.3   0.326   0.317   0.298   0.367   0.117    19.8    19.0    18.1    16.5    14.1
54796 20240525  2.622  -71.54   41.49    21.6    10.4    16.0    16.4     0.0    24.58 C    30.9    10.0    19.2    96.6    43.2    68.0   0.317   0.308   0.289   0.364   0.113    20.0    19.3    18.6    16.9    14.4
54796 20240526  2.622  -71.54   41.49    24.3    12.5    18.4    18.0     0.0    18.02 C    32.2    11.7    20.8    97.8    65.8    89.2   0.313   0.302   0.283   0.361   0.107    20.4    19.6    18.8    17.2    14.6
54796 20240527  2.622  -71.54   41.49    21.2    15.3    18.2    17.5     6.5     8.50 C    25.6    16.0    19.2    97.8    85.7    94.4   0.310   0.302   0.280   0.358   0.102    20.4    19.9    19.2    17.6    14.9
54796 20240528  2.622  -71.54   41.49    25.2    14.2    19.7    20.4     0.0    20.96 C    31.8    13.2    22.1    97.2    47.6    78.8   0.317   0.305   0.283   0.358   0.101    21.2    20.4    19.5    17.8    15.2
54796 20240529  2.622  -71.54   41.49    24.2    12.0    18.1    18.3     0.0    19.75 C    34.3    11.0    20.8    96.3    41.2    71.6   0.309   0.300   0.279   0.356   0.099    20.8    20.4    19.6    18.1    15.4
54796 20240530  2.622  -71.54   41.49    16.5     9.9    13.2    14.3     6.7     8.78 C    20.2     9.1    15.5    96.6    68.3    86.3   0.316   0.305   0.280   0.355   0.096    19.4    19.4    19.2    18.2    15.7
54796 20240531  2.622  -71.54   41.49    23.3     8.2    15.8    16.4     0.0    23.76 C    32.4     7.1    18.8    97.4    25.5    58.4   0.310   0.302   0.279   0.355   0.097    19.1    18.8    18.4    17.8    15.8
54796 20240601  2.622  -71.54   41.49    24.8     8.0    16.4    17.3     0.0    25.60 C    34.3     7.1    19.6    89.4    24.3    55.3   0.303   0.297   0.273   0.352   0.093    19.7    19.4    18.7    17.7    15.9
54796 20240602  2.622  -71.54   41.49    26.5    10.5    18.5    19.2     0.0    22.70 C    36.0     9.5    21.6    94.0    28.2    64.9   0.298   0.291   0.267   0.348   0.090    20.4    20.0    19.1    17.9    15.9
54796 20240603  2.622  -71.54   41.49    27.9    12.0    19.9    20.0     0.0    20.86 C    36.8    11.4    22.6    95.7    33.1    67.9   0.293   0.285   0.262   0.343   0.087    21.4    20.8    19.8    18.3    16.0
54796 20240604  2.622  -71.54   41.49    22.2    11.3    16.7    16.8     0.0    22.03 C    31.7    10.8    20.2    97.1    51.3    77.6   0.289   0.279   0.257   0.338   0.083    21.5    20.9    20.2    18.7    16.2
54796 20240605  2.622  -71.54   41.49    25.0    13.1    19.0    19.2     0.0    22.49 C    33.8    12.5    22.2    95.7    56.5    82.5   0.284   0.275   0.252   0.333   0.080    21.8    21.2    20.5    18.9    16.4
54796 20240606  2.622  -71.54   41.49    20.6    18.5    19.5    19.3    24.7     4.48 C    24.5    18.9    20.4    97.5    88.2    94.3   0.322   0.307   0.274   0.334   0.079    21.6    21.2    20.7    19.3    16.6
54796 20240607  2.622  -71.54   41.49    26.1    14.7    20.4    21.0     0.0    20.54 C    33.7    14.2    23.8    98.0    55.4    78.0   0.312   0.302   0.280   0.346   0.087    22.6    21.8    21.0    19.4    16.9
54796 20240608  2.622  -71.54   41.49    24.2    13.1    18.6    18.6     0.0    19.52 C    30.3    12.4    20.7    94.3    42.7    66.4   0.302   0.293   0.272   0.345   0.087    22.1    21.7    21.2    19.7    17.1
54796 20240609  2.622  -71.54   41.49    20.7    12.2    16.4    16.5     1.6     7.94 C    27.9    10.7    17.6    95.7    56.2    83.9   0.299   0.292   0.268   0.342   0.085    20.6    20.6    20.5    19.7    17.3
54796 20240610  2.622  -71.54   41.49    22.5    10.6    16.6    17.3     0.0    19.42 C    30.2     9.9    19.6    95.9    49.4    69.0   0.296   0.290   0.265   0.340   0.083    20.6    20.3    20.0    19.3    17.4
54796 20240611  2.622  -71.54   41.49    21.9    10.2    16.0    16.5     0.0    17.23 C    33.6     9.4    19.5    95.8    54.6    75.1   0.290   0.285   0.260   0.337   0.081    20.8    20.5    20.1    19.3    17.4
54796 20240612  2.622  -71.54   41.49    24.2    10.7    17.4    18.2     0.0    20.37 C    35.3     9.9    20.7    97.0    51.5    72.4   0.285   0.278   0.255   0.333   0.079    21.1    20.7    20.2    19.3    17.4
54796 20240613  2.622  -71.54   41.49    24.3    11.0    17.6    19.1     0.0    22.16 C    32.1    10.0    21.4    97.3    55.9    77.6   0.280   0.273   0.250   0.329   0.077    21.4    21.0    20.4    19.4    17.5
54796 20240614  2.622  -71.54   41.49    25.7    16.9    21.3    20.5     2.3    17.32 C    32.9    15.7    22.3    95.7    67.6    81.7   0.276   0.269   0.245   0.324   0.074    21.9    21.5    20.9    19.6    17.5
54796 20240615  2.622  -71.54   41.49    24.5    12.0    18.3    19.9     0.0    21.34 C    34.6    11.0    22.3    97.4    30.3    65.7   0.268   0.267   0.242   0.319   0.072    22.4    22.0    21.2    19.9    17.6
54796 20240616  2.622  -71.54   41.49    21.7     9.8    15.7    16.3     0.0    22.55 C    33.3     9.1    19.3    94.6    40.0    64.3   0.248   0.263   0.238   0.315   0.070    21.7    21.4    21.0    20.0    17.7
54796 20240617  2.622  -71.54   41.49    23.7    10.4    17.1    18.5     0.0    18.84 C    30.3     9.6    20.5    97.1    58.0    80.1   0.248   0.258   0.233   0.309   0.068    21.6    21.3    20.9    20.0    17.9
54796 20240618  2.622  -71.54   41.49    28.1    18.3    23.2    22.5     0.0    20.38 C    35.1    17.7    24.7    92.0    65.7    77.1   0.228   0.254   0.229   0.304   0.066    22.9    22.3    21.4    20.1    17.9
54796 20240619  2.622  -71.54   41.49    28.6    18.6    23.6    22.7     0.0    19.25 C    35.8    18.0    24.5    91.4    57.2    75.2   0.215   0.248   0.224   0.297   0.065    23.6    23.0    22.2    20.5    18.1
54796 20240620  2.622  -71.54   41.49    30.1    19.0    24.6    24.2     0.0    19.79 C    36.4    18.1    25.9    91.1    58.4    74.7   0.208   0.243   0.219   0.291   0.064    24.0    23.5    22.5    20.9    18.3
54796 20240621  2.622  -71.54   41.49    30.1    19.3    24.7    23.6    11.1    15.54 C    39.5    19.0    26.2    96.0    64.1    82.5   0.213   0.246   0.223   0.285   0.061    24.7    24.3    23.2    21.3    18.5
54796 20240622  2.622  -71.54   41.49    26.7    18.6    22.6    21.7     2.9     8.43 C    38.4    19.0    23.9    97.1    76.0    91.1   0.209   0.256   0.233   0.288   0.061    24.7    24.2    23.5    21.8    18.7
54796 20240623  2.622  -71.54   41.49    26.4    18.4    22.4    22.2    14.1     9.47 C    32.7    18.6    23.1    96.7    79.8    90.8   0.243   0.274   0.252   0.296   0.062    23.6    23.4    23.0    21.8    19.0
54796 20240624  2.622  -71.54   41.49    27.3    19.4    23.4    23.4     0.0    18.64 C    35.5    18.8    25.5    93.9    45.9    68.0   0.224   0.264   0.243   0.302   0.065    24.6    24.1    23.2    21.8    19.2
54796 20240625  2.622  -71.54   41.49    30.1    16.9    23.5    23.8     0.0    20.72 C    38.1    15.7    26.1    77.9    34.1    54.5   0.211   0.255   0.234   0.299   0.065    24.7    24.2    23.4    22.0    19.3
54796 20240626  2.622  -71.54   41.49    27.1    20.0    23.5    22.8     3.1    18.90 C    33.7    19.0    24.8    96.3    59.8    78.0   0.210   0.249   0.227   0.294   0.063    24.7    24.3    23.5    22.2    19.5
54796 20240627  2.622  -71.54   41.49    26.4    17.9    22.1    21.9    21.0    16.87 C    35.7    15.5    24.1    95.1    52.6    72.6   0.245   0.282   0.255   0.301   0.063    24.8    24.4    23.7    22.3    19.6
54796 20240628  2.622  -71.54   41.49    22.4     9.6    16.0    16.8     0.0    22.44 C    32.7     8.8    19.5    93.7    33.5    61.7   0.226   0.266   0.246   0.308   0.065    23.5    23.4    23.3    22.3    19.8
54796 20240629  2.622  -71.54   41.49    24.0    11.8    17.9    19.2     0.0    10.06 C    28.9    11.2    20.2    96.0    58.3    80.5   0.233   0.261   0.240   0.305   0.065    22.2    22.2    22.3    21.9    19.8
54796 20240630  2.622  -71.54   41.49    25.4    20.3    22.9    21.9    19.2     4.72 C    29.6    20.1    22.4    97.3    84.8    93.9   0.241   0.274   0.249   0.305   0.065    22.9    22.7    22.3    21.6    19.8
54796 20240701  2.622  -71.54   41.49    25.5    14.8    20.1    20.0     5.2    13.57 C    31.8    13.7    21.2    97.1    58.3    79.2   0.246   0.280   0.259   0.318   0.068    22.7    22.5    22.3    21.5    19.8
54796 20240702  2.622  -71.54   41.49 -9999.0 -9999.0 -9999.0 -9999.0 -9999.0 -9999.00 U -9999.0 -9999.0 -9999.0 -9999.0 -9999.0 -9999.0 -99.000 -99.000 -99.000 -99.000 -99.000 -9999.0 -9999.0 -9999.0 -9999.0 -9999.0
