23909 20240101  2.622  -91.72   37.63     0.1    -7.8    -3.9    -1.8     0.0     1.68 C     3.2    -8.2    -0.7    89.7    67.1    73.2   0.254   0.270   0.236   0.185   0.161     4.6     5.0     5.9     7.3     7.7
23909 20240102  2.622  -91.72   37.63     6.2   -10.1    -1.9    -2.4     0.0     7.49 C    10.0    -9.2    -2.5    89.6    49.9    77.2   0.250   0.268   0.233   0.186   0.163     3.3     3.7     5.1     6.7     7.3
23909 20240103  2.622  -91.72   37.63     8.1    -7.7     0.2    -0.2     0.0     9.50 C    13.2    -7.1    -0.4    89.5    48.9    76.6   0.248   0.266   0.231   0.186   0.164     3.3     3.6     4.8     6.3     6.8
23909 20240104  2.622  -91.72   37.63     6.0    -5.4     0.3     0.4     0.0     9.61 C    11.2    -5.9     0.7    86.4    41.0    65.8   0.247   0.264   0.229   0.186   0.164     3.8     4.1     4.9     6.2     6.6
23909 20240105  2.622  -91.72   37.63     1.5    -6.1    -2.3    -0.6     1.8     1.44 C     3.2    -6.2    -0.5    92.1    61.8    77.9   0.245   0.262   0.227   0.186   0.164     3.3     3.6     4.6     6.0     6.5
23909 20240106  2.622  -91.72   37.63     2.4    -0.8     0.8     0.6     0.9     0.75 C     3.7    -1.3     0.9    94.1    83.5    90.5   0.251   0.268   0.228   0.185   0.165     3.8     4.1     4.8     6.0     6.4
23909 20240107  2.622  -91.72   37.63     6.4    -3.3     1.6     1.4     0.2     8.28 C    11.8    -4.7     1.3    90.5    46.4    73.2   0.253   0.269   0.230   0.185   0.165     4.2     4.5     5.1     6.1     6.5
23909 20240108  2.622  -91.72   37.63     3.9     0.6     2.2     1.6    17.3     0.50 C     3.8    -1.2     0.7    91.1    64.2    81.7   0.264   0.276   0.251   0.204   0.186     3.4     3.8     4.7     6.0     6.4
23909 20240109  2.622  -91.72   37.63     4.3    -2.3     1.0     1.0     3.0     2.44 C     5.5    -2.4     1.1    93.3    80.6    87.8   0.282   0.292   0.284   0.268   0.303     3.7     4.0     4.6     5.7     6.1
23909 20240110  2.622  -91.72   37.63     8.8    -4.1     2.3     1.3     0.0    10.27 C    10.7    -5.6     0.8    83.2    35.1    64.9   0.271   0.286   0.268   0.270   0.319     3.8     4.0     4.7     5.8     6.1
23909 20240111  2.622  -91.72   37.63    12.6    -5.8     3.4     5.4     8.0     9.64 C    17.0    -6.4     4.3    88.2    26.6    56.9   0.266   0.281   0.259   0.268   0.312     4.0     4.3     4.8     5.7     6.1
23909 20240112  2.622  -91.72   37.63     8.0   -10.3    -1.1    -1.2    14.6     0.76 C     7.2    -9.0    -0.7    92.5    67.2    82.6   0.292   0.302   0.365   0.431   0.416     4.5     4.9     5.4     6.1     6.3
23909 20240113  2.622  -91.72   37.63    -5.4   -16.8   -11.1   -10.3     0.4     9.82 C     1.7   -15.5    -7.6    78.0    61.7    72.0   0.272   0.287   0.302   0.428   0.418     2.3     2.7     4.0     5.6     6.0
23909 20240114  2.622  -91.72   37.63   -16.8   -20.9   -18.9   -18.8     0.0     3.15 C   -10.4   -18.4   -15.4    73.9    54.5    66.3   0.262   0.279   0.267   0.378   0.410     1.3     1.7     3.0     4.9     5.4
23909 20240115  2.622  -91.72   37.63   -12.3   -19.9   -16.1   -16.6     0.0     6.53 C    -4.2   -17.8   -13.2    73.4    54.1    64.7   0.264   0.272   0.254   0.338   0.381     0.8     1.2     2.4     4.3     4.9
23909 20240116  2.622  -91.72   37.63    -9.7   -19.3   -14.5   -15.1     0.5    11.50 C    -3.8   -19.7   -14.2    77.9    31.9    58.3   0.257   0.271   0.246   0.315   0.358     0.6     1.0     2.1     3.9     4.5
23909 20240117  2.622  -91.72   37.63     3.9   -16.7    -6.4    -5.8     0.0    11.29 C     5.0   -18.2    -6.2    63.2    24.1    42.8   0.270   0.267   0.241   0.303   0.333     0.3     0.8     1.9     3.6     4.2
23909 20240118  2.622  -91.72   37.63     5.1    -4.9     0.1    -1.3     0.0     8.85 C     9.5    -6.3    -1.0    70.7    29.8    49.7   0.263   0.268   0.238   0.293   0.316     0.4     0.8     1.8     3.4     4.0
23909 20240119  2.622  -91.72   37.63    -1.6   -15.1    -8.3   -10.3     0.0    10.88 C    -0.1   -13.2    -7.6    80.2    42.0    60.2   0.255   0.271   0.238   0.283   0.306     0.5     0.8     1.8     3.3     3.8
23909 20240120  2.622  -91.72   37.63    -7.2   -18.1   -12.6   -13.9     0.0    11.65 C     0.2   -15.3   -10.5    81.1    36.4    61.7 -99.000   0.265   0.236   0.277   0.300    -0.1     0.5     1.6     3.2     3.7
23909 20240121  2.622  -91.72   37.63    -0.1   -17.2    -8.7    -7.2     0.0     9.68 C     4.8   -15.0    -5.3    81.5    27.0    50.2 -99.000   0.256   0.231   0.272   0.294    -0.3     0.1     1.3     2.9     3.5
23909 20240122  2.622  -91.72   37.63     2.0    -2.9    -0.4    -0.4    19.2     1.36 C     1.3    -3.0    -0.5    91.6    38.3    80.1 -99.000   0.255   0.241   0.271   0.292     0.0     0.3     1.2     2.8     3.3
23909 20240123  2.622  -91.72   37.63     7.6     1.9     4.8     4.8    11.1     1.79 C     6.9     1.1     3.7    94.0    91.1    93.0 -99.000   0.298   0.345   0.383   0.375     0.2     0.5     1.3     2.7     3.1
23909 20240124  2.622  -91.72   37.63    11.0     5.2     8.1     7.4     2.9     4.40 C    14.4     3.5     6.6    95.2    88.1    93.4   0.345   0.326   0.370   0.393   0.380     1.6     1.8     2.0     2.8     3.2
23909 20240125  2.622  -91.72   37.63     8.6     3.4     6.0     6.2    24.3     1.07 C    10.4     2.3     5.8    95.3    91.9    93.8   0.355   0.339   0.370   0.391   0.380     3.4     3.5     3.2     3.6     3.7
23909 20240126  2.622  -91.72   37.63     6.0     3.5     4.7     4.6     0.8     2.45 C     7.6     3.7     5.2    93.9    88.6    92.2   0.354   0.341   0.369   0.389   0.380     4.3     4.7     4.2     4.3     4.4
23909 20240127  2.622  -91.72   37.63     3.5     2.0     2.7     2.6    14.0     0.55 C     3.7     2.6     3.1    94.4    91.0    92.8   0.357   0.340   0.369   0.389   0.380     4.1     4.5     4.4     4.8     4.8
23909 20240128  2.622  -91.72   37.63     2.5    -5.2    -1.4     0.1     0.3     1.90 C     3.3    -5.7     0.5    93.3    83.7    89.5   0.362   0.346   0.369   0.390   0.381     3.6     4.0     4.2     4.8     5.0
23909 20240129  2.622  -91.72   37.63    14.8    -7.8     3.5     3.3     0.0    12.60 C    16.8    -7.1     1.8    92.3    29.9    67.4   0.342   0.336   0.367   0.390   0.380     2.9     3.2     3.7     4.5     4.8
23909 20240130  2.622  -91.72   37.63    12.4    -2.3     5.1     6.5     0.0    12.29 C    16.9    -3.9     5.4    88.6    37.4    64.7   0.335   0.332   0.366   0.389   0.380     4.1     4.4     4.3     4.7     4.8
23909 20240131  2.622  -91.72   37.63    13.7    -4.1     4.8     4.6     0.0    12.90 C    18.6    -4.9     4.1    91.0    36.4    66.3   0.325   0.326   0.360   0.389   0.380     4.2     4.6     4.6     5.0     5.1
23909 20240201  2.622  -91.72   37.63    20.6     1.2    10.9    10.5     0.0     8.33 C    21.7    -1.4     7.6    76.7    31.3    55.7   0.319   0.321   0.353   0.387   0.379     5.0     5.3     4.9     5.3     5.3
23909 20240202  2.622  -91.72   37.63    21.8     1.6    11.7    12.1     0.0    10.47 C    25.5     0.1    10.0    90.4    26.9    58.4   0.314   0.317   0.347   0.386   0.377     6.4     6.7     6.0     5.9     5.8
23909 20240203  2.622  -91.72   37.63    17.2     3.4    10.3    10.4     0.2     8.04 C    20.2     1.2     9.6    92.5    43.7    68.0   0.309   0.314   0.338   0.383   0.374     6.9     7.3     6.6     6.6     6.4
23909 20240204  2.622  -91.72   37.63     9.1     3.8     6.5     6.2    10.5     3.91 C    10.8     1.5     6.1    90.9    60.2    78.4   0.334   0.333   0.353   0.385   0.376     6.9     7.3     6.9     7.0     6.8
23909 20240205  2.622  -91.72   37.63    13.5    -4.1     4.7     3.9     0.0    13.26 C    17.8    -4.7     3.7    86.5    17.8    62.2   0.330   0.328   0.354   0.386   0.377     5.8     6.3     6.4     6.8     6.8
23909 20240206  2.622  -91.72   37.63    14.9    -7.4     3.8     2.7     0.0    13.22 C    20.8    -6.5     2.8    89.6    19.8    59.9   0.317   0.321   0.349   0.386   0.377     4.8     5.3     5.6     6.4     6.6
23909 20240207  2.622  -91.72   37.63    17.1    -3.1     7.0     8.8     0.0    10.19 C    22.7    -2.8     7.5    81.0    20.6    47.8   0.311   0.317   0.337   0.385   0.377     5.4     5.8     5.7     6.3     6.4
23909 20240208  2.622  -91.72   37.63    19.9     9.4    14.7    13.5     0.0     8.94 C    23.0     6.2    11.7    82.9    42.4    61.2   0.306   0.314   0.328   0.383   0.377     7.2     7.5     6.7     6.8     6.7
23909 20240209  2.622  -91.72   37.63    18.7     7.4    13.1    12.2     1.4     6.61 C    19.9     2.4     9.7    92.5    33.7    71.7   0.303   0.311   0.317   0.384   0.376     7.8     8.2     7.5     7.4     7.3
23909 20240210  2.622  -91.72   37.63    11.3     1.3     6.3     4.9     0.0     4.10 C     9.1    -0.7     4.7    89.5    56.6    69.1   0.302   0.310   0.307   0.386   0.376     7.1     7.6     7.5     7.7     7.6
23909 20240211  2.622  -91.72   37.63     8.0    -1.6     3.2     3.2     0.0     8.87 C    16.9    -3.5     3.6    83.5    41.3    60.6   0.298   0.307   0.288   0.385   0.376     5.8     6.3     6.5     7.3     7.3
23909 20240212  2.622  -91.72   37.63     4.4    -4.8    -0.2     1.0     0.9     2.61 C     6.1    -5.3     1.0    89.8    58.4    72.5   0.295   0.305   0.283   0.379   0.377     5.0     5.6     6.1     7.0     7.1
23909 20240213  2.622  -91.72   37.63    15.7    -7.3     4.2     4.2     0.0    14.38 C    20.6    -6.8     3.4    89.9    27.3    61.0   0.293   0.304   0.277   0.372   0.378     4.7     5.1     5.4     6.4     6.7
23909 20240214  2.622  -91.72   37.63    18.1    -2.5     7.8     9.3     0.0    14.65 C    24.0    -3.3     7.8    85.9    23.4    49.8   0.290   0.301   0.272   0.366   0.379     5.7     6.1     6.0     6.5     6.6
23909 20240215  2.622  -91.72   37.63    12.1     0.6     6.4     7.7     0.0    14.27 C    20.2    -1.3     7.4    77.5    40.1    58.8   0.287   0.299   0.268   0.359   0.379     6.6     7.1     6.7     7.0     6.9
23909 20240216  2.622  -91.72   37.63     4.0    -4.4    -0.2    -0.2     7.8     1.40 C     4.8    -5.4     0.1    87.9    62.8    75.5   0.300   0.306   0.280   0.365   0.380     4.7     5.3     5.9     6.9     7.0
23909 20240217  2.622  -91.72   37.63    -1.9    -7.4    -4.7    -5.1     0.4    13.53 C     7.8    -7.9    -2.7    80.2    43.0    62.1   0.305   0.311   0.310   0.387   0.384     3.4     4.0     4.7     6.1     6.4
23909 20240218  2.622  -91.72   37.63    10.6    -6.9     1.9     0.3     0.0    15.90 C    17.0    -7.4     0.6    81.3    22.3    45.1   0.299   0.307   0.292   0.387   0.384     3.2     3.7     4.2     5.5     5.9
23909 20240219  2.622  -91.72   37.63    14.0    -9.5     2.2     3.5     0.3    14.69 C    20.2    -8.7     3.6    87.2    18.5    49.6   0.295   0.304   0.283   0.382   0.384     3.7     4.1     4.3     5.4     5.7
23909 20240220  2.622  -91.72   37.63    18.6    -3.6     7.5     8.2     0.0    15.23 C    24.8    -4.7     6.9    79.8    23.3    46.3   0.292   0.301   0.276   0.371   0.384     5.3     5.6     5.3     5.8     5.9
23909 20240221  2.622  -91.72   37.63    22.0     4.0    13.0    13.3     0.0    11.61 C    27.4    -0.6    11.5    79.5    38.0    58.3   0.289   0.299   0.273   0.364   0.383     6.7     7.0     6.2     6.4     6.3
23909 20240222  2.622  -91.72   37.63    21.7     2.6    12.1    14.2     0.0     9.75 C    29.7     0.3    12.4    87.0    40.2    64.5   0.287   0.298   0.271   0.359   0.381     8.6     9.1     7.8     7.4     7.1
23909 20240223  2.622  -91.72   37.63    16.7     0.2     8.5    10.0     0.0    15.22 C    23.6    -0.2     8.6    84.3    23.9    44.5   0.284   0.296   0.266   0.349   0.378     7.9     8.3     7.8     7.9     7.6
23909 20240224  2.622  -91.72   37.63    12.1     0.6     6.4     5.9     0.0    16.12 C    20.0    -2.3     6.1    69.0    26.9    47.7   0.281   0.294   0.261   0.342   0.373     7.1     7.6     7.4     7.8     7.7
23909 20240225  2.622  -91.72   37.63    24.6     4.5    14.5    13.1     0.4    15.72 C    29.3     1.0    10.9    64.2    15.5    40.2   0.279   0.292   0.258   0.337   0.368     7.7     8.1     7.5     7.7     7.7
23909 20240226  2.622  -91.72   37.63    26.3    -0.8    12.8    14.3     0.0    14.42 C    30.1    -1.3    12.8    84.3    26.6    57.2   0.276   0.290   0.256   0.332   0.366     8.6     8.9     8.1     8.1     8.0
23909 20240227  2.622  -91.72   37.63    29.6     5.3    17.5    19.9     0.0    12.74 C    31.5     5.7    17.6    94.9    17.1    52.1   0.274   0.288   0.256   0.331   0.365    10.7    11.0     9.6     8.9     8.6
23909 20240228  2.622  -91.72   37.63     5.3    -8.1    -1.4    -1.2     0.0    17.53 C    15.7    -7.2     2.2    78.0    21.0    49.5   0.270   0.285   0.251   0.320   0.353     8.3     9.1     9.0     9.3     9.1
23909 20240229  2.622  -91.72   37.63    11.0   -10.3     0.3     1.2     0.0    15.43 C    20.3    -9.0     2.9    86.3    14.5    45.3   0.267   0.283   0.247   0.310   0.338     6.0     6.5     7.0     8.2     8.4
23909 20240301  2.622  -91.72   37.63     9.7     0.3     5.0     4.0     0.0     9.65 C    18.0    -1.0     4.9    89.1    39.4    69.5   0.272   0.287   0.246   0.306   0.335     6.6     7.0     7.0     7.8     7.9
23909 20240302  2.622  -91.72   37.63    19.7    -1.8     9.0     9.5     0.0    17.15 C    26.6    -2.9     9.6    93.9    36.1    69.1   0.271   0.286   0.247   0.306   0.336     7.3     7.6     7.3     7.8     7.8
23909 20240303  2.622  -91.72   37.63    23.8     9.8    16.8    16.2     0.0    16.65 C    28.5     7.6    15.5    87.1    38.4    66.3   0.269   0.285   0.247   0.305   0.335     9.7    10.0     8.7     8.4     8.2
23909 20240304  2.622  -91.72   37.63    25.1    13.7    19.4    18.7     0.0    10.37 C    28.0    10.9    17.5    89.2    43.0    70.9   0.267   0.283   0.247   0.303   0.333    11.4    11.8    10.2     9.5     9.1
23909 20240305  2.622  -91.72   37.63    18.7     7.6    13.1    12.3     2.9     3.78 C    18.3     8.3    12.5    93.0    74.9    86.2   0.274   0.288   0.248   0.301   0.331    11.5    12.0    10.9    10.4     9.9
23909 20240306  2.622  -91.72   37.63    19.3     5.1    12.2    10.9     0.0    16.84 C    26.5     2.8    11.9    93.2    22.9    62.2   0.276   0.290   0.250   0.303   0.334    11.0    11.5    10.6    10.4    10.1
23909 20240307  2.622  -91.72   37.63    12.6     5.1     8.9     9.4    35.5     1.06 C    11.7     2.9     8.9    92.3    72.2    87.9   0.335   0.323   0.329   0.354   0.367     9.4     9.9     9.8    10.2    10.1
23909 20240308  2.622  -91.72   37.63    14.3     4.8     9.5    10.6    15.9     3.75 C    16.0     6.0    11.0    93.2    82.3    89.0   0.369   0.344   0.373   0.382   0.384    10.4    10.8    10.1    10.1     9.9
23909 20240309  2.622  -91.72   37.63     9.5     1.8     5.6     5.1     1.2    16.91 C    19.7    -0.9     7.2    92.8    32.4    62.1   0.339   0.332   0.371   0.382   0.385     9.7    10.3     9.9    10.2    10.0
23909 20240310  2.622  -91.72   37.63    14.0    -5.3     4.3     4.2     0.0    19.13 C    23.4    -4.5     6.0    89.0    21.5    55.0   0.316   0.322   0.360   0.383   0.386     8.3     8.9     8.9     9.7     9.7
23909 20240311  2.622  -91.72   37.63    20.0    -4.1     8.0     8.6     0.0    19.18 C    26.1    -3.4     8.3    88.4    15.7    49.7   0.306   0.313   0.333   0.384   0.387     8.5     8.9     8.7     9.4     9.4
23909 20240312  2.622  -91.72   37.63    23.0     5.7    14.4    14.6     0.0    17.30 C    27.9     1.6    12.9    64.1    19.3    42.6   0.300   0.308   0.317   0.384   0.387     9.7     9.9     9.3     9.5     9.5
23909 20240313  2.622  -91.72   37.63    27.1     9.8    18.5    18.7     0.0    16.18 C    33.8     6.1    18.3    73.9    32.2    55.7   0.295   0.304   0.303   0.381   0.386    11.9    12.1    10.7    10.2     9.9
23909 20240314  2.622  -91.72   37.63    27.7    10.9    19.3    18.1    11.0     8.93 C    31.9    10.5    17.2    92.9    41.5    73.8   0.307   0.310   0.313   0.380   0.386    13.3    13.6    12.2    11.3    10.8
23909 20240315  2.622  -91.72   37.63    16.0     1.0     8.5    10.2     0.0    13.83 C    24.4     1.0    11.7    93.2    32.4    69.3   0.323   0.323   0.356   0.384   0.389    12.4    12.9    12.1    11.8    11.3
23909 20240316  2.622  -91.72   37.63    18.8    -1.5     8.7    10.2     0.0    15.86 C    26.2    -0.5    10.8    92.6    25.7    56.9   0.310   0.316   0.341   0.385   0.389    11.0    11.4    11.1    11.3    11.1
23909 20240317  2.622  -91.72   37.63    11.8    -0.5     5.6     6.9     0.0    19.21 C    23.1    -2.2     8.9    59.8    24.3    40.6   0.302   0.311   0.314   0.386   0.390    10.8    11.3    11.0    11.2    11.0
23909 20240318  2.622  -91.72   37.63     4.4    -6.9    -1.2    -0.8     0.0    20.87 C    17.4    -6.1     2.5    77.5    30.6    51.3   0.295   0.308   0.285   0.383   0.391     8.4     9.1     9.5    10.6    10.6
23909 20240319  2.622  -91.72   37.63    21.4    -7.6     6.9     8.0     0.0    20.09 C    26.6    -6.5     8.3    84.2    21.1    46.5   0.290   0.304   0.276   0.380   0.390     8.4     8.8     8.7     9.8     9.9
23909 20240320  2.622  -91.72   37.63    20.6     0.1    10.3    10.6     0.0    19.69 C    30.0    -0.2    11.5    87.6    18.7    44.4   0.286   0.301   0.271   0.373   0.388     9.8    10.3     9.6    10.0     9.9
23909 20240321  2.622  -91.72   37.63    18.6     1.6    10.1     9.8     0.0    17.35 C    28.7    -0.1    10.3    49.8    19.7    32.0   0.281   0.298   0.265   0.364   0.389     9.8    10.3     9.8    10.2    10.1
23909 20240322  2.622  -91.72   37.63    19.3     2.0    10.7     9.9     0.0     9.78 C    27.1     1.7    10.8    86.2    33.3    53.5   0.277   0.295   0.261   0.355   0.387    10.0    10.5     9.9    10.3    10.2
23909 20240323  2.622  -91.72   37.63    11.4     1.2     6.3     5.0     0.0    12.13 C    24.2     2.8     7.9    83.6    30.5    56.4   0.274   0.293   0.256   0.345   0.379     9.5    10.2     9.8    10.4    10.3
23909 20240324  2.622  -91.72   37.63    19.5     4.5    12.0    11.5     0.0    17.78 C    26.2     3.3    12.3    53.3    12.3    32.8   0.269   0.289   0.254   0.340   0.375     9.9    10.4     9.8    10.3    10.2
23909 20240325  2.622  -91.72   37.63    13.8     9.2    11.5    11.8    66.1     1.00 C    12.8     8.0    11.1    92.6    40.2    80.4   0.334   0.321   0.321   0.370   0.386    10.2    10.6    10.2    10.5    10.3
23909 20240326  2.622  -91.72   37.63    10.4    -1.3     4.5     3.1     0.2     6.71 C     9.7    -2.7     4.1    89.3    61.5    69.0   0.350   0.334   0.363   0.390   0.393     9.1     9.4     9.7    10.3    10.2
23909 20240327  2.622  -91.72   37.63    12.6    -2.2     5.2     3.7     0.0    22.65 C    23.5    -3.2     6.4    89.2    20.2    60.9   0.322   0.325   0.358   0.392   0.394     8.5     8.8     8.9     9.6     9.7
23909 20240328  2.622  -91.72   37.63    18.1    -3.3     7.4     7.5     0.0    22.21 C    26.9    -3.8     8.6    91.1    20.8    55.8   0.309   0.317   0.340   0.393   0.394     9.2     9.5     9.1     9.6     9.6
23909 20240329  2.622  -91.72   37.63    23.0     3.3    13.2    15.4     0.0    20.87 C    28.9     0.9    14.3    72.9    27.9    45.7   0.300   0.311   0.315   0.392   0.394    10.6    10.8     9.9    10.0     9.9
23909 20240330  2.622  -91.72   37.63    22.0    11.9    16.9    17.0     0.0    12.90 C    31.0     7.7    16.5    86.3    48.9    59.8   0.294   0.307   0.295   0.392   0.393    12.5    12.7    11.3    10.9    10.5
23909 20240331  2.622  -91.72   37.63    24.9     9.2    17.0    17.9     0.0    14.58 C    30.0     7.6    17.8    90.9    47.0    70.8   0.290   0.305   0.284   0.388   0.392    13.4    13.6    12.2    11.6    11.1
23909 20240401  2.622  -91.72   37.63    26.5    14.4    20.5    20.5     2.5    10.30 C    35.9    13.4    20.5    85.1    52.4    73.1   0.286   0.301   0.279   0.382   0.391    15.0    15.2    13.5    12.5    11.9
23909 20240402  2.622  -91.72   37.63    15.7     4.7    10.2    10.2    19.0     5.61 C    16.7     4.0    10.7    92.1    76.0    85.3   0.355   0.336   0.362   0.392   0.393    13.7    14.1    13.5    13.1    12.5
23909 20240403  2.622  -91.72   37.63     9.3     3.6     6.5     6.1     0.8     8.46 C    13.0     3.1     6.3    85.3    43.0    61.6   0.329   0.330   0.364   0.393   0.393    10.7    11.1    11.5    12.2    12.1
23909 20240404  2.622  -91.72   37.63    13.1     0.7     6.9     7.4     0.0    23.51 C    23.0    -0.3     8.9    86.9    30.2    48.0   0.313   0.322   0.341   0.394   0.393    10.6    11.0    10.7    11.4    11.4
23909 20240405  2.622  -91.72   37.63    15.7    -1.8     7.0     7.6     0.0    23.74 C    27.6    -2.3    10.3    91.9    31.3    59.9   0.302   0.313   0.297   0.393   0.394    10.8    11.3    10.7    11.3    11.2
23909 20240406  2.622  -91.72   37.63    18.8     4.5    11.6    11.2     0.0    22.92 C    27.7     3.4    12.8    69.1    32.1    49.9   0.294   0.308   0.283   0.387   0.393    11.6    12.1    11.2    11.4    11.3
23909 20240407  2.622  -91.72   37.63    23.9     5.7    14.8    16.2     0.0    18.09 C    29.8     3.4    15.0    75.5     9.1    39.8   0.286   0.303   0.276   0.378   0.391    12.4    12.7    11.8    11.7    11.5
23909 20240408  2.622  -91.72   37.63    25.4     2.4    13.9    16.5     0.0    19.63 C    30.1     1.6    15.1    87.0    13.2    36.2   0.278   0.297   0.267   0.362   0.388    12.4    12.6    11.9    11.9    11.6
23909 20240409  2.622  -91.72   37.63    21.7    12.4    17.0    16.6     0.0    10.07 C    33.7     9.9    16.3    75.3    29.6    44.4   0.271   0.293   0.261   0.353   0.382    13.2    13.4    12.5    12.2    11.9
23909 20240410  2.622  -91.72   37.63    14.3     9.5    11.9    12.6    18.0     2.54 C    17.8     9.6    13.0    92.2    60.7    84.5   0.286   0.299   0.277   0.355   0.378    12.8    13.2    12.6    12.5    12.2
23909 20240411  2.622  -91.72   37.63    17.3     9.1    13.2    12.9     0.0    22.05 C    25.2     6.8    13.5    90.0    22.4    51.3   0.327   0.326   0.362   0.392   0.392    13.2    13.6    12.5    12.5    12.2
23909 20240412  2.622  -91.72   37.63    19.6     5.0    12.3    12.5     0.0    24.96 C    28.1     3.5    12.9    84.9    18.7    39.5   0.305   0.312   0.328   0.393   0.392    12.9    13.4    12.5    12.7    12.4
23909 20240413  2.622  -91.72   37.63    28.7     3.0    15.8    17.4     0.0    23.03 C    33.4     2.5    16.9    91.2    16.1    48.3   0.291   0.304   0.286   0.388   0.391    13.7    14.0    12.8    12.8    12.4
23909 20240414  2.622  -91.72   37.63    29.6    14.0    21.8    22.1     0.0    23.74 C    34.5     8.7    20.9    71.1    27.9    43.6   0.279   0.298   0.274   0.377   0.392    15.5    15.7    14.0    13.4    12.9
23909 20240415  2.622  -91.72   37.63    30.1    15.0    22.5    22.9     0.0    18.82 C    37.5    12.6    23.2    89.3    34.9    63.3   0.269   0.292   0.265   0.360   0.387    17.0    17.3    15.3    14.3    13.6
23909 20240416  2.622  -91.72   37.63    25.6    18.4    22.0    20.9     0.2    13.39 C    30.2    17.0    20.5    80.5    47.6    69.3   0.261   0.286   0.259   0.349   0.375    17.0    17.3    15.9    15.0    14.3
23909 20240417  2.622  -91.72   37.63    28.3    10.8    19.6    21.3     0.0    25.11 C    33.8     9.5    20.8    80.7    16.7    41.9   0.252   0.281   0.252   0.336   0.366    17.4    17.6    16.1    15.2    14.6
23909 20240418  2.622  -91.72   37.63    29.2     9.6    19.4    17.7     1.4    17.10 C    34.7     8.6    18.1    92.0    38.9    72.4   0.242   0.274   0.246   0.325   0.353    16.8    17.2    15.9    15.4    14.8
23909 20240419  2.622  -91.72   37.63    17.0     6.7    11.8    11.3     0.0    24.43 C    27.5     5.8    14.1    86.3    20.4    49.6   0.234   0.269   0.240   0.313   0.339    15.6    16.3    15.4    15.4    14.9
23909 20240420  2.622  -91.72   37.63    14.6     3.2     8.9     9.8     0.0    21.70 C    26.6     2.1    12.3    85.1    23.7    43.8   0.221   0.263   0.235   0.302   0.328    14.3    15.0    14.4    14.9    14.6
23909 20240421  2.622  -91.72   37.63    14.1     0.2     7.2     8.3     0.0    25.83 C    26.5    -0.5    11.4    87.4    24.1    46.0   0.211   0.257   0.230   0.293   0.320    13.9    14.7    13.9    14.5    14.3
23909 20240422  2.622  -91.72   37.63    19.7    -2.0     8.8    10.9     0.0    25.61 C    27.2    -2.7    12.2    91.1    16.9    45.7   0.200   0.252   0.226   0.285   0.311    13.2    13.8    13.3    14.1    13.9
23909 20240423  2.622  -91.72   37.63    25.2     7.9    16.5    14.4    12.9    13.91 C    31.1     5.9    14.1    94.2    34.3    60.7   0.206   0.252   0.230   0.284   0.310    13.8    14.2    13.7    14.0    13.8
23909 20240424  2.622  -91.72   37.63    20.9     4.6    12.7    13.2     0.0    24.67 C    30.0     3.3    14.6    96.2    25.8    61.5   0.233   0.278   0.238   0.298   0.326    14.2    14.7    13.8    14.0    13.8
23909 20240425  2.622  -91.72   37.63    14.8     6.5    10.6    10.4    28.3     4.44 C    18.6     5.2    10.2    91.4    52.3    79.6   0.277   0.294   0.271   0.318   0.339    12.9    13.4    13.5    14.0    13.8
23909 20240426  2.622  -91.72   37.63    19.4    10.8    15.1    14.6    21.7     1.91 C    17.3    10.1    13.9    93.5    78.1    87.5   0.390   0.337   0.370   0.385   0.386    12.8    13.1    13.0    13.4    13.4
23909 20240427  2.622  -91.72   37.63    23.0    15.3    19.1    19.0     0.0     7.17 C    23.7    13.9    18.1    86.9    69.1    80.1   0.356   0.334   0.371   0.386   0.388    14.6    14.8    13.9    13.6    13.4
23909 20240428  2.622  -91.72   37.63    21.1    15.1    18.1    18.6    31.0     8.04 C    22.7    14.8    17.8    90.6    60.9    76.7   0.351   0.334   0.372   0.387   0.389    15.6    15.8    14.9    14.3    13.9
23909 20240429  2.622  -91.72   37.63    23.8    10.1    16.9    16.9     8.5    17.46 C    29.6     8.4    17.5    92.9    30.0    74.3   0.386   0.338   0.374   0.389   0.390    16.3    16.5    15.3    14.7    14.3
23909 20240430  2.622  -91.72   37.63    27.0     7.6    17.3    19.1     0.0    25.79 C    33.0     6.3    19.5    93.5    33.5    61.4   0.324   0.325   0.371   0.389   0.390    16.7    17.0    15.6    15.2    14.7
23909 20240501  2.622  -91.72   37.63    28.1    15.9    22.0    20.4     4.3    17.45 C    32.6    13.9    20.5    91.7    39.1    70.2   0.308   0.315   0.338   0.389   0.390    17.8    18.1    16.6    15.9    15.3
23909 20240502  2.622  -91.72   37.63    26.3    15.3    20.8    20.2    11.8    15.86 C    29.5    12.8    20.0    92.9    46.4    77.2   0.311   0.316   0.341   0.390   0.390    17.8    18.1    16.9    16.2    15.7
23909 20240503  2.622  -91.72   37.63    24.1    16.9    20.5    19.0     0.3    11.86 C    30.1    14.8    19.8    92.8    59.6    80.7   0.364   0.338   0.363   0.393   0.393    18.0    18.3    17.2    16.5    16.0
23909 20240504  2.622  -91.72   37.63    26.0    14.5    20.2    20.1    10.8    19.13 C    32.6    13.6    20.7    91.9    51.9    77.2   0.349   0.332   0.362   0.393   0.392    18.8    19.0    17.6    16.8    16.3
23909 20240505  2.622  -91.72   37.63    19.1    12.1    15.6    15.4    18.9     8.01 C    23.2    11.3    16.2    92.4    71.4    87.0   0.379   0.342   0.372   0.393   0.393    17.4    17.8    17.3    17.0    16.5
23909 20240506  2.622  -91.72   37.63    24.2    15.7    19.9    19.6     0.0    16.21 C    30.3    15.4    20.5    92.7    60.3    80.3   0.380   0.342   0.375   0.393   0.393    18.3    18.5    17.3    16.8    16.4
23909 20240507  2.622  -91.72   37.63    28.1    13.0    20.5    20.6    19.9    22.79 C    31.6    11.7    20.5    91.9    33.3    70.3   0.379   0.342   0.377   0.391   0.392    19.2    19.5    18.1    17.3    16.8
23909 20240508  2.622  -91.72   37.63    27.2    11.2    19.2    18.3    19.3    12.55 C    31.8    10.3    18.3    92.4    60.0    81.0   0.362   0.341   0.374   0.389   0.391    18.3    18.6    17.9    17.5    17.0
23909 20240509  2.622  -91.72   37.63    24.1    13.2    18.6    18.8     0.0    27.11 C    29.1    11.0    18.8    91.3    26.9    57.7   0.374   0.341   0.376   0.389   0.391    18.7    19.1    17.9    17.4    17.0
23909 20240510  2.622  -91.72   37.63    21.8     9.0    15.4    14.9     0.0    21.10 C    30.4     7.8    16.2    91.6    37.6    68.4   0.338   0.325   0.336   0.387   0.389    17.8    18.3    17.5    17.5    17.0
23909 20240511  2.622  -91.72   37.63    23.5     8.9    16.2    16.9     0.0    27.75 C    31.5     8.0    17.9    91.7    25.3    54.6   0.323   0.314   0.293   0.374   0.387    17.7    18.3    17.2    17.2    16.9
23909 20240512  2.622  -91.72   37.63    26.4     7.4    16.9    18.3     0.0    25.46 C    32.6     6.3    18.8    93.1    30.7    61.8   0.307   0.304   0.276   0.352   0.381    18.0    18.5    17.3    17.2    16.9
23909 20240513  2.622  -91.72   37.63    20.9    14.5    17.7    17.1     7.5     8.98 C    24.7    12.6    17.3    91.9    72.1    86.2   0.315   0.307   0.280   0.359   0.378    17.8    18.3    17.6    17.4    17.0
23909 20240514  2.622  -91.72   37.63    23.2    14.8    19.0    17.8     0.0    17.55 C    30.2    14.4    19.2    92.7    52.5    81.3   0.318   0.311   0.295   0.382   0.386    18.6    18.9    17.7    17.3    17.0
23909 20240515  2.622  -91.72   37.63    23.1    15.0    19.0    18.3     0.0    15.55 C    30.6    13.5    19.2    92.8    56.8    80.1   0.307   0.306   0.280   0.361   0.384    18.7    19.2    18.0    17.6    17.2
23909 20240516  2.622  -91.72   37.63    22.7    14.8    18.7    18.2    16.9     8.55 C    27.0    13.6    18.2    92.7    67.7    85.7   0.341   0.321   0.334   0.374   0.383    18.2    18.6    17.9    17.7    17.3
23909 20240517  2.622  -91.72   37.63    24.8    14.8    19.8    19.5     0.6    18.97 C    31.8    13.3    20.1    93.5    57.4    80.1   0.349   0.329   0.364   0.387   0.388    19.1    19.4    18.2    17.7    17.3
23909 20240518  2.622  -91.72   37.63    28.2    12.8    20.5    20.4     0.0    25.06 C    34.9    11.9    21.2    94.6    39.7    74.2   0.324   0.318   0.326   0.387   0.387    19.5    19.8    18.6    18.0    17.6
23909 20240519  2.622  -91.72   37.63    29.6    13.4    21.5    22.5     0.0    25.50 C    35.3    12.3    22.7    93.2    41.3    68.7   0.306   0.306   0.283   0.367   0.384    20.3    20.6    19.2    18.4    17.9
23909 20240520  2.622  -91.72   37.63    29.0    17.7    23.4    23.0     0.0    21.42 C    34.5    15.9    22.8    89.3    51.0    69.8   0.291   0.295   0.269   0.347   0.372    21.0    21.3    19.8    18.9    18.3
23909 20240521  2.622  -91.72   37.63    29.4    17.3    23.3    23.7     4.2    25.26 C    32.5    15.2    23.3    89.0    43.3    68.0   0.266   0.283   0.260   0.332   0.359    21.1    21.5    20.1    19.2    18.6
23909 20240522  2.622  -91.72   37.63    20.8    13.3    17.0    17.8     0.0    14.61 C    26.5    12.2    18.2    92.6    62.8    80.1   0.267   0.284   0.255   0.319   0.345    19.9    20.3    19.7    19.2    18.8
23909 20240523  2.622  -91.72   37.63    26.8    16.4    21.6    20.8     2.8    15.02 C    31.2    15.8    21.2    92.0    56.0    80.6   0.271   0.288   0.253   0.315   0.340    20.0    20.3    19.4    19.0    18.6
23909 20240524  2.622  -91.72   37.63    28.4    19.1    23.7    23.6     8.2    19.81 C    32.6    17.6    23.7    90.0    54.5    76.2   0.268   0.283   0.252   0.310   0.336    21.2    21.5    20.1    19.2    18.8
23909 20240525  2.622  -91.72   37.63    26.8    14.6    20.7    20.9     0.0    28.29 C    31.3    12.7    21.9    92.0    44.9    71.3   0.283   0.293   0.258   0.314   0.347    21.2    21.5    20.3    19.6    19.1
23909 20240526  2.622  -91.72   37.63    27.5    17.4    22.4    21.1    28.5    17.31 C    30.9    17.1    21.5    91.5    63.3    82.0   0.345   0.324   0.341   0.374   0.378    21.3    21.7    20.5    19.8    19.3
23909 20240527  2.622  -91.72   37.63    26.3    14.1    20.2    20.8     0.0    27.66 C    29.8    12.4    21.0    91.9    41.3    69.4   0.327   0.323   0.351   0.394   0.392    21.3    21.7    20.5    19.9    19.4
23909 20240528  2.622  -91.72   37.63    25.9    12.0    19.0    19.2     0.0    26.95 C    29.0    11.1    19.5    92.8    34.3    64.2   0.299   0.307   0.289   0.373   0.392    20.5    21.1    20.1    19.9    19.5
23909 20240529  2.622  -91.72   37.63    25.0    11.1    18.0    18.5     0.0    27.33 C    31.4    10.4    20.0    92.7    38.6    66.1   0.278   0.294   0.269   0.342   0.377    20.0    20.5    19.7    19.7    19.3
23909 20240530  2.622  -91.72   37.63    25.5    10.3    17.9    18.5     0.0    24.27 C    30.3     9.3    19.2    92.7    49.8    69.2   0.261   0.282   0.258   0.325   0.357    19.9    20.3    19.6    19.4    19.1
23909 20240531  2.622  -91.72   37.63    24.2    17.0    20.6    18.8    26.8     9.53 C    28.8    15.1    18.6    90.0    49.7    73.1   0.283   0.288   0.279   0.332   0.353    19.5    19.9    19.5    19.4    19.1
23909 20240601  2.622  -91.72   37.63    24.2    14.6    19.4    19.6     0.0    15.37 C    27.7    13.7    20.2    93.1    63.6    81.5   0.343   0.326   0.363   0.387   0.391    19.8    20.1    19.3    19.2    18.9
23909 20240602  2.622  -91.72   37.63    27.8    12.7    20.3    20.8     0.0    22.96 C    34.3    12.0    22.0    93.5    46.4    74.9   0.311   0.311   0.321   0.387   0.393    20.2    20.5    19.6    19.3    19.0
23909 20240603  2.622  -91.72   37.63    28.8    18.7    23.7    23.0     0.0    20.53 C    33.8    17.2    23.2    87.5    52.4    75.3   0.293   0.302   0.281   0.365   0.391    21.3    21.5    20.3    19.7    19.2
23909 20240604  2.622  -91.72   37.63    26.9    18.8    22.9    22.3     0.0    20.06 C    32.5    17.7    23.1    89.8    63.4    77.5   0.279   0.293   0.269   0.345   0.379    21.7    22.0    20.8    20.0    19.6
23909 20240605  2.622  -91.72   37.63    26.9    13.3    20.1    21.3     0.5    19.91 C    31.9    11.9    21.8    92.4    51.2    77.4   0.268   0.285   0.260   0.330   0.364    21.7    22.1    21.0    20.3    19.8
23909 20240606  2.622  -91.72   37.63    27.8    11.9    19.9    20.3     0.0    27.50 C    30.6    10.4    19.9    93.1    30.3    61.9   0.251   0.273   0.250   0.314   0.342    20.8    21.2    20.4    20.2    19.8
23909 20240607  2.622  -91.72   37.63    29.5     9.4    19.5    20.7     0.0    28.05 C    34.0     8.2    21.2    92.7    26.2    64.8   0.232   0.258   0.241   0.299   0.326    20.5    20.9    20.1    20.0    19.7
23909 20240608  2.622  -91.72   37.63    29.1    17.7    23.4    23.1    12.1    19.68 C    34.0    16.5    23.4    92.0    61.8    75.4   0.232   0.253   0.236   0.287   0.313    21.7    21.9    20.7    20.2    19.8
23909 20240609  2.622  -91.72   37.63    21.9    12.1    17.0    17.8    30.3    10.77 C    25.4    10.9    18.1    92.9    54.7    83.8   0.354   0.321   0.337   0.358   0.368    20.6    21.0    20.7    20.5    20.0
23909 20240610  2.622  -91.72   37.63    24.6    11.6    18.1    18.3     0.0    26.96 C    30.7    10.3    18.9    93.5    39.9    70.0   0.323   0.317   0.340   0.385   0.391    19.9    20.4    19.8    19.8    19.6
23909 20240611  2.622  -91.72   37.63    25.9     9.9    17.9    18.7     0.0    27.99 C    32.2     9.0    19.9    93.7    37.9    70.6   0.299   0.302   0.285   0.363   0.389    20.0    20.4    19.7    19.8    19.5
23909 20240612  2.622  -91.72   37.63    28.5    12.5    20.5    21.4     0.0    27.51 C    34.5    11.7    22.3    93.3    46.6    71.7   0.279   0.289   0.267   0.333   0.370    20.9    21.2    20.2    19.9    19.6
23909 20240613  2.622  -91.72   37.63    30.5    14.7    22.6    23.7     0.0    27.61 C    35.3    13.6    24.1    92.0    45.0    70.5   0.257   0.274   0.256   0.319   0.349    21.8    22.1    20.8    20.2    19.8
23909 20240614  2.622  -91.72   37.63    30.2    16.8    23.5    24.1     2.3    24.93 C    35.0    15.7    24.3    92.4    51.7    72.2   0.245   0.264   0.247   0.303   0.329    22.7    23.0    21.6    20.8    20.3
23909 20240615  2.622  -91.72   37.63    30.9    14.9    22.9    24.1     0.0    26.63 C    35.3    13.9    24.4    93.3    49.4    70.4   0.229   0.254   0.238   0.289   0.316    22.5    22.8    21.7    21.0    20.5
23909 20240616  2.622  -91.72   37.63    31.4    20.0    25.7    26.2     0.0    26.04 C    35.9    18.2    26.0    91.6    47.7    70.9   0.211   0.240   0.231   0.277   0.302    23.4    23.7    22.3    21.3    20.8
23909 20240617  2.622  -91.72   37.63    30.7    18.4    24.5    24.9     0.0    23.81 C    36.3    17.2    25.3    94.1    55.5    75.2   0.193   0.225   0.223   0.266   0.288    23.5    23.7    22.6    21.6    21.1
23909 20240618  2.622  -91.72   37.63    27.3    21.3    24.3    24.3     0.0    19.29 C    31.9    19.9    24.4    89.2    58.4    74.5   0.178   0.212   0.217   0.256   0.273    23.1    23.4    22.5    21.8    21.3
23909 20240619  2.622  -91.72   37.63    29.8    19.3    24.5    24.5     0.0    23.79 C    35.4    17.4    25.0    92.6    49.2    74.6   0.186   0.200   0.211   0.247   0.259    23.3    23.6    22.5    21.7    21.3
23909 20240620  2.622  -91.72   37.63    29.8    16.4    23.1    23.4     0.0    24.46 C    35.2    15.5    24.0    94.0    45.4    74.0   0.153   0.185   0.203   0.238   0.247    23.1    23.3    22.4    21.7    21.3
23909 20240621  2.622  -91.72   37.63    30.5    16.0    23.3    23.7     0.0    24.76 C    37.3    15.1    24.5    93.5    42.6    73.8   0.140   0.168   0.194   0.229   0.236    23.2    23.4    22.4    21.7    21.3
23909 20240622  2.622  -91.72   37.63    31.3    17.5    24.4    25.3     0.0    25.70 C    36.0    15.9    25.5    93.8    49.3    69.9   0.128   0.152   0.185   0.219   0.226    23.5    23.7    22.7    21.9    21.4
23909 20240623  2.622  -91.72   37.63    32.1    18.1    25.1    26.6     0.0    26.98 C    36.0    16.1    26.6    90.9    37.4    64.0   0.118   0.140   0.174   0.209   0.215    24.4    24.6    23.2    22.2    21.7
23909 20240624  2.622  -91.72   37.63    34.1    15.1    24.6    26.0     0.0    27.40 C    39.7    13.8    26.6    92.2    44.2    68.6   0.111   0.129   0.163   0.198   0.203    24.1    24.3    23.1    22.3    21.9
23909 20240625  2.622  -91.72   37.63    34.5    20.5    27.5    27.3     0.0    24.17 C    41.0    19.1    27.5    86.5    45.4    67.0   0.106   0.121   0.152   0.185   0.191    25.0    25.1    23.7    22.7    22.1
23909 20240626  2.622  -91.72   37.63    24.6    17.0    20.8    21.3     8.6    10.16 C    27.9    15.8    21.2    93.0    66.4    84.2   0.103   0.117   0.147   0.178   0.184    23.2    23.5    23.1    22.6    22.2
23909 20240627  2.622  -91.72   37.63    29.9    14.0    22.0    22.6     0.0    28.71 C    34.8    12.9    23.1    93.6    36.6    68.6   0.109   0.117   0.145   0.173   0.178    22.6    23.0    22.4    22.1    21.8
23909 20240628  2.622  -91.72   37.63    29.9    14.7    22.3    23.3     0.0    18.63 C    35.8    14.1    23.4    93.2    52.7    72.3   0.101   0.117   0.142   0.163   0.169    22.6    22.8    22.3    21.9    21.7
23909 20240629  2.622  -91.72   37.63    32.6    22.2    27.4    26.1     1.5    14.93 C    36.7    20.9    26.1    90.6    46.7    72.9   0.082   0.116   0.139   0.153   0.159    23.6    23.8    22.8    22.1    21.7
23909 20240630  2.622  -91.72   37.63    26.9    19.3    23.1    22.9     0.0    23.59 C    32.8    17.9    23.9    92.9    52.8    71.4   0.193   0.115   0.135   0.141   0.147    23.6    24.0    23.0    22.3    21.9
23909 20240701  2.622  -91.72   37.63    27.5    16.2    21.8    21.3     0.0    22.47 C    33.3    13.9    21.8    84.4    30.2    55.4   0.222   0.111   0.129   0.126   0.129    22.5    22.9    22.4    22.2    21.9
23909 20240702  2.622  -91.72   37.63 -9999.0 -9999.0 -9999.0 -9999.0 -9999.0 -9999.00 U -9999.0 -9999.0 -9999.0 -9999.0 -9999.0 -9999.0 -99.000 -99.000 -99.000 -99.000 -99.000 -9999.0 -9999.0 -9999.0 -9999.0 -9999.0
