23802 20240101  7.001  -87.74   31.88    13.2     1.0     7.1     6.3     0.0 -9999.00 U -9999.0 -9999.0 -9999.0   100.0    42.4    72.5 -99.000 -99.000 -99.000 -99.000 -99.000 -9999.0 -9999.0 -9999.0 -9999.0 -9999.0
23802 20240102  7.001  -87.74   31.88    11.2    -4.0     3.6     2.1     0.0 -9999.00 U -9999.0 -9999.0 -9999.0    97.7    36.5    75.3 -99.000 -99.000 -99.000 -99.000 -99.000 -9999.0 -9999.0 -9999.0 -9999.0 -9999.0
23802 20240103  7.001  -87.74   31.88     6.6    -2.9     1.8     2.2     2.9 -9999.00 U -9999.0 -9999.0 -9999.0    99.7    73.5    91.7 -99.000 -99.000 -99.000 -99.000 -99.000 -9999.0 -9999.0 -9999.0 -9999.0 -9999.0
23802 20240104  7.001  -87.74   31.88    11.4    -1.9     4.7     3.4     0.3 -9999.00 U -9999.0 -9999.0 -9999.0   100.0    48.9    82.0 -99.000 -99.000 -99.000 -99.000 -99.000 -9999.0 -9999.0 -9999.0 -9999.0 -9999.0
23802 20240105  7.001  -87.74   31.88    14.1    -2.3     5.9     7.2    20.8 -9999.00 U -9999.0 -9999.0 -9999.0    99.1    53.1    79.8 -99.000 -99.000 -99.000 -99.000 -99.000 -9999.0 -9999.0 -9999.0 -9999.0 -9999.0
23802 20240106  7.001  -87.74   31.88    10.6     5.5     8.0     8.9     0.2 -9999.00 U -9999.0 -9999.0 -9999.0    99.8    70.1    84.3 -99.000 -99.000 -99.000 -99.000 -99.000 -9999.0 -9999.0 -9999.0 -9999.0 -9999.0
23802 20240107  7.001  -87.74   31.88    12.5     0.7     6.6     5.9     0.0 -9999.00 U -9999.0 -9999.0 -9999.0    99.8    42.5    78.9 -99.000 -99.000 -99.000 -99.000 -99.000 -9999.0 -9999.0 -9999.0 -9999.0 -9999.0
23802 20240108  7.001  -87.74   31.88    14.7     1.0     7.8     8.1    51.1 -9999.00 U -9999.0 -9999.0 -9999.0    98.0    44.9    76.2 -99.000 -99.000 -99.000 -99.000 -99.000 -9999.0 -9999.0 -9999.0 -9999.0 -9999.0
23802 20240109  7.001  -87.74   31.88    20.4     3.2    11.8     9.7    64.7 -9999.00 U -9999.0 -9999.0 -9999.0    99.4    51.9    77.5 -99.000 -99.000 -99.000 -99.000 -99.000 -9999.0 -9999.0 -9999.0 -9999.0 -9999.0
23802 20240110  7.001  -87.74   31.88    12.3    -1.6     5.4     4.6     0.0 -9999.00 U -9999.0 -9999.0 -9999.0    97.2    34.8    72.9 -99.000 -99.000 -99.000 -99.000 -99.000 -9999.0 -9999.0 -9999.0 -9999.0 -9999.0
23802 20240111  7.001  -87.74   31.88    19.3     1.4    10.4    10.9     0.0 -9999.00 U -9999.0 -9999.0 -9999.0    99.8    33.8    73.1 -99.000 -99.000 -99.000 -99.000 -99.000 -9999.0 -9999.0 -9999.0 -9999.0 -9999.0
23802 20240112  7.001  -87.74   31.88    24.5     3.1    13.8    14.5     3.3 -9999.00 U -9999.0 -9999.0 -9999.0    97.6    25.6    69.3 -99.000 -99.000 -99.000 -99.000 -99.000 -9999.0 -9999.0 -9999.0 -9999.0 -9999.0
23802 20240113  7.001  -87.74   31.88    10.8    -2.5     4.2     3.4     0.0 -9999.00 U -9999.0 -9999.0 -9999.0    90.8    26.2    61.6 -99.000 -99.000 -99.000 -99.000 -99.000 -9999.0 -9999.0 -9999.0 -9999.0 -9999.0
23802 20240114  7.001  -87.74   31.88    15.5    -2.2     6.6     5.7     0.0 -9999.00 U -9999.0 -9999.0 -9999.0    98.7    25.7    71.6 -99.000 -99.000 -99.000 -99.000 -99.000 -9999.0 -9999.0 -9999.0 -9999.0 -9999.0
23802 20240115  7.001  -87.74   31.88    15.0    -2.0     6.5     5.0     0.0 -9999.00 U -9999.0 -9999.0 -9999.0    97.4    43.5    71.2 -99.000 -99.000 -99.000 -99.000 -99.000 -9999.0 -9999.0 -9999.0 -9999.0 -9999.0
23802 20240116  7.001  -87.74   31.88    -1.9    -8.1    -5.0    -5.0     6.6 -9999.00 U -9999.0 -9999.0 -9999.0    97.0    58.3    78.3 -99.000 -99.000 -99.000 -99.000 -99.000 -9999.0 -9999.0 -9999.0 -9999.0 -9999.0
23802 20240117  7.001  -87.74   31.88     3.7   -10.7    -3.5    -4.6     0.0 -9999.00 U -9999.0 -9999.0 -9999.0    94.2    29.6    64.6 -99.000 -99.000 -99.000 -99.000 -99.000 -9999.0 -9999.0 -9999.0 -9999.0 -9999.0
23802 20240118  7.001  -87.74   31.88    11.5    -7.0     2.2     3.6     3.6 -9999.00 U -9999.0 -9999.0 -9999.0    99.4    40.7    82.9 -99.000 -99.000 -99.000 -99.000 -99.000 -9999.0 -9999.0 -9999.0 -9999.0 -9999.0
23802 20240119  7.001  -87.74   31.88    11.8    -1.8     5.0     5.1     0.5 -9999.00 U -9999.0 -9999.0 -9999.0    98.6    47.9    71.8 -99.000 -99.000 -99.000 -99.000 -99.000 -9999.0 -9999.0 -9999.0 -9999.0 -9999.0
23802 20240120  7.001  -87.74   31.88     2.1    -6.2    -2.1    -2.6     0.0 -9999.00 U -9999.0 -9999.0 -9999.0    72.1    36.1    53.1 -99.000 -99.000 -99.000 -99.000 -99.000 -9999.0 -9999.0 -9999.0 -9999.0 -9999.0
23802 20240121  7.001  -87.74   31.88     5.8    -8.5    -1.4    -2.0     0.0 -9999.00 U -9999.0 -9999.0 -9999.0    77.2    25.9    53.1 -99.000 -99.000 -99.000 -99.000 -99.000 -9999.0 -9999.0 -9999.0 -9999.0 -9999.0
23802 20240122  7.001  -87.74   31.88    13.2    -1.4     5.9     6.3     0.0 -9999.00 U -9999.0 -9999.0 -9999.0    70.3    39.0    55.4 -99.000 -99.000 -99.000 -99.000 -99.000 -9999.0 -9999.0 -9999.0 -9999.0 -9999.0
23802 20240123  7.001  -87.74   31.88    19.7     8.9    14.3    14.4     1.1 -9999.00 U -9999.0 -9999.0 -9999.0    98.1    66.6    82.0 -99.000 -99.000 -99.000 -99.000 -99.000 -9999.0 -9999.0 -9999.0 -9999.0 -9999.0
23802 20240124  7.001  -87.74   31.88    21.0    15.5    18.3    17.8    48.4 -9999.00 U -9999.0 -9999.0 -9999.0    99.6    85.5    94.7 -99.000 -99.000 -99.000 -99.000 -99.000 -9999.0 -9999.0 -9999.0 -9999.0 -9999.0
23802 20240125  7.001  -87.74   31.88    22.5    14.2    18.4    17.6    28.2 -9999.00 U -9999.0 -9999.0 -9999.0   100.0    83.2    97.0 -99.000 -99.000 -99.000 -99.000 -99.000 -9999.0 -9999.0 -9999.0 -9999.0 -9999.0
23802 20240126  7.001  -87.74   31.88    20.3    14.6    17.5    17.3     0.4 -9999.00 U -9999.0 -9999.0 -9999.0   100.0    78.7    94.1 -99.000 -99.000 -99.000 -99.000 -99.000 -9999.0 -9999.0 -9999.0 -9999.0 -9999.0
23802 20240127  7.001  -87.74   31.88    20.3     9.9    15.1    15.6    13.5 -9999.00 U -9999.0 -9999.0 -9999.0   100.0    71.6    89.6 -99.000 -99.000 -99.000 -99.000 -99.000 -9999.0 -9999.0 -9999.0 -9999.0 -9999.0
23802 20240128  7.001  -87.74   31.88    10.3     6.2     8.2     7.9     0.0 -9999.00 U -9999.0 -9999.0 -9999.0    91.2    65.3    78.8 -99.000 -99.000 -99.000 -99.000 -99.000 -9999.0 -9999.0 -9999.0 -9999.0 -9999.0
23802 20240129  7.001  -87.74   31.88    13.2     0.1     6.6     5.8     0.0 -9999.00 U -9999.0 -9999.0 -9999.0    99.2    44.2    79.2 -99.000 -99.000 -99.000 -99.000 -99.000 -9999.0 -9999.0 -9999.0 -9999.0 -9999.0
23802 20240130  7.001  -87.74   31.88    19.4    -1.9     8.8     8.7     0.0 -9999.00 U -9999.0 -9999.0 -9999.0   100.0    39.8    72.6 -99.000 -99.000 -99.000 -99.000 -99.000 -9999.0 -9999.0 -9999.0 -9999.0 -9999.0
23802 20240131  7.001  -87.74   31.88    15.0     2.5     8.8     8.6     0.0 -9999.00 U -9999.0 -9999.0 -9999.0    98.7    42.8    74.6 -99.000 -99.000 -99.000 -99.000 -99.000 -9999.0 -9999.0 -9999.0 -9999.0 -9999.0
23802 20240201  7.001  -87.74   31.88    16.3    -0.8     7.7     7.0     0.0 -9999.00 U -9999.0 -9999.0 -9999.0   100.0    39.1    77.9 -99.000 -99.000 -99.000 -99.000 -99.000 -9999.0 -9999.0 -9999.0 -9999.0 -9999.0
23802 20240202  7.001  -87.74   31.88    21.0     1.0    11.0    10.1     0.0 -9999.00 U -9999.0 -9999.0 -9999.0   100.0    30.6    73.0 -99.000 -99.000 -99.000 -99.000 -99.000 -9999.0 -9999.0 -9999.0 -9999.0 -9999.0
23802 20240203  7.001  -87.74   31.88    19.9     2.7    11.3    12.4     1.1 -9999.00 U -9999.0 -9999.0 -9999.0    99.6    36.1    64.8 -99.000 -99.000 -99.000 -99.000 -99.000 -9999.0 -9999.0 -9999.0 -9999.0 -9999.0
23802 20240204  7.001  -87.74   31.88    12.7     5.7     9.2     9.3     6.8 -9999.00 U -9999.0 -9999.0 -9999.0    98.1    73.1    93.8 -99.000 -99.000 -99.000 -99.000 -99.000 -9999.0 -9999.0 -9999.0 -9999.0 -9999.0
23802 20240205  7.001  -87.74   31.88    11.2     4.9     8.1     7.3     4.5 -9999.00 U -9999.0 -9999.0 -9999.0   100.0    76.2    93.0 -99.000 -99.000 -99.000 -99.000 -99.000 -9999.0 -9999.0 -9999.0 -9999.0 -9999.0
23802 20240206  7.001  -87.74   31.88    18.9     3.6    11.3     9.7     0.0 -9999.00 U -9999.0 -9999.0 -9999.0    98.6    30.1    72.3 -99.000 -99.000 -99.000 -99.000 -99.000 -9999.0 -9999.0 -9999.0 -9999.0 -9999.0
23802 20240207  7.001  -87.74   31.88    19.6     0.1     9.8     9.7     0.0 -9999.00 U -9999.0 -9999.0 -9999.0   100.0    25.2    66.1 -99.000 -99.000 -99.000 -99.000 -99.000 -9999.0 -9999.0 -9999.0 -9999.0 -9999.0
23802 20240208  7.001  -87.74   31.88    18.7     2.0    10.3    11.7     0.0 -9999.00 U -9999.0 -9999.0 -9999.0    98.0    50.2    69.5 -99.000 -99.000 -99.000 -99.000 -99.000 -9999.0 -9999.0 -9999.0 -9999.0 -9999.0
23802 20240209  7.001  -87.74   31.88    24.2    13.0    18.6    17.6     0.0 -9999.00 U -9999.0 -9999.0 -9999.0    96.3    52.9    81.5 -99.000 -99.000 -99.000 -99.000 -99.000 -9999.0 -9999.0 -9999.0 -9999.0 -9999.0
23802 20240210  7.001  -87.74   31.88    20.0    16.2    18.1    18.2     1.1 -9999.00 U -9999.0 -9999.0 -9999.0    97.0    76.5    90.3 -99.000 -99.000 -99.000 -99.000 -99.000 -9999.0 -9999.0 -9999.0 -9999.0 -9999.0
23802 20240211  7.001  -87.74   31.88    21.0    16.7    18.8    18.8    52.2 -9999.00 U -9999.0 -9999.0 -9999.0    99.9    82.4    94.6 -99.000 -99.000 -99.000 -99.000 -99.000 -9999.0 -9999.0 -9999.0 -9999.0 -9999.0
23802 20240212  7.001  -87.74   31.88    17.5     7.4    12.4    13.7    25.0 -9999.00 U -9999.0 -9999.0 -9999.0    99.2    61.8    88.5 -99.000 -99.000 -99.000 -99.000 -99.000 -9999.0 -9999.0 -9999.0 -9999.0 -9999.0
23802 20240213  7.001  -87.74   31.88    14.0     1.4     7.7     7.6     0.0 -9999.00 U -9999.0 -9999.0 -9999.0    99.1    35.9    71.1 -99.000 -99.000 -99.000 -99.000 -99.000 -9999.0 -9999.0 -9999.0 -9999.0 -9999.0
23802 20240214  7.001  -87.74   31.88    17.7    -1.2     8.3     7.4     0.0 -9999.00 U -9999.0 -9999.0 -9999.0   100.0    28.1    71.8 -99.000 -99.000 -99.000 -99.000 -99.000 -9999.0 -9999.0 -9999.0 -9999.0 -9999.0
23802 20240215  7.001  -87.74   31.88    20.5     1.8    11.2    10.8     0.0 -9999.00 U -9999.0 -9999.0 -9999.0   100.0    25.9    69.3 -99.000 -99.000 -99.000 -99.000 -99.000 -9999.0 -9999.0 -9999.0 -9999.0 -9999.0
23802 20240216  7.001  -87.74   31.88    19.3     7.0    13.2    13.1     0.0 -9999.00 U -9999.0 -9999.0 -9999.0    97.9    44.6    77.8 -99.000 -99.000 -99.000 -99.000 -99.000 -9999.0 -9999.0 -9999.0 -9999.0 -9999.0
23802 20240217  7.001  -87.74   31.88    13.7     3.4     8.5     7.0     0.3 -9999.00 U -9999.0 -9999.0 -9999.0    96.1    51.0    73.3 -99.000 -99.000 -99.000 -99.000 -99.000 -9999.0 -9999.0 -9999.0 -9999.0 -9999.0
23802 20240218  7.001  -87.74   31.88    11.7    -0.7     5.5     5.1     0.0 -9999.00 U -9999.0 -9999.0 -9999.0    89.5    23.1    48.2 -99.000 -99.000 -99.000 -99.000 -99.000 -9999.0 -9999.0 -9999.0 -9999.0 -9999.0
23802 20240219  7.001  -87.74   31.88    16.0    -3.5     6.2     5.1     0.0 -9999.00 U -9999.0 -9999.0 -9999.0    99.1    18.5    62.1 -99.000 -99.000 -99.000 -99.000 -99.000 -9999.0 -9999.0 -9999.0 -9999.0 -9999.0
23802 20240220  7.001  -87.74   31.88    18.8    -1.9     8.4     7.9     0.0 -9999.00 U -9999.0 -9999.0 -9999.0    99.0    31.2    71.2 -99.000 -99.000 -99.000 -99.000 -99.000 -9999.0 -9999.0 -9999.0 -9999.0 -9999.0
23802 20240221  7.001  -87.74   31.88    22.2     1.5    11.8    12.5     0.0 -9999.00 U -9999.0 -9999.0 -9999.0    99.3    37.3    67.6 -99.000 -99.000 -99.000 -99.000 -99.000 -9999.0 -9999.0 -9999.0 -9999.0 -9999.0
23802 20240222  7.001  -87.74   31.88    24.0     9.2    16.6    17.0     0.0 -9999.00 U -9999.0 -9999.0 -9999.0    90.6    45.2    69.9 -99.000 -99.000 -99.000 -99.000 -99.000 -9999.0 -9999.0 -9999.0 -9999.0 -9999.0
23802 20240223  7.001  -87.74   31.88    21.5     9.3    15.4    16.3     4.5 -9999.00 U -9999.0 -9999.0 -9999.0    97.7    27.5    66.9 -99.000 -99.000 -99.000 -99.000 -99.000 -9999.0 -9999.0 -9999.0 -9999.0 -9999.0
23802 20240224  7.001  -87.74   31.88    22.0     3.4    12.7    12.3     0.0 -9999.00 U -9999.0 -9999.0 -9999.0    97.8    21.2    58.5 -99.000 -99.000 -99.000 -99.000 -99.000 -9999.0 -9999.0 -9999.0 -9999.0 -9999.0
23802 20240225  7.001  -87.74   31.88    22.8     0.9    11.8    12.0     0.0 -9999.00 U -9999.0 -9999.0 -9999.0    98.1    20.2    56.4 -99.000 -99.000 -99.000 -99.000 -99.000 -9999.0 -9999.0 -9999.0 -9999.0 -9999.0
23802 20240226  7.001  -87.74   31.88    24.8     4.9    14.8    15.8     0.0 -9999.00 U -9999.0 -9999.0 -9999.0    91.5    38.9    66.9 -99.000 -99.000 -99.000 -99.000 -99.000 -9999.0 -9999.0 -9999.0 -9999.0 -9999.0
23802 20240227  7.001  -87.74   31.88    25.1    16.5    20.8    20.5     0.0 -9999.00 U -9999.0 -9999.0 -9999.0    92.6    52.3    75.5   0.046   0.121   0.047   0.155 -99.000    17.9    16.9    16.1    14.7 -9999.0
23802 20240228  7.001  -87.74   31.88    25.4     9.5    17.4    17.9     0.0 -9999.00 U -9999.0 -9999.0 -9999.0    85.9    47.4    69.5   0.041   0.113   0.046   0.154 -99.000    18.1    17.7    17.1    15.5 -9999.0
23802 20240229  7.001  -87.74   31.88    11.0     6.2     8.6     9.2     0.0 -9999.00 U -9999.0 -9999.0 -9999.0    52.4    28.6    40.2   0.037   0.106   0.044   0.152 -99.000    13.6    14.4    15.1    15.5 -9999.0
23802 20240301  7.001  -87.74   31.88    12.9     9.3    11.1    11.1    64.1 -9999.00 U -9999.0 -9999.0 -9999.0    99.6    47.5    87.3   0.092   0.164 -99.000 -99.000 -99.000    13.0    13.5    14.1    14.9 -9999.0
23802 20240302  7.001  -87.74   31.88    15.9    11.0    13.5    13.1     0.0 -9999.00 U -9999.0 -9999.0 -9999.0   100.0    84.1    94.5   0.111   0.208   0.189 -99.000 -99.000    15.0    14.6    14.4    14.3 -9999.0
23802 20240303  7.001  -87.74   31.88    24.1    14.0    19.0    18.5     0.0 -9999.00 U -9999.0 -9999.0 -9999.0   100.0    62.9    86.3   0.097   0.186   0.080 -99.000 -99.000    17.9    17.0    16.0    14.8 -9999.0
23802 20240304  7.001  -87.74   31.88    23.2    12.8    18.0    18.3     2.1 -9999.00 U -9999.0 -9999.0 -9999.0   100.0    69.1    88.7   0.086   0.172   0.068 -99.000 -99.000    17.7    17.2    16.6    15.5 -9999.0
23802 20240305  7.001  -87.74   31.88    20.9    13.9    17.4    17.5     0.8 -9999.00 U -9999.0 -9999.0 -9999.0   100.0    74.1    92.2   0.099   0.169   0.066   0.201 -99.000    17.8    17.5    17.1    16.0 -9999.0
23802 20240306  7.001  -87.74   31.88    24.1    11.4    17.8    17.4     0.0 -9999.00 U -9999.0 -9999.0 -9999.0    99.8    50.2    83.5   0.087   0.161   0.063   0.187 -99.000    18.1    17.7    17.3    16.2 -9999.0
23802 20240307  7.001  -87.74   31.88    24.1     8.4    16.3    16.6     0.0 -9999.00 U -9999.0 -9999.0 -9999.0   100.0    45.6    77.2   0.076   0.151   0.059   0.176 -99.000    17.8    17.5    17.2    16.4 -9999.0
23802 20240308  7.001  -87.74   31.88    21.9    13.3    17.6    16.7    87.9 -9999.00 U -9999.0 -9999.0 -9999.0    99.5    49.7    84.9   0.091   0.223 -99.000 -99.000 -99.000    17.0    17.0    17.1    16.6 -9999.0
23802 20240309  7.001  -87.74   31.88    18.4    10.6    14.5    15.4     0.0 -9999.00 U -9999.0 -9999.0 -9999.0   100.0    66.8    84.7   0.115   0.254 -99.000 -99.000 -99.000    16.9    16.9    16.9    16.5 -9999.0
23802 20240310  7.001  -87.74   31.88    17.4     5.2    11.3    11.2     0.0 -9999.00 U -9999.0 -9999.0 -9999.0    97.1    27.0    60.3   0.097   0.186   0.078 -99.000 -99.000    15.1    15.7    16.1    16.3 -9999.0
23802 20240311  7.001  -87.74   31.88    18.1     4.1    11.1    10.3     0.0 -9999.00 U -9999.0 -9999.0 -9999.0    94.9    18.8    56.4   0.083   0.167   0.066   0.203 -99.000    14.5    15.0    15.5    16.0 -9999.0
23802 20240312  7.001  -87.74   31.88    22.7     1.8    12.3    12.5     0.0 -9999.00 U -9999.0 -9999.0 -9999.0    99.5    19.8    60.9   0.076   0.157   0.061   0.178 -99.000    15.4    15.4    15.4    15.7 -9999.0
23802 20240313  7.001  -87.74   31.88    24.4     6.5    15.5    15.8     0.0 -9999.00 U -9999.0 -9999.0 -9999.0    97.3    50.6    75.4   0.070   0.149   0.057   0.170 -99.000    16.6    16.2    16.0    15.8 -9999.0
23802 20240314  7.001  -87.74   31.88    26.4    10.0    18.2    19.0     0.0 -9999.00 U -9999.0 -9999.0 -9999.0   100.0    58.7    84.0   0.065   0.140   0.056   0.165 -99.000    19.0    18.0    17.2    16.1 -9999.0
23802 20240315  7.001  -87.74   31.88    23.5    14.9    19.2    18.3    25.0 -9999.00 U -9999.0 -9999.0 -9999.0   100.0    81.3    95.1   0.086   0.158   0.109 -99.000 -99.000    18.7    18.5    18.1    16.8 -9999.0
23802 20240316  7.001  -87.74   31.88    21.0    13.0    17.0    16.3     0.0 -9999.00 U -9999.0 -9999.0 -9999.0   100.0    65.9    89.9   0.105   0.192   0.107 -99.000 -99.000    18.6    18.3    17.9    17.1 -9999.0
23802 20240317  7.001  -87.74   31.88    14.7    11.4    13.1    13.4    19.1 -9999.00 U -9999.0 -9999.0 -9999.0   100.0    90.0    96.3   0.109   0.197 -99.000 -99.000 -99.000    16.6    17.0    17.3    17.2 -9999.0
23802 20240318  7.001  -87.74   31.88    16.5     4.5    10.5    11.5     0.0 -9999.00 U -9999.0 -9999.0 -9999.0   100.0    29.8    59.6   0.105   0.198   0.130 -99.000 -99.000    16.1    16.6    16.9    16.8 -9999.0
23802 20240319  7.001  -87.74   31.88    15.6    -0.6     7.5     7.0     0.0 -9999.00 U -9999.0 -9999.0 -9999.0    96.7    19.5    52.9   0.088   0.168   0.062 -99.000 -99.000    13.9    14.7    15.5    16.4 -9999.0
23802 20240320  7.001  -87.74   31.88    22.1     0.0    11.1    11.5     0.0 -9999.00 U -9999.0 -9999.0 -9999.0   100.0    21.8    61.9   0.079   0.157   0.057   0.182 -99.000    15.1    15.1    15.3    15.9 -9999.0
23802 20240321  7.001  -87.74   31.88    23.1     5.1    14.1    15.1     0.0 -9999.00 U -9999.0 -9999.0 -9999.0    98.7    28.2    60.1   0.072   0.148   0.055   0.172 -99.000    16.6    16.3    16.1    16.0 -9999.0
23802 20240322  7.001  -87.74   31.88    22.6    10.7    16.6    16.2    10.4 -9999.00 U -9999.0 -9999.0 -9999.0    97.4    53.1    72.6   0.068   0.140   0.052   0.167 -99.000    17.9    17.3    16.9    16.3 -9999.0
23802 20240323  7.001  -87.74   31.88    20.6     8.9    14.8    15.3     0.9 -9999.00 U -9999.0 -9999.0 -9999.0    99.6    46.7    73.9   0.087   0.141   0.051   0.168 -99.000    17.7    17.6    17.4    16.6 -9999.0
23802 20240324  7.001  -87.74   31.88    22.3     3.5    12.9    14.0     0.0 -9999.00 U -9999.0 -9999.0 -9999.0    96.0    34.3    62.0   0.074   0.139   0.051   0.167 -99.000    16.9    16.8    16.8    16.7 -9999.0
23802 20240325  7.001  -87.74   31.88    22.1    12.9    17.5    18.2     0.0 -9999.00 U -9999.0 -9999.0 -9999.0    83.1    60.2    66.6   0.066   0.133   0.050   0.164 -99.000    17.6    17.3    17.1    16.7 -9999.0
23802 20240326  7.001  -87.74   31.88    21.2     8.7    15.0    15.1    28.4 -9999.00 U -9999.0 -9999.0 -9999.0    99.2    51.8    84.1   0.106   0.180 -99.000 -99.000 -99.000    18.3    18.0    17.6    16.9 -9999.0
23802 20240327  7.001  -87.74   31.88    21.5     7.9    14.7    14.4     0.0 -9999.00 U -9999.0 -9999.0 -9999.0   100.0    37.9    63.5   0.099   0.175   0.070 -99.000 -99.000    17.4    17.4    17.4    17.0 -9999.0
23802 20240328  7.001  -87.74   31.88    20.4     5.2    12.8    12.6     0.0 -9999.00 U -9999.0 -9999.0 -9999.0    91.4    22.7    54.0   0.083   0.157   0.058   0.192 -99.000    16.7    17.0    17.2    17.0 -9999.0
23802 20240329  7.001  -87.74   31.88    23.0     2.4    12.7    13.4     0.0 -9999.00 U -9999.0 -9999.0 -9999.0    99.5    21.8    57.5   0.073   0.144   0.054   0.173 -99.000    17.4    17.1    17.0    16.9 -9999.0
23802 20240330  7.001  -87.74   31.88    25.4     8.5    16.9    17.6     0.0 -9999.00 U -9999.0 -9999.0 -9999.0    97.3    38.1    65.5   0.062   0.132   0.051   0.165 -99.000    19.3    18.6    17.9    17.0 -9999.0
23802 20240331  7.001  -87.74   31.88    23.9    12.7    18.3    19.1     0.0 -9999.00 U -9999.0 -9999.0 -9999.0    98.5    60.8    79.4   0.054   0.121   0.049   0.161 -99.000    19.7    19.1    18.6    17.5 -9999.0
23802 20240401  7.001  -87.74   31.88    26.1    17.5    21.8    21.4     0.0 -9999.00 U -9999.0 -9999.0 -9999.0    98.5    59.8    83.7   0.048   0.113   0.047   0.159 -99.000    20.6    19.8    19.1    17.9 -9999.0
23802 20240402  7.001  -87.74   31.88    27.6    19.9    23.7    22.8     3.8 -9999.00 U -9999.0 -9999.0 -9999.0    96.1    58.1    84.2   0.042   0.105   0.045   0.156 -99.000    22.2    21.1    20.1    18.4 -9999.0
23802 20240403  7.001  -87.74   31.88    21.3     5.5    13.4    14.9     0.0 -9999.00 U -9999.0 -9999.0 -9999.0    93.4    27.3    56.5   0.041   0.097   0.043   0.153 -99.000    19.9    20.2    20.1    18.9 -9999.0
23802 20240404  7.001  -87.74   31.88    21.4     2.9    12.1    12.4     0.0 -9999.00 U -9999.0 -9999.0 -9999.0    95.7    21.3    54.3   0.039   0.090   0.041   0.149 -99.000    17.9    18.2    18.5    18.6 -9999.0
23802 20240405  7.001  -87.74   31.88    21.1     2.8    12.0    12.2     0.0 -9999.00 U -9999.0 -9999.0 -9999.0    99.7    27.1    63.8   0.033   0.082   0.039   0.148 -99.000    18.4    18.3    18.3    18.2 -9999.0
23802 20240406  7.001  -87.74   31.88    21.7     5.7    13.7    13.3     0.0 -9999.00 U -9999.0 -9999.0 -9999.0    95.2    33.8    61.6   0.026   0.074   0.037   0.145 -99.000    18.9    18.7    18.5    18.1 -9999.0
23802 20240407  7.001  -87.74   31.88    26.4     6.7    16.6    17.1     0.0 -9999.00 U -9999.0 -9999.0 -9999.0    98.9    33.4    65.7   0.019   0.066   0.035   0.143 -99.000    20.3    19.5    18.9    18.2 -9999.0
23802 20240408  7.001  -87.74   31.88    24.2    13.4    18.8    17.3     4.5 -9999.00 U -9999.0 -9999.0 -9999.0    98.4    46.2    83.9   0.012   0.058   0.032   0.140 -99.000    20.0    19.7    19.4    18.5 -9999.0
23802 20240409  7.001  -87.74   31.88    20.7    14.7    17.7    18.0     0.3 -9999.00 U -9999.0 -9999.0 -9999.0    99.1    79.8    90.2   0.017   0.057   0.029   0.139 -99.000    19.5    19.3    19.1    18.6 -9999.0
23802 20240410  7.001  -87.74   31.88    19.1    16.5    17.8    17.4    29.9 -9999.00 U -9999.0 -9999.0 -9999.0    98.9    86.8    92.4   0.052   0.083   0.028   0.138 -99.000    18.4    18.6    18.8    18.6 -9999.0
23802 20240411  7.001  -87.74   31.88    18.4     9.7    14.0    15.5     0.6 -9999.00 U -9999.0 -9999.0 -9999.0    98.8    53.3    85.2   0.074   0.111   0.032   0.160 -99.000    18.4    18.5    18.5    18.4 -9999.0
23802 20240412  7.001  -87.74   31.88    23.2     6.0    14.6    14.4     0.0 -9999.00 U -9999.0 -9999.0 -9999.0   100.0    20.2    62.1   0.061   0.102   0.034   0.158 -99.000    18.1    18.2    18.1    18.1 -9999.0
23802 20240413  7.001  -87.74   31.88    26.7     5.1    15.9    16.5     0.0 -9999.00 U -9999.0 -9999.0 -9999.0    99.6    27.0    65.4   0.049   0.094   0.033   0.151 -99.000    19.5    19.0    18.6    18.1 -9999.0
23802 20240414  7.001  -87.74   31.88    28.0     9.4    18.7    18.9     0.0 -9999.00 U -9999.0 -9999.0 -9999.0    99.4    31.6    63.8   0.039   0.084   0.032   0.147 -99.000    20.8    20.2    19.5    18.5 -9999.0
23802 20240415  7.001  -87.74   31.88    27.6    10.6    19.1    19.5     0.0 -9999.00 U -9999.0 -9999.0 -9999.0    99.9    33.8    73.3   0.031   0.074   0.030   0.144 -99.000    22.0    21.1    20.3    18.9 -9999.0
23802 20240416  7.001  -87.74   31.88    28.1    16.3    22.2    21.3     0.0 -9999.00 U -9999.0 -9999.0 -9999.0    99.6    44.1    76.6   0.022   0.063   0.028   0.141 -99.000    23.7    22.5    21.4    19.5 -9999.0
23802 20240417  7.001  -87.74   31.88    24.2    17.6    20.9    20.4     0.0 -9999.00 U -9999.0 -9999.0 -9999.0    99.2    69.0    87.1   0.014   0.056   0.025   0.138 -99.000    22.4    21.9    21.4    20.0 -9999.0
23802 20240418  7.001  -87.74   31.88    25.1    16.7    20.9    21.0     0.0 -9999.00 U -9999.0 -9999.0 -9999.0   100.0    65.9    90.0   0.011   0.053   0.024   0.137 -99.000    22.3    21.7    21.2    20.1 -9999.0
23802 20240419  7.001  -87.74   31.88    28.9    18.4    23.7    22.8     0.0 -9999.00 U -9999.0 -9999.0 -9999.0    98.7    48.7    79.8   0.008   0.049   0.023   0.135 -99.000    24.6    23.3    22.2    20.3 -9999.0
23802 20240420  7.001  -87.74   31.88    21.4    14.1    17.7    18.7    10.6 -9999.00 U -9999.0 -9999.0 -9999.0    99.9    85.3    95.2   0.011   0.043   0.021   0.133 -99.000    21.9    22.0    21.9    20.8 -9999.0
23802 20240421  7.001  -87.74   31.88    18.7     9.1    13.9    13.4     5.5 -9999.00 U -9999.0 -9999.0 -9999.0    98.0    47.3    75.7   0.058   0.070   0.019   0.132 -99.000    20.4    20.7    20.9    20.5 -9999.0
23802 20240422  7.001  -87.74   31.88    19.3     4.6    12.0    11.7     0.0 -9999.00 U -9999.0 -9999.0 -9999.0    98.8    33.2    64.6   0.045   0.074   0.017   0.131 -99.000    19.0    19.4    19.8    20.0 -9999.0
23802 20240423  7.001  -87.74   31.88    23.7     3.3    13.5    14.6     0.0 -9999.00 U -9999.0 -9999.0 -9999.0   100.0    36.3    69.0   0.036   0.065   0.017   0.129 -99.000    20.0    19.8    19.6    19.6 -9999.0
23802 20240424  7.001  -87.74   31.88    24.9     8.6    16.8    17.5     0.0 -9999.00 U -9999.0 -9999.0 -9999.0   100.0    53.6    81.0   0.028   0.055   0.015   0.127 -99.000    20.9    20.5    20.2    19.6 -9999.0
23802 20240425  7.001  -87.74   31.88    27.2    13.6    20.4    20.6     0.0 -9999.00 U -9999.0 -9999.0 -9999.0    99.8    50.7    79.5   0.023   0.048   0.014   0.126 -99.000    22.5    21.8    21.1    19.9 -9999.0
23802 20240426  7.001  -87.74   31.88    28.5    13.3    20.9    21.3     0.0 -9999.00 U -9999.0 -9999.0 -9999.0   100.0    32.5    72.6   0.015   0.042   0.011   0.124 -99.000    24.1    23.0    21.9    20.3 -9999.0
23802 20240427  7.001  -87.74   31.88    27.6    15.4    21.5    21.5     0.0 -9999.00 U -9999.0 -9999.0 -9999.0    96.3    49.6    72.0   0.008   0.035   0.008   0.121 -99.000    23.7    23.0    22.3    20.8 -9999.0
23802 20240428  7.001  -87.74   31.88    28.0    16.9    22.5    21.9     0.0 -9999.00 U -9999.0 -9999.0 -9999.0    92.5    50.9    72.7 -99.000   0.032   0.006   0.119 -99.000    24.1    23.2    22.4    21.0 -9999.0
23802 20240429  7.001  -87.74   31.88    27.1    15.0    21.1    20.8     0.0 -9999.00 U -9999.0 -9999.0 -9999.0    99.2    58.0    83.0 -99.000   0.029   0.004   0.116 -99.000    23.4    22.9    22.4    21.2 -9999.0
23802 20240430  7.001  -87.74   31.88    28.7    16.8    22.8    22.5     0.0 -9999.00 U -9999.0 -9999.0 -9999.0    98.5    43.4    76.8 -99.000   0.027   0.003   0.114 -99.000    26.1    24.6    23.3    21.4 -9999.0
23802 20240501  7.001  -87.74   31.88    29.4    14.6    22.0    21.5     0.0 -9999.00 U -9999.0 -9999.0 -9999.0   100.0    44.3    79.9 -99.000   0.025 -99.000   0.111 -99.000    25.3    24.4    23.6    21.9 -9999.0
23802 20240502  7.001  -87.74   31.88    29.7    14.9    22.3    22.2     1.3 -9999.00 U -9999.0 -9999.0 -9999.0   100.0    45.2    79.6 -99.000   0.025 -99.000   0.105 -99.000    26.1    24.8    23.8    22.1 -9999.0
23802 20240503  7.001  -87.74   31.88    26.9    18.5    22.7    21.8     9.5 -9999.00 U -9999.0 -9999.0 -9999.0    99.5    59.5    88.4 -99.000   0.024 -99.000   0.105 -99.000    24.8    24.4    23.9    22.5 -9999.0
23802 20240504  7.001  -87.74   31.88    29.4    16.8    23.1    23.1     0.0 -9999.00 U -9999.0 -9999.0 -9999.0   100.0    51.0    79.2   0.036   0.027 -99.000   0.105 -99.000    25.5    24.9    24.0    22.5 -9999.0
23802 20240505  7.001  -87.74   31.88    30.1    17.5    23.8    22.8     0.0 -9999.00 U -9999.0 -9999.0 -9999.0   100.0    44.1    81.8   0.029   0.030 -99.000   0.099 -99.000    25.7    25.2    24.5    22.8 -9999.0
23802 20240506  7.001  -87.74   31.88    31.1    18.6    24.9    24.4     0.0 -9999.00 U -9999.0 -9999.0 -9999.0    99.9    47.7    77.9   0.020   0.031 -99.000   0.086 -99.000    26.8    25.9    24.8    23.1 -9999.0
23802 20240507  7.001  -87.74   31.88    29.8    21.1    25.5    25.1     0.0 -9999.00 U -9999.0 -9999.0 -9999.0    97.4    58.9    81.0   0.011   0.031 -99.000 -99.000 -99.000    26.9    26.1    25.2    23.4 -9999.0
23802 20240508  7.001  -87.74   31.88    31.1    22.6    26.9    26.1     0.0 -9999.00 U -9999.0 -9999.0 -9999.0    95.7    56.1    79.3 -99.000   0.031 -99.000   0.081 -99.000    27.5    26.5    25.5    23.6 -9999.0
23802 20240509  7.001  -87.74   31.88    30.9    23.6    27.2    26.5     0.3 -9999.00 U -9999.0 -9999.0 -9999.0    95.8    63.4    83.9 -99.000   0.030 -99.000   0.088 -99.000    27.6    26.6    25.7    23.9 -9999.0
23802 20240510  7.001  -87.74   31.88    28.7    17.1    22.9    22.2    25.2 -9999.00 U -9999.0 -9999.0 -9999.0    98.3    44.7    78.3   0.048   0.064 -99.000   0.091 -99.000    26.5    26.3    25.8    24.1 -9999.0
23802 20240511  7.001  -87.74   31.88    25.0    14.1    19.5    19.1     0.0 -9999.00 U -9999.0 -9999.0 -9999.0    98.1    37.8    68.3   0.039   0.069 -99.000   0.091 -99.000    25.0    25.0    24.9    24.0 -9999.0
23802 20240512  7.001  -87.74   31.88    24.4    14.4    19.4    19.0     0.0 -9999.00 U -9999.0 -9999.0 -9999.0    98.1    52.8    82.9   0.032   0.065 -99.000   0.083 -99.000    23.3    23.5    23.8    23.7 -9999.0
23802 20240513  7.001  -87.74   31.88    23.9    16.3    20.1    18.8    61.8 -9999.00 U -9999.0 -9999.0 -9999.0    98.7    70.7    90.2   0.077   0.106 -99.000 -99.000 -99.000    22.6    22.8    23.0    23.1 -9999.0
23802 20240514  7.001  -87.74   31.88    26.7    16.7    21.7    21.3     1.8 -9999.00 U -9999.0 -9999.0 -9999.0    99.1    61.6    84.7   0.080   0.118   0.037 -99.000 -99.000    23.9    23.6    23.2    22.7 -9999.0
23802 20240515  7.001  -87.74   31.88    27.9    16.6    22.3    22.0     0.0 -9999.00 U -9999.0 -9999.0 -9999.0    99.6    49.1    78.3   0.068   0.110   0.036 -99.000 -99.000    24.7    24.3    23.8    22.8 -9999.0
23802 20240516  7.001  -87.74   31.88    29.6    14.5    22.1    22.6     3.3 -9999.00 U -9999.0 -9999.0 -9999.0   100.0    48.7    77.5   0.055   0.104   0.035   0.141 -99.000    25.5    24.9    24.3    23.1 -9999.0
23802 20240517  7.001  -87.74   31.88    21.6    18.2    19.9    20.0    64.9 -9999.00 U -9999.0 -9999.0 -9999.0    99.2    83.7    94.8   0.105   0.179 -99.000 -99.000 -99.000    22.8    23.2    23.6    23.3 -9999.0
23802 20240518  7.001  -87.74   31.88    27.7    19.6    23.6    22.8     3.5 -9999.00 U -9999.0 -9999.0 -9999.0    99.9    62.3    86.1   0.103   0.189 -99.000 -99.000 -99.000    25.0    24.4    23.8    22.9 -9999.0
23802 20240519  7.001  -87.74   31.88    29.1    16.8    22.9    22.6     0.0 -9999.00 U -9999.0 -9999.0 -9999.0   100.0    53.0    82.1   0.091   0.146   0.070 -99.000 -99.000    25.7    25.3    24.6    23.3 -9999.0
23802 20240520  7.001  -87.74   31.88    29.2    16.3    22.7    22.9     0.0 -9999.00 U -9999.0 -9999.0 -9999.0   100.0    53.8    79.4   0.077   0.131   0.052 -99.000 -99.000    26.1    25.6    25.0    23.6 -9999.0
23802 20240521  7.001  -87.74   31.88    29.5    16.3    22.9    22.9     0.0 -9999.00 U -9999.0 -9999.0 -9999.0    99.9    42.6    76.3   0.069   0.122   0.052   0.163 -99.000    26.6    26.1    25.4    24.0 -9999.0
23802 20240522  7.001  -87.74   31.88    30.1    17.2    23.6    23.7     0.0 -9999.00 U -9999.0 -9999.0 -9999.0    99.8    51.0    78.9   0.061   0.114   0.044   0.149 -99.000    26.9    26.4    25.7    24.3 -9999.0
23802 20240523  7.001  -87.74   31.88    30.3    19.6    25.0    24.6     0.0 -9999.00 U -9999.0 -9999.0 -9999.0    97.7    47.5    75.2   0.055   0.108   0.039   0.141 -99.000    27.6    26.9    26.1    24.5 -9999.0
23802 20240524  7.001  -87.74   31.88    31.6    21.1    26.4    25.6     2.7 -9999.00 U -9999.0 -9999.0 -9999.0    96.3    50.3    78.4   0.047   0.094 -99.000   0.140 -99.000    27.7    27.0    26.3    24.8 -9999.0
23802 20240525  7.001  -87.74   31.88    31.7    22.8    27.3    26.7     0.0 -9999.00 U -9999.0 -9999.0 -9999.0    97.5    53.9    80.1   0.039   0.082 -99.000   0.136 -99.000    28.8    27.9    26.9    25.1 -9999.0
23802 20240526  7.001  -87.74   31.88    31.8    21.9    26.8    26.4     0.0 -9999.00 U -9999.0 -9999.0 -9999.0    99.0    53.5    79.4   0.032   0.070 -99.000   0.132 -99.000    28.7    27.9    27.1    25.4 -9999.0
23802 20240527  7.001  -87.74   31.88    32.2    19.9    26.1    26.1     0.0 -9999.00 U -9999.0 -9999.0 -9999.0    98.8    53.9    83.3   0.026   0.063 -99.000   0.129 -99.000    28.8    28.0    27.3    25.6 -9999.0
23802 20240528  7.001  -87.74   31.88    32.1    17.7    24.9    24.6     0.0 -9999.00 U -9999.0 -9999.0 -9999.0   100.0    37.8    72.0   0.021   0.061   0.035   0.126 -99.000    28.7    27.9    27.2    25.7 -9999.0
23802 20240529  7.001  -87.74   31.88    28.8    16.1    22.4    23.0     0.0 -9999.00 U -9999.0 -9999.0 -9999.0    93.8    30.8    70.0   0.015 -99.000   0.024   0.123 -99.000    27.0    26.7    26.6    25.7 -9999.0
23802 20240530  7.001  -87.74   31.88    26.7    19.5    23.1    22.3     2.3 -9999.00 U -9999.0 -9999.0 -9999.0    98.3    56.4    83.1   0.013 -99.000 -99.000   0.119 -99.000    26.3    26.2    26.1    25.5 -9999.0
23802 20240531  7.001  -87.74   31.88    29.2    18.3    23.8    23.1     9.9 -9999.00 U -9999.0 -9999.0 -9999.0    98.8    52.9    78.5   0.014 -99.000 -99.000   0.117 -99.000    26.0    25.8    25.7    25.2 -9999.0
23802 20240601  7.001  -87.74   31.88    26.2    19.9    23.0    22.3    31.6 -9999.00 U -9999.0 -9999.0 -9999.0    97.8    76.0    90.0   0.081   0.100 -99.000   0.116 -99.000    25.0    25.1    25.2    24.9 -9999.0
23802 20240602  7.001  -87.74   31.88    29.2    19.9    24.6    23.1     0.0 -9999.00 U -9999.0 -9999.0 -9999.0    99.5    59.8    87.0   0.077   0.102 -99.000   0.117 -99.000    26.1    25.8    25.4    24.7 -9999.0
23802 20240603  7.001  -87.74   31.88    30.0    19.8    24.9    22.6    11.7 -9999.00 U -9999.0 -9999.0 -9999.0    99.4    63.0    92.0   0.084   0.113 -99.000   0.115 -99.000    25.6    25.6    25.5    24.8 -9999.0
23802 20240604  7.001  -87.74   31.88    31.2    20.1    25.7    25.4     0.0 -9999.00 U -9999.0 -9999.0 -9999.0    99.7    59.3    80.8   0.088   0.121 -99.000   0.128 -99.000    26.8    26.3    25.8    24.8 -9999.0
23802 20240605  7.001  -87.74   31.88    31.6    19.8    25.7    24.5     0.5 -9999.00 U -9999.0 -9999.0 -9999.0    98.7    60.0    86.2   0.077   0.112 -99.000   0.128 -99.000    27.2    26.8    26.3    25.1 -9999.0
23802 20240606  7.001  -87.74   31.88    30.4    20.7    25.6    25.3     3.4 -9999.00 U -9999.0 -9999.0 -9999.0    99.3    57.9    86.3   0.083   0.105   0.037   0.125 -99.000    27.8    27.4    26.8    25.4 -9999.0
23802 20240607  7.001  -87.74   31.88    31.3    17.2    24.3    24.5     0.0 -9999.00 U -9999.0 -9999.0 -9999.0   100.0    38.3    73.4   0.072   0.119   0.034   0.123 -99.000    27.5    27.3    26.9    25.6 -9999.0
23802 20240608  7.001  -87.74   31.88    30.7    14.3    22.5    23.0     0.0 -9999.00 U -9999.0 -9999.0 -9999.0   100.0    32.4    69.5   0.059   0.093   0.033   0.121 -99.000    26.9    26.6    26.4    25.6 -9999.0
23802 20240609  7.001  -87.74   31.88    33.7    17.4    25.5    25.8     0.0 -9999.00 U -9999.0 -9999.0 -9999.0    99.7    46.9    78.5   0.048   0.081   0.035   0.119 -99.000    28.3    27.5    26.8    25.6 -9999.0
23802 20240610  7.001  -87.74   31.88    31.1    19.5    25.3    25.7     0.0 -9999.00 U -9999.0 -9999.0 -9999.0    96.8    56.6    76.8   0.040   0.077   0.027   0.117 -99.000    29.0    28.4    27.6    26.0 -9999.0
23802 20240611  7.001  -87.74   31.88    29.6    17.2    23.4    23.1     0.0 -9999.00 U -9999.0 -9999.0 -9999.0    96.1    41.9    68.5   0.030   0.068   0.026   0.116 -99.000    28.1    27.7    27.3    26.2 -9999.0
23802 20240612  7.001  -87.74   31.88    29.5    15.1    22.3    22.4     0.0 -9999.00 U -9999.0 -9999.0 -9999.0    98.9    43.6    75.6   0.024   0.057   0.020   0.114 -99.000    27.4    27.0    26.8    26.1 -9999.0
23802 20240613  7.001  -87.74   31.88    31.4    15.6    23.5    23.9     0.2 -9999.00 U -9999.0 -9999.0 -9999.0   100.0    43.3    74.5   0.017   0.053   0.019   0.111 -99.000    28.2    27.5    26.9    25.9 -9999.0
23802 20240614  7.001  -87.74   31.88    33.8    18.8    26.3    26.3     0.0 -9999.00 U -9999.0 -9999.0 -9999.0    99.1    39.4    74.3   0.012   0.044   0.013   0.109 -99.000    29.6    28.5    27.5    26.1 -9999.0
23802 20240615  7.001  -87.74   31.88    34.3    19.8    27.0    27.2     0.0 -9999.00 U -9999.0 -9999.0 -9999.0    99.9    41.6    72.9 -99.000   0.046   0.011   0.107 -99.000    30.3    29.1    28.1    26.5 -9999.0
23802 20240616  7.001  -87.74   31.88    33.2    20.2    26.7    25.6     0.0 -9999.00 U -9999.0 -9999.0 -9999.0    99.3    53.1    82.1 -99.000   0.048   0.008   0.104 -99.000    29.0    28.5    28.0    26.7 -9999.0
23802 20240617  7.001  -87.74   31.88    31.4    21.4    26.4    24.8     1.9 -9999.00 U -9999.0 -9999.0 -9999.0    98.9    58.8    85.3 -99.000   0.047   0.007   0.102 -99.000    28.9    28.3    27.8    26.7 -9999.0
23802 20240618  7.001  -87.74   31.88    29.2    21.7    25.4    25.4     0.0 -9999.00 U -9999.0 -9999.0 -9999.0    96.4    58.2    76.3 -99.000   0.047   0.006   0.099 -99.000    27.6    27.4    27.3    26.7 -9999.0
23802 20240619  7.001  -87.74   31.88    29.1    21.6    25.4    25.0     0.2 -9999.00 U -9999.0 -9999.0 -9999.0    92.9    66.5    77.7 -99.000   0.047   0.005   0.097 -99.000    27.0    27.0    27.0    26.5 -9999.0
23802 20240620  7.001  -87.74   31.88    28.9    20.7    24.8    24.6     0.0 -9999.00 U -9999.0 -9999.0 -9999.0    96.8    59.5    77.3 -99.000   0.048   0.005   0.094 -99.000    27.6    27.1    26.9    26.3 -9999.0
23802 20240621  7.001  -87.74   31.88    32.3    19.5    25.9    26.1     0.0 -9999.00 U -9999.0 -9999.0 -9999.0    97.7    40.6    71.9 -99.000   0.046   0.003   0.093 -99.000    29.1    28.3    27.5    26.4 -9999.0
23802 20240622  7.001  -87.74   31.88    34.1    17.9    26.0    26.2     0.0 -9999.00 U -9999.0 -9999.0 -9999.0    99.4    39.0    70.8 -99.000   0.046 -99.000   0.090 -99.000    29.8    28.7    27.9    26.6 -9999.0
23802 20240623  7.001  -87.74   31.88    34.1    19.6    26.8    27.4     0.0 -9999.00 U -9999.0 -9999.0 -9999.0    99.2    43.9    71.8 -99.000   0.046 -99.000   0.087 -99.000    30.1    29.1    28.3    26.9 -9999.0
23802 20240624  7.001  -87.74   31.88    31.3    23.1    27.2    26.0     0.9 -9999.00 U -9999.0 -9999.0 -9999.0    98.8    63.6    87.0 -99.000   0.045 -99.000   0.084 -99.000    28.9    28.5    28.1    27.0 -9999.0
23802 20240625  7.001  -87.74   31.88    36.0    21.9    29.0    28.2     0.0 -9999.00 U -9999.0 -9999.0 -9999.0    99.8    40.9    75.4 -99.000   0.044 -99.000   0.082 -99.000    30.8    29.5    28.5    27.0 -9999.0
23802 20240626  7.001  -87.74   31.88    35.2    21.8    28.5    25.6    21.1 -9999.00 U -9999.0 -9999.0 -9999.0    99.3    46.7    85.6 -99.000   0.073 -99.000   0.079 -99.000    29.2    28.8    28.5    27.3 -9999.0
23802 20240627  7.001  -87.74   31.88    31.7    21.8    26.7    26.1     0.0 -9999.00 U -9999.0 -9999.0 -9999.0    99.3    54.6    82.7   0.066   0.122   0.025   0.077 -99.000    28.8    28.4    28.0    27.1 -9999.0
23802 20240628  7.001  -87.74   31.88    32.5    22.1    27.3    25.4     2.5 -9999.00 U -9999.0 -9999.0 -9999.0    98.5    54.9    88.2   0.064   0.106   0.020   0.075 -99.000    28.3    28.2    28.0    27.2 -9999.0
23802 20240629  7.001  -87.74   31.88    30.7    23.3    27.0    25.5    18.0 -9999.00 U -9999.0 -9999.0 -9999.0    98.9    67.7    92.2   0.127   0.135   0.028   0.074 -99.000    28.2    28.0    27.9    27.1 -9999.0
23802 20240630  7.001  -87.74   31.88    33.7    22.8    28.2    27.0     0.0 -9999.00 U -9999.0 -9999.0 -9999.0    99.1    57.6    85.5   0.096   0.146   0.034   0.073 -99.000    29.4    28.9    28.3    27.1 -9999.0
23802 20240701  7.001  -87.74   31.88    34.1    22.6    28.3    27.4     0.0 -9999.00 U -9999.0 -9999.0 -9999.0    99.1    51.6    81.4   0.080   0.128   0.030   0.072 -99.000    29.8    29.4    28.9    27.4 -9999.0
23802 20240702  7.001  -87.74   31.88 -9999.0 -9999.0 -9999.0 -9999.0 -9999.0 -9999.00 U -9999.0 -9999.0 -9999.0 -9999.0 -9999.0 -9999.0 -99.000 -99.000 -99.000 -99.000 -99.000 -9999.0 -9999.0 -9999.0 -9999.0 -9999.0
