94995 20240101  2.622  -96.57   40.85     1.4   -11.7    -5.2    -5.2     0.4     7.97 C     6.5   -13.3    -7.1    87.9    58.0    79.8 -99.000 -99.000   0.338   0.312 -99.000 -9999.0 -9999.0     2.2     4.1     5.3
94995 20240102  2.622  -96.57   40.85     6.9    -6.1     0.4    -1.5     0.5     7.85 C    12.3   -13.0    -5.3    92.5    59.1    83.1 -99.000 -99.000   0.332   0.305 -99.000 -9999.0 -9999.0     1.8     3.8     5.1
94995 20240103  2.622  -96.57   40.85     5.1    -8.6    -1.8    -3.4     0.6     5.96 C    11.7   -10.9    -4.4    93.3    69.3    88.0 -99.000 -99.000   0.330   0.304 -99.000 -9999.0 -9999.0     1.6     3.5     4.9
94995 20240104  2.622  -96.57   40.85    -0.5    -3.0    -1.7    -1.5     0.2     0.61 C    -1.2    -5.3    -3.4    93.7    91.9    92.8 -99.000 -99.000   0.330   0.306 -99.000 -9999.0 -9999.0     1.5     3.3     4.7
94995 20240105  2.622  -96.57   40.85     0.0    -3.0    -1.5    -1.3     0.3     1.37 C     0.0    -7.1    -2.7    92.8    82.7    89.3 -99.000 -99.000   0.329   0.307 -99.000 -9999.0 -9999.0     1.6     3.3     4.6
94995 20240106  2.622  -96.57   40.85     1.5    -2.0    -0.2    -0.7     0.0     1.23 C     2.4    -2.8    -1.6    91.9    65.4    81.8 -99.000 -99.000   0.328   0.308 -99.000 -9999.0 -9999.0     1.7     3.3     4.5
94995 20240107  2.622  -96.57   40.85     1.7    -5.1    -1.7    -1.4     0.3     5.26 C     5.4    -9.8    -2.1    80.3    61.6    73.3 -99.000 -99.000   0.329 -99.000 -99.000 -9999.0 -9999.0     1.7     3.3     4.4
94995 20240108  2.622  -96.57   40.85     0.7    -1.1    -0.2     0.3    13.3     0.62 C    -1.5    -2.7    -1.8    94.7    76.6    88.4 -99.000 -99.000   0.328   0.307 -99.000 -9999.0 -9999.0     1.8     3.2     4.4
94995 20240109  2.622  -96.57   40.85    -1.1   -12.5    -6.8    -6.3     7.2     2.53 C    -2.6   -18.0    -8.4    94.7    68.5    84.0 -99.000 -99.000   0.334   0.306 -99.000 -9999.0 -9999.0     1.9     3.2     4.3
94995 20240110  2.622  -96.57   40.85     0.5   -11.8    -5.7    -4.7     0.7     5.46 C    -2.4   -17.4    -9.8    92.6    61.8    78.7 -99.000 -99.000   0.339   0.306 -99.000 -9999.0 -9999.0     1.9     3.2     4.3
94995 20240111  2.622  -96.57   40.85    -4.2   -13.6    -8.9   -10.7     3.5     5.25 C    -8.8   -17.4   -11.9    87.7    65.2    76.9 -99.000 -99.000   0.341   0.307 -99.000 -9999.0 -9999.0     1.8     3.2     4.3
94995 20240112  2.622  -96.57   40.85   -13.5   -19.8   -16.6   -15.5    16.0     4.08 C   -13.0   -23.8   -15.9    79.9    67.1    74.3 -99.000 -99.000   0.342   0.306 -99.000 -9999.0 -9999.0     1.7     3.1     4.2
94995 20240113  2.622  -96.57   40.85   -17.7   -26.4   -22.1   -21.7     0.6     8.34 C   -17.9   -34.1   -23.6    72.0    54.6    62.5 -99.000 -99.000   0.343   0.309 -99.000 -9999.0 -9999.0     1.7     3.0     4.1
94995 20240114  2.622  -96.57   40.85   -21.7   -29.8   -25.8   -25.9     0.5     8.70 C   -17.3   -36.9   -30.5    72.4    50.9    58.5 -99.000 -99.000   0.343   0.311 -99.000 -9999.0 -9999.0     1.7     3.0     4.1
94995 20240115  2.622  -96.57   40.85   -17.5   -27.9   -22.7   -20.6     0.7     4.91 C   -16.8   -34.5   -22.9    73.0    57.1    63.6 -99.000 -99.000   0.343   0.310 -99.000 -9999.0 -9999.0     1.7     3.0     4.0
94995 20240116  2.622  -96.57   40.85   -12.5   -24.4   -18.4   -18.3     0.2     9.91 C   -12.7   -35.2   -25.1    68.8    35.3    55.1 -99.000 -99.000   0.342   0.308 -99.000 -9999.0 -9999.0     1.6     2.9     4.0
94995 20240117  2.622  -96.57   40.85    -4.1   -16.0   -10.1    -9.4     0.0     7.63 C    -7.1   -22.3   -13.4    74.5    51.7    64.6 -99.000 -99.000   0.342   0.309 -99.000 -9999.0 -9999.0     1.6     2.9     3.9
94995 20240118  2.622  -96.57   40.85    -5.6   -16.8   -11.2   -11.3     4.4     4.00 C    -6.8   -23.1   -14.5    85.8    66.3    78.5 -99.000 -99.000   0.341   0.308 -99.000 -9999.0 -9999.0     1.6     2.8     3.8
94995 20240119  2.622  -96.57   40.85   -14.5   -22.7   -18.6   -18.0     0.4    10.01 C   -13.5   -31.6   -23.8    76.3    54.4    64.7 -99.000 -99.000   0.340   0.311 -99.000 -9999.0 -9999.0     1.6     2.8     3.8
94995 20240120  2.622  -96.57   40.85   -14.4   -29.5   -21.9   -20.5     0.6     9.69 C   -12.5   -35.2   -25.6    78.8    56.7    70.4 -99.000 -99.000   0.343   0.306 -99.000 -9999.0 -9999.0     1.6     2.8     3.8
94995 20240121  2.622  -96.57   40.85    -1.9   -17.1    -9.5    -7.9     0.0     9.11 C    -5.0   -22.3   -12.7    71.1    53.6    64.2 -99.000 -99.000 -99.000   0.308 -99.000 -9999.0 -9999.0     1.6     2.8     3.7
94995 20240122  2.622  -96.57   40.85     1.4    -2.0    -0.3    -0.1     0.0     3.69 C    -1.1    -8.9    -3.1    92.0    69.6    81.9 -99.000 -99.000   0.338   0.307 -99.000 -9999.0 -9999.0     1.6     2.7     3.7
94995 20240123  2.622  -96.57   40.85     1.6    -0.2     0.7     0.4     0.0     3.90 C    -0.7    -1.9    -1.4    93.8    82.7    91.1 -99.000 -99.000   0.340   0.306 -99.000 -9999.0 -9999.0     1.6     2.7     3.6
94995 20240124  2.622  -96.57   40.85     2.8     0.0     1.4     1.0     0.5     4.12 C    -0.6    -1.5    -1.2    95.3    84.6    91.9 -99.000 -99.000   0.353   0.310 -99.000 -9999.0 -9999.0     1.7     2.7     3.6
94995 20240125  2.622  -96.57   40.85     2.0    -0.1     1.0     0.9     0.0     2.38 C    -0.6    -1.4    -1.1    94.5    84.7    90.2 -99.000 -99.000   0.368   0.341 -99.000 -9999.0 -9999.0     1.7     2.7     3.6
94995 20240126  2.622  -96.57   40.85     1.1    -0.8     0.1    -0.1     0.0     2.92 C    -0.7    -1.9    -1.4    93.4    81.4    89.1 -99.000 -99.000   0.366   0.365 -99.000 -9999.0 -9999.0     1.7     2.7     3.6
94995 20240127  2.622  -96.57   40.85     4.5    -3.8     0.4    -0.7     0.0     8.24 C     1.0   -10.0    -3.0    94.6    67.8    87.9 -99.000 -99.000   0.370   0.389 -99.000 -9999.0 -9999.0     1.7     2.7     3.5
94995 20240128  2.622  -96.57   40.85     8.0    -7.5     0.2    -0.5     0.0    11.06 C     3.4   -11.4    -5.6    93.4    48.4    78.9 -99.000 -99.000   0.368 -99.000 -99.000 -9999.0 -9999.0     1.6     2.7     3.5
94995 20240129  2.622  -96.57   40.85    12.1    -4.4     3.8     2.9     0.0     9.68 C     9.0   -10.1    -2.5    94.7    51.9    77.8 -99.000 -99.000   0.367   0.397 -99.000 -9999.0 -9999.0     1.5     2.6     3.4
94995 20240130  2.622  -96.57   40.85    10.0    -3.5     3.2     2.0     0.0    11.14 C    15.4    -8.6    -1.3    93.2    51.4    78.8 -99.000 -99.000   0.367   0.396 -99.000 -9999.0 -9999.0     1.9     2.6     3.3
94995 20240131  2.622  -96.57   40.85    15.9    -3.8     6.1     6.4     0.0    10.94 C    22.0    -8.1     2.8    93.0    47.4    73.0 -99.000 -99.000   0.364   0.404 -99.000 -9999.0 -9999.0     2.2     2.7     3.3
94995 20240201  2.622  -96.57   40.85    18.8     2.4    10.6     8.4     0.0     7.84 C    27.1    -2.3     6.2    90.2    39.4    72.6 -99.000 -99.000   0.361 -99.000 -99.000 -9999.0 -9999.0     3.5     3.0     3.4
94995 20240202  2.622  -96.57   40.85    17.3     3.4    10.3     8.9     0.0    10.76 C    26.8    -0.8     7.7    90.4    52.3    74.9 -99.000 -99.000   0.360   0.401 -99.000 -9999.0 -9999.0     4.6     3.7     3.7
94995 20240203  2.622  -96.57   40.85     7.0     3.8     5.4     5.4     9.4     0.35 C     6.5     1.3     4.7    92.9    83.6    89.4 -99.000 -99.000   0.363   0.401 -99.000 -9999.0 -9999.0     5.0     4.2     4.1
94995 20240204  2.622  -96.57   40.85     4.9    -1.2     1.8     2.9     0.2     3.32 C     9.6    -4.5     2.4    91.1    80.6    87.8 -99.000 -99.000   0.369   0.405 -99.000 -9999.0 -9999.0     4.8     4.5     4.4
94995 20240205  2.622  -96.57   40.85    10.4    -3.4     3.5     0.7     0.0     8.94 C    18.5    -7.4     0.0    94.5    43.8    84.2 -99.000 -99.000   0.364   0.402 -99.000 -9999.0 -9999.0     4.0     4.4     4.5
94995 20240206  2.622  -96.57   40.85    12.7    -2.7     5.0     4.5     0.0     7.66 C    19.7    -7.6     2.3    94.5    54.8    78.7 -99.000 -99.000   0.360   0.405 -99.000 -9999.0 -9999.0     3.7     4.2     4.5
94995 20240207  2.622  -96.57   40.85    13.3     6.7    10.0    10.6     0.0     2.17 C    14.2     0.8     7.7    70.4    47.1    56.8 -99.000 -99.000   0.360   0.406 -99.000 -9999.0 -9999.0     4.4     4.3     4.5
94995 20240208  2.622  -96.57   40.85    12.8    -1.8     5.5     8.3     0.0     7.86 C    21.4    -5.7     6.4    88.4    47.1    65.0 -99.000 -99.000   0.358   0.404 -99.000 -9999.0 -9999.0     5.3     4.6     4.6
94995 20240209  2.622  -96.57   40.85     8.6    -4.6     2.0     1.4     0.0    11.64 C    23.2    -8.1     1.2    91.5    49.1    75.7 -99.000 -99.000   0.357   0.400 -99.000 -9999.0 -9999.0     4.5     4.8     4.9
94995 20240210  2.622  -96.57   40.85     5.2    -2.1     1.5     1.2     0.0     6.19 C    18.9    -6.7     2.6    77.0    51.9    67.3 -99.000 -99.000   0.355   0.398 -99.000 -9999.0 -9999.0     4.2     4.7     4.9
94995 20240211  2.622  -96.57   40.85     4.7    -5.6    -0.5    -0.7     0.0     7.26 C    22.5   -10.1    -0.6    84.7    50.8    71.0 -99.000 -99.000   0.357 -99.000 -99.000 -9999.0 -9999.0     3.9     4.6     4.9
94995 20240212  2.622  -96.57   40.85    12.0    -6.7     2.6     1.5     0.0    12.96 C    24.6   -10.4     1.0    89.7    33.7    67.0 -99.000 -99.000   0.355   0.401 -99.000 -9999.0 -9999.0     3.4     4.4     4.8
94995 20240213  2.622  -96.57   40.85    13.4    -3.3     5.0     3.9     0.0    13.14 C    26.1    -7.4     3.8    84.6    32.1    63.0 -99.000 -99.000   0.354   0.401 -99.000 -9999.0 -9999.0     3.7     4.2     4.7
94995 20240214  2.622  -96.57   40.85    17.7    -4.5     6.6     6.0     0.0    11.41 C    29.2    -8.2     5.3    87.3    29.7    61.5 -99.000 -99.000   0.352   0.403 -99.000 -9999.0 -9999.0     4.0     4.3     4.7
94995 20240215  2.622  -96.57   40.85     4.6    -5.8    -0.6    -0.3     0.0    12.80 C    20.0    -9.5     1.8    80.6    30.7    56.7 -99.000 -99.000   0.357   0.402 -99.000 -9999.0 -9999.0     4.4     4.5     4.8
94995 20240216  2.622  -96.57   40.85    -0.1   -12.7    -6.4    -4.8     0.5     5.17 C     9.8   -15.6    -4.0    87.6    51.0    68.7 -99.000 -99.000   0.355 -99.000 -99.000 -9999.0 -9999.0     3.7     4.5     4.8
94995 20240217  2.622  -96.57   40.85     4.2   -13.0    -4.4    -5.0     0.0    14.54 C    14.1   -15.7    -5.0    72.3    23.3    50.8 -99.000 -99.000   0.351 -99.000 -99.000 -9999.0 -9999.0     2.5     4.2     4.8
94995 20240218  2.622  -96.57   40.85    10.4    -6.5     2.0     0.7     0.0    14.86 C    23.6   -12.0    -0.5    68.7    21.8    46.7 -99.000 -99.000   0.348 -99.000 -99.000 -9999.0 -9999.0     2.1     3.7     4.5
94995 20240219  2.622  -96.57   40.85    14.8    -3.8     5.5     3.5     0.0    13.61 C    25.7   -10.4     1.3    75.3    29.4    53.7 -99.000 -99.000   0.351   0.397 -99.000 -9999.0 -9999.0     2.4     3.5     4.3
94995 20240220  2.622  -96.57   40.85    21.1    -7.0     7.0     7.6     0.0    14.22 C    30.2   -10.8     5.5    80.3    16.6    45.9 -99.000 -99.000   0.348   0.401 -99.000 -9999.0 -9999.0     3.0     3.6     4.2
94995 20240221  2.622  -96.57   40.85    21.6    -3.3     9.1     9.3     0.0    12.79 C    33.5    -6.8     7.6    84.6    18.7    50.2 -99.000 -99.000   0.349   0.400 -99.000 -9999.0 -9999.0     4.2     3.9     4.3
94995 20240222  2.622  -96.57   40.85    17.8    -1.4     8.2     7.9     0.0    10.29 C    31.9    -6.8     6.7    75.9    27.7    55.8 -99.000 -99.000   0.348   0.398 -99.000 -9999.0 -9999.0     5.1     4.4     4.5
94995 20240223  2.622  -96.57   40.85    16.7    -3.0     6.8     6.6     0.0    14.28 C    27.0    -8.4     4.8    80.7    20.4    52.9 -99.000 -99.000   0.349   0.402 -99.000 -9999.0 -9999.0     5.0     4.8     4.8
94995 20240224  2.622  -96.57   40.85    19.0    -8.0     5.5     3.7     0.0    15.23 C    26.8   -10.5     2.5    86.6    13.1    54.4 -99.000 -99.000   0.349   0.395 -99.000 -9999.0 -9999.0     4.8     4.8     4.9
94995 20240225  2.622  -96.57   40.85    20.0    -2.6     8.7     6.5     0.0    15.22 C    31.9    -7.4     5.4    68.2    16.9    44.6 -99.000 -99.000   0.348   0.398 -99.000 -9999.0 -9999.0     4.9     4.8     5.0
94995 20240226  2.622  -96.57   40.85    27.5    -0.5    13.5    12.7     0.0    15.36 C    36.6    -5.6     9.2    67.1     7.0    32.6 -99.000 -99.000   0.350   0.394 -99.000 -9999.0 -9999.0     5.4     5.0     5.1
94995 20240227  2.622  -96.57   40.85     8.5    -9.6    -0.5    -0.4     0.0    12.91 C    18.8   -10.5     0.5    65.2    34.6    53.0 -99.000 -99.000   0.351   0.403 -99.000 -9999.0 -9999.0     5.7     5.3     5.2
94995 20240228  2.622  -96.57   40.85     3.5   -13.3    -4.9    -5.6     0.0    16.60 C    16.3   -15.1    -4.0    64.1    25.2    44.9 -99.000 -99.000   0.348   0.400 -99.000 -9999.0 -9999.0     4.0     5.1     5.3
94995 20240229  2.622  -96.57   40.85    15.4    -1.8     6.8     6.8     0.0    16.66 C    26.6    -8.5     5.9    51.5    10.0    28.5 -99.000 -99.000   0.347   0.399 -99.000 -9999.0 -9999.0     3.7     4.6     5.2
94995 20240301  2.622  -96.57   40.85    12.7     0.5     6.6     5.7     0.0    14.09 C    25.6    -3.3     6.4    81.0    44.7    65.1 -99.000 -99.000   0.347   0.395 -99.000 -9999.0 -9999.0     4.8     4.7     5.0
94995 20240302  2.622  -96.57   40.85    22.5     1.5    12.0    10.6     0.0    15.29 C    33.9    -1.0    10.9    93.9    30.2    64.0 -99.000 -99.000   0.348   0.396 -99.000 -9999.0 -9999.0     5.7     5.0     5.1
94995 20240303  2.622  -96.57   40.85    21.6     3.5    12.5    14.5     0.0    16.71 C    34.2    -3.9    12.4    53.1     6.5    26.5 -99.000 -99.000   0.348   0.397 -99.000 -9999.0 -9999.0     7.0     5.6     5.3
94995 20240304  2.622  -96.57   40.85    11.6    -0.5     5.5     7.0     0.0     7.46 C    22.5    -7.2     6.2    65.3    35.7    47.1 -99.000 -99.000   0.350   0.398 -99.000 -9999.0 -9999.0     7.0     6.1     5.7
94995 20240305  2.622  -96.57   40.85    14.6    -6.0     4.3     2.7     0.0    15.14 C    29.4   -10.2     2.9    74.5    16.8    47.5 -99.000 -99.000   0.347   0.400 -99.000 -9999.0 -9999.0     6.1     6.1     5.9
94995 20240306  2.622  -96.57   40.85    15.0    -7.1     4.0     6.0     0.0     8.97 C    27.5   -10.4     5.3    71.0    25.4    46.7 -99.000 -99.000   0.348   0.400 -99.000 -9999.0 -9999.0     5.6     5.9     5.9
94995 20240307  2.622  -96.57   40.85    13.0    -1.7     5.7     7.3     0.0     5.57 C    18.8    -6.2     6.4    72.2    41.4    57.2 -99.000 -99.000   0.347   0.396 -99.000 -9999.0 -9999.0     6.0     5.8     5.9
94995 20240308  2.622  -96.57   40.85     7.0    -1.9     2.5     1.4     2.5     6.03 C    11.3    -7.4     0.7    84.8    33.4    62.7 -99.000 -99.000   0.347 -99.000 -99.000 -9999.0 -9999.0     5.7     5.8     5.9
94995 20240309  2.622  -96.57   40.85    12.7    -8.3     2.2     1.8     0.0    18.51 C    27.9   -11.9     2.2    75.1    18.0    46.1 -99.000 -99.000   0.350   0.395 -99.000 -9999.0 -9999.0     4.9     5.6     5.9
94995 20240310  2.622  -96.57   40.85    20.3    -8.2     6.0     7.4     0.0    18.47 C    32.0   -10.9     7.0    75.0    16.2    42.5 -99.000 -99.000   0.348   0.395 -99.000 -9999.0 -9999.0     5.0     5.4     5.8
94995 20240311  2.622  -96.57   40.85    24.2     6.7    15.5    14.9     0.0    18.32 C    35.6    -0.2    14.1    58.9    14.6    36.9 -99.000 -99.000   0.348   0.400 -99.000 -9999.0 -9999.0     6.4     5.6     5.7
94995 20240312  2.622  -96.57   40.85    20.7     2.5    11.6    12.3     0.0    13.65 C    35.9    -1.8    12.1    79.7    31.7    52.8 -99.000 -99.000   0.347   0.398 -99.000 -9999.0 -9999.0     7.8     6.3     5.9
94995 20240313  2.622  -96.57   40.85    22.1    -0.8    10.6    11.1     2.5    12.52 C    36.5    -3.5    11.8    89.1    26.4    60.5 -99.000 -99.000   0.351   0.397 -99.000 -9999.0 -9999.0     7.9     6.8     6.3
94995 20240314  2.622  -96.57   40.85    10.4     7.3     8.9     9.2    10.7     1.49 C    11.8     5.5     8.4    91.6    69.5    82.9 -99.000 -99.000   0.346   0.398 -99.000 -9999.0 -9999.0     8.4     7.1     6.6
94995 20240315  2.622  -96.57   40.85    14.3     1.3     7.8     7.4     0.0    18.83 C    29.2    -2.1     8.9    83.1    40.7    66.0 -99.000 -99.000   0.350   0.401 -99.000 -9999.0 -9999.0     8.0     7.2     6.8
94995 20240316  2.622  -96.57   40.85    15.3    -1.7     6.8     8.5     0.0    19.67 C    31.5    -6.5     8.9    69.2    19.4    46.3 -99.000 -99.000   0.350   0.404 -99.000 -9999.0 -9999.0     8.0     7.3     7.0
94995 20240317  2.622  -96.57   40.85     4.2    -5.4    -0.6    -0.2     0.0    17.65 C    22.9   -10.9     1.0    70.7    33.8    50.0 -99.000 -99.000   0.350 -99.000 -99.000 -9999.0 -9999.0     7.0     7.3     7.1
94995 20240318  2.622  -96.57   40.85     5.8    -8.7    -1.5    -1.2     0.0    20.25 C    23.5   -12.9     1.7    63.4    23.8    43.4 -99.000 -99.000   0.350 -99.000 -99.000 -9999.0 -9999.0     5.8     6.8     7.0
94995 20240319  2.622  -96.57   40.85    20.1     0.5    10.3     9.5     0.0    20.15 C    35.2    -3.6    10.5    65.7    16.1    36.4 -99.000 -99.000   0.351   0.400 -99.000 -9999.0 -9999.0     6.2     6.5     6.8
94995 20240320  2.622  -96.57   40.85     9.0    -0.8     4.1     3.5     0.0    20.27 C    26.8    -5.6     5.9    68.8    18.9    40.5 -99.000 -99.000   0.351   0.404 -99.000 -9999.0 -9999.0     6.9     6.7     6.7
94995 20240321  2.622  -96.57   40.85    14.6    -2.9     5.9     5.7     0.0    17.02 C    30.6    -8.0     7.2    46.4    20.3    31.7 -99.000 -99.000   0.351   0.408 -99.000 -9999.0 -9999.0     6.9     6.7     6.8
94995 20240322  2.622  -96.57   40.85     5.8    -3.2     1.3     1.9     0.0     3.95 C     9.8    -8.7     2.4    82.8    46.8    65.7 -99.000 -99.000   0.349 -99.000 -99.000 -9999.0 -9999.0     6.9     6.9     6.8
94995 20240323  2.622  -96.57   40.85     1.9    -5.4    -1.8    -1.4     0.7     6.36 C    12.1    -9.3    -0.6    84.9    46.0    70.6 -99.000 -99.000   0.349   0.411 -99.000 -9999.0 -9999.0     5.7     6.6     6.8
94995 20240324  2.622  -96.57   40.85    10.4    -1.8     4.3     5.8    22.7     0.96 C    10.0    -4.9     4.9    89.8    73.4    83.9 -99.000 -99.000   0.357   0.410 -99.000 -9999.0 -9999.0     5.2     6.1     6.6
94995 20240325  2.622  -96.57   40.85    10.4    -1.0     4.7     4.0     1.1     2.85 C    10.8    -0.7     4.3    89.8    83.1    86.4 -99.000 -99.000   0.371   0.413 -99.000 -9999.0 -9999.0     5.9     6.0     6.4
94995 20240326  2.622  -96.57   40.85     1.0    -7.0    -3.0    -2.5     0.0    11.28 C    13.9   -11.8    -1.0    84.2    55.7    69.0 -99.000 -99.000   0.367   0.404 -99.000 -9999.0 -9999.0     4.9     6.0     6.4
94995 20240327  2.622  -96.57   40.85     9.0    -9.9    -0.4    -0.7     0.0    13.47 C    21.5   -12.4     0.2    73.8    35.1    53.2 -99.000 -99.000   0.364   0.406 -99.000 -9999.0 -9999.0     4.0     5.5     6.2
94995 20240328  2.622  -96.57   40.85    21.6     1.2    11.4    11.2     0.0    20.29 C    36.8    -5.0    11.6    74.1    18.2    44.3 -99.000 -99.000   0.361   0.404 -99.000 -9999.0 -9999.0     4.9     5.3     6.0
94995 20240329  2.622  -96.57   40.85    22.1     6.2    14.2    13.2     0.0    16.53 C    37.0     0.3    13.9    69.6    31.3    53.6 -99.000 -99.000   0.362   0.407 -99.000 -9999.0 -9999.0     7.1     5.8     6.0
94995 20240330  2.622  -96.57   40.85    14.5     0.5     7.5     6.7     0.0    18.94 C    29.3    -2.8     9.3    79.9    33.3    58.3 -99.000 -99.000   0.365   0.408 -99.000 -9999.0 -9999.0     7.9     6.6     6.3
94995 20240331  2.622  -96.57   40.85    14.7     1.5     8.1     9.2     0.0     5.39 C    23.4    -2.0    10.1    79.8    45.2    61.5 -99.000 -99.000   0.360   0.400 -99.000 -9999.0 -9999.0     7.8     7.0     6.6
94995 20240401  2.622  -96.57   40.85     9.2     4.1     6.7     7.7     0.7     2.30 C    12.2     4.1     8.2    93.2    76.5    88.2 -99.000 -99.000   0.361   0.403 -99.000 -9999.0 -9999.0     8.0     7.2     6.9
94995 20240402  2.622  -96.57   40.85    15.0     3.0     9.0     7.4     0.4    19.39 C    31.0    -2.2     9.9    91.4    20.9    61.8 -99.000 -99.000   0.359   0.401 -99.000 -9999.0 -9999.0     8.0     7.3     7.0
94995 20240403  2.622  -96.57   40.85    13.5     1.5     7.5     6.8     0.0    22.00 C    29.1    -1.8     9.3    69.9    28.8    48.8 -99.000 -99.000   0.359   0.394 -99.000 -9999.0 -9999.0     8.1     7.5     7.2
94995 20240404  2.622  -96.57   40.85    17.3    -3.4     6.9     6.4     0.0    24.15 C    35.1    -8.1     8.4    74.2    11.2    41.2 -99.000 -99.000   0.361   0.405 -99.000 -9999.0 -9999.0     8.0     7.5     7.3
94995 20240405  2.622  -96.57   40.85    19.0    -5.6     6.7     8.2     0.0    20.56 C    35.7    -7.6    10.4    78.6    24.3    46.5 -99.000 -99.000   0.360   0.400 -99.000 -9999.0 -9999.0     8.2     7.6     7.4
94995 20240406  2.622  -96.57   40.85    21.6     4.6    13.1    12.1    10.3    20.15 C    35.0     1.6    14.0    84.6    29.4    56.4 -99.000 -99.000   0.357   0.387 -99.000 -9999.0 -9999.0     9.3     7.9     7.5
94995 20240407  2.622  -96.57   40.85    17.0     5.2    11.1    11.0     0.0    14.91 C    29.0     0.8    11.0    77.5    39.3    57.3 -99.000 -99.000   0.362   0.394 -99.000 -9999.0 -9999.0     9.7     8.4     7.7
94995 20240408  2.622  -96.57   40.85    19.3     1.8    10.6    10.3     0.0    20.09 C    31.3    -2.3    10.8    87.9    24.3    58.1 -99.000 -99.000   0.359   0.402 -99.000 -9999.0 -9999.0     9.4     8.5     8.0
94995 20240409  2.622  -96.57   40.85    20.5    -1.2     9.7     9.8     0.0    23.41 C    35.5    -4.2    11.7    86.7    23.3    55.7 -99.000 -99.000   0.363   0.408 -99.000 -9999.0 -9999.0     9.5     8.6     8.1
94995 20240410  2.622  -96.57   40.85    24.2     4.3    14.3    14.8     0.0    19.84 C    42.2    -0.4    15.3    71.6    17.7    40.4 -99.000 -99.000   0.364   0.414 -99.000 -9999.0 -9999.0    10.1     8.8     8.2
94995 20240411  2.622  -96.57   40.85    17.4     5.3    11.3    11.0     0.0    24.19 C    32.8    -1.4    12.1    69.9    16.4    36.8 -99.000 -99.000   0.360   0.401 -99.000 -9999.0 -9999.0    10.6     9.2     8.5
94995 20240412  2.622  -96.57   40.85    20.6     0.8    10.7    11.3     0.0    24.29 C    37.6    -4.3    12.8    64.9    17.6    37.1 -99.000 -99.000   0.361   0.403 -99.000 -9999.0 -9999.0    10.3     9.3     8.7
94995 20240413  2.622  -96.57   40.85    31.2     7.3    19.3    20.0     0.0    21.49 C    42.8     2.0    19.6    58.7    16.8    35.9 -99.000 -99.000   0.358   0.401 -99.000 -9999.0 -9999.0    11.2     9.5     8.8
94995 20240414  2.622  -96.57   40.85    31.3     7.8    19.5    20.7     0.0    23.68 C    46.3     4.1    21.1    83.1    17.0    41.2 -99.000 -99.000   0.353   0.374 -99.000 -9999.0 -9999.0    13.1    10.2     9.1
94995 20240415  2.622  -96.57   40.85    31.0     7.2    19.1    21.0     2.3    22.75 C    44.5     3.2    21.9    75.9    20.8    42.9 -99.000 -99.000   0.360 -99.000 -99.000 -9999.0 -9999.0    13.8    11.0     9.6
94995 20240416  2.622  -96.57   40.85    24.2    11.9    18.0    17.5     8.3    13.70 C    36.0     9.3    17.7    85.2    22.8    67.7 -99.000 -99.000   0.361   0.406 -99.000 -9999.0 -9999.0    15.0    11.8    10.1
94995 20240417  2.622  -96.57   40.85    20.9    10.4    15.6    14.7     0.6    20.63 C    38.3     7.2    17.3    74.2    27.2    53.9 -99.000 -99.000   0.359   0.412 -99.000 -9999.0 -9999.0    14.0    12.1    10.6
94995 20240418  2.622  -96.57   40.85    15.4     0.1     7.7     8.7     0.8    17.53 C    31.6    -2.0    11.5    87.2    32.4    61.8 -99.000 -99.000   0.359   0.410 -99.000 -9999.0 -9999.0    13.4    12.1    10.8
94995 20240419  2.622  -96.57   40.85    14.1     0.3     7.2     7.7     0.2    15.65 C    31.3    -3.1    10.1    82.9    20.1    48.2 -99.000 -99.000   0.359   0.406 -99.000 -9999.0 -9999.0    12.2    11.8    10.9
94995 20240420  2.622  -96.57   40.85    11.7    -2.9     4.4     4.6     0.3    23.21 C    33.2    -5.8     8.3    72.0    27.8    48.7 -99.000 -99.000   0.355   0.412 -99.000 -9999.0 -9999.0    11.2    11.3    10.8
94995 20240421  2.622  -96.57   40.85    17.1    -4.8     6.1     7.1    14.2    26.19 C    35.9    -7.0    10.2    84.2    14.7    44.1 -99.000 -99.000   0.355   0.408 -99.000 -9999.0 -9999.0    10.9    10.9    10.6
94995 20240422  2.622  -96.57   40.85    25.1     4.7    14.9    15.6     0.2    18.19 C    34.0    -1.4    15.0    64.7    26.0    40.8 -99.000 -99.000   0.354   0.409 -99.000 -9999.0 -9999.0    11.4    10.8    10.5
94995 20240423  2.622  -96.57   40.85    21.2     3.4    12.3    14.1     0.0    25.51 C    38.6     0.3    16.2    71.6    18.7    42.6 -99.000 -99.000   0.357   0.406 -99.000 -9999.0 -9999.0    12.7    11.1    10.5
94995 20240424  2.622  -96.57   40.85    22.3    -0.3    11.0    13.3     0.0    22.05 C    39.6    -2.1    15.9    80.2    16.6    43.2 -99.000 -99.000   0.355   0.406 -99.000 -9999.0 -9999.0    12.8    11.4    10.7
94995 20240425  2.622  -96.57   40.85    14.3    10.6    12.4    12.2    10.7     2.04 C    14.2     8.5    11.6    91.1    46.0    76.9 -99.000 -99.000   0.354   0.406 -99.000 -9999.0 -9999.0    13.0    11.7    10.9
94995 20240426  2.622  -96.57   40.85    26.5    11.4    19.0    16.5     1.3     9.61 C    33.0    10.4    16.2    92.2    37.6    75.7 -99.000 -99.000   0.354   0.412 -99.000 -9999.0 -9999.0    12.8    11.7    11.0
94995 20240427  2.622  -96.57   40.85    19.2     9.0    14.1    14.2    18.9    10.29 C    34.1     5.6    15.0    91.8    54.9    79.6 -99.000 -99.000   0.364   0.419 -99.000 -9999.0 -9999.0    13.3    11.9    11.1
94995 20240428  2.622  -96.57   40.85    19.4     9.3    14.3    14.4    12.8    10.47 C    27.5     6.1    15.0    94.4    60.2    81.3 -99.000 -99.000   0.381   0.426 -99.000 -9999.0 -9999.0    13.7    12.2    11.3
94995 20240429  2.622  -96.57   40.85    22.2     4.9    13.6    13.5     2.2    26.31 C    36.7     2.1    16.2    86.3    34.9    62.6 -99.000 -99.000   0.378   0.425 -99.000 -9999.0 -9999.0    13.9    12.4    11.5
94995 20240430  2.622  -96.57   40.85    27.6     9.6    18.6    19.3     5.3    19.52 C    38.7     5.1    19.0    87.7    17.7    57.7 -99.000 -99.000   0.375   0.417 -99.000 -9999.0 -9999.0    14.7    12.7    11.7
94995 20240501  2.622  -96.57   40.85    20.4     6.9    13.6    13.6     2.2    10.15 C    31.1     4.1    13.4    87.0    30.5    63.2 -99.000 -99.000   0.372   0.420 -99.000 -9999.0 -9999.0    14.4    13.1    12.0
94995 20240502  2.622  -96.57   40.85    18.8     7.4    13.1    12.3    15.6    13.94 C    33.1     4.2    13.9    92.1    55.8    79.0 -99.000 -99.000   0.385   0.431 -99.000 -9999.0 -9999.0    14.0    13.0    12.2
94995 20240503  2.622  -96.57   40.85    23.8     4.5    14.2    15.2     3.6    23.11 C    39.7     2.2    17.8    93.6    24.0    60.7 -99.000 -99.000   0.381   0.423 -99.000 -9999.0 -9999.0    14.1    13.0    12.2
94995 20240504  2.622  -96.57   40.85    18.2     5.1    11.6    11.7    18.2    19.96 C    35.7     3.2    15.0    89.6    42.6    71.4 -99.000 -99.000   0.387   0.424 -99.000 -9999.0 -9999.0    15.1    13.4    12.4
94995 20240505  2.622  -96.57   40.85    19.6     3.0    11.3    12.2     2.2    23.13 C    35.7     1.8    15.2    92.0    37.5    65.6 -99.000 -99.000   0.373 -99.000 -99.000 -9999.0 -9999.0    14.6    13.5    12.6
94995 20240506  2.622  -96.57   40.85    21.3    10.2    15.8    15.4    37.6     7.66 C    28.3     8.3    16.4    91.5    66.5    82.2 -99.000 -99.000   0.378   0.422 -99.000 -9999.0 -9999.0    15.0    13.6    12.7
94995 20240507  2.622  -96.57   40.85    24.3     8.9    16.6    17.5     0.5    25.74 C    36.6     5.5    18.2    91.0    20.1    49.1 -99.000 -99.000   0.382   0.427 -99.000 -9999.0 -9999.0    15.2    13.7    12.8
94995 20240508  2.622  -96.57   40.85    25.1    12.0    18.6    19.0     1.3    24.06 C    39.6     8.3    20.3    77.9    15.3    40.4 -99.000 -99.000   0.379   0.422 -99.000 -9999.0 -9999.0    16.0    14.0    12.9
94995 20240509  2.622  -96.57   40.85    23.1     7.0    15.1    15.1     0.5    25.37 C    41.1     4.5    17.4    82.7    39.3    60.2 -99.000 -99.000   0.375   0.415 -99.000 -9999.0 -9999.0    16.1    14.3    13.2
94995 20240510  2.622  -96.57   40.85    26.2     6.1    16.1    16.3     1.4    23.77 C    40.8     4.0    17.5    90.3    23.4    54.7 -99.000 -99.000   0.376   0.397 -99.000 -9999.0 -9999.0    16.1    14.5    13.4
94995 20240511  2.622  -96.57   40.85    27.9     5.5    16.7    17.5     1.3    26.06 C    40.5     3.4    18.5    87.8    19.5    49.8 -99.000 -99.000   0.364   0.392 -99.000 -9999.0 -9999.0    16.2    14.5    13.5
94995 20240512  2.622  -96.57   40.85    26.9    15.0    20.9    19.7     7.1    14.42 C    35.2    10.8    19.8    91.4    32.1    57.1 -99.000 -99.000   0.363 -99.000 -99.000 -9999.0 -9999.0    16.8    14.8    13.6
94995 20240513  2.622  -96.57   40.85    21.3     7.9    14.6    15.6     2.4    11.95 C    28.9     6.4    16.4    92.6    42.7    79.3 -99.000 -99.000   0.359   0.396 -99.000 -9999.0 -9999.0    16.9    15.0    13.9
94995 20240514  2.622  -96.57   40.85    25.0     4.9    14.9    15.9     1.1    27.44 C    37.0     3.7    17.6    91.6    21.4    58.3 -99.000 -99.000   0.361   0.402 -99.000 -9999.0 -9999.0    16.3    15.0    14.0
94995 20240515  2.622  -96.57   40.85    26.0    12.4    19.2    17.5     3.4    15.39 C    36.8    10.5    18.3    87.8    38.9    75.3 -99.000 -99.000   0.356   0.401 -99.000 -9999.0 -9999.0    16.9    15.1    14.1
94995 20240516  2.622  -96.57   40.85    26.2    10.9    18.5    18.6     0.9    27.96 C    37.2     8.9    19.7    90.7    24.6    59.6 -99.000 -99.000   0.354   0.396 -99.000 -9999.0 -9999.0    17.2    15.3    14.2
94995 20240517  2.622  -96.57   40.85    29.8    13.0    21.4    21.9     1.0    27.66 C    39.6     9.2    21.9    77.9    26.4    49.6 -99.000 -99.000   0.342   0.381 -99.000 -9999.0 -9999.0    17.9    15.6    14.4
94995 20240518  2.622  -96.57   40.85    28.2    13.2    20.7    22.3     8.2    26.66 C    39.2     8.9    23.2    70.0    30.0    49.8 -99.000 -99.000   0.346 -99.000 -99.000 -9999.0 -9999.0    19.0    16.1    14.7
94995 20240519  2.622  -96.57   40.85    22.6    10.1    16.4    15.2     9.2     6.91 C    27.8     7.8    14.7    87.9    49.7    73.4 -99.000 -99.000   0.337   0.402 -99.000 -9999.0 -9999.0    17.9    16.5    15.0
94995 20240520  2.622  -96.57   40.85    29.0    11.6    20.3    21.3     2.4    22.27 C    36.6    10.3    22.0    92.4    44.9    69.5 -99.000 -99.000   0.330   0.414 -99.000 -9999.0 -9999.0    17.8    16.2    15.1
94995 20240521  2.622  -96.57   40.85    25.1    11.7    18.4    18.2     8.4    10.64 C    30.4     8.7    18.5    87.4    61.9    75.8 -99.000 -99.000   0.327   0.413 -99.000 -9999.0 -9999.0    18.9    16.6    15.2
94995 20240522  2.622  -96.57   40.85    23.8     9.2    16.5    16.6     1.4    24.41 C    34.4     6.7    17.4    88.9    30.7    60.2 -99.000 -99.000   0.325   0.412 -99.000 -9999.0 -9999.0    17.8    16.6    15.4
94995 20240523  2.622  -96.57   40.85    27.1    10.5    18.8    20.5     0.7    25.73 C    36.4     7.7    20.9    82.2    31.9    56.1 -99.000 -99.000   0.316   0.409 -99.000 -9999.0 -9999.0    18.0    16.5    15.5
94995 20240524  2.622  -96.57   40.85    24.5     9.2    16.8    17.0    21.1    28.57 C    33.7     7.2    19.4    90.8    38.1    66.0 -99.000 -99.000   0.316   0.406 -99.000 -9999.0 -9999.0    18.9    16.8    15.6
94995 20240525  2.622  -96.57   40.85    27.3     8.5    17.9    19.2     0.3    25.62 C    35.5     6.4    19.3    87.8    23.6    52.1 -99.000 -99.000   0.313   0.408 -99.000 -9999.0 -9999.0    18.2    16.9    15.8
94995 20240526  2.622  -96.57   40.85    27.3    15.1    21.2    21.0     1.9    26.17 C    36.3    12.9    21.6    85.9    35.7    58.2 -99.000 -99.000   0.309   0.410 -99.000 -9999.0 -9999.0    19.1    17.0    15.9
94995 20240527  2.622  -96.57   40.85    26.7    11.1    18.9    19.3     0.2    27.96 C    35.7     8.8    20.1    78.0    20.0    50.2 -99.000 -99.000   0.307   0.407 -99.000 -9999.0 -9999.0    19.2    17.3    16.0
94995 20240528  2.622  -96.57   40.85    27.6     8.7    18.1    18.4     0.6    23.22 C    38.9     6.7    18.1    87.0    26.1    54.4 -99.000 -99.000   0.298   0.394 -99.000 -9999.0 -9999.0    18.6    17.3    16.2
94995 20240529  2.622  -96.57   40.85    27.1     8.9    18.0    19.6     0.3    27.94 C    35.3     6.9    20.1    83.7    33.8    53.3 -99.000 -99.000   0.294   0.407 -99.000 -9999.0 -9999.0    18.6    17.2    16.2
94995 20240530  2.622  -96.57   40.85    25.2    15.3    20.2    19.2     6.6    12.59 C    29.0    13.0    19.2    88.7    57.7    71.6 -99.000 -99.000   0.287   0.394 -99.000 -9999.0 -9999.0    19.1    17.4    16.3
94995 20240531  2.622  -96.57   40.85    24.0    14.7    19.3    18.4     3.4    11.96 C    31.8    12.7    19.0    92.3    56.9    81.7 -99.000 -99.000   0.286   0.399 -99.000 -9999.0 -9999.0    19.0    17.5    16.4
94995 20240601  2.622  -96.57   40.85    25.2    12.1    18.7    19.2     0.2    22.86 C    34.7    11.0    20.1    94.3    45.5    74.2 -99.000 -99.000   0.283   0.411 -99.000 -9999.0 -9999.0    19.1    17.5    16.5
94995 20240602  2.622  -96.57   40.85    28.1    16.0    22.0    22.0    10.1    14.60 C    31.0    14.6    21.6    91.8    50.4    74.1 -99.000 -99.000   0.280   0.416 -99.000 -9999.0 -9999.0    19.4    17.7    16.6
94995 20240603  2.622  -96.57   40.85    29.6    14.8    22.2    21.9     0.8    23.97 C    35.3    13.2    22.6    91.8    44.3    72.1 -99.000 -99.000   0.280   0.394 -99.000 -9999.0 -9999.0    20.3    17.9    16.7
94995 20240604  2.622  -96.57   40.85    27.3    12.1    19.7    21.1     0.0    15.42 C    30.5     8.7    20.6    91.0    44.0    70.0 -99.000 -99.000   0.277   0.395 -99.000 -9999.0 -9999.0    20.6    18.4    17.0
94995 20240605  2.622  -96.57   40.85    31.1     8.9    20.0    20.4     0.3    28.22 C    35.1     6.9    20.1    89.6    30.6    56.4 -99.000 -99.000   0.271   0.390 -99.000 -9999.0 -9999.0    19.6    18.4    17.2
94995 20240606  2.622  -96.57   40.85    28.4    12.8    20.6    20.9     0.0    29.15 C    36.4    10.1    20.8    82.2    18.6    43.7 -99.000 -99.000   0.264   0.381 -99.000 -9999.0 -9999.0    19.9    18.3    17.2
94995 20240607  2.622  -96.57   40.85    32.4    11.2    21.8    21.4    35.1    21.70 C    38.5     9.5    21.3    86.4    28.5    62.7 -99.000 -99.000   0.271   0.388 -99.000 -9999.0 -9999.0    19.9    18.4    17.3
94995 20240608  2.622  -96.57   40.85    26.5    15.7    21.1    20.5     0.4    17.12 C    34.2    14.3    20.8    91.7    50.1    74.2 -99.000 -99.000   0.307   0.385 -99.000 -9999.0 -9999.0    20.4    18.6    17.4
94995 20240609  2.622  -96.57   40.85    27.8    13.6    20.7    20.3     0.3    27.69 C    34.4    10.6    20.8    90.4    26.8    59.9 -99.000 -99.000   0.299   0.376 -99.000 -9999.0 -9999.0    20.3    18.7    17.5
94995 20240610  2.622  -96.57   40.85    27.7    10.3    19.0    20.0     0.4    28.65 C    33.9     8.6    20.0    89.2    25.3    55.7 -99.000 -99.000   0.291   0.376 -99.000 -9999.0 -9999.0    20.0    18.7    17.6
94995 20240611  2.622  -96.57   40.85    31.2    17.1    24.2    23.9     0.3    27.11 C    37.1    13.0    23.4    71.6    23.9    50.9 -99.000 -99.000   0.287   0.355 -99.000 -9999.0 -9999.0    20.5    18.7    17.7
94995 20240612  2.622  -96.57   40.85    33.0    19.8    26.4    27.2     0.0    26.65 C    36.1    15.9    26.3    67.1    36.6    49.3 -99.000 -99.000   0.274   0.350 -99.000 -9999.0 -9999.0    21.4    19.1    17.8
94995 20240613  2.622  -96.57   40.85    32.4    21.3    26.9    27.0     0.2    25.10 C    38.8    16.4    26.4    71.2    34.3    52.0 -99.000 -99.000   0.264   0.345 -99.000 -9999.0 -9999.0    22.5    19.6    18.1
94995 20240614  2.622  -96.57   40.85    31.8    14.8    23.3    24.6     0.2    27.05 C    37.2    12.4    23.6    78.2    22.7    44.5 -99.000 -99.000   0.261   0.345 -99.000 -9999.0 -9999.0    22.4    20.0    18.4
94995 20240615  2.622  -96.57   40.85    28.3    19.1    23.7    22.1    26.1    15.02 C    34.0    18.4    22.5    90.0    45.7    76.9 -99.000 -99.000   0.262   0.344 -99.000 -9999.0 -9999.0    22.3    20.1    18.6
94995 20240616  2.622  -96.57   40.85    31.8    21.7    26.8    26.8     0.0    24.80 C    36.0    19.8    26.5    78.7    52.6    65.5 -99.000 -99.000   0.258   0.328 -99.000 -9999.0 -9999.0    22.5    20.2    18.8
94995 20240617  2.622  -96.57   40.85    31.7    19.7    25.7    26.7     0.0    16.72 C    36.4    20.1    26.6    76.7    55.1    64.5 -99.000 -99.000   0.256   0.347 -99.000 -9999.0 -9999.0    23.4    20.6    19.0
94995 20240618  2.622  -96.57   40.85    30.8    17.8    24.3    24.7     6.6    12.88 C    35.4    17.6    24.7    87.6    53.7    72.1 -99.000 -99.000   0.255   0.347 -99.000 -9999.0 -9999.0    23.5    21.0    19.3
94995 20240619  2.622  -96.57   40.85    23.9    17.3    20.6    19.8     0.0    12.81 C    27.1    17.0    20.2    86.9    50.5    70.7 -99.000 -99.000   0.252   0.341 -99.000 -9999.0 -9999.0    22.4    21.0    19.5
94995 20240620  2.622  -96.57   40.85    30.7    17.9    24.3    23.6     0.0    17.79 C    35.2    18.2    24.3    91.2    52.1    76.8 -99.000 -99.000   0.249   0.335 -99.000 -9999.0 -9999.0    22.3    20.7    19.5
94995 20240621  2.622  -96.57   40.85    31.9    21.6    26.7    27.3     0.3    22.53 C    37.3    19.3    26.8    85.4    51.1    66.1 -99.000 -99.000   0.251   0.331 -99.000 -9999.0 -9999.0    23.3    20.9    19.6
94995 20240622  2.622  -96.57   40.85    31.4    17.7    24.6    25.9     0.0    20.33 C    38.6    16.1    25.8    85.4    53.0    67.4 -99.000 -99.000   0.249   0.343 -99.000 -9999.0 -9999.0    23.9    21.3    19.8
94995 20240623  2.622  -96.57   40.85    32.1    14.7    23.4    24.8     0.0    28.00 C    36.5    13.6    24.7    90.7    38.7    64.6 -99.000 -99.000   0.244   0.323 -99.000 -9999.0 -9999.0    23.4    21.5    20.0
94995 20240624  2.622  -96.57   40.85    37.8    20.5    29.2    30.3     0.0    27.26 C    40.1    18.9    29.4    84.8    32.9    55.2 -99.000 -99.000   0.241   0.308 -99.000 -9999.0 -9999.0    24.2    21.6    20.1
94995 20240625  2.622  -96.57   40.85    35.9    20.6    28.3    29.6     8.4    26.50 C    39.9    19.1    29.4    74.5    31.9    52.5 -99.000 -99.000   0.238   0.311 -99.000 -9999.0 -9999.0    25.2    22.1    20.3
94995 20240626  2.622  -96.57   40.85    29.9    18.6    24.3    23.6    23.9    25.78 C    35.7    16.9    24.2    91.9    39.3    72.9 -99.000 -99.000   0.267   0.327 -99.000 -9999.0 -9999.0    24.6    22.4    20.6
94995 20240627  2.622  -96.57   40.85    26.1    17.6    21.9    22.6     3.3     8.04 C    29.1    16.4    22.1    90.7    56.7    79.1 -99.000 -99.000   0.262   0.320 -99.000 -9999.0 -9999.0    23.6    22.3    20.8
94995 20240628  2.622  -96.57   40.85    31.9    20.9    26.4    26.2     0.3    19.96 C    35.6    19.5    25.8    89.4    54.1    70.7 -99.000 -99.000   0.255   0.318 -99.000 -9999.0 -9999.0    23.6    22.0    20.8
94995 20240629  2.622  -96.57   40.85    27.0    15.2    21.1    22.6     0.0    24.94 C    34.1    12.8    23.1    87.9    42.4    62.8 -99.000 -99.000   0.250   0.335 -99.000 -9999.0 -9999.0    24.0    22.1    20.8
94995 20240630  2.622  -96.57   40.85    25.3    10.8    18.1    18.9     0.0    25.84 C    31.8     9.8    19.8    89.0    43.5    66.0 -99.000 -99.000   0.241   0.318 -99.000 -9999.0 -9999.0    22.7    22.0    20.9
94995 20240701  2.622  -96.57   40.85    25.2    15.6    20.4    20.1    96.2    11.44 C    28.9    15.2    20.6    91.8    73.7    82.6 -99.000 -99.000   0.302   0.323 -99.000 -9999.0 -9999.0    21.8    21.5    20.7
94995 20240702  2.622  -96.57   40.85 -9999.0 -9999.0 -9999.0 -9999.0 -9999.0 -9999.00 U -9999.0 -9999.0 -9999.0 -9999.0 -9999.0 -9999.0 -99.000 -99.000 -99.000 -99.000 -99.000 -9999.0 -9999.0 -9999.0 -9999.0 -9999.0
