94084 20240101  2.622 -102.17   48.97     0.8    -8.2    -3.7    -3.2     0.0     4.60 C    -0.5   -12.8    -5.5    88.6    75.3    82.0 -99.000 -99.000 -99.000   0.216   0.212    -2.2    -1.9    -1.4     0.7     2.2
94084 20240102  2.622 -102.17   48.97    -3.7   -10.8    -7.2    -6.6     0.0     3.35 C    -3.3   -12.8    -7.6    89.3    76.2    85.7 -99.000 -99.000 -99.000   0.215   0.211    -2.1    -1.6    -1.2     0.7     2.1
94084 20240103  2.622 -102.17   48.97    -7.7   -14.7   -11.2   -10.4     0.0     3.10 C    -6.7   -17.8   -10.9    85.1    72.2    77.4 -99.000 -99.000 -99.000   0.218   0.211    -2.4    -1.9    -1.4     0.6     2.0
94084 20240104  2.622 -102.17   48.97    -4.3   -14.2    -9.3    -6.6     0.0     1.53 C    -4.1   -17.2    -6.9    91.9    84.5    87.1 -99.000 -99.000 -99.000   0.222   0.211    -2.7    -2.2    -1.7     0.5     2.0
94084 20240105  2.622 -102.17   48.97    -4.7    -8.1    -6.4    -5.7     0.4     1.40 C    -3.9    -9.0    -5.4    93.5    86.8    90.9 -99.000 -99.000 -99.000   0.241   0.209    -2.0    -1.7    -1.4     0.5     1.9
94084 20240106  2.622 -102.17   48.97    -7.7   -10.2    -9.0    -9.3     0.0     2.63 C    -7.4   -10.3    -8.7    92.3    82.1    87.9 -99.000 -99.000 -99.000   0.279   0.212    -2.1    -1.7    -1.3     0.4     1.9
94084 20240107  2.622 -102.17   48.97    -8.4   -16.9   -12.7   -12.4     0.7     2.51 C    -8.2   -17.5   -11.6    89.9    79.1    84.7 -99.000 -99.000 -99.000   0.287   0.212    -2.7    -2.1    -1.6     0.4     1.8
94084 20240108  2.622 -102.17   48.97   -13.4   -26.3   -19.8   -17.9     0.2     4.40 C   -11.5   -29.5   -19.3    86.7    75.2    80.4 -99.000 -99.000 -99.000   0.286   0.209    -2.6    -2.2    -1.6     0.4     1.8
94084 20240109  2.622 -102.17   48.97    -4.7   -24.7   -14.7   -14.8     0.0     3.42 C    -5.1   -27.4   -15.8    88.9    74.7    82.3 -99.000 -99.000 -99.000   0.284   0.210    -2.6    -2.2    -1.7     0.4     1.7
94084 20240110  2.622 -102.17   48.97    -4.7   -22.1   -13.4   -15.4     0.0     5.13 C    -5.1   -23.7   -16.7    92.9    69.8    77.6 -99.000 -99.000 -99.000   0.285   0.210    -2.6    -2.2    -1.6     0.4     1.6
94084 20240111  2.622 -102.17   48.97   -20.5   -28.5   -24.5   -23.5     0.0     5.34 C   -21.0   -29.3   -24.2    75.2    66.3    70.9 -99.000 -99.000 -99.000 -99.000   0.209    -3.7    -3.1    -2.3     0.3     1.6
94084 20240112  2.622 -102.17   48.97   -25.6   -31.5   -28.5   -27.4     0.0     3.37 C   -24.1   -30.2   -26.3    72.8    67.2    70.0 -99.000 -99.000 -99.000 -99.000   0.210    -4.6    -3.9    -3.0     0.2     1.6
94084 20240113  2.622 -102.17   48.97   -30.0   -33.5   -31.7   -31.8     0.0     4.31 C   -28.7   -34.1   -31.1    69.8    67.1    68.2 -99.000 -99.000 -99.000 -99.000   0.209    -5.3    -4.6    -3.6     0.1     1.6
94084 20240114  2.622 -102.17   48.97   -27.5   -34.1   -30.8   -31.1     0.0     5.61 C   -27.5   -34.8   -31.7    70.2    66.4    68.0 -99.000 -99.000 -99.000 -99.000   0.208    -6.0    -5.3    -4.2     0.0     1.5
94084 20240115  2.622 -102.17   48.97   -23.6   -30.2   -26.9   -26.9     0.0     4.76 C   -23.8   -31.1   -27.3    71.0    63.8    68.5 -99.000 -99.000 -99.000 -99.000   0.208    -6.3    -5.6    -4.5    -0.2     1.3
94084 20240116  2.622 -102.17   48.97   -16.2   -26.4   -21.3   -21.7     0.0     5.93 C   -17.3   -27.9   -23.0    63.6    49.3    57.1 -99.000 -99.000 -99.000 -99.000   0.208    -6.6    -5.9    -4.8    -0.4     1.2
94084 20240117  2.622 -102.17   48.97   -18.8   -22.9   -20.9   -20.8     0.0     4.51 C   -18.2   -24.8   -21.6    75.5    59.3    69.9 -99.000 -99.000 -99.000 -99.000   0.208    -6.1    -5.4    -4.6    -0.6     1.1
94084 20240118  2.622 -102.17   48.97   -18.3   -24.8   -21.5   -21.2     0.0     5.17 C   -18.1   -26.0   -21.3    77.0    68.7    73.1 -99.000 -99.000 -99.000 -99.000   0.207    -6.1    -5.5    -4.6    -0.7     1.0
94084 20240119  2.622 -102.17   48.97   -15.3   -26.3   -20.8   -19.0     0.0     3.68 C   -13.7   -28.3   -19.4    81.3    74.7    76.6 -99.000 -99.000 -99.000 -99.000   0.205    -5.9    -5.3    -4.6    -0.9     0.8
94084 20240120  2.622 -102.17   48.97    -9.1   -27.8   -18.4   -16.8     0.0     3.07 C    -9.7   -28.8   -17.3    80.4    67.2    74.4 -99.000 -99.000 -99.000 -99.000   0.205    -6.0    -5.4    -4.6    -0.9     0.7
94084 20240121  2.622 -102.17   48.97    -7.1   -13.8   -10.5   -10.0     0.2     4.40 C    -3.3   -15.8   -10.0    82.6    73.8    79.1 -99.000 -99.000 -99.000 -99.000   0.205    -4.9    -4.5    -4.0    -1.0     0.6
94084 20240122  2.622 -102.17   48.97    -9.7   -11.7   -10.7   -10.9     0.3     2.83 C    -9.1   -11.0   -10.2    84.3    79.0    82.0 -99.000 -99.000 -99.000 -99.000   0.205    -4.1    -3.7    -3.3    -0.9     0.5
94084 20240123  2.622 -102.17   48.97    -3.2   -11.4    -7.3    -7.2     0.0     3.34 C    -3.2   -11.9    -7.5    91.4    82.0    86.2 -99.000 -99.000 -99.000 -99.000 -99.000    -3.7    -3.4    -3.0    -0.9     0.4
94084 20240124  2.622 -102.17   48.97    -4.2    -9.7    -7.0    -7.8     0.0     5.96 C    -6.9   -12.5    -9.1    93.8    82.3    87.6 -99.000 -99.000 -99.000 -99.000 -99.000    -3.3    -3.0    -2.6    -0.8     0.4
94084 20240125  2.622 -102.17   48.97    -5.7   -13.0    -9.4    -8.8     0.0     4.03 C    -5.2   -15.0    -8.8    90.1    84.8    87.9 -99.000 -99.000 -99.000 -99.000 -99.000    -3.0    -2.7    -2.4    -0.7     0.4
94084 20240126  2.622 -102.17   48.97    -0.1   -13.1    -6.6    -5.7     0.0     6.14 C    -1.7   -15.1    -8.3    90.2    78.0    85.2 -99.000 -99.000 -99.000 -99.000 -99.000    -3.0    -2.7    -2.3    -0.7     0.3
94084 20240127  2.622 -102.17   48.97     1.0   -11.8    -5.4    -5.6     0.0     6.88 C    -0.6   -14.8    -8.6    89.4    74.5    83.3 -99.000 -99.000 -99.000 -99.000 -99.000    -2.9    -2.6    -2.3    -0.6     0.3
94084 20240128  2.622 -102.17   48.97     3.4    -6.6    -1.6    -0.9     0.0     7.19 C     0.6    -9.1    -3.7    85.3    75.8    80.7 -99.000 -99.000 -99.000 -99.000 -99.000    -2.6    -2.3    -2.1    -0.6     0.3
94084 20240129  2.622 -102.17   48.97     2.4    -6.2    -1.9    -0.6     0.0     7.41 C     0.2    -9.7    -3.0    94.9    81.6    85.6 -99.000 -99.000 -99.000 -99.000 -99.000    -1.9    -1.8    -1.7    -0.6     0.3
94084 20240130  2.622 -102.17   48.97     6.1    -7.2    -0.6     1.7     0.0     6.85 C     1.8    -9.6    -1.6    93.7    72.7    82.7 -99.000 -99.000 -99.000 -99.000 -99.000    -1.7    -1.5    -1.5    -0.5     0.3
94084 20240131  2.622 -102.17   48.97     9.2    -2.6     3.3     2.0     0.0     7.15 C     6.4    -4.0    -0.2    92.8    55.5    80.1 -99.000 -99.000 -99.000 -99.000 -99.000    -0.7    -0.8    -1.0    -0.5     0.3
94084 20240201  2.622 -102.17   48.97     6.1    -4.6     0.8     0.3     0.0     7.51 C     4.7    -5.6    -1.0    92.8    72.6    86.7 -99.000 -99.000 -99.000 -99.000 -99.000    -0.6    -0.6    -0.8    -0.4     0.3
94084 20240202  2.622 -102.17   48.97     3.2    -1.7     0.7     0.7     0.0     2.41 C     3.3    -2.3     0.3    96.3    87.7    93.3 -99.000 -99.000 -99.000 -99.000 -99.000    -0.6    -0.5    -0.6    -0.3     0.3
94084 20240203  2.622 -102.17   48.97     4.0     0.1     2.0     2.0     0.0     1.40 C     4.4     0.0     1.5    96.3    90.6    94.5 -99.000 -99.000 -99.000 -99.000 -99.000    -0.5    -0.5    -0.5    -0.3     0.3
94084 20240204  2.622 -102.17   48.97     2.8     0.7     1.8     1.7     0.0     1.46 C     3.6     0.5     1.5    97.0    95.7    96.4 -99.000 -99.000 -99.000 -99.000 -99.000    -0.5    -0.4    -0.5    -0.2     0.4
94084 20240205  2.622 -102.17   48.97     3.7     0.9     2.3     2.1     1.0     1.54 C     5.4     0.2     1.8    96.8    87.0    93.7 -99.000 -99.000 -99.000 -99.000 -99.000    -0.5    -0.4    -0.5    -0.2     0.3
94084 20240206  2.622 -102.17   48.97     1.2    -2.0    -0.4    -0.4     0.0     1.21 C     2.2    -3.1    -0.1    96.4    89.8    94.1 -99.000 -99.000 -99.000 -99.000 -99.000    -0.4    -0.4    -0.5    -0.3     0.4
94084 20240207  2.622 -102.17   48.97    -0.2    -1.4    -0.8    -1.0     4.0     0.45 C    -0.2    -1.7    -0.8    96.7    92.4    95.1 -99.000 -99.000 -99.000 -99.000 -99.000    -0.4    -0.3    -0.4    -0.3     0.4
94084 20240208  2.622 -102.17   48.97    -1.4    -4.5    -3.0    -3.5     5.2     4.70 C    -1.7    -4.4    -3.5    92.3    86.3    89.4 -99.000 -99.000 -99.000 -99.000 -99.000    -0.4    -0.3    -0.4    -0.3     0.4
94084 20240209  2.622 -102.17   48.97    -3.4    -5.3    -4.3    -4.6     0.0     5.42 C    -3.5    -6.0    -4.8    89.1    79.8    84.6 -99.000 -99.000 -99.000 -99.000 -99.000    -0.4    -0.3    -0.4    -0.3     0.4
94084 20240210  2.622 -102.17   48.97    -3.7   -17.8   -10.8    -9.2     0.0     6.46 C    -4.2   -22.5   -10.7    89.0    65.7    77.6 -99.000 -99.000 -99.000 -99.000 -99.000    -0.4    -0.3    -0.4    -0.3     0.4
94084 20240211  2.622 -102.17   48.97    -1.9   -19.1   -10.5    -6.7     0.0     9.23 C    -2.7   -23.4    -8.9    87.1    73.6    80.7 -99.000 -99.000 -99.000 -99.000   0.203    -0.4    -0.3    -0.3    -0.3     0.5
94084 20240212  2.622 -102.17   48.97    -3.9   -15.9    -9.9    -9.5     0.0     9.84 C    -3.6   -18.0   -11.8    96.0    76.8    83.5 -99.000 -99.000 -99.000 -99.000   0.202    -0.5    -0.3    -0.3    -0.3     0.5
94084 20240213  2.622 -102.17   48.97    -0.3   -15.0    -7.6    -5.7     1.0     6.51 C    -0.4   -16.7    -6.5    93.7    77.0    84.7 -99.000 -99.000 -99.000 -99.000   0.201    -0.5    -0.4    -0.3    -0.2     0.5
94084 20240214  2.622 -102.17   48.97    -5.4   -15.2   -10.3   -10.7     0.0    10.22 C    -6.4   -19.6   -12.6    82.4    64.1    76.0 -99.000 -99.000 -99.000 -99.000   0.201    -0.7    -0.4    -0.4    -0.1     0.5
94084 20240215  2.622 -102.17   48.97   -10.8   -24.8   -17.8   -16.0     0.0     8.62 C   -10.2   -28.9   -17.1    84.0    72.3    78.8 -99.000 -99.000 -99.000 -99.000   0.203    -0.9    -0.6    -0.5    -0.1     0.6
94084 20240216  2.622 -102.17   48.97    -8.3   -26.6   -17.4   -15.7     0.0    10.07 C    -8.4   -31.7   -17.7    80.9    65.4    74.9 -99.000 -99.000 -99.000 -99.000   0.204    -1.5    -0.9    -0.6    -0.1     0.6
94084 20240217  2.622 -102.17   48.97    -1.3   -11.0    -6.2    -6.2     0.0    10.57 C    -2.0   -13.4    -8.3    76.4    56.0    65.1 -99.000 -99.000 -99.000 -99.000   0.204    -1.7    -1.3    -1.0    -0.1     0.6
94084 20240218  2.622 -102.17   48.97    -2.4   -16.4    -9.4    -9.0     0.0    10.32 C    -0.8   -19.6   -10.5    84.8    67.5    77.7 -99.000 -99.000 -99.000 -99.000   0.204    -1.7    -1.4    -1.1     0.0     0.6
94084 20240219  2.622 -102.17   48.97    -7.2   -16.7   -12.0   -11.9     0.0    11.20 C    -4.8   -19.9   -13.5    89.3    79.3    84.4 -99.000 -99.000 -99.000 -99.000   0.204    -1.7    -1.3    -1.1    -0.1     0.6
94084 20240220  2.622 -102.17   48.97    -0.5   -19.4   -10.0    -8.9     0.0     7.88 C     1.1   -21.9    -9.1    86.7    64.7    79.4 -99.000 -99.000 -99.000 -99.000   0.204    -2.1    -1.7    -1.4    -0.1     0.6
94084 20240221  2.622 -102.17   48.97     1.4    -8.7    -3.7    -3.6     0.0    10.76 C     1.4   -11.4    -4.2    94.7    77.0    88.4 -99.000 -99.000 -99.000 -99.000   0.204    -1.3    -1.2    -1.1    -0.1     0.6
94084 20240222  2.622 -102.17   48.97     4.2    -6.8    -1.3    -1.0     0.0    10.66 C     2.6    -8.6    -2.3    94.4    71.3    82.0 -99.000 -99.000 -99.000 -99.000   0.204    -0.9    -0.8    -0.8    -0.1     0.6
94084 20240223  2.622 -102.17   48.97     0.5    -7.3    -3.4    -3.4     0.0     6.99 C     1.5    -6.0    -2.6    90.4    79.6    84.7 -99.000 -99.000 -99.000 -99.000   0.204    -0.7    -0.7    -0.7     0.0     0.6
94084 20240224  2.622 -102.17   48.97     4.9    -1.5     1.7     1.1     0.0     9.54 C     4.8    -2.8    -0.2    88.5    61.7    76.4 -99.000 -99.000 -99.000 -99.000   0.204    -0.7    -0.7    -0.6     0.0     0.6
94084 20240225  2.622 -102.17   48.97     0.4    -5.6    -2.6    -1.5     0.7     7.33 C     5.1    -5.2    -0.8    93.0    60.7    81.0 -99.000 -99.000 -99.000 -99.000   0.204    -0.6    -0.5    -0.5     0.0     0.6
94084 20240226  2.622 -102.17   48.97     6.5   -15.5    -4.5    -2.3     0.2     5.03 C     5.8   -12.4    -1.9    95.6    73.6    84.7 -99.000 -99.000 -99.000 -99.000   0.204    -0.5    -0.4    -0.5     0.0     0.6
94084 20240227  2.622 -102.17   48.97   -14.6   -19.6   -17.1   -17.4     0.0    12.69 C    -7.1   -17.1   -13.4    78.1    59.9    67.6 -99.000 -99.000 -99.000 -99.000   0.204    -2.9    -1.9    -1.2     0.0     0.6
94084 20240228  2.622 -102.17   48.97    -8.3   -21.2   -14.8   -14.8     0.0    11.40 C    -2.3   -19.8   -11.8    76.0    58.5    68.7 -99.000 -99.000 -99.000 -99.000   0.204    -5.5    -4.4    -3.3     0.0     0.6
94084 20240229  2.622 -102.17   48.97     3.4   -12.5    -4.5    -5.2     0.0    12.25 C     6.2   -11.7    -4.2    91.2    58.1    75.7 -99.000 -99.000 -99.000 -99.000   0.204    -4.2    -3.8    -3.3    -0.2     0.6
94084 20240301  2.622 -102.17   48.97     4.9    -8.4    -1.8    -1.7     0.0     7.97 C     4.9    -9.4    -2.0    91.0    61.8    72.6 -99.000 -99.000 -99.000 -99.000   0.204    -1.8    -1.7    -1.7    -0.2     0.6
94084 20240302  2.622 -102.17   48.97    -3.2   -10.4    -6.8    -7.4     0.0     5.67 C     0.6    -9.9    -6.2    85.3    60.6    76.6 -99.000 -99.000 -99.000 -99.000   0.202    -3.0    -2.4    -1.9    -0.2     0.6
94084 20240303  2.622 -102.17   48.97    -7.8   -15.1   -11.5   -10.2    13.8     5.23 C    -7.0   -15.6    -9.9    88.3    78.7    84.5 -99.000 -99.000 -99.000 -99.000   0.202    -3.3    -2.8    -2.3    -0.3     0.6
94084 20240304  2.622 -102.17   48.97   -12.8   -23.8   -18.3   -16.8     0.0    14.35 C   -12.3   -28.7   -18.6    80.8    59.7    72.2 -99.000 -99.000 -99.000 -99.000   0.204    -2.9    -2.5    -2.1    -0.3     0.6
94084 20240305  2.622 -102.17   48.97   -13.8   -25.4   -19.6   -17.2     0.0    10.64 C    -8.3   -29.9   -16.7    81.7    60.6    69.8 -99.000 -99.000 -99.000 -99.000   0.201    -3.1    -2.6    -2.2    -0.4     0.5
94084 20240306  2.622 -102.17   48.97   -10.6   -17.9   -14.3   -13.6     4.9     9.85 C    -9.2   -20.9   -13.6    83.7    71.7    80.2 -99.000 -99.000 -99.000 -99.000   0.203    -2.9    -2.5    -2.1    -0.4     0.5
94084 20240307  2.622 -102.17   48.97   -11.8   -23.3   -17.5   -16.2     0.0    13.71 C   -10.5   -25.9   -17.0    84.4    71.1    78.4 -99.000 -99.000 -99.000 -99.000   0.203    -2.6    -2.3    -2.0    -0.4     0.5
94084 20240308  2.622 -102.17   48.97    -6.0   -23.1   -14.6   -14.5     0.0    15.34 C    -5.8   -25.7   -15.7    86.7    68.7    79.3 -99.000 -99.000 -99.000 -99.000 -99.000    -2.7    -2.3    -2.0    -0.4     0.5
94084 20240309  2.622 -102.17   48.97     1.4   -19.1    -8.8    -8.7     0.0    14.94 C     0.7   -22.2   -10.7    89.2    66.2    81.1 -99.000 -99.000 -99.000 -99.000 -99.000    -2.6    -2.3    -2.0    -0.4     0.4
94084 20240310  2.622 -102.17   48.97     6.3    -8.3    -1.0     0.0     0.0    15.14 C     2.7   -10.8    -3.2    88.4    57.8    72.4 -99.000 -99.000 -99.000 -99.000 -99.000    -2.0    -1.8    -1.7    -0.4     0.4
94084 20240311  2.622 -102.17   48.97     7.3    -3.9     1.7     1.8     0.0    14.01 C     5.8    -6.4    -0.8    87.9    62.8    74.7 -99.000 -99.000 -99.000 -99.000 -99.000    -0.9    -1.0    -1.1    -0.4     0.4
94084 20240312  2.622 -102.17   48.97     7.8    -3.9     1.9     1.4     0.0    11.02 C     9.7    -4.3     1.2    90.4    62.1    81.1 -99.000 -99.000 -99.000 -99.000 -99.000    -0.7    -0.7    -0.8    -0.3     0.4
94084 20240313  2.622 -102.17   48.97     6.3    -2.1     2.1     1.3     0.0     9.34 C    11.9    -2.7     1.7    96.5    78.6    91.6 -99.000 -99.000 -99.000 -99.000 -99.000    -0.6    -0.6    -0.6    -0.3     0.4
94084 20240314  2.622 -102.17   48.97     2.0    -4.2    -1.1    -0.3     0.0     3.59 C     4.3    -4.5     0.0    96.6    78.2    90.9 -99.000 -99.000 -99.000 -99.000 -99.000    -0.5    -0.5    -0.5    -0.2     0.4
94084 20240315  2.622 -102.17   48.97     9.4    -3.2     3.1     2.7     0.0    12.14 C     9.3    -3.3     1.4    91.4    57.3    74.9 -99.000 -99.000 -99.000 -99.000 -99.000    -0.5    -0.5    -0.5    -0.2     0.4
94084 20240316  2.622 -102.17   48.97     1.9    -6.8    -2.5    -1.4     0.0    14.23 C     4.8    -5.9    -0.9    84.9    55.9    70.9 -99.000 -99.000 -99.000 -99.000 -99.000    -0.5    -0.4    -0.5    -0.2     0.4
94084 20240317  2.622 -102.17   48.97    -3.2    -9.1    -6.2    -6.7     0.0    11.64 C     4.0    -8.5    -4.3    81.2    50.5    63.4 -99.000 -99.000 -99.000 -99.000 -99.000    -0.7    -0.5    -0.5    -0.2     0.5
94084 20240318  2.622 -102.17   48.97    12.8    -8.8     2.0     1.4     0.0    15.57 C    12.7    -8.4     1.0    84.5    42.7    68.1 -99.000 -99.000 -99.000 -99.000   0.200    -0.9    -0.7    -0.6    -0.2     0.5
94084 20240319  2.622 -102.17   48.97     2.3    -7.6    -2.7    -0.7     0.0    14.55 C     8.5    -7.1     0.0    87.8    50.0    67.4 -99.000 -99.000 -99.000 -99.000   0.202    -0.5    -0.5    -0.5    -0.2     0.5
94084 20240320  2.622 -102.17   48.97    -5.0   -10.9    -7.9    -7.8     0.0    11.18 C     4.3    -9.7    -4.1    73.7    40.1    58.1 -99.000 -99.000 -99.000 -99.000   0.202    -0.6    -0.5    -0.5    -0.2     0.5
94084 20240321  2.622 -102.17   48.97    -3.9   -10.0    -6.9    -7.0     0.0     8.79 C     2.0   -11.6    -4.3    82.0    55.7    69.4 -99.000 -99.000 -99.000 -99.000   0.202    -0.9    -0.6    -0.6    -0.2     0.5
94084 20240322  2.622 -102.17   48.97    -2.9   -11.9    -7.4    -7.7     0.0    17.63 C     6.7   -12.6    -5.1    83.4    26.9    57.2 -99.000 -99.000 -99.000 -99.000   0.202    -1.3    -0.9    -0.8    -0.2     0.5
94084 20240323  2.622 -102.17   48.97    -2.1   -13.2    -7.6    -7.9     0.0    13.25 C     6.9   -12.1    -5.1    81.3    39.8    61.2 -99.000 -99.000 -99.000 -99.000   0.203    -1.8    -1.3    -1.0    -0.2     0.5
94084 20240324  2.622 -102.17   48.97    -4.8    -9.1    -7.0    -7.1     2.0     8.69 C    -2.1   -11.1    -6.4    86.0    64.7    76.7 -99.000 -99.000 -99.000 -99.000   0.201    -2.1    -1.6    -1.3    -0.2     0.5
94084 20240325  2.622 -102.17   48.97    -4.8   -15.7   -10.3    -9.6     0.0    18.49 C    -0.2   -21.3    -9.7    79.3    44.8    59.7 -99.000 -99.000 -99.000 -99.000   0.204    -2.1    -1.7    -1.4    -0.2     0.5
94084 20240326  2.622 -102.17   48.97    -5.0   -18.0   -11.5   -11.3     0.0    19.44 C     1.6   -17.9    -8.7    80.7    35.1    63.6 -99.000 -99.000 -99.000 -99.000   0.203    -2.7    -2.3    -1.8    -0.3     0.5
94084 20240327  2.622 -102.17   48.97    -1.2   -17.3    -9.3    -9.6     0.0    19.62 C     8.2   -16.3    -5.9    82.8    25.8    60.1 -99.000 -99.000 -99.000 -99.000   0.202    -2.8    -2.4    -2.1    -0.3     0.5
94084 20240328  2.622 -102.17   48.97     2.7   -13.0    -5.1    -4.1     0.0    14.77 C     9.8   -12.0    -2.5    79.2    31.2    58.7 -99.000 -99.000 -99.000 -99.000   0.202    -2.2    -1.9    -1.7    -0.3     0.5
94084 20240329  2.622 -102.17   48.97     1.3    -3.3    -1.0    -1.1     2.3     5.15 C     0.9    -3.3    -1.1    92.1    57.5    79.1 -99.000 -99.000 -99.000 -99.000   0.203    -1.2    -1.1    -1.1    -0.3     0.5
94084 20240330  2.622 -102.17   48.97     0.2    -8.9    -4.4    -3.0     0.0    14.53 C     5.2    -8.7    -2.0    85.4    50.6    69.6 -99.000 -99.000 -99.000 -99.000 -99.000    -1.0    -0.8    -0.9    -0.3     0.5
94084 20240331  2.622 -102.17   48.97     1.4   -12.4    -5.5    -5.3     0.0    20.09 C     9.8   -12.2    -2.5    87.0    41.2    67.2 -99.000 -99.000 -99.000 -99.000 -99.000    -1.5    -1.2    -1.0    -0.3     0.5
94084 20240401  2.622 -102.17   48.97     9.5    -9.0     0.3     0.7     0.0    17.04 C    12.0    -8.1     0.9    88.6    46.3    69.9 -99.000 -99.000 -99.000 -99.000 -99.000    -1.0    -0.9    -0.8    -0.3     0.5
94084 20240402  2.622 -102.17   48.97    10.0    -3.5     3.3     3.1     0.0    20.34 C    13.3    -5.3     2.5    86.3    37.4    63.4 -99.000 -99.000 -99.000 -99.000 -99.000    -0.6    -0.5    -0.6    -0.3     0.5
94084 20240403  2.622 -102.17   48.97    12.8    -4.7     4.0     3.7     0.0    19.14 C    16.4    -5.6     3.5    87.8    35.0    62.1 -99.000 -99.000 -99.000 -99.000 -99.000    -0.5    -0.5    -0.5    -0.3     0.5
94084 20240404  2.622 -102.17   48.97    13.7    -1.9     5.9     5.4     0.0    16.64 C    15.5    -3.0     4.4    82.9    30.7    56.8 -99.000 -99.000 -99.000 -99.000 -99.000    -0.3    -0.4    -0.4    -0.2     0.5
94084 20240405  2.622 -102.17   48.97    14.7     0.3     7.5     6.9     0.0    13.86 C    15.7    -1.6     5.4    64.9    25.8    47.3 -99.000 -99.000 -99.000 -99.000 -99.000    -0.2    -0.2    -0.4    -0.2     0.5
94084 20240406  2.622 -102.17   48.97    14.9     2.1     8.5     7.7     0.0    15.56 C    17.3    -0.3     6.5    69.8    36.6    53.9 -99.000 -99.000 -99.000 -99.000   0.204     0.1     0.1    -0.4    -0.2     0.5
94084 20240407  2.622 -102.17   48.97    12.4     0.3     6.4     6.4     0.0    17.35 C    23.4    -3.4     6.9    88.9    36.6    57.2 -99.000 -99.000 -99.000 -99.000   0.206     0.6     0.4    -0.2    -0.2     0.5
94084 20240408  2.622 -102.17   48.97    13.7    -2.9     5.4     5.5     0.0    13.46 C    24.5    -4.2     5.9    94.3    34.5    69.2 -99.000 -99.000 -99.000 -99.000   0.204     0.9     0.6     0.0    -0.2     0.5
94084 20240409  2.622 -102.17   48.97    17.0    -0.7     8.2     8.2     0.0    17.23 C    27.0    -2.1     8.7    91.7    27.2    62.0 -99.000   0.293   0.293 -99.000 -99.000     1.9     1.3     0.3    -0.2     0.5
94084 20240410  2.622 -102.17   48.97    15.6    -1.3     7.1     5.7     0.8    12.48 C    25.1    -2.8     5.7    88.7    35.4    68.8   0.308   0.287   0.279 -99.000   0.205     2.0     1.6     0.7    -0.2     0.5
94084 20240411  2.622 -102.17   48.97    12.6    -2.3     5.1     4.5     0.0    20.05 C    23.4    -5.9     5.0    83.5    29.5    60.5   0.297   0.280   0.272 -99.000   0.204     2.1     1.7     0.9    -0.2     0.5
94084 20240412  2.622 -102.17   48.97    18.6    -5.1     6.7     7.3     0.0    18.25 C    25.2    -6.7     7.6    91.9    18.0    53.2   0.286   0.269   0.265 -99.000   0.206     2.2     1.8     1.0    -0.2     0.5
94084 20240413  2.622 -102.17   48.97    22.5     1.3    11.9    12.4     0.0    16.42 C    27.7    -2.2    11.4    80.7    14.9    47.8   0.286   0.274   0.252 -99.000   0.205     4.0     3.2     2.1    -0.2     0.5
94084 20240414  2.622 -102.17   48.97    17.7    -1.7     8.0     8.8     0.0    17.17 C    30.8    -4.4     9.9    86.8    19.1    51.3   0.278   0.267   0.248 -99.000   0.207     4.0     3.4     2.5    -0.1     0.5
94084 20240415  2.622 -102.17   48.97    16.2     2.9     9.6     9.2     0.0    16.90 C    22.5     1.1     9.2    66.0    31.5    46.8   0.271   0.261   0.243 -99.000   0.209     4.1     3.6     2.8    -0.1     0.6
94084 20240416  2.622 -102.17   48.97     6.4     1.3     3.8     5.1    16.8     1.94 C     7.4    -0.4     4.8    94.7    62.2    85.1   0.302   0.291   0.260 -99.000   0.211     3.4     3.2     2.7     0.5     0.7
94084 20240417  2.622 -102.17   48.97     6.7    -1.9     2.4     2.8     0.0    10.48 C    11.4    -2.8     2.8    94.3    52.5    74.1   0.294   0.290   0.262   0.264   0.217     2.4     2.4     2.1     0.8     1.0
94084 20240418  2.622 -102.17   48.97    -0.1    -6.4    -3.3    -2.9     0.0    10.04 C     5.6    -6.7    -1.8    81.1    56.2    69.2   0.277   0.270   0.248   0.266   0.226     0.7     1.0     1.1     0.8     1.1
94084 20240419  2.622 -102.17   48.97     2.9    -6.7    -1.9    -2.6     0.0    10.96 C     7.2    -6.9    -1.7    85.3    51.2    69.3 -99.000 -99.000   0.261   0.264   0.228     0.0     0.3     0.4     0.7     1.1
94084 20240420  2.622 -102.17   48.97    10.7    -6.5     2.1     1.5     0.0    23.44 C    17.9    -7.2     2.8    84.2    21.1    52.1 -99.000 -99.000 -99.000   0.222   0.228     0.6     0.7     0.5     0.6     1.1
94084 20240421  2.622 -102.17   48.97    17.8    -4.3     6.7     7.7     0.0    22.28 C    24.8    -7.6     8.4    72.7    13.9    40.1   0.259   0.247   0.235   0.220   0.228     2.3     1.9     1.3     0.7     1.1
94084 20240422  2.622 -102.17   48.97    12.4     2.9     7.6     7.3     1.4    13.15 C    18.6     1.1     6.9    87.8    37.3    64.9   0.259   0.251   0.234   0.259   0.226     3.7     3.4     2.7     1.2     1.2
94084 20240423  2.622 -102.17   48.97    14.5    -1.7     6.4     6.3     0.0    24.45 C    28.0    -3.0     9.5    89.6    21.2    53.8   0.258   0.250   0.233   0.258   0.227     4.9     4.3     3.5     1.7     1.4
94084 20240424  2.622 -102.17   48.97    20.4    -2.6     8.9    11.0     0.0    23.85 C    30.1    -4.1    11.7    78.9    13.1    38.7   0.253   0.245   0.231   0.258   0.226     5.8     5.3     4.5     2.3     1.7
94084 20240425  2.622 -102.17   48.97    23.6     2.3    12.9    13.7     0.0    17.69 C    32.7     0.7    14.1    83.4    21.9    49.8   0.248   0.240   0.227   0.257   0.226     7.1     6.4     5.5     2.9     2.1
94084 20240426  2.622 -102.17   48.97    15.6     3.8     9.7    11.1     0.0    10.17 C    21.4     1.5    11.4    95.8    62.7    80.3   0.245   0.237   0.224   0.257   0.227     7.9     7.4     6.5     3.5     2.5
94084 20240427  2.622 -102.17   48.97    13.3     0.6     6.9     7.2     0.0    25.00 C    27.3    -1.4    10.2    95.0    22.8    52.5   0.242   0.234   0.222   0.256   0.227     7.7     7.4     6.6     4.1     3.0
94084 20240428  2.622 -102.17   48.97    13.0    -6.2     3.4     5.3     0.0    23.57 C    25.0    -6.3     8.2    88.3    26.5    56.9   0.236   0.229   0.219   0.255   0.226     7.0     6.8     6.3     4.4     3.3
94084 20240429  2.622 -102.17   48.97    15.3    -3.0     6.1     6.3     0.0    23.28 C    30.6    -3.1    10.4    98.7    33.6    71.8   0.233   0.225   0.216   0.254   0.226     7.6     7.3     6.6     4.5     3.6
94084 20240430  2.622 -102.17   48.97     8.5     0.2     4.3     4.8    11.0     4.15 C    11.3    -0.5     5.5    96.4    70.2    89.9   0.245   0.231   0.215   0.253   0.226     6.6     6.7     6.5     4.8     3.9
94084 20240501  2.622 -102.17   48.97    13.9     3.1     8.5     8.1     0.2    20.97 C    24.4     1.3     9.5    92.3    35.1    64.8   0.282   0.277   0.240   0.253   0.224     7.2     6.9     6.4     4.8     4.0
94084 20240502  2.622 -102.17   48.97    14.3     1.0     7.6     7.5     8.3    15.24 C    27.7     0.1     9.8    90.2    33.2    67.8   0.275   0.268   0.238   0.254   0.225     7.6     7.3     6.8     5.0     4.1
94084 20240503  2.622 -102.17   48.97    10.8     2.3     6.5     6.6     2.1     8.53 C    14.5     1.1     7.0    93.2    56.0    78.1   0.290   0.286   0.252   0.257   0.224     7.0     7.0     6.7     5.2     4.4
94084 20240504  2.622 -102.17   48.97    12.2     1.6     6.9     7.4     0.3    15.22 C    27.5    -0.7     9.8    94.5    43.6    71.4   0.283   0.280   0.250   0.261   0.226     7.9     7.5     6.9     5.3     4.5
94084 20240505  2.622 -102.17   48.97    21.4    -1.4    10.0    11.5     0.0    23.83 C    27.5    -2.5    12.4    93.2    29.5    58.5   0.271   0.267   0.243   0.262   0.227     8.2     7.9     7.3     5.5     4.6
94084 20240506  2.622 -102.17   48.97    14.4     9.5    11.9    11.8     3.0     3.82 C    18.3     8.1    11.6    94.8    57.5    79.1   0.265   0.259   0.238   0.263   0.227     8.9     8.7     8.1     5.9     4.8
94084 20240507  2.622 -102.17   48.97    12.3     9.0    10.6    10.4    32.2     2.68 C    12.8     9.2    10.3    93.5    88.2    91.5   0.327   0.318   0.282   0.281   0.229     9.2     8.9     8.4     6.3     5.1
94084 20240508  2.622 -102.17   48.97    17.6     8.0    12.8    11.9     0.0     6.93 C    23.4     5.4    11.7    91.8    59.0    81.4   0.296   0.295   0.269   0.294   0.254     9.4     9.1     8.6     6.7     5.4
94084 20240509  2.622 -102.17   48.97    22.6     4.3    13.5    13.7     0.0    21.69 C    30.6     2.6    14.2    91.9    29.7    60.7   0.278   0.275   0.254   0.285   0.252    10.4     9.8     9.0     6.8     5.6
94084 20240510  2.622 -102.17   48.97    22.0     3.7    12.8    13.5     0.0    26.49 C    29.7     2.6    14.3    81.5    20.9    48.9   0.265   0.261   0.244   0.280   0.247    11.2    10.6     9.8     7.2     5.8
94084 20240511  2.622 -102.17   48.97    28.3     6.7    17.5    17.5     0.0    21.15 C    34.4     4.8    16.9    73.3    20.3    45.9   0.253   0.248   0.236   0.275   0.244    11.7    11.1    10.3     7.7     6.1
94084 20240512  2.622 -102.17   48.97    20.8     3.2    12.0    13.0     0.0    26.62 C    28.5     2.7    14.0    84.2    21.5    47.4   0.243   0.238   0.229   0.271   0.241    12.0    11.5    10.7     8.0     6.3
94084 20240513  2.622 -102.17   48.97    20.8     4.1    12.5    11.8     4.1    20.18 C    27.2     3.4    13.0    84.8    34.2    60.6   0.235   0.229   0.223   0.268   0.240    11.2    11.0    10.5     8.3     6.5
94084 20240514  2.622 -102.17   48.97    18.5     7.6    13.1    11.9     0.0    15.89 C    31.8     7.2    14.2    88.2    61.2    74.9   0.248   0.235   0.222   0.267   0.238    12.0    11.5    10.8     8.3     6.8
94084 20240515  2.622 -102.17   48.97    16.8     7.7    12.2    11.1     0.0    15.03 C    28.7     8.2    13.6    92.8    48.8    74.7   0.240   0.232   0.221   0.266   0.237    12.1    11.7    11.0     8.6     7.0
94084 20240516  2.622 -102.17   48.97    23.0     5.7    14.4    14.9     0.0    18.03 C    35.5     4.7    16.6    91.2    34.4    63.7   0.233   0.227   0.218   0.264   0.236    12.8    12.2    11.4     8.8     7.2
94084 20240517  2.622 -102.17   48.97    22.5     8.4    15.5    15.6     0.0    15.28 C    30.9     6.9    16.0    92.3    39.9    65.7   0.226   0.221   0.215   0.263   0.235    13.3    12.8    12.0     9.2     7.4
94084 20240518  2.622 -102.17   48.97    16.4     6.3    11.3    10.7     1.3    16.29 C    19.8     5.1    10.8    85.6    31.8    61.5   0.219   0.215   0.211   0.261   0.236    11.6    11.6    11.4     9.4     7.6
94084 20240519  2.622 -102.17   48.97    15.6     4.1     9.8     9.8     4.7     8.43 C    22.1     3.1    10.3    89.4    38.6    65.0   0.218   0.212   0.207   0.260   0.234    10.5    10.5    10.4     9.2     7.7
94084 20240520  2.622 -102.17   48.97    17.5     5.3    11.4    11.7     4.3    22.98 C    25.5     3.7    13.2    93.7    33.9    67.9   0.252   0.230   0.208   0.259   0.235    11.9    11.4    10.7     8.9     7.7
94084 20240521  2.622 -102.17   48.97    17.2     2.6     9.9    10.1     0.0    17.60 C    26.4     1.5    10.9    93.4    43.7    69.1   0.247   0.235   0.212   0.258   0.233    11.6    11.4    10.9     9.2     7.8
94084 20240522  2.622 -102.17   48.97    17.6     0.7     9.2    10.7     0.0    17.57 C    28.7    -0.8    12.3    93.8    37.9    66.4   0.236   0.228   0.211   0.257   0.233    11.4    11.2    10.7     9.2     7.8
94084 20240523  2.622 -102.17   48.97     9.2     6.7     7.9     7.7     3.8     3.58 C     9.8     6.8     7.9    93.1    79.7    87.1   0.238   0.227   0.210   0.257   0.233    10.4    10.6    10.5     9.3     8.0
94084 20240524  2.622 -102.17   48.97    10.6    -0.2     5.2     6.3     6.7    11.05 C    15.2    -0.7     7.1    92.7    59.0    79.3   0.276   0.263   0.223   0.256   0.233     9.3     9.5     9.4     9.0     8.0
94084 20240525  2.622 -102.17   48.97    17.3    -0.4     8.4     8.8     0.0    28.55 C    26.0    -1.6    11.0    94.4    30.0    63.3   0.263   0.257   0.229   0.256   0.231    10.5    10.1     9.5     8.7     7.8
94084 20240526  2.622 -102.17   48.97    16.9     1.7     9.3     9.6     7.2    10.94 C    23.4     0.6    10.4    93.7    62.0    84.1   0.274   0.265   0.232   0.254   0.232    10.7    10.6    10.2     8.8     7.7
94084 20240527  2.622 -102.17   48.97    20.4     5.2    12.8    12.7     0.0    21.30 C    27.3     4.2    13.3    95.8    27.6    65.7   0.274   0.269   0.238   0.256   0.232    12.1    11.6    10.8     8.9     7.8
94084 20240528  2.622 -102.17   48.97    19.0     1.7    10.3    11.4     0.0    29.02 C    29.1     0.7    14.5    95.7    34.1    66.0   0.258   0.253   0.232   0.257   0.231    12.6    12.1    11.4     9.3     8.0
94084 20240529  2.622 -102.17   48.97    25.2     7.6    16.4    17.1     1.1    26.58 C    30.6     7.2    18.3    91.2    35.9    62.1   0.243   0.239   0.225   0.257   0.231    13.7    13.2    12.3     9.7     8.2
94084 20240530  2.622 -102.17   48.97    19.4     8.6    14.0    14.1     3.2    20.60 C    24.6     8.0    14.7    94.1    30.3    68.2   0.245   0.236   0.220   0.258   0.232    14.3    13.8    13.1    10.1     8.4
94084 20240531  2.622 -102.17   48.97    20.8     8.0    14.4    13.2     0.7    22.27 C    27.5     7.5    13.9    83.5    27.3    57.0   0.237   0.231   0.217   0.256   0.233    13.2    12.9    12.5    10.4     8.7
94084 20240601  2.622 -102.17   48.97    22.5     5.4    14.0    14.4     0.0    27.70 C    28.1     4.9    15.2    83.6    21.5    49.2   0.226   0.221   0.211   0.256   0.232    13.5    13.1    12.4    10.4     8.9
94084 20240602  2.622 -102.17   48.97    22.5    10.0    16.3    15.9     0.0    16.68 C    30.9     7.9    16.6    83.9    39.3    57.7   0.216   0.213   0.206   0.255   0.232    13.7    13.3    12.7    10.5     9.0
94084 20240603  2.622 -102.17   48.97    24.0     6.8    15.4    16.9    15.7    15.57 C    31.3     5.1    17.4    93.8    39.7    70.6   0.221   0.213   0.202   0.255   0.232    14.3    13.9    13.1    10.7     9.1
94084 20240604  2.622 -102.17   48.97    20.8    11.6    16.2    15.5     0.6    22.80 C    22.2    10.8    15.7    93.0    44.9    63.7   0.288   0.275   0.221   0.255   0.232    14.7    14.2    13.6    11.0     9.2
94084 20240605  2.622 -102.17   48.97    19.2    11.1    15.2    15.1     0.0    20.22 C    22.1    10.1    15.0    63.8    37.7    51.1   0.261   0.253   0.223   0.254   0.231    13.9    13.7    13.3    11.2     9.4
94084 20240606  2.622 -102.17   48.97    22.1     7.9    15.0    15.1     0.0    29.21 C    24.9     5.2    15.3    77.1    21.2    47.9   0.243   0.237   0.217   0.253   0.231    14.0    13.7    13.0    11.2     9.6
94084 20240607  2.622 -102.17   48.97    22.0     6.6    14.3    13.6     0.0    14.70 C    25.0     4.7    13.1    70.8    23.2    50.3   0.228   0.224   0.210   0.253   0.231    13.2    13.2    12.9    11.2     9.6
94084 20240608  2.622 -102.17   48.97    22.3     5.0    13.6    14.4     0.0    28.34 C    28.3     3.9    15.7    78.0    21.8    49.6   0.215   0.214   0.204   0.251   0.231    14.2    13.7    13.0    11.1     9.7
94084 20240609  2.622 -102.17   48.97    19.9     3.0    11.5    12.4     0.0    28.67 C    30.1     1.8    15.5    89.5    30.7    58.9   0.201   0.204   0.198   0.252   0.231    14.8    14.4    13.6    11.3     9.7
94084 20240610  2.622 -102.17   48.97    16.5     7.6    12.0    12.4     8.6     4.84 C    17.5     6.8    12.3    92.2    62.8    80.3   0.214   0.202   0.194   0.251   0.231    13.4    13.6    13.4    11.5     9.8
94084 20240611  2.622 -102.17   48.97    25.9     9.8    17.8    17.4     0.0    28.50 C    28.2     9.4    17.9    89.9    37.8    67.1   0.238   0.216   0.195   0.250   0.231    15.2    14.5    13.5    11.4     9.9
94084 20240612  2.622 -102.17   48.97    26.5     9.1    17.8    18.5     3.0    28.70 C    29.5     8.2    18.4    89.3    25.7    58.5   0.229   0.211   0.194   0.250   0.231    16.9    16.2    15.0    11.8    10.0
94084 20240613  2.622 -102.17   48.97    21.7     8.8    15.2    15.2     0.0    23.76 C    25.3     8.3    15.7    85.8    43.6    64.4   0.211   0.203   0.190   0.249   0.231    16.1    15.8    15.0    12.3    10.3
94084 20240614  2.622 -102.17   48.97    25.0     6.7    15.8    16.5     0.2    20.91 C    34.7     5.2    17.9    90.2    32.8    66.1   0.196   0.195   0.185   0.249   0.229    16.0    15.6    14.9    12.4    10.4
94084 20240615  2.622 -102.17   48.97    25.5    11.8    18.7    19.0    13.7    16.61 C    32.4    11.5    20.0    95.4    46.2    78.5   0.190   0.190   0.181   0.248   0.228    16.6    16.0    15.2    12.6    10.6
94084 20240616  2.622 -102.17   48.97    19.0     8.6    13.8    14.2     0.3    24.11 C    20.7     8.0    14.4    91.2    39.3    63.0   0.266   0.242   0.185   0.247   0.227    15.8    15.6    15.2    12.7    10.8
94084 20240617  2.622 -102.17   48.97    15.7     3.8     9.8    10.3    18.9     9.60 C    22.3     3.5    10.9    94.8    50.1    81.0   0.263   0.246   0.194   0.247   0.227    13.8    14.0    14.0    12.6    10.9
94084 20240618  2.622 -102.17   48.97    12.7     6.6     9.7    10.3     6.2     5.99 C    14.0     6.1    10.3    93.7    57.2    82.7   0.315   0.308   0.263   0.248   0.228    12.9    13.0    13.0    12.3    10.8
94084 20240619  2.622 -102.17   48.97    19.4     3.9    11.6    12.6     0.0    26.52 C    24.7     3.2    13.9    90.0    41.1    68.2   0.289   0.283   0.255   0.254   0.230    13.6    13.3    12.9    12.0    10.7
94084 20240620  2.622 -102.17   48.97    23.8     7.2    15.5    16.7     0.0    27.11 C    31.5     6.3    18.4    93.3    46.7    72.3   0.270   0.262   0.242   0.258   0.230    15.6    15.0    14.1    12.1    10.6
94084 20240621  2.622 -102.17   48.97    18.8    10.0    14.4    15.5    11.3     7.90 C    22.6     9.2    15.3    96.1    73.0    86.4   0.281   0.268   0.241   0.259   0.228    15.4    15.2    14.8    12.5    10.7
94084 20240622  2.622 -102.17   48.97    24.2    12.5    18.4    17.5     0.8    19.88 C    28.0    10.7    18.1    95.1    51.3    80.7   0.298   0.289   0.256   0.263   0.229    16.4    15.8    15.0    12.7    10.9
94084 20240623  2.622 -102.17   48.97    25.7    10.5    18.1    19.0     0.0    28.63 C    31.2     9.3    20.4    95.4    44.9    71.6   0.275   0.266   0.244   0.267   0.229    17.6    16.9    15.9    13.0    11.1
94084 20240624  2.622 -102.17   48.97    25.7    13.8    19.7    20.4    10.1    29.35 C    28.1    12.5    20.3    94.3    42.2    66.8   0.320   0.309   0.288   0.298   0.237    17.0    16.7    16.0    13.5    11.3
94084 20240625  2.622 -102.17   48.97    24.4    11.1    17.7    17.7     0.0    27.19 C    26.6    10.6    17.7    88.4    33.7    64.4   0.280   0.272   0.256   0.295   0.248    18.0    17.5    16.7    13.8    11.6
94084 20240626  2.622 -102.17   48.97    20.4     9.9    15.2    15.4     0.0    21.08 C    28.7     8.7    16.9    94.2    53.5    76.6   0.264   0.254   0.242   0.288   0.246    17.5    17.2    16.6    14.0    11.9
94084 20240627  2.622 -102.17   48.97    20.5    12.4    16.5    15.5     2.2     8.12 C    23.7    12.1    15.6    94.4    62.3    85.3   0.257   0.244   0.235   0.283   0.244    16.5    16.4    16.2    14.1    12.0
94084 20240628  2.622 -102.17   48.97    21.6     9.8    15.7    15.5     3.7    20.01 C    26.8     9.9    16.4    95.3    51.5    81.8   0.268   0.248   0.234   0.279   0.245    17.3    16.8    16.1    14.0    12.1
94084 20240629  2.622 -102.17   48.97    17.5     7.5    12.5    12.6     0.0    26.68 C    24.8     7.5    14.7    92.4    40.9    67.8   0.269   0.252   0.235   0.277   0.242    17.0    16.6    16.1    14.1    12.1
94084 20240630  2.622 -102.17   48.97    21.5     6.2    13.8    15.4     0.0    23.27 C    26.4     5.1    16.3    90.6    50.5    67.8   0.253   0.240   0.229   0.275   0.242    16.8    16.5    16.0    14.1    12.2
94084 20240701  2.622 -102.17   48.97    25.0    14.4    19.7    18.7     1.3    14.48 C    29.5    13.2    19.0    91.9    66.4    79.4   0.243   0.231   0.223   0.274   0.241    17.9    17.3    16.6    14.2    12.3
94084 20240702  2.622 -102.17   48.97 -9999.0 -9999.0 -9999.0 -9999.0 -9999.0 -9999.00 U -9999.0 -9999.0 -9999.0 -9999.0 -9999.0 -9999.0 -99.000 -99.000 -99.000 -99.000 -99.000 -9999.0 -9999.0 -9999.0 -9999.0 -9999.0
