23907 20240101  2.623  -98.08   30.62    14.1     2.5     8.3     6.9     0.0    12.72 C    17.4     3.4     8.7    87.0    49.9    69.0   0.296   0.353 -99.000 -99.000 -99.000    10.4    11.3 -9999.0 -9999.0 -9999.0
23907 20240102  2.623  -98.08   30.62     9.4     1.7     5.5     5.4    28.5     2.42 C    12.5     2.4     6.8    94.5    66.6    81.9   0.370   0.396 -99.000 -99.000 -99.000     9.5    10.3 -9999.0 -9999.0 -9999.0
23907 20240103  2.623  -98.08   30.62     8.6     4.9     6.7     6.5     0.0     2.77 C    10.7     5.7     7.7    95.7    82.2    90.5   0.422   0.449 -99.000 -99.000 -99.000     9.9    10.4 -9999.0 -9999.0 -9999.0
23907 20240104  2.623  -98.08   30.62    10.8     5.9     8.3     8.2     1.7     3.14 C    12.5     6.3     9.3    94.7    72.7    87.1   0.371   0.426 -99.000 -99.000 -99.000    10.5    10.9 -9999.0 -9999.0 -9999.0
23907 20240105  2.623  -98.08   30.62    15.8     5.9    10.8    10.6     2.8    13.15 C    19.7     6.2    11.2    96.5    35.7    69.8   0.410   0.453 -99.000 -99.000 -99.000    10.9    11.4 -9999.0 -9999.0 -9999.0
23907 20240106  2.623  -98.08   30.62    15.7     3.1     9.4     8.8     0.0    13.52 C    20.1     2.3     9.4    84.3    41.6    62.8   0.362   0.425 -99.000 -99.000 -99.000     9.9    10.6 -9999.0 -9999.0 -9999.0
23907 20240107  2.623  -98.08   30.62    16.1     3.0     9.5    10.2     0.0    13.22 C    19.6     2.2     9.8    85.4    36.3    61.9   0.343   0.409 -99.000 -99.000 -99.000     9.5    10.3 -9999.0 -9999.0 -9999.0
23907 20240108  2.623  -98.08   30.62    16.9     5.2    11.1    11.9     3.2     4.40 C    16.6     4.7    11.8    95.4    16.7    64.3   0.354   0.415 -99.000 -99.000 -99.000    11.3    11.8 -9999.0 -9999.0 -9999.0
23907 20240109  2.623  -98.08   30.62    11.8     3.0     7.4     6.3     0.0    14.54 C    16.1     1.8     6.5    48.0    22.0    37.1   0.343   0.412 -99.000 -99.000 -99.000     8.6     9.7 -9999.0 -9999.0 -9999.0
23907 20240110  2.623  -98.08   30.62    19.6     2.4    11.0    10.8     0.0    14.12 C    21.3     1.7     9.4    48.1    17.9    33.3   0.331   0.397 -99.000 -99.000 -99.000     8.8     9.6 -9999.0 -9999.0 -9999.0
23907 20240111  2.623  -98.08   30.62    22.8     6.6    14.7    15.1     0.0    13.87 C    24.4     4.1    13.6    88.6    32.8    58.0   0.326   0.389 -99.000 -99.000 -99.000    10.6    10.9 -9999.0 -9999.0 -9999.0
23907 20240112  2.623  -98.08   30.62    17.9     1.6     9.8     8.4     0.0    14.24 C    16.8     2.6     9.2    84.7    20.8    36.9   0.319   0.382 -99.000 -99.000 -99.000    10.1    11.0 -9999.0 -9999.0 -9999.0
23907 20240113  2.623  -98.08   30.62    15.7    -2.4     6.6     7.1     0.0     8.24 C    17.3    -0.4     6.8    60.8    30.6    44.2   0.308   0.372 -99.000 -99.000 -99.000     8.7     9.7 -9999.0 -9999.0 -9999.0
23907 20240114  2.623  -98.08   30.62    -2.4   -10.1    -6.3    -6.6     0.0     3.99 C     1.7    -5.8    -2.1    89.1    57.0    71.5   0.297   0.363 -99.000 -99.000 -99.000     5.7     7.4 -9999.0 -9999.0 -9999.0
23907 20240115  2.623  -98.08   30.62    -5.6   -10.4    -8.0    -8.4     0.0     3.46 C    -2.1    -6.7    -5.1    89.6    48.5    83.9   0.289   0.357 -99.000 -99.000 -99.000     3.6     5.1 -9999.0 -9999.0 -9999.0
23907 20240116  2.623  -98.08   30.62    -0.8   -10.1    -5.4    -6.2     0.0    14.25 C     4.9    -8.2    -3.6    55.5    29.0    43.0   0.281   0.352 -99.000 -99.000 -99.000     2.6     3.9 -9999.0 -9999.0 -9999.0
23907 20240117  2.623  -98.08   30.62     7.8    -8.5    -0.4    -0.7     0.0    14.36 C    11.7    -6.8     0.5    61.8    18.8    36.3   0.280   0.349 -99.000 -99.000 -99.000     3.1     4.0 -9999.0 -9999.0 -9999.0
23907 20240118  2.623  -98.08   30.62    23.2     2.0    12.6    11.6     0.0    13.94 C    24.7     0.0    10.0    60.8    16.8    37.2   0.286   0.350 -99.000 -99.000 -99.000     6.4     6.7 -9999.0 -9999.0 -9999.0
23907 20240119  2.623  -98.08   30.62    10.3    -3.0     3.6     2.4     0.0    13.86 C    12.4    -2.0     4.4    63.2    25.6    41.9   0.284   0.349 -99.000 -99.000 -99.000     6.2     7.1 -9999.0 -9999.0 -9999.0
23907 20240120  2.623  -98.08   30.62     5.4    -6.2    -0.4    -0.6     0.0    12.38 C    13.1    -4.8     2.5    54.9    21.4    37.6   0.277   0.345 -99.000 -99.000 -99.000     4.9     5.8 -9999.0 -9999.0 -9999.0
23907 20240121  2.623  -98.08   30.62     3.6     0.8     2.2     2.0     0.9     1.95 C     6.5     2.1     3.9    96.0    37.5    66.5   0.277   0.343 -99.000 -99.000 -99.000     5.9     6.5 -9999.0 -9999.0 -9999.0
23907 20240122  2.623  -98.08   30.62    12.3     2.1     7.2     8.7    30.8     2.73 C    13.6     3.0     9.0    97.0    92.7    95.6   0.463   0.460 -99.000 -99.000 -99.000     7.6     7.8 -9999.0 -9999.0 -9999.0
23907 20240123  2.623  -98.08   30.62    14.6    10.2    12.4    12.1     1.9     2.08 C    15.2    10.4    12.4    96.4    95.1    95.9   0.421   0.453 -99.000 -99.000 -99.000    10.0    10.0 -9999.0 -9999.0 -9999.0
23907 20240124  2.623  -98.08   30.62    11.6    10.0    10.8    10.7     8.1     1.64 C    13.3    10.4    11.3    96.3    95.4    95.9   0.417   0.454 -99.000 -99.000 -99.000    10.6    10.8 -9999.0 -9999.0 -9999.0
23907 20240125  2.623  -98.08   30.62    17.7     8.3    13.0    11.4     0.4    10.74 C    24.0     8.4    13.0    96.0    65.9    88.3   0.438   0.465 -99.000 -99.000 -99.000    11.1    11.3 -9999.0 -9999.0 -9999.0
23907 20240126  2.623  -98.08   30.62    13.2     8.0    10.6    10.1     0.0     4.65 C    16.0     8.1    11.7    96.3    87.0    94.4   0.386   0.439 -99.000 -99.000 -99.000    11.4    11.6 -9999.0 -9999.0 -9999.0
23907 20240127  2.623  -98.08   30.62    16.3     7.4    11.8    10.4     0.0    12.13 C    19.5     6.9    11.2    95.6    40.4    71.0   0.365   0.424 -99.000 -99.000 -99.000    10.8    11.3 -9999.0 -9999.0 -9999.0
23907 20240128  2.623  -98.08   30.62 -9999.0 -9999.0 -9999.0 -9999.0     0.0 -9999.00 U -9999.0 -9999.0 -9999.0 -9999.0 -9999.0 -9999.0 -99.000 -99.000 -99.000 -99.000 -99.000 -9999.0 -9999.0 -9999.0 -9999.0 -9999.0
23907 20240129  2.623  -98.08   30.62    21.1     7.6    14.4    13.7     0.0    15.59 C    26.0     4.7    12.8    63.9    23.8    44.6   0.336   0.402 -99.000 -99.000 -99.000    10.3    10.9 -9999.0 -9999.0 -9999.0
23907 20240130  2.623  -98.08   30.62    22.1    10.3    16.2    15.4     0.0    15.78 C    27.7     7.5    14.3    53.6    23.0    39.2   0.331   0.395 -99.000 -99.000 -99.000    11.1    11.6 -9999.0 -9999.0 -9999.0
23907 20240131  2.623  -98.08   30.62    23.5    10.0    16.8    15.7     0.0    15.49 C    28.8     6.9    14.6    53.1    23.7    41.1   0.325   0.389 -99.000 -99.000 -99.000    11.4    12.0 -9999.0 -9999.0 -9999.0
23907 20240201  2.623  -98.08   30.62    21.5     9.5    15.5    15.1     0.0    10.49 C    25.7     8.9    15.0    86.8    51.6    63.8   0.322   0.385 -99.000 -99.000 -99.000    12.5    13.0 -9999.0 -9999.0 -9999.0
23907 20240202  2.623  -98.08   30.62    17.0    14.3    15.7    15.9     3.5     2.11 C    18.4    13.9    15.9    94.6    84.3    91.4   0.331   0.387 -99.000 -99.000 -99.000    14.1    14.3 -9999.0 -9999.0 -9999.0
23907 20240203  2.623  -98.08   30.62    20.4    11.8    16.1    14.8     0.6    12.26 C    25.3     9.6    15.1    96.0    19.4    60.1   0.348   0.397 -99.000 -99.000 -99.000    13.6    14.2 -9999.0 -9999.0 -9999.0
23907 20240204  2.623  -98.08   30.62    18.4    10.9    14.6    13.7     0.0    14.55 C    22.5     8.1    13.0    64.6    32.0    42.8   0.333   0.391 -99.000 -99.000 -99.000    12.1    12.9 -9999.0 -9999.0 -9999.0
23907 20240205  2.623  -98.08   30.62    17.3     8.7    13.0    11.9     0.0    10.96 C    22.0     7.7    12.5    77.2    44.4    63.1   0.325   0.384 -99.000 -99.000 -99.000    12.1    12.8 -9999.0 -9999.0 -9999.0
23907 20240206  2.623  -98.08   30.62    20.0     7.3    13.6    13.0     0.0    17.22 C    27.3     5.8    14.0    77.0    19.6    51.6   0.320   0.378 -99.000 -99.000 -99.000    12.2    12.9 -9999.0 -9999.0 -9999.0
23907 20240207  2.623  -98.08   30.62    19.2     8.1    13.6    13.8     0.0    11.25 C    24.3     7.4    14.0    80.2    52.2    64.8   0.315   0.374 -99.000 -99.000 -99.000    12.6    13.2 -9999.0 -9999.0 -9999.0
23907 20240208  2.623  -98.08   30.62    20.4    13.8    17.1    16.6     0.0     6.75 C    22.5    13.2    16.6    90.8    27.0    61.1   0.317   0.371 -99.000 -99.000 -99.000    14.3    14.6 -9999.0 -9999.0 -9999.0
23907 20240209  2.623  -98.08   30.62    22.6    14.7    18.6    17.8     0.0     4.57 C    25.9    13.6    17.6    88.8    42.9    75.6   0.316   0.368 -99.000 -99.000 -99.000    14.9    15.2 -9999.0 -9999.0 -9999.0
23907 20240210  2.623  -98.08   30.62    17.5    12.7    15.1    14.7    31.0     2.61 C    18.1    13.4    15.4    95.1    87.6    92.6   0.458   0.463 -99.000 -99.000 -99.000    14.9    15.3 -9999.0 -9999.0 -9999.0
23907 20240211  2.623  -98.08   30.62    13.2     4.3     8.7     9.8     6.0     3.48 C    14.7     6.4    11.5    95.9    73.0    88.2   0.475   0.476 -99.000 -99.000 -99.000    13.5    14.2 -9999.0 -9999.0 -9999.0
23907 20240212  2.623  -98.08   30.62    13.9     3.2     8.5     8.0     0.0    18.50 C    20.9     2.8     9.7    79.3    34.6    57.5   0.394   0.443 -99.000 -99.000 -99.000    11.2    12.1 -9999.0 -9999.0 -9999.0
23907 20240213  2.623  -98.08   30.62    19.5     4.7    12.1    11.3     0.0    18.63 C    25.2     2.7    11.6    69.8    25.7    50.2   0.366   0.426 -99.000 -99.000 -99.000    10.8    11.7 -9999.0 -9999.0 -9999.0
23907 20240214  2.623  -98.08   30.62    18.1     7.6    12.8    12.9     0.0    11.78 C    23.5     6.1    13.4    82.0    51.4    68.3   0.355   0.415 -99.000 -99.000 -99.000    12.3    12.8 -9999.0 -9999.0 -9999.0
23907 20240215  2.623  -98.08   30.62    20.6    13.5    17.0    16.4     0.0     9.62 C    24.1    12.6    17.2    91.6    58.2    77.9   0.352   0.409 -99.000 -99.000 -99.000    14.5    14.8 -9999.0 -9999.0 -9999.0
23907 20240216  2.623  -98.08   30.62    22.8     8.0    15.4    15.9     0.0     9.99 C    25.2     9.1    16.6    88.0    45.8    69.3   0.347   0.403 -99.000 -99.000 -99.000    15.0    15.4 -9999.0 -9999.0 -9999.0
23907 20240217  2.623  -98.08   30.62     8.0     1.0     4.5     3.9     0.0    11.39 C    14.9     1.8     7.0    70.5    44.8    58.2   0.330   0.391 -99.000 -99.000 -99.000    10.5    12.0 -9999.0 -9999.0 -9999.0
23907 20240218  2.623  -98.08   30.62    12.5    -1.9     5.3     4.8     0.0    19.47 C    22.3    -1.0     8.2    74.6    26.7    45.8   0.321   0.382 -99.000 -99.000 -99.000     9.5    10.7 -9999.0 -9999.0 -9999.0
23907 20240219  2.623  -98.08   30.62    20.9     3.3    12.1    11.4     0.0    19.18 C    26.7     2.7    12.3    61.7    32.7    47.7   0.318   0.378 -99.000 -99.000 -99.000    10.8    11.5 -9999.0 -9999.0 -9999.0
23907 20240220  2.623  -98.08   30.62    28.0    10.0    19.0    18.0     0.0    19.20 C    32.7     7.3    17.5    78.9    18.9    52.9   0.318   0.374 -99.000 -99.000 -99.000    13.2    13.6 -9999.0 -9999.0 -9999.0
23907 20240221  2.623  -98.08   30.62    25.7    14.2    20.0    18.9     0.0    18.59 C    32.8    12.9    20.2    93.1    41.0    71.8   0.318   0.372 -99.000 -99.000 -99.000    15.5    15.7 -9999.0 -9999.0 -9999.0
23907 20240222  2.623  -98.08   30.62    29.2    16.3    22.7    20.7     0.0    18.41 C    35.5    15.2    22.1    91.1     9.4    52.3   0.317   0.369 -99.000 -99.000 -99.000    16.7    17.0 -9999.0 -9999.0 -9999.0
23907 20240223  2.623  -98.08   30.62    23.0    11.2    17.1    16.9     0.0    19.61 C    32.4    10.3    18.7    56.3    20.4    36.8   0.309   0.363 -99.000 -99.000 -99.000    15.2    16.1 -9999.0 -9999.0 -9999.0
23907 20240224  2.623  -98.08   30.62    25.9     9.8    17.8    18.2     0.0    19.65 C    35.0     8.9    19.1    51.2    17.7    31.3   0.302   0.359 -99.000 -99.000 -99.000    15.1    15.9 -9999.0 -9999.0 -9999.0
23907 20240225  2.623  -98.08   30.62    30.9    13.2    22.1    20.8     0.0    19.30 C    37.3    12.0    21.6    87.4    16.8    49.8   0.299   0.356 -99.000 -99.000 -99.000    16.6    17.0 -9999.0 -9999.0 -9999.0
23907 20240226  2.623  -98.08   30.62    34.1    16.3    25.2    23.2     0.0    16.37 C    39.1    14.3    23.3    86.1    15.6    59.6   0.297   0.354 -99.000 -99.000 -99.000    18.0    18.3 -9999.0 -9999.0 -9999.0
23907 20240227  2.623  -98.08   30.62    28.6    17.9    23.3    21.6     0.0    10.46 C    35.8    18.3    23.2    93.5    48.0    77.2   0.295   0.352 -99.000 -99.000 -99.000    19.1    19.3 -9999.0 -9999.0 -9999.0
23907 20240228  2.623  -98.08   30.62    21.9     5.8    13.9    11.1     0.0     9.93 C    20.2     8.8    14.5    80.0    30.4    44.3   0.285   0.349 -99.000 -99.000 -99.000    15.6    16.9 -9999.0 -9999.0 -9999.0
23907 20240229  2.623  -98.08   30.62     8.0     3.7     5.8     5.9     0.0     1.88 C    11.9     6.5     9.4    83.0    37.9    58.6   0.275   0.344 -99.000 -99.000 -99.000    12.6    13.9 -9999.0 -9999.0 -9999.0
23907 20240301  2.623  -98.08   30.62    23.9     3.7    13.8    12.5     0.0    20.70 C    33.7     3.7    15.9    93.4    27.9    64.7   0.272   0.341 -99.000 -99.000 -99.000    13.9    14.6 -9999.0 -9999.0 -9999.0
23907 20240302  2.623  -98.08   30.62    28.5    10.6    19.6    18.7     0.0    20.23 C    37.1     8.6    20.1    89.0    19.4    61.4   0.272   0.340 -99.000 -99.000 -99.000    15.8    16.2 -9999.0 -9999.0 -9999.0
23907 20240303  2.623  -98.08   30.62    26.5    15.5    21.0    20.1     0.0    18.61 C    35.8    15.7    22.9    88.5    45.7    70.1   0.271   0.339 -99.000 -99.000 -99.000    17.9    18.0 -9999.0 -9999.0 -9999.0
23907 20240304  2.623  -98.08   30.62    28.3    17.5    22.9    22.1     0.0    15.23 C    39.1    16.6    24.1    91.8    41.4    68.1   0.268   0.338 -99.000 -99.000 -99.000    19.2    19.3 -9999.0 -9999.0 -9999.0
23907 20240305  2.623  -98.08   30.62    30.2    15.8    23.0    22.3     0.0    21.42 C    39.7    14.7    23.9    88.8    12.3    47.5   0.263   0.335 -99.000 -99.000 -99.000    19.1    19.5 -9999.0 -9999.0 -9999.0
23907 20240306  2.623  -98.08   30.62    28.4    13.5    20.9    20.6     0.0    18.38 C    38.5    13.7    23.3    88.9    32.6    60.0   0.257   0.331 -99.000 -99.000 -99.000    19.1    19.4 -9999.0 -9999.0 -9999.0
23907 20240307  2.623  -98.08   30.62    20.9    17.2    19.1    19.0     0.7     3.62 C    23.0    17.0    19.6    90.1    72.9    84.2   0.252   0.328 -99.000 -99.000 -99.000    18.9    19.4 -9999.0 -9999.0 -9999.0
23907 20240308  2.623  -98.08   30.62    26.4     7.7    17.1    17.7     1.0    18.77 C    34.2    10.0    20.3    94.1    18.4    68.6   0.251   0.326 -99.000 -99.000 -99.000    18.7    19.3 -9999.0 -9999.0 -9999.0
23907 20240309  2.623  -98.08   30.62    15.5     5.3    10.4     9.3     0.0    18.35 C    25.6     8.4    14.0    81.7    40.9    62.7   0.244   0.321 -99.000 -99.000 -99.000    15.4    16.5 -9999.0 -9999.0 -9999.0
23907 20240310  2.623  -98.08   30.62    19.9     6.2    13.0    12.5     0.0    20.66 C    32.0     6.1    16.8    64.2    24.7    43.5   0.240   0.317 -99.000 -99.000 -99.000    15.5    16.1 -9999.0 -9999.0 -9999.0
23907 20240311  2.623  -98.08   30.62    22.6    10.8    16.7    16.0     0.0    21.15 C    34.6    10.2    20.0    80.9    29.7    49.0   0.237   0.315 -99.000 -99.000 -99.000    16.8    17.2 -9999.0 -9999.0 -9999.0
23907 20240312  2.623  -98.08   30.62    25.7    13.6    19.7    18.6     0.0    13.04 C    33.7    13.8    21.1    89.4    45.8    72.7   0.233   0.312 -99.000 -99.000 -99.000    18.0    18.3 -9999.0 -9999.0 -9999.0
23907 20240313  2.623  -98.08   30.62    28.5    18.0    23.2    21.7     0.0    15.30 C    38.2    18.8    24.5    90.2    46.1    73.7   0.231   0.310 -99.000 -99.000 -99.000    19.8    19.7 -9999.0 -9999.0 -9999.0
23907 20240314  2.623  -98.08   30.62    26.5    20.0    23.2    21.9     0.0     6.39 C    31.6    19.9    23.1    92.3    58.9    78.7   0.227   0.307 -99.000 -99.000 -99.000    20.4    20.5 -9999.0 -9999.0 -9999.0
23907 20240315  2.623  -98.08   30.62    21.1    15.2    18.2    18.6     0.3     7.89 C    28.4    16.8    20.7    94.7    57.9    80.0   0.222   0.304 -99.000 -99.000 -99.000    19.5    19.9 -9999.0 -9999.0 -9999.0
23907 20240316  2.623  -98.08   30.62    19.8    14.3    17.0    16.0     0.4     3.24 C    23.4    15.7    17.7    95.4    80.8    91.1   0.218   0.301 -99.000 -99.000 -99.000    18.3    18.8 -9999.0 -9999.0 -9999.0
23907 20240317  2.623  -98.08   30.62    16.4    11.7    14.0    14.3     8.1     3.51 C    18.8    12.3    15.6    95.9    77.9    92.6   0.288   0.333 -99.000 -99.000 -99.000    17.4    18.1 -9999.0 -9999.0 -9999.0
23907 20240318  2.623  -98.08   30.62    18.5     8.9    13.7    12.5     0.0    18.12 C    28.3     9.4    15.3    78.0    31.1    53.0   0.312   0.359 -99.000 -99.000 -99.000    15.6    16.6 -9999.0 -9999.0 -9999.0
23907 20240319  2.623  -98.08   30.62    19.1     6.4    12.7    12.4     0.0    21.99 C    31.2     7.7    16.9    63.7    30.0    46.6   0.292   0.347 -99.000 -99.000 -99.000    15.4    16.2 -9999.0 -9999.0 -9999.0
23907 20240320  2.623  -98.08   30.62    18.4     8.3    13.3    13.8     0.0     9.13 C    23.3     9.5    16.2    86.4    60.5    68.8   0.282   0.340 -99.000 -99.000 -99.000    15.7    16.5 -9999.0 -9999.0 -9999.0
23907 20240321  2.623  -98.08   30.62    16.4    12.0    14.2    14.5     3.7     3.60 C    20.2    11.7    16.1    95.6    86.9    92.8   0.290   0.340 -99.000 -99.000 -99.000    16.5    17.1 -9999.0 -9999.0 -9999.0
23907 20240322  2.623  -98.08   30.62    24.2    11.9    18.0    16.7     0.0    22.43 C    32.7    11.7    19.4    96.1    33.8    73.1   0.316   0.356 -99.000 -99.000 -99.000    17.0    17.5 -9999.0 -9999.0 -9999.0
23907 20240323  2.623  -98.08   30.62    22.0    10.3    16.1    15.8     0.0    16.66 C    30.9    10.6    18.4    92.8    47.9    71.9   0.297   0.348 -99.000 -99.000 -99.000    16.7    17.3 -9999.0 -9999.0 -9999.0
23907 20240324  2.623  -98.08   30.62    21.4    13.8    17.6    17.2     0.0     5.85 C    23.5    14.1    18.0    86.4    58.4    74.2   0.289   0.341 -99.000 -99.000 -99.000    16.9    17.6 -9999.0 -9999.0 -9999.0
23907 20240325  2.623  -98.08   30.62    23.5    11.4    17.5    17.3    23.5    20.91 C    31.2    12.0    19.7    92.8    17.4    55.0   0.394   0.454 -99.000 -99.000 -99.000    16.8    17.3 -9999.0 -9999.0 -9999.0
23907 20240326  2.623  -98.08   30.62    18.9     4.1    11.5    11.3     0.0    24.41 C    30.5     6.1    16.4    73.7    31.8    48.9   0.353   0.432 -99.000 -99.000 -99.000    15.4    16.3 -9999.0 -9999.0 -9999.0
23907 20240327  2.623  -98.08   30.62    19.7     7.6    13.7    12.2     0.8    15.84 C    31.5     9.7    15.6    86.3    36.9    64.0   0.334   0.408 -99.000 -99.000 -99.000    15.3    16.1 -9999.0 -9999.0 -9999.0
23907 20240328  2.623  -98.08   30.62    25.8     9.5    17.6    17.0     0.0    24.48 C    34.6     8.2    19.2    86.1    23.4    56.5   0.324   0.390 -99.000 -99.000 -99.000    15.9    16.6 -9999.0 -9999.0 -9999.0
23907 20240329  2.623  -98.08   30.62    24.8    14.0    19.4    18.6     0.0    18.32 C    32.8    13.3    20.5    87.6    40.9    66.3   0.314   0.378 -99.000 -99.000 -99.000    17.2    17.9 -9999.0 -9999.0 -9999.0
23907 20240330  2.623  -98.08   30.62    22.4    17.1    19.8    19.4     0.0     8.00 C    26.7    17.5    20.9    85.4    65.9    77.0   0.307   0.367 -99.000 -99.000 -99.000    18.2    18.7 -9999.0 -9999.0 -9999.0
23907 20240331  2.623  -98.08   30.62    24.1    17.5    20.8    20.5     0.0     6.71 C    26.7    17.1    21.2    88.8    70.5    80.8   0.300   0.360 -99.000 -99.000 -99.000    18.8    19.3 -9999.0 -9999.0 -9999.0
23907 20240401  2.623  -98.08   30.62    27.2    17.4    22.3    22.3     0.8    11.73 C    30.9    16.4    23.1    91.1    47.1    74.9   0.294   0.353 -99.000 -99.000 -99.000    20.0    20.2 -9999.0 -9999.0 -9999.0
23907 20240402  2.623  -98.08   30.62    20.6    11.7    16.2    16.7     0.0    25.05 C    33.5    12.0    20.2    55.3    35.7    43.7   0.281   0.345 -99.000 -99.000 -99.000    18.2    19.0 -9999.0 -9999.0 -9999.0
23907 20240403  2.623  -98.08   30.62    26.6     8.9    17.7    17.2     0.0    25.41 C    36.5     8.9    20.3    61.6    14.6    36.4   0.266   0.333 -99.000 -99.000 -99.000    17.3    18.1 -9999.0 -9999.0 -9999.0
23907 20240404  2.623  -98.08   30.62    29.9    11.5    20.7    21.2     0.0    25.41 C    41.8    10.6    23.8    57.8    10.6    29.5   0.253   0.321 -99.000 -99.000 -99.000    17.9    18.6 -9999.0 -9999.0 -9999.0
23907 20240405  2.623  -98.08   30.62    29.6    14.9    22.3    22.0     0.0    25.59 C    40.2    12.7    24.4    52.8    11.7    29.7   0.239   0.307 -99.000 -99.000 -99.000    18.5    19.2 -9999.0 -9999.0 -9999.0
23907 20240406  2.623  -98.08   30.62    24.2    16.0    20.1    19.2     0.2     7.23 C    29.7    16.2    20.6    91.9    54.3    79.9   0.230   0.297 -99.000 -99.000 -99.000    19.0    19.6 -9999.0 -9999.0 -9999.0
23907 20240407  2.623  -98.08   30.62    27.7    13.9    20.8    20.6     0.0    22.38 C    40.8    13.7    24.1    93.2    11.8    37.2   0.227   0.289 -99.000 -99.000 -99.000    19.3    20.0 -9999.0 -9999.0 -9999.0
23907 20240408  2.623  -98.08   30.62    25.4    16.6    21.0    21.3     0.0     9.85 C    32.1    16.4    23.5    94.2    48.3    74.4   0.220   0.279 -99.000 -99.000 -99.000    19.9    20.3 -9999.0 -9999.0 -9999.0
23907 20240409  2.623  -98.08   30.62    24.9    16.5    20.7    20.6    42.9    12.32 C    33.0    17.6    22.9    94.6    71.5    89.1   0.384   0.394 -99.000 -99.000 -99.000    20.6    21.0 -9999.0 -9999.0 -9999.0
23907 20240410  2.623  -98.08   30.62    18.6    11.5    15.0    15.0     0.0    16.98 C    26.8    12.6    17.7    93.6    54.2    70.7   0.430   0.445 -99.000 -99.000 -99.000    18.3    19.2 -9999.0 -9999.0 -9999.0
23907 20240411  2.623  -98.08   30.62    26.1    12.4    19.2    18.9     0.0    26.18 C    35.7    11.0    21.3    69.1    22.0    41.9   0.365   0.411 -99.000 -99.000 -99.000    17.9    18.8 -9999.0 -9999.0 -9999.0
23907 20240412  2.623  -98.08   30.62    26.7    13.5    20.1    20.1     0.0    24.03 C    35.9    12.5    22.6    65.8    31.9    46.8   0.338   0.387 -99.000 -99.000 -99.000    18.5    19.5 -9999.0 -9999.0 -9999.0
23907 20240413  2.623  -98.08   30.62    26.4    15.0    20.7    20.3     0.0    20.27 C    36.8    14.9    22.8    94.1    38.7    66.4   0.323   0.370 -99.000 -99.000 -99.000    19.4    20.2 -9999.0 -9999.0 -9999.0
23907 20240414  2.623  -98.08   30.62    28.2    17.8    23.0    21.6     0.0    16.90 C    38.3    18.7    24.8    85.9    48.2    72.4   0.308   0.354 -99.000 -99.000 -99.000    20.3    21.0 -9999.0 -9999.0 -9999.0
23907 20240415  2.623  -98.08   30.62    27.1    19.4    23.3    22.4     0.0    12.41 C    35.2    20.3    25.1    91.8    60.6    78.6   0.295   0.343 -99.000 -99.000 -99.000    21.3    21.8 -9999.0 -9999.0 -9999.0
23907 20240416  2.623  -98.08   30.62    27.0    19.9    23.4    22.5     0.0    10.32 C    33.1    20.4    24.6    91.7    66.8    82.5   0.284   0.334 -99.000 -99.000 -99.000    21.7    22.2 -9999.0 -9999.0 -9999.0
23907 20240417  2.623  -98.08   30.62    27.8    20.9    24.4    23.1     0.0     9.98 C    34.7    21.7    25.5    94.8    63.6    83.6   0.275   0.327 -99.000 -99.000 -99.000    22.2    22.7 -9999.0 -9999.0 -9999.0
23907 20240418  2.623  -98.08   30.62    29.6    20.7    25.2    24.4     0.0    14.21 C    39.0    20.9    27.2    90.7    59.0    76.1   0.263   0.316 -99.000 -99.000 -99.000    22.7    23.1 -9999.0 -9999.0 -9999.0
23907 20240419  2.623  -98.08   30.62    22.8    15.7    19.3    18.8     0.0    12.72 C    32.7    19.4    23.4    89.4    60.6    71.7   0.248   0.303 -99.000 -99.000 -99.000    21.1    22.0 -9999.0 -9999.0 -9999.0
23907 20240420  2.623  -98.08   30.62    17.7    10.0    13.8    14.8    20.8     3.85 C    22.4    11.6    17.4    95.0    77.8    91.3   0.272   0.326 -99.000 -99.000 -99.000    19.0    20.1 -9999.0 -9999.0 -9999.0
23907 20240421  2.623  -98.08   30.62    19.3     8.5    13.9    12.9     0.4    21.84 C    29.9    10.1    17.0    94.2    45.7    70.2   0.380   0.436 -99.000 -99.000 -99.000    16.7    18.0 -9999.0 -9999.0 -9999.0
23907 20240422  2.623  -98.08   30.62    22.3     8.1    15.2    15.6     0.0    25.60 C    34.1     9.6    19.9    78.1    34.6    53.5   0.344   0.401 -99.000 -99.000 -99.000    17.5    18.6 -9999.0 -9999.0 -9999.0
23907 20240423  2.623  -98.08   30.62    23.6    12.6    18.1    18.1     0.0    11.11 C    27.1    13.4    20.1    87.1    61.5    76.7   0.325   0.382 -99.000 -99.000 -99.000    18.5    19.4 -9999.0 -9999.0 -9999.0
23907 20240424  2.623  -98.08   30.62    27.4    19.2    23.3    22.1     0.2    11.20 C    32.4    19.7    23.6    95.2    57.3    79.7   0.316   0.371 -99.000 -99.000 -99.000    20.4    20.9 -9999.0 -9999.0 -9999.0
23907 20240425  2.623  -98.08   30.62    26.4    19.3    22.8    22.2     0.0     8.92 C    30.5    20.0    23.6    94.6    65.3    80.6   0.304   0.358 -99.000 -99.000 -99.000    21.0    21.5 -9999.0 -9999.0 -9999.0
23907 20240426  2.623  -98.08   30.62    27.6    21.8    24.7    23.2     0.0     4.94 C    30.9    21.6    23.5    84.4    60.9    77.1   0.292   0.349 -99.000 -99.000 -99.000    21.3    21.7 -9999.0 -9999.0 -9999.0
23907 20240427  2.623  -98.08   30.62    27.9    22.0    25.0    23.9     0.0     9.02 C    33.1    21.4    25.1    86.4    58.8    76.6   0.279   0.339 -99.000 -99.000 -99.000    21.8    22.2 -9999.0 -9999.0 -9999.0
23907 20240428  2.623  -98.08   30.62    26.5    17.9    22.2    22.0    13.1    13.02 C    33.2    18.6    23.9    94.6    68.4    84.6   0.350   0.393 -99.000 -99.000 -99.000    21.8    22.3 -9999.0 -9999.0 -9999.0
23907 20240429  2.623  -98.08   30.62    30.4    19.7    25.0    24.2     0.0    23.29 C    41.3    19.5    27.8    95.4    36.9    71.4   0.358   0.403 -99.000 -99.000 -99.000    22.4    22.9 -9999.0 -9999.0 -9999.0
23907 20240430  2.623  -98.08   30.62    29.0    19.6    24.3    23.9     0.0    18.49 C    37.4    20.1    26.9    93.7    55.2    73.1   0.330   0.380 -99.000 -99.000 -99.000    22.8    23.4 -9999.0 -9999.0 -9999.0
23907 20240501  2.623  -98.08   30.62    23.4    20.0    21.7    21.7     1.0     2.23 C    26.0    20.0    22.6    94.0    78.0    89.7   0.315   0.366 -99.000 -99.000 -99.000    22.1    23.0 -9999.0 -9999.0 -9999.0
23907 20240502  2.623  -98.08   30.62    23.3    18.5    20.9    21.1     6.9     5.10 C    26.6    19.8    22.4    95.4    78.9    91.0   0.380   0.419 -99.000 -99.000 -99.000    21.9    22.4 -9999.0 -9999.0 -9999.0
23907 20240503  2.623  -98.08   30.62    22.6    20.3    21.4    21.3     0.9     3.48 C    25.4    20.9    22.2    95.7    87.6    93.2   0.368   0.406 -99.000 -99.000 -99.000    21.9    22.4 -9999.0 -9999.0 -9999.0
23907 20240504  2.623  -98.08   30.62    23.0    20.3    21.7    21.4     0.8     2.67 C    24.3    20.1    21.9    94.9    84.3    91.3   0.362   0.397 -99.000 -99.000 -99.000    21.7    22.1 -9999.0 -9999.0 -9999.0
23907 20240505  2.623  -98.08   30.62    25.6    16.6    21.1    20.7    32.6    13.58 C    32.6    16.6    23.0    94.5    61.6    84.8   0.490   0.482 -99.000 -99.000 -99.000    21.3    21.7 -9999.0 -9999.0 -9999.0
23907 20240506  2.623  -98.08   30.62    28.9    21.2    25.0    24.2     0.0    11.46 C    33.9    21.3    25.4    93.6    62.4    81.0   0.404   0.442 -99.000 -99.000 -99.000    22.5    22.8 -9999.0 -9999.0 -9999.0
23907 20240507  2.623  -98.08   30.62    31.3    21.3    26.3    25.8     0.0    21.99 C    43.0    20.7    29.0    92.2    52.9    74.9   0.373   0.416 -99.000 -99.000 -99.000    23.6    24.0 -9999.0 -9999.0 -9999.0
23907 20240508  2.623  -98.08   30.62    31.8    22.6    27.2    25.8     0.3    15.35 C    40.2    23.7    28.5    94.3    59.7    81.3   0.352   0.392 -99.000 -99.000 -99.000    24.3    24.8 -9999.0 -9999.0 -9999.0
23907 20240509  2.623  -98.08   30.62    32.8    20.2    26.5    25.8     1.7    22.78 C    45.6    22.7    30.7    95.1    52.0    79.0   0.329   0.372 -99.000 -99.000 -99.000    25.0    25.7 -9999.0 -9999.0 -9999.0
23907 20240510  2.623  -98.08   30.62    28.0    17.4    22.7    21.6     0.0    21.05 C    38.1    19.0    25.8    91.6    36.0    63.3   0.304   0.350 -99.000 -99.000 -99.000    23.0    24.2 -9999.0 -9999.0 -9999.0
23907 20240511  2.623  -98.08   30.62    26.1    17.7    21.9    20.9     0.0    13.60 C    34.1    19.2    24.3    81.0    45.9    63.3   0.279   0.332 -99.000 -99.000 -99.000    22.1    23.2 -9999.0 -9999.0 -9999.0
23907 20240512  2.623  -98.08   30.62    21.2    17.6    19.4    18.8     3.4     3.81 C    25.5    19.0    20.9    95.7    81.1    93.2   0.290   0.327 -99.000 -99.000 -99.000    21.6    22.5 -9999.0 -9999.0 -9999.0
23907 20240513  2.623  -98.08   30.62    26.4    17.9    22.1    21.0     0.7     8.20 C    30.5    18.8    22.2    96.0    55.7    83.7   0.299   0.334 -99.000 -99.000 -99.000    21.8    22.5 -9999.0 -9999.0 -9999.0
23907 20240514  2.623  -98.08   30.62    31.0    17.9    24.4    24.3     0.0    27.69 C    42.1    16.6    27.6    65.6    26.0    46.6   0.279   0.322 -99.000 -99.000 -99.000    22.2    23.2 -9999.0 -9999.0 -9999.0
23907 20240515  2.623  -98.08   30.62    32.8    20.0    26.4    25.8     0.0    22.58 C    42.9    19.4    28.5    70.3    22.6    47.4   0.248   0.297 -99.000 -99.000 -99.000    22.8    23.8 -9999.0 -9999.0 -9999.0
23907 20240516  2.623  -98.08   30.62    24.0    16.5    20.2    19.7    60.5     2.04 C    25.8    17.0    21.2    94.2    71.3    89.1   0.363   0.364 -99.000 -99.000 -99.000    21.5    22.4 -9999.0 -9999.0 -9999.0
23907 20240517  2.623  -98.08   30.62    27.5    14.7    21.1    20.8     0.0    21.91 C    37.4    15.2    24.5    95.8    50.0    77.0   0.435   0.442 -99.000 -99.000 -99.000    21.4    22.2 -9999.0 -9999.0 -9999.0
23907 20240518  2.623  -98.08   30.62    33.7    19.9    26.8    26.0     0.0    27.09 C    43.6    21.0    30.3    93.3    27.8    65.3   0.376   0.405 -99.000 -99.000 -99.000    23.5    24.4 -9999.0 -9999.0 -9999.0
23907 20240519  2.623  -98.08   30.62    31.8    20.6    26.2    25.9     0.0    26.45 C    43.7    21.6    30.6    94.0    45.2    66.9   0.340   0.372 -99.000 -99.000 -99.000    24.5    25.4 -9999.0 -9999.0 -9999.0
23907 20240520  2.623  -98.08   30.62    32.4    19.8    26.1    26.2     0.0    24.61 C    45.3    20.6    30.7    88.9    43.5    64.8   0.300   0.341 -99.000 -99.000 -99.000    24.8    25.9 -9999.0 -9999.0 -9999.0
23907 20240521  2.623  -98.08   30.62    33.0    22.9    28.0    27.3     0.0    17.59 C    42.3    24.1    30.9    86.6    48.4    69.8   0.265   0.313 -99.000 -99.000 -99.000    25.4    26.3 -9999.0 -9999.0 -9999.0
23907 20240522  2.623  -98.08   30.62    31.4    20.7    26.1    25.8     0.0    12.95 C    39.4    23.7    29.3    89.8    53.9    76.7   0.241   0.290 -99.000 -99.000 -99.000    25.5    26.4 -9999.0 -9999.0 -9999.0
23907 20240523  2.623  -98.08   30.62    30.6    23.0    26.8    26.0     4.5     8.86 C    35.4    23.9    27.5    91.1    58.4    78.0   0.269   0.281 -99.000 -99.000 -99.000    25.0    25.9 -9999.0 -9999.0 -9999.0
23907 20240524  2.623  -98.08   30.62    30.8    23.2    27.0    26.8     0.0    10.13 C    36.2    23.0    28.1    87.8    64.4    77.5   0.265   0.279 -99.000 -99.000 -99.000    25.2    25.9 -9999.0 -9999.0 -9999.0
23907 20240525  2.623  -98.08   30.62    34.7    23.9    29.3    28.5     0.0    22.41 C    43.8    24.4    31.7    91.0    44.7    68.1   0.245   0.267 -99.000 -99.000 -99.000    26.3    26.9 -9999.0 -9999.0 -9999.0
23907 20240526  2.623  -98.08   30.62    33.9    22.8    28.3    27.4     0.0    17.94 C    43.6    23.7    30.8    90.0    39.4    70.9   0.225   0.252 -99.000 -99.000 -99.000    26.1    26.9 -9999.0 -9999.0 -9999.0
23907 20240527  2.623  -98.08   30.62    37.2    24.3    30.8    28.7     1.9    21.48 C    50.2    24.7    33.0    94.9    25.0    71.8   0.212   0.239 -99.000 -99.000 -99.000    27.0    27.8 -9999.0 -9999.0 -9999.0
23907 20240528  2.623  -98.08   30.62    29.0    20.0    24.5    25.5     2.1    21.88 C    39.3    22.0    29.6    94.0    41.1    69.9   0.204   0.230 -99.000 -99.000 -99.000    26.0    27.1 -9999.0 -9999.0 -9999.0
23907 20240529  2.623  -98.08   30.62    31.2    19.2    25.2    25.1     0.0    22.94 C    44.8    20.7    29.8    91.6    47.1    68.9   0.206   0.224 -99.000 -99.000 -99.000    25.4    26.6 -9999.0 -9999.0 -9999.0
23907 20240530  2.623  -98.08   30.62    31.8    22.3    27.0    26.1     0.0    14.38 C    38.2    24.2    29.5    92.0    52.1    74.5   0.199   0.218 -99.000 -99.000 -99.000    25.9    26.9 -9999.0 -9999.0 -9999.0
23907 20240531  2.623  -98.08   30.62    31.7    15.7    23.7    22.6    51.7    18.68 C    42.0    17.6    26.7    94.9    45.9    79.8   0.430   0.416 -99.000 -99.000 -99.000    23.8    24.7 -9999.0 -9999.0 -9999.0
23907 20240601  2.623  -98.08   30.62    31.4    20.7    26.1    26.0     0.0    19.83 C    42.2    22.1    30.0    93.6    54.4    74.8   0.380   0.403 -99.000 -99.000 -99.000    25.3    26.1 -9999.0 -9999.0 -9999.0
23907 20240602  2.623  -98.08   30.62    32.3    24.0    28.1    27.4     0.0    15.89 C    40.4    25.0    30.5    89.5    54.1    73.7   0.350   0.373 -99.000 -99.000 -99.000    26.2    27.1 -9999.0 -9999.0 -9999.0
23907 20240603  2.623  -98.08   30.62    33.0    24.5    28.8    27.9     0.0    17.31 C    41.2    25.3    30.9    87.7    52.3    72.7   0.320   0.344 -99.000 -99.000 -99.000    26.6    27.4 -9999.0 -9999.0 -9999.0
23907 20240604  2.623  -98.08   30.62    35.5    24.8    30.2    29.3     0.0    22.90 C    45.5    25.9    33.3    90.9    46.5    70.9   0.288   0.313 -99.000 -99.000 -99.000    27.3    28.1 -9999.0 -9999.0 -9999.0
23907 20240605  2.623  -98.08   30.62    32.2    19.8    26.0    26.8     0.0    21.69 C    45.7    23.1    32.4    91.1    47.0    70.6   0.259   0.281 -99.000 -99.000 -99.000    27.4    28.3 -9999.0 -9999.0 -9999.0
23907 20240606  2.623  -98.08   30.62    35.5    20.7    28.1    28.1     0.0    27.48 C    50.0    21.5    34.0    86.9    35.8    60.3   0.236   0.253 -99.000 -99.000 -99.000    27.4    28.3 -9999.0 -9999.0 -9999.0
23907 20240607  2.623  -98.08   30.62    35.0    22.3    28.7    28.5     0.0    27.36 C    50.0    22.8    34.4    85.3    36.1    58.9   0.216   0.233 -99.000 -99.000 -99.000    27.7    28.6 -9999.0 -9999.0 -9999.0
23907 20240608  2.623  -98.08   30.62    34.1    22.2    28.1    28.1     0.0    27.38 C    48.6    23.8    34.2    82.3    38.8    60.0   0.199   0.219 -99.000 -99.000 -99.000    28.1    29.1 -9999.0 -9999.0 -9999.0
23907 20240609  2.623  -98.08   30.62    34.5    21.9    28.2    27.8     0.0    26.12 C    50.3    23.5    34.5    92.3    38.6    63.4   0.195   0.210 -99.000 -99.000 -99.000    28.3    29.3 -9999.0 -9999.0 -9999.0
23907 20240610  2.623  -98.08   30.62    34.8    22.7    28.8    27.8     0.0    22.34 C    49.9    26.4    34.6    88.0    31.9    63.5   0.187   0.205 -99.000 -99.000 -99.000    28.5    29.5 -9999.0 -9999.0 -9999.0
23907 20240611  2.623  -98.08   30.62    32.5    20.7    26.6    23.8     3.1    12.50 C    45.3    23.6    28.3    93.5    49.2    81.2   0.197   0.202 -99.000 -99.000 -99.000    26.8    28.1 -9999.0 -9999.0 -9999.0
23907 20240612  2.623  -98.08   30.62    32.0    21.5    26.8    25.0     0.0    17.20 C    42.7    23.5    29.5    94.4    47.1    78.2   0.199   0.201 -99.000 -99.000 -99.000    26.5    27.6 -9999.0 -9999.0 -9999.0
23907 20240613  2.623  -98.08   30.62    34.8    22.7    28.8    27.9     0.0    22.68 C    48.6    23.9    32.8    91.7    40.1    66.6   0.193   0.200 -99.000 -99.000 -99.000    27.6    28.4 -9999.0 -9999.0 -9999.0
23907 20240614  2.623  -98.08   30.62    35.3    23.0    29.1    28.3     0.0    22.99 C    48.2    24.6    33.4    89.5    35.2    60.6   0.191   0.198 -99.000 -99.000 -99.000    28.0    28.8 -9999.0 -9999.0 -9999.0
23907 20240615  2.623  -98.08   30.62    34.3    23.2    28.8    28.4     0.0    25.94 C    49.4    24.8    34.4    88.3    32.6    60.6   0.183   0.196 -99.000 -99.000 -99.000    28.6    29.3 -9999.0 -9999.0 -9999.0
23907 20240616  2.623  -98.08   30.62    34.6    23.7    29.2    28.5     0.0    20.96 C    49.4    25.5    33.7    87.8    39.0    63.2   0.173   0.194 -99.000 -99.000 -99.000    28.7    29.5 -9999.0 -9999.0 -9999.0
23907 20240617  2.623  -98.08   30.62    34.7    24.0    29.3    28.4     0.0    24.15 C    49.0    26.1    34.3    85.9    41.7    65.8   0.188   0.192 -99.000 -99.000 -99.000    29.2    29.9 -9999.0 -9999.0 -9999.0
23907 20240618  2.623  -98.08   30.62    33.4    23.0    28.2    26.9     0.0    17.84 C    45.2    25.1    32.0    86.5    37.5    66.4   0.184   0.189 -99.000 -99.000 -99.000    28.4    29.3 -9999.0 -9999.0 -9999.0
23907 20240619  2.623  -98.08   30.62    27.7    20.7    24.2    23.2    20.7     7.85 C    34.2    22.4    26.1    94.0    66.3    84.1   0.202   0.212 -99.000 -99.000 -99.000    26.4    27.6 -9999.0 -9999.0 -9999.0
23907 20240620  2.623  -98.08   30.62    30.9    22.0    26.5    25.5     7.9    18.81 C    39.2    22.7    28.4    94.3    55.6    80.9   0.324   0.374 -99.000 -99.000 -99.000    26.1    26.9 -9999.0 -9999.0 -9999.0
23907 20240621  2.623  -98.08   30.62    32.1    22.7    27.4    26.5     0.0    21.46 C    42.3    23.5    30.5    94.4    49.4    73.5   0.325   0.365 -99.000 -99.000 -99.000    26.7    27.6 -9999.0 -9999.0 -9999.0
23907 20240622  2.623  -98.08   30.62    33.3    22.5    27.9    27.2     0.0    23.66 C    45.7    23.8    32.1    93.6    39.5    67.4   0.300   0.335 -99.000 -99.000 -99.000    27.3    28.3 -9999.0 -9999.0 -9999.0
23907 20240623  2.623  -98.08   30.62    34.2    21.9    28.0    28.1     0.0    27.85 C    47.4    23.2    33.6    90.6    30.7    60.1   0.273   0.305 -99.000 -99.000 -99.000    27.7    28.8 -9999.0 -9999.0 -9999.0
23907 20240624  2.623  -98.08   30.62    34.1    23.6    28.9    28.6     0.0    22.68 C    49.5    25.1    33.9    92.2    42.7    67.2   0.248   0.274 -99.000 -99.000 -99.000    28.2    29.2 -9999.0 -9999.0 -9999.0
23907 20240625  2.623  -98.08   30.62    34.6    24.2    29.4    29.0     0.0    21.40 C    46.5    25.7    34.0    91.7    41.5    67.5   0.229   0.250 -99.000 -99.000 -99.000    28.6    29.6 -9999.0 -9999.0 -9999.0
23907 20240626  2.623  -98.08   30.62    35.5    24.6    30.0    29.2     0.0    24.85 C    51.7    26.2    35.3    87.9    43.0    65.5   0.216   0.231 -99.000 -99.000 -99.000    29.1    30.1 -9999.0 -9999.0 -9999.0
23907 20240627  2.623  -98.08   30.62    37.2    24.4    30.8    30.1     0.0    26.04 C    53.9    26.2    36.8    90.8    35.2    62.9   0.206   0.216 -99.000 -99.000 -99.000    29.6    30.5 -9999.0 -9999.0 -9999.0
23907 20240628  2.623  -98.08   30.62    35.6    24.5    30.0    29.9     0.0    25.23 C    49.8    26.4    35.9    86.1    38.4    61.1   0.197   0.206 -99.000 -99.000 -99.000    29.8    30.8 -9999.0 -9999.0 -9999.0
23907 20240629  2.623  -98.08   30.62    36.0    25.2    30.6    30.0     0.0    23.35 C    49.5    26.9    35.6    84.0    38.8    61.6   0.191   0.200 -99.000 -99.000 -99.000    29.9    30.8 -9999.0 -9999.0 -9999.0
23907 20240630  2.623  -98.08   30.62    35.6    24.0    29.8    29.3     0.0    24.19 C    50.9    26.1    35.7    91.1    37.7    62.2   0.184   0.195 -99.000 -99.000 -99.000    30.0    31.0 -9999.0 -9999.0 -9999.0
23907 20240701  2.623  -98.08   30.62    36.8    23.2    30.0    29.8     0.0    26.69 C    51.3    25.1    36.2    88.5    27.5    55.5   0.182   0.191 -99.000 -99.000 -99.000    30.2    31.1 -9999.0 -9999.0 -9999.0
23907 20240702  2.623  -98.08   30.62 -9999.0 -9999.0 -9999.0 -9999.0 -9999.0 -9999.00 U -9999.0 -9999.0 -9999.0 -9999.0 -9999.0 -9999.0 -99.000 -99.000 -99.000 -99.000 -99.000 -9999.0 -9999.0 -9999.0 -9999.0 -9999.0
