21514 20240101  2.424 -155.58   19.54    12.0     2.8     7.4     7.1     0.0    19.74 C    32.0    -2.9     9.4    89.4     3.5    22.3 -99.000 -99.000 -99.000 -99.000 -99.000 -9999.0 -9999.0 -9999.0 -9999.0 -9999.0
21514 20240102  2.424 -155.58   19.54    10.9     2.6     6.8     6.1     0.0    20.01 C    29.8    -4.1     7.6    33.3     2.1    11.1 -99.000 -99.000 -99.000 -99.000 -99.000 -9999.0 -9999.0 -9999.0 -9999.0 -9999.0
21514 20240103  2.424 -155.58   19.54    11.8     0.8     6.3     6.1     0.0    19.89 C    30.5    -5.5     7.8    70.4     2.2    22.0 -99.000 -99.000 -99.000 -99.000 -99.000 -9999.0 -9999.0 -9999.0 -9999.0 -9999.0
21514 20240104  2.424 -155.58   19.54    12.8     2.0     7.4     6.5     0.0    20.30 C    26.7    -2.6     7.3    29.3     2.7     9.0 -99.000 -99.000 -99.000 -99.000 -99.000 -9999.0 -9999.0 -9999.0 -9999.0 -9999.0
21514 20240105  2.424 -155.58   19.54    11.6     2.1     6.9     5.8     0.0    19.00 C    29.9    -3.3     7.6    85.1     1.6    22.3 -99.000 -99.000 -99.000 -99.000 -99.000 -9999.0 -9999.0 -9999.0 -9999.0 -9999.0
21514 20240106  2.424 -155.58   19.54     8.8     1.3     5.0     4.8     0.0    18.30 C    26.6    -4.3     5.6    89.2     2.6    28.0 -99.000 -99.000 -99.000 -99.000 -99.000 -9999.0 -9999.0 -9999.0 -9999.0 -9999.0
21514 20240107  2.424 -155.58   19.54     8.7     0.3     4.5     5.1     0.0    16.95 C    30.3    -4.4     7.9    90.0     4.9    50.7 -99.000 -99.000 -99.000 -99.000 -99.000 -9999.0 -9999.0 -9999.0 -9999.0 -9999.0
21514 20240108  2.424 -155.58   19.54    10.7     3.0     6.8     6.2     0.0    19.73 C    28.4    -0.7     9.6    66.7    14.1    36.5 -99.000 -99.000 -99.000 -99.000 -99.000 -9999.0 -9999.0 -9999.0 -9999.0 -9999.0
21514 20240109  2.424 -155.58   19.54     7.7     2.3     5.0     4.9    34.4    11.13 C    12.3    -1.0     4.3    89.9    26.7    63.8 -99.000 -99.000 -99.000 -99.000 -99.000 -9999.0 -9999.0 -9999.0 -9999.0 -9999.0
21514 20240110  2.424 -155.58   19.54    10.8     2.2     6.5     5.4     0.0    20.37 C    22.9    -0.7     6.3    83.8    21.8    48.1 -99.000 -99.000 -99.000 -99.000 -99.000 -9999.0 -9999.0 -9999.0 -9999.0 -9999.0
21514 20240111  2.424 -155.58   19.54     8.4     0.3     4.4     5.0     0.0    20.52 C    15.5    -2.2     4.9    71.9    16.0    29.5 -99.000 -99.000 -99.000 -99.000 -99.000 -9999.0 -9999.0 -9999.0 -9999.0 -9999.0
21514 20240112  2.424 -155.58   19.54     9.1     0.0     4.5     5.0     0.0    20.71 C    20.2    -2.9     5.1    71.5     0.3    11.1 -99.000 -99.000 -99.000 -99.000 -99.000 -9999.0 -9999.0 -9999.0 -9999.0 -9999.0
21514 20240113  2.424 -155.58   19.54    13.8     4.1     8.9     7.9     0.0    20.20 C    26.4    -1.5     8.2    38.0     1.3    18.0 -99.000 -99.000 -99.000 -99.000 -99.000 -9999.0 -9999.0 -9999.0 -9999.0 -9999.0
21514 20240114  2.424 -155.58   19.54    13.2     5.0     9.1     8.5     0.0    20.35 C    27.6     1.0     9.5    39.9    10.1    20.8 -99.000 -99.000 -99.000 -99.000 -99.000 -9999.0 -9999.0 -9999.0 -9999.0 -9999.0
21514 20240115  2.424 -155.58   19.54    13.9     4.4     9.1     8.3     0.0    20.74 C    28.4    -0.5     9.0    16.8     6.6    11.6 -99.000 -99.000 -99.000 -99.000 -99.000 -9999.0 -9999.0 -9999.0 -9999.0 -9999.0
21514 20240116  2.424 -155.58   19.54    12.9     2.7     7.8     7.1     0.0    21.04 C    21.5     0.0     7.3    69.2     5.2    29.1 -99.000 -99.000 -99.000 -99.000 -99.000 -9999.0 -9999.0 -9999.0 -9999.0 -9999.0
21514 20240117  2.424 -155.58   19.54    10.9     3.4     7.1     6.7     0.0    19.40 C    21.4     0.6     7.2    86.5     5.9    43.6 -99.000 -99.000 -99.000 -99.000 -99.000 -9999.0 -9999.0 -9999.0 -9999.0 -9999.0
21514 20240118  2.424 -155.58   19.54    14.9     6.0    10.5     9.5     0.0    21.32 C    27.7     0.2     9.9     9.6     0.5     3.3 -99.000 -99.000 -99.000 -99.000 -99.000 -9999.0 -9999.0 -9999.0 -9999.0 -9999.0
21514 20240119  2.424 -155.58   19.54    15.6     4.6    10.1    10.0     0.0    21.21 C    33.9    -1.0    11.3    21.8     0.3     7.3 -99.000 -99.000 -99.000 -99.000 -99.000 -9999.0 -9999.0 -9999.0 -9999.0 -9999.0
21514 20240120  2.424 -155.58   19.54    15.0     6.3    10.7     9.9     0.0    20.84 C    35.8     0.4    12.2    42.9     3.7    23.6 -99.000 -99.000 -99.000 -99.000 -99.000 -9999.0 -9999.0 -9999.0 -9999.0 -9999.0
21514 20240121  2.424 -155.58   19.54    16.2     6.8    11.5    10.9     0.0    21.39 C    36.0     2.4    13.4    40.3     0.8     7.2 -99.000 -99.000 -99.000 -99.000 -99.000 -9999.0 -9999.0 -9999.0 -9999.0 -9999.0
21514 20240122  2.424 -155.58   19.54    15.6     6.0    10.8    10.6     0.0    21.25 C    33.1     0.4    12.1    25.0     1.2    11.2 -99.000 -99.000 -99.000 -99.000 -99.000 -9999.0 -9999.0 -9999.0 -9999.0 -9999.0
21514 20240123  2.424 -155.58   19.54    17.7     5.2    11.5    11.2     0.0    21.47 C    37.3    -1.1    13.1    37.8     1.0    11.2 -99.000 -99.000 -99.000 -99.000 -99.000 -9999.0 -9999.0 -9999.0 -9999.0 -9999.0
21514 20240124  2.424 -155.58   19.54    16.7     7.5    12.1    11.6     0.0    21.64 C    31.7     4.1    12.6    36.1     0.1     3.7 -99.000 -99.000 -99.000 -99.000 -99.000 -9999.0 -9999.0 -9999.0 -9999.0 -9999.0
21514 20240125  2.424 -155.58   19.54    13.4     6.1     9.8     8.9     0.0    21.60 C    24.5     2.5     9.5    64.1     2.6    23.9 -99.000 -99.000 -99.000 -99.000 -99.000 -9999.0 -9999.0 -9999.0 -9999.0 -9999.0
21514 20240126  2.424 -155.58   19.54    15.1     5.7    10.4     9.4     0.0    22.14 C    30.1     1.1    10.3    15.0     0.6     4.0 -99.000 -99.000 -99.000 -99.000 -99.000 -9999.0 -9999.0 -9999.0 -9999.0 -9999.0
21514 20240127  2.424 -155.58   19.54    15.8     7.7    11.8    11.2     0.0    22.23 C    27.7     3.9    11.6     8.7     0.1     1.3 -99.000 -99.000 -99.000 -99.000 -99.000 -9999.0 -9999.0 -9999.0 -9999.0 -9999.0
21514 20240128  2.424 -155.58   19.54    17.5     8.3    12.9    12.5     0.0    22.26 C    28.7     3.8    12.6     7.5     0.1     2.5 -99.000 -99.000 -99.000 -99.000 -99.000 -9999.0 -9999.0 -9999.0 -9999.0 -9999.0
21514 20240129  2.424 -155.58   19.54    18.3    10.3    14.3    13.5     0.0    22.45 C    29.6     5.3    13.5 -9999.0 -9999.0 -9999.0 -99.000 -99.000 -99.000 -99.000 -99.000 -9999.0 -9999.0 -9999.0 -9999.0 -9999.0
21514 20240130  2.424 -155.58   19.54    17.3     9.4    13.3    12.8     0.0    22.53 C    31.7     4.1    13.4 -9999.0 -9999.0 -9999.0 -99.000 -99.000 -99.000 -99.000 -99.000 -9999.0 -9999.0 -9999.0 -9999.0 -9999.0
21514 20240131  2.424 -155.58   19.54    17.8     8.9    13.4    12.5     0.0    19.62 C    35.5     3.4    12.9 -9999.0 -9999.0 -9999.0 -99.000 -99.000 -99.000 -99.000 -99.000 -9999.0 -9999.0 -9999.0 -9999.0 -9999.0
21514 20240201  2.424 -155.58   19.54    15.0     7.4    11.2    10.4     0.0    22.61 C    33.6     0.0    12.1    63.0     0.1    13.6 -99.000 -99.000 -99.000 -99.000 -99.000 -9999.0 -9999.0 -9999.0 -9999.0 -9999.0
21514 20240202  2.424 -155.58   19.54    14.9     4.3     9.6     9.4     0.0    22.69 C    29.1    -1.0    10.5    62.1     1.0     8.7 -99.000 -99.000 -99.000 -99.000 -99.000 -9999.0 -9999.0 -9999.0 -9999.0 -9999.0
21514 20240203  2.424 -155.58   19.54    12.2     2.8     7.5     6.0     0.0    22.87 C    30.7    -3.7     7.5    10.6     0.1     1.6 -99.000 -99.000 -99.000 -99.000 -99.000 -9999.0 -9999.0 -9999.0 -9999.0 -9999.0
21514 20240204  2.424 -155.58   19.54    11.7     1.9     6.8     6.3     0.0    23.00 C    30.7    -5.4     7.6    10.7     0.9     3.7 -99.000 -99.000 -99.000 -99.000 -99.000 -9999.0 -9999.0 -9999.0 -9999.0 -9999.0
21514 20240205  2.424 -155.58   19.54    11.5     1.7     6.6     5.4     0.0    22.71 C    34.1    -3.7     8.5    53.8     0.4     7.8 -99.000 -99.000 -99.000 -99.000 -99.000 -9999.0 -9999.0 -9999.0 -9999.0 -9999.0
21514 20240206  2.424 -155.58   19.54    12.2     1.1     6.6     5.5     0.0    23.39 C    34.9    -3.4     8.5    42.2     0.1     2.8 -99.000 -99.000 -99.000 -99.000 -99.000 -9999.0 -9999.0 -9999.0 -9999.0 -9999.0
21514 20240207  2.424 -155.58   19.54    13.5     2.5     8.0     7.5     0.0    23.41 C    32.4    -3.0     9.3 -9999.0 -9999.0 -9999.0 -99.000 -99.000 -99.000 -99.000 -99.000 -9999.0 -9999.0 -9999.0 -9999.0 -9999.0
21514 20240208  2.424 -155.58   19.54    15.3     5.3    10.3     9.3     0.0    23.26 C    34.3     0.2    11.0    37.6     0.1     4.4 -99.000 -99.000 -99.000 -99.000 -99.000 -9999.0 -9999.0 -9999.0 -9999.0 -9999.0
21514 20240209  2.424 -155.58   19.54    13.2     2.9     8.1     7.8     0.0    23.38 C    34.4    -3.1    10.4    40.4     1.4     9.2 -99.000 -99.000 -99.000 -99.000 -99.000 -9999.0 -9999.0 -9999.0 -9999.0 -9999.0
21514 20240210  2.424 -155.58   19.54    12.0     3.6     7.8     7.5     0.0    23.43 C    33.7    -1.4    10.5    74.8     0.3    16.2 -99.000 -99.000 -99.000 -99.000 -99.000 -9999.0 -9999.0 -9999.0 -9999.0 -9999.0
21514 20240211  2.424 -155.58   19.54    14.0     4.4     9.2     8.4     0.0    23.78 C    31.9    -2.5    10.2    26.0     0.1     4.9 -99.000 -99.000 -99.000 -99.000 -99.000 -9999.0 -9999.0 -9999.0 -9999.0 -9999.0
21514 20240212  2.424 -155.58   19.54    10.7     4.4     7.6     7.1     0.0    23.79 C    23.1     1.0     8.2    14.3     1.6     7.1 -99.000 -99.000 -99.000 -99.000 -99.000 -9999.0 -9999.0 -9999.0 -9999.0 -9999.0
21514 20240213  2.424 -155.58   19.54    14.8     5.3    10.1     9.8     0.0    23.95 C    33.7    -0.5    12.0    12.3     1.6     5.1 -99.000 -99.000 -99.000 -99.000 -99.000 -9999.0 -9999.0 -9999.0 -9999.0 -9999.0
21514 20240214  2.424 -155.58   19.54    19.1     7.3    13.2    11.8     0.0    24.19 C    38.2     2.1    14.7    45.8     0.1     4.7 -99.000 -99.000 -99.000 -99.000 -99.000 -9999.0 -9999.0 -9999.0 -9999.0 -9999.0
21514 20240215  2.424 -155.58   19.54    17.0     8.0    12.5    11.6     0.0    24.32 C    30.0     3.8    12.6     2.7     0.3     1.3 -99.000 -99.000 -99.000 -99.000 -99.000 -9999.0 -9999.0 -9999.0 -9999.0 -9999.0
21514 20240216  2.424 -155.58   19.54    14.0     5.7     9.8     9.7     0.0    24.17 C    26.9     2.6    11.0    17.9     0.9     6.9 -99.000 -99.000 -99.000 -99.000 -99.000 -9999.0 -9999.0 -9999.0 -9999.0 -9999.0
21514 20240217  2.424 -155.58   19.54    11.1     1.8     6.4     6.9     0.0    24.06 C    29.9    -1.9    10.1    68.3     0.8    20.3 -99.000 -99.000 -99.000 -99.000 -99.000 -9999.0 -9999.0 -9999.0 -9999.0 -9999.0
21514 20240218  2.424 -155.58   19.54     7.6    -0.2     3.7     3.3     0.0    21.75 C    27.4    -6.5     6.0    90.8     0.1    37.3 -99.000 -99.000 -99.000 -99.000 -99.000 -9999.0 -9999.0 -9999.0 -9999.0 -9999.0
21514 20240219  2.424 -155.58   19.54    12.9     0.9     6.9     7.1     0.0    24.99 C    36.8    -5.6     9.4 -9999.0 -9999.0 -9999.0 -99.000 -99.000 -99.000 -99.000 -99.000 -9999.0 -9999.0 -9999.0 -9999.0 -9999.0
21514 20240220  2.424 -155.58   19.54    15.6     2.7     9.1     8.8     0.0    24.65 C    40.0    -3.9    11.4 -9999.0 -9999.0 -9999.0 -99.000 -99.000 -99.000 -99.000 -99.000 -9999.0 -9999.0 -9999.0 -9999.0 -9999.0
21514 20240221  2.424 -155.58   19.54    13.6     3.4     8.5     8.6     0.0    24.79 C    39.5    -4.0    11.9    53.2     0.1    18.2 -99.000 -99.000 -99.000 -99.000 -99.000 -9999.0 -9999.0 -9999.0 -9999.0 -9999.0
21514 20240222  2.424 -155.58   19.54    12.2     1.9     7.0     7.3     0.0    23.86 C    37.6    -4.0    10.7    72.6     0.4    20.6 -99.000 -99.000 -99.000 -99.000 -99.000 -9999.0 -9999.0 -9999.0 -9999.0 -9999.0
21514 20240223  2.424 -155.58   19.54    14.3     2.9     8.6     8.5     0.0    25.04 C    39.5    -3.6    12.4    53.6     0.1    14.9 -99.000 -99.000 -99.000 -99.000 -99.000 -9999.0 -9999.0 -9999.0 -9999.0 -9999.0
21514 20240224  2.424 -155.58   19.54    11.8     2.1     6.9     6.0     0.0    19.14 C    34.3    -3.4     9.0    86.6     1.2    23.5 -99.000 -99.000 -99.000 -99.000 -99.000 -9999.0 -9999.0 -9999.0 -9999.0 -9999.0
21514 20240225  2.424 -155.58   19.54    10.5     2.9     6.7     6.1     0.0    24.89 C    33.9    -3.4    10.1    30.5     0.3     8.2 -99.000 -99.000 -99.000 -99.000 -99.000 -9999.0 -9999.0 -9999.0 -9999.0 -9999.0
21514 20240226  2.424 -155.58   19.54    10.3     1.1     5.7     5.9     0.0    25.20 C    33.3    -4.1     9.9    43.9     0.2     9.7 -99.000 -99.000 -99.000 -99.000 -99.000 -9999.0 -9999.0 -9999.0 -9999.0 -9999.0
21514 20240227  2.424 -155.58   19.54     9.3     0.2     4.7     4.6     0.0    23.73 C    32.0    -4.9     8.2    63.5     2.4    18.7 -99.000 -99.000 -99.000 -99.000 -99.000 -9999.0 -9999.0 -9999.0 -9999.0 -9999.0
21514 20240228  2.424 -155.58   19.54     8.9    -0.1     4.4     4.7     0.0    23.59 C    33.8    -5.8     9.3    51.4     1.4    20.4 -99.000 -99.000 -99.000 -99.000 -99.000 -9999.0 -9999.0 -9999.0 -9999.0 -9999.0
21514 20240229  2.424 -155.58   19.54     6.5     1.6     4.1     3.7     0.0    16.84 C    26.0    -3.1     6.7    87.1     5.9    40.5 -99.000 -99.000 -99.000 -99.000 -99.000 -9999.0 -9999.0 -9999.0 -9999.0 -9999.0
21514 20240301  2.424 -155.58   19.54     8.0     0.7     4.3     4.4     0.0    23.91 C    31.2    -4.2     9.3    82.5     8.1    36.9 -99.000 -99.000 -99.000 -99.000 -99.000 -9999.0 -9999.0 -9999.0 -9999.0 -9999.0
21514 20240302  2.424 -155.58   19.54     9.3     0.4     4.9     4.4     0.5    16.79 C    36.3    -4.8     6.9    90.4     6.5    37.2 -99.000 -99.000 -99.000 -99.000 -99.000 -9999.0 -9999.0 -9999.0 -9999.0 -9999.0
21514 20240303  2.424 -155.58   19.54     7.8     2.5     5.1     4.4     0.9     8.08 C    25.0    -1.7     6.1    90.8    15.0    53.3 -99.000 -99.000 -99.000 -99.000 -99.000 -9999.0 -9999.0 -9999.0 -9999.0 -9999.0
21514 20240304  2.424 -155.58   19.54     6.8     1.1     3.9     3.3     1.2    11.32 C    20.0    -1.9     4.7    88.5    51.9    72.4 -99.000 -99.000 -99.000 -99.000 -99.000 -9999.0 -9999.0 -9999.0 -9999.0 -9999.0
21514 20240305  2.424 -155.58   19.54     6.9     0.1     3.5     2.6     0.0    17.15 C    30.0    -2.8     5.3    88.8    29.7    63.1 -99.000 -99.000 -99.000 -99.000 -99.000 -9999.0 -9999.0 -9999.0 -9999.0 -9999.0
21514 20240306  2.424 -155.58   19.54     7.9    -2.6     2.6     1.8     0.4    15.03 C    26.6    -6.8     4.4    89.6    21.7    62.1 -99.000 -99.000 -99.000 -99.000 -99.000 -9999.0 -9999.0 -9999.0 -9999.0 -9999.0
21514 20240307  2.424 -155.58   19.54     6.9    -1.1     2.9     1.8     7.8    16.19 C    21.6    -4.2     3.1    90.8    59.4    80.7 -99.000 -99.000 -99.000 -99.000 -99.000 -9999.0 -9999.0 -9999.0 -9999.0 -9999.0
21514 20240308  2.424 -155.58   19.54     9.6     1.0     5.3     4.5     0.0    20.55 C    29.4    -0.7     7.9    88.9    24.7    60.4 -99.000 -99.000 -99.000 -99.000 -99.000 -9999.0 -9999.0 -9999.0 -9999.0 -9999.0
21514 20240309  2.424 -155.58   19.54    11.5     1.6     6.5     6.2     0.0    23.50 C    35.0    -1.9    11.5    89.5    16.6    37.8 -99.000 -99.000 -99.000 -99.000 -99.000 -9999.0 -9999.0 -9999.0 -9999.0 -9999.0
21514 20240310  2.424 -155.58   19.54    11.2     3.2     7.2     6.8     0.0    14.97 C    27.4     0.9    10.3    59.8     8.0    33.5 -99.000 -99.000 -99.000 -99.000 -99.000 -9999.0 -9999.0 -9999.0 -9999.0 -9999.0
21514 20240311  2.424 -155.58   19.54     6.3     2.1     4.2     4.2     1.7     6.44 C    11.5     2.2     5.1    91.1    17.0    62.1 -99.000 -99.000 -99.000 -99.000 -99.000 -9999.0 -9999.0 -9999.0 -9999.0 -9999.0
21514 20240312  2.424 -155.58   19.54     5.8     2.0     3.9     4.0     6.1     7.91 C    18.2    -1.3     4.9    90.5    53.7    79.9 -99.000 -99.000 -99.000 -99.000 -99.000 -9999.0 -9999.0 -9999.0 -9999.0 -9999.0
21514 20240313  2.424 -155.58   19.54     9.8     2.0     5.9     5.4     0.0    24.39 C    27.3    -2.1     8.1    89.6    30.3    58.3 -99.000 -99.000 -99.000 -99.000 -99.000 -9999.0 -9999.0 -9999.0 -9999.0 -9999.0
21514 20240314  2.424 -155.58   19.54    12.4     1.5     7.0     6.8     0.0    26.42 C    34.5    -3.4    10.8    84.1     5.3    44.4 -99.000 -99.000 -99.000 -99.000 -99.000 -9999.0 -9999.0 -9999.0 -9999.0 -9999.0
21514 20240315  2.424 -155.58   19.54    12.6     3.9     8.3     7.5     0.0    27.11 C    29.9     0.1    10.6    70.4    13.0    29.2 -99.000 -99.000 -99.000 -99.000 -99.000 -9999.0 -9999.0 -9999.0 -9999.0 -9999.0
21514 20240316  2.424 -155.58   19.54    12.1     3.3     7.7     7.1     0.0    27.68 C    33.2    -1.1    11.0    36.9     6.2    17.4 -99.000 -99.000 -99.000 -99.000 -99.000 -9999.0 -9999.0 -9999.0 -9999.0 -9999.0
21514 20240317  2.424 -155.58   19.54    12.4     2.4     7.4     7.2     0.0    24.62 C    33.8    -2.5     9.6    13.9     1.8     6.1 -99.000 -99.000 -99.000 -99.000 -99.000 -9999.0 -9999.0 -9999.0 -9999.0 -9999.0
21514 20240318  2.424 -155.58   19.54    12.6     3.3     8.0     7.5     0.0    27.61 C    33.8    -2.7    10.9    26.0     8.1    14.5 -99.000 -99.000 -99.000 -99.000 -99.000 -9999.0 -9999.0 -9999.0 -9999.0 -9999.0
21514 20240319  2.424 -155.58   19.54    12.0     2.2     7.1     6.5     0.0    27.65 C    38.0    -4.0    11.8    87.3     1.0    26.0 -99.000 -99.000 -99.000 -99.000 -99.000 -9999.0 -9999.0 -9999.0 -9999.0 -9999.0
21514 20240320  2.424 -155.58   19.54    10.3     1.5     5.9     5.5     0.0    27.81 C    34.6    -3.4    10.6    61.5     2.2    18.0 -99.000 -99.000 -99.000 -99.000 -99.000 -9999.0 -9999.0 -9999.0 -9999.0 -9999.0
21514 20240321  2.424 -155.58   19.54    10.0    -0.5     4.8     4.1     0.0    24.71 C    34.2    -6.7     8.1    86.9     3.2    27.8 -99.000 -99.000 -99.000 -99.000 -99.000 -9999.0 -9999.0 -9999.0 -9999.0 -9999.0
21514 20240322  2.424 -155.58   19.54    10.5     0.6     5.5     4.8     0.0    27.50 C    32.3    -5.2     8.4    25.0     3.7     8.0 -99.000 -99.000 -99.000 -99.000 -99.000 -9999.0 -9999.0 -9999.0 -9999.0 -9999.0
21514 20240323  2.424 -155.58   19.54    14.2     2.9     8.6     7.9     0.0    28.98 C    35.0    -1.8    11.4 -9999.0 -9999.0 -9999.0 -99.000 -99.000 -99.000 -99.000 -99.000 -9999.0 -9999.0 -9999.0 -9999.0 -9999.0
21514 20240324  2.424 -155.58   19.54    13.6     4.4     9.0     7.9     0.0    24.71 C    29.6     1.5    10.7 -9999.0 -9999.0 -9999.0 -99.000 -99.000 -99.000 -99.000 -99.000 -9999.0 -9999.0 -9999.0 -9999.0 -9999.0
21514 20240325  2.424 -155.58   19.54    14.6     6.0    10.3     9.4     0.0    15.11 C    32.3     3.4    13.0    71.6    27.6    51.2 -99.000 -99.000 -99.000 -99.000 -99.000 -9999.0 -9999.0 -9999.0 -9999.0 -9999.0
21514 20240326  2.424 -155.58   19.54    15.0     6.7    10.8    10.1     0.0    22.72 C    41.3     2.5    14.4    61.6    32.8    49.6 -99.000 -99.000 -99.000 -99.000 -99.000 -9999.0 -9999.0 -9999.0 -9999.0 -9999.0
21514 20240327  2.424 -155.58   19.54    14.5     4.7     9.6     8.9     0.0    27.33 C    41.3     0.0    14.4    64.2    18.4    37.2 -99.000 -99.000 -99.000 -99.000 -99.000 -9999.0 -9999.0 -9999.0 -9999.0 -9999.0
21514 20240328  2.424 -155.58   19.54    12.4     3.3     7.9     7.1     0.0    25.84 C    37.7    -0.1    11.6    59.1    29.4    44.6 -99.000 -99.000 -99.000 -99.000 -99.000 -9999.0 -9999.0 -9999.0 -9999.0 -9999.0
21514 20240329  2.424 -155.58   19.54    12.7     1.8     7.2     6.6     0.0    28.11 C    35.4    -2.7    11.8    60.9    21.6    40.2 -99.000 -99.000 -99.000 -99.000 -99.000 -9999.0 -9999.0 -9999.0 -9999.0 -9999.0
21514 20240330  2.424 -155.58   19.54    11.3     2.8     7.1     6.6     0.0    27.30 C    36.9    -3.6    11.5    79.8     9.3    29.2 -99.000 -99.000 -99.000 -99.000 -99.000 -9999.0 -9999.0 -9999.0 -9999.0 -9999.0
21514 20240331  2.424 -155.58   19.54    13.6     2.1     7.8     6.7     0.0    28.06 C    36.2    -3.3    11.5    64.8     6.8    24.7 -99.000 -99.000 -99.000 -99.000 -99.000 -9999.0 -9999.0 -9999.0 -9999.0 -9999.0
21514 20240401  2.424 -155.58   19.54    13.3     1.4     7.4     7.2     0.0    28.72 C    36.1    -4.7    12.0    57.6     3.2    17.8 -99.000 -99.000 -99.000 -99.000 -99.000 -9999.0 -9999.0 -9999.0 -9999.0 -9999.0
21514 20240402  2.424 -155.58   19.54    11.3     2.5     6.9     6.0     0.0    26.10 C    35.2    -3.1    11.0    69.2     3.5    26.0 -99.000 -99.000 -99.000 -99.000 -99.000 -9999.0 -9999.0 -9999.0 -9999.0 -9999.0
21514 20240403  2.424 -155.58   19.54     9.8     1.7     5.7     6.3     0.0    22.06 C    36.3    -2.8    10.0    90.2     2.1    23.8 -99.000 -99.000 -99.000 -99.000 -99.000 -9999.0 -9999.0 -9999.0 -9999.0 -9999.0
21514 20240404  2.424 -155.58   19.54    11.3     3.0     7.2     6.4     0.0    28.39 C    38.3    -2.6    11.4    76.6     2.7    32.6 -99.000 -99.000 -99.000 -99.000 -99.000 -9999.0 -9999.0 -9999.0 -9999.0 -9999.0
21514 20240405  2.424 -155.58   19.54    11.1     1.8     6.5     6.4     0.0    27.86 C    35.7    -3.8    11.4    71.7     8.7    32.6 -99.000 -99.000 -99.000 -99.000 -99.000 -9999.0 -9999.0 -9999.0 -9999.0 -9999.0
21514 20240406  2.424 -155.58   19.54    11.7     3.4     7.5     7.2     0.0    26.91 C    35.8    -1.7    12.8    69.6     3.5    25.0 -99.000 -99.000 -99.000 -99.000 -99.000 -9999.0 -9999.0 -9999.0 -9999.0 -9999.0
21514 20240407  2.424 -155.58   19.54    11.2     4.4     7.8     7.4     0.0    25.15 C    35.7    -1.7    12.5    72.9     1.5    24.2 -99.000 -99.000 -99.000 -99.000 -99.000 -9999.0 -9999.0 -9999.0 -9999.0 -9999.0
21514 20240408  2.424 -155.58   19.54    10.6     3.8     7.2     6.7     0.0    22.94 C    36.9    -1.5    12.0    88.7     1.5    32.6 -99.000 -99.000 -99.000 -99.000 -99.000 -9999.0 -9999.0 -9999.0 -9999.0 -9999.0
21514 20240409  2.424 -155.58   19.54     9.3     1.1     5.2     5.4     0.0    24.62 C    36.3    -4.4     9.7    82.0     4.6    30.3 -99.000 -99.000 -99.000 -99.000 -99.000 -9999.0 -9999.0 -9999.0 -9999.0 -9999.0
21514 20240410  2.424 -155.58   19.54    13.5     4.0     8.8     8.5     0.0    28.36 C    35.4    -0.4    14.1    71.4     4.6    22.0 -99.000 -99.000 -99.000 -99.000 -99.000 -9999.0 -9999.0 -9999.0 -9999.0 -9999.0
21514 20240411  2.424 -155.58   19.54     9.6     4.8     7.2     7.0     3.0    11.26 C    18.4     2.2     7.8    83.4     5.6    58.4 -99.000 -99.000 -99.000 -99.000 -99.000 -9999.0 -9999.0 -9999.0 -9999.0 -9999.0
21514 20240412  2.424 -155.58   19.54     9.1     4.4     6.7     6.0     5.8     9.98 C    16.7     2.3     5.7    88.8    41.7    65.6 -99.000 -99.000 -99.000 -99.000 -99.000 -9999.0 -9999.0 -9999.0 -9999.0 -9999.0
21514 20240413  2.424 -155.58   19.54    12.2     3.6     7.9     7.5     0.0    17.71 C    28.7     2.4    10.0    84.1    30.3    58.1 -99.000 -99.000 -99.000 -99.000 -99.000 -9999.0 -9999.0 -9999.0 -9999.0 -9999.0
21514 20240414  2.424 -155.58   19.54    13.4     4.0     8.7     7.4     0.0    16.25 C    31.6     1.6    10.3    89.4    40.9    64.1 -99.000 -99.000 -99.000 -99.000 -99.000 -9999.0 -9999.0 -9999.0 -9999.0 -9999.0
21514 20240415  2.424 -155.58   19.54    10.7     4.0     7.3     6.6     1.1    20.56 C    21.6     2.2     8.4    90.1    49.4    69.7 -99.000 -99.000 -99.000 -99.000 -99.000 -9999.0 -9999.0 -9999.0 -9999.0 -9999.0
21514 20240416  2.424 -155.58   19.54    15.3     4.9    10.1     9.7     0.0    29.99 C    33.9    -0.7    12.8    71.6     1.5    12.0 -99.000 -99.000 -99.000 -99.000 -99.000 -9999.0 -9999.0 -9999.0 -9999.0 -9999.0
21514 20240417  2.424 -155.58   19.54    14.3     4.1     9.2     9.1     0.0    29.64 C    31.7    -2.0    11.7    63.1     2.9    22.7 -99.000 -99.000 -99.000 -99.000 -99.000 -9999.0 -9999.0 -9999.0 -9999.0 -9999.0
21514 20240418  2.424 -155.58   19.54    14.7     5.1     9.9     9.5     0.0    30.08 C    34.9    -0.5    13.7    37.6     0.9    16.0 -99.000 -99.000 -99.000 -99.000 -99.000 -9999.0 -9999.0 -9999.0 -9999.0 -9999.0
21514 20240419  2.424 -155.58   19.54    14.2     5.2     9.7     9.1     0.0    29.30 C    36.4    -0.8    13.8    52.9     0.7    22.0 -99.000 -99.000 -99.000 -99.000 -99.000 -9999.0 -9999.0 -9999.0 -9999.0 -9999.0
21514 20240420  2.424 -155.58   19.54    13.4     5.4     9.4     8.8     0.0    29.51 C    28.7     1.0    11.3    40.5     0.7    20.0 -99.000 -99.000 -99.000 -99.000 -99.000 -9999.0 -9999.0 -9999.0 -9999.0 -9999.0
21514 20240421  2.424 -155.58   19.54    14.3     5.5     9.9     9.2     0.0    29.94 C    36.7     0.3    13.5    64.0     0.1    16.4 -99.000 -99.000 -99.000 -99.000 -99.000 -9999.0 -9999.0 -9999.0 -9999.0 -9999.0
21514 20240422  2.424 -155.58   19.54    13.3     4.2     8.8     9.0     0.0    29.76 C    40.2    -1.7    15.2    46.4     1.6    12.0 -99.000 -99.000 -99.000 -99.000 -99.000 -9999.0 -9999.0 -9999.0 -9999.0 -9999.0
21514 20240423  2.424 -155.58   19.54    14.8     5.0     9.9     9.6     0.0    30.01 C    39.8     0.2    15.6    29.0     0.1    11.0 -99.000 -99.000 -99.000 -99.000 -99.000 -9999.0 -9999.0 -9999.0 -9999.0 -9999.0
21514 20240424  2.424 -155.58   19.54    17.2     5.4    11.3    10.7     0.0    30.21 C    42.4     0.3    16.4 -9999.0 -9999.0 -9999.0 -99.000 -99.000 -99.000 -99.000 -99.000 -9999.0 -9999.0 -9999.0 -9999.0 -9999.0
21514 20240425  2.424 -155.58   19.54    15.6     5.2    10.4     9.7     0.0    30.03 C    42.2     1.5    16.0    38.0     9.2    17.4 -99.000 -99.000 -99.000 -99.000 -99.000 -9999.0 -9999.0 -9999.0 -9999.0 -9999.0
21514 20240426  2.424 -155.58   19.54    12.2     3.4     7.8     7.8     0.0    22.28 C    38.0    -1.6    12.3    75.0     9.6    36.4 -99.000 -99.000 -99.000 -99.000 -99.000 -9999.0 -9999.0 -9999.0 -9999.0 -9999.0
21514 20240427  2.424 -155.58   19.54    12.7     2.5     7.6     7.8     0.0    27.53 C    41.5    -3.0    13.6    65.7     4.5    21.8 -99.000 -99.000 -99.000 -99.000 -99.000 -9999.0 -9999.0 -9999.0 -9999.0 -9999.0
21514 20240428  2.424 -155.58   19.54    14.6     4.3     9.5     8.7     0.0    26.98 C    34.3    -0.3    13.1    52.5     6.6    23.6 -99.000 -99.000 -99.000 -99.000 -99.000 -9999.0 -9999.0 -9999.0 -9999.0 -9999.0
21514 20240429  2.424 -155.58   19.54    12.9     4.4     8.6     8.1     0.0    22.29 C    39.8     0.1    12.1    53.5    19.6    35.2 -99.000 -99.000 -99.000 -99.000 -99.000 -9999.0 -9999.0 -9999.0 -9999.0 -9999.0
21514 20240430  2.424 -155.58   19.54    12.7     3.4     8.1     7.1     0.0    25.30 C    36.4    -1.4    11.6    68.1    22.3    36.3 -99.000 -99.000 -99.000 -99.000 -99.000 -9999.0 -9999.0 -9999.0 -9999.0 -9999.0
21514 20240501  2.424 -155.58   19.54    11.0     2.6     6.8     6.5     0.0    29.07 C    36.5    -2.0    13.3    66.7    18.3    38.3 -99.000 -99.000 -99.000 -99.000 -99.000 -9999.0 -9999.0 -9999.0 -9999.0 -9999.0
21514 20240502  2.424 -155.58   19.54    11.8     2.0     6.9     7.0     0.0    26.28 C    36.7    -2.8    13.1    73.9    14.9    43.9 -99.000 -99.000 -99.000 -99.000 -99.000 -9999.0 -9999.0 -9999.0 -9999.0 -9999.0
21514 20240503  2.424 -155.58   19.54    12.2     3.1     7.7     7.6     0.0    27.31 C    38.4    -1.9    13.7    70.1    10.2    32.3 -99.000 -99.000 -99.000 -99.000 -99.000 -9999.0 -9999.0 -9999.0 -9999.0 -9999.0
21514 20240504  2.424 -155.58   19.54    11.6     4.4     8.0     8.1     0.0    24.00 C    37.8    -1.3    13.7    78.6     5.0    30.9 -99.000 -99.000 -99.000 -99.000 -99.000 -9999.0 -9999.0 -9999.0 -9999.0 -9999.0
21514 20240505  2.424 -155.58   19.54    14.4     6.7    10.6     9.6     0.0    25.94 C    35.2     3.3    14.5    72.2    19.8    46.1 -99.000 -99.000 -99.000 -99.000 -99.000 -9999.0 -9999.0 -9999.0 -9999.0 -9999.0
21514 20240506  2.424 -155.58   19.54    12.8     5.1     9.0     8.2     0.0    18.62 C    28.9     2.1    11.0    71.7    37.9    57.7 -99.000 -99.000 -99.000 -99.000 -99.000 -9999.0 -9999.0 -9999.0 -9999.0 -9999.0
21514 20240507  2.424 -155.58   19.54    13.3     5.0     9.2     8.4     0.0    30.03 C    29.3     1.7    12.0    71.3    16.0    39.7 -99.000 -99.000 -99.000 -99.000 -99.000 -9999.0 -9999.0 -9999.0 -9999.0 -9999.0
21514 20240508  2.424 -155.58   19.54    11.9     3.3     7.6     6.9     0.0    30.60 C    32.1    -1.1    11.7    61.6    17.4    35.1 -99.000 -99.000 -99.000 -99.000 -99.000 -9999.0 -9999.0 -9999.0 -9999.0 -9999.0
21514 20240509  2.424 -155.58   19.54    10.1     2.9     6.5     5.9     0.0    18.59 C    28.1    -2.0     9.1    87.7     3.8    41.2 -99.000 -99.000 -99.000 -99.000 -99.000 -9999.0 -9999.0 -9999.0 -9999.0 -9999.0
21514 20240510  2.424 -155.58   19.54    11.8     1.4     6.6     4.8     0.8    23.99 C    28.8    -3.0     7.3    84.6     4.8    36.3 -99.000 -99.000 -99.000 -99.000 -99.000 -9999.0 -9999.0 -9999.0 -9999.0 -9999.0
21514 20240511  2.424 -155.58   19.54    10.3     1.6     5.9     5.5     0.0    27.44 C    26.8    -1.2     8.5    66.2    17.3    40.1 -99.000 -99.000 -99.000 -99.000 -99.000 -9999.0 -9999.0 -9999.0 -9999.0 -9999.0
21514 20240512  2.424 -155.58   19.54     8.2     1.6     4.9     4.6     9.5    11.61 C    23.7    -2.4     6.7    91.1    12.3    71.3 -99.000 -99.000 -99.000 -99.000 -99.000 -9999.0 -9999.0 -9999.0 -9999.0 -9999.0
21514 20240513  2.424 -155.58   19.54     8.6     0.8     4.7     4.7     6.9    16.71 C    27.3    -1.7     8.5    91.0    47.5    83.3 -99.000 -99.000 -99.000 -99.000 -99.000 -9999.0 -9999.0 -9999.0 -9999.0 -9999.0
21514 20240514  2.424 -155.58   19.54     8.5     2.8     5.7     5.3     6.7    16.16 C    23.2    -0.1     8.7    90.7    69.4    83.0 -99.000 -99.000 -99.000 -99.000 -99.000 -9999.0 -9999.0 -9999.0 -9999.0 -9999.0
21514 20240515  2.424 -155.58   19.54    11.6     2.6     7.1     6.5     0.0    28.60 C    29.1    -1.3    10.4    83.1    34.6    61.8 -99.000 -99.000 -99.000 -99.000 -99.000 -9999.0 -9999.0 -9999.0 -9999.0 -9999.0
21514 20240516  2.424 -155.58   19.54    13.8     4.6     9.2     8.4     0.0    28.22 C    34.3     1.3    12.9    74.2    31.7    57.1 -99.000 -99.000 -99.000 -99.000 -99.000 -9999.0 -9999.0 -9999.0 -9999.0 -9999.0
21514 20240517  2.424 -155.58   19.54    12.1     5.6     8.8     8.1     0.0    12.65 C    27.3     2.0    10.4    89.0    50.7    71.1 -99.000 -99.000 -99.000 -99.000 -99.000 -9999.0 -9999.0 -9999.0 -9999.0 -9999.0
21514 20240518  2.424 -155.58   19.54    12.3     6.0     9.1     8.4     0.5    16.73 C    30.7     2.8    11.1    86.0    51.8    63.5 -99.000 -99.000 -99.000 -99.000 -99.000 -9999.0 -9999.0 -9999.0 -9999.0 -9999.0
21514 20240519  2.424 -155.58   19.54     9.4     5.2     7.3     6.6     9.4     7.19 C    11.4     3.9     6.5    89.5    52.1    73.2 -99.000 -99.000 -99.000 -99.000 -99.000 -9999.0 -9999.0 -9999.0 -9999.0 -9999.0
21514 20240520  2.424 -155.58   19.54    13.0     4.0     8.5     8.4     0.0    25.58 C    36.3     1.4    13.4    89.6    46.2    65.6 -99.000 -99.000 -99.000 -99.000 -99.000 -9999.0 -9999.0 -9999.0 -9999.0 -9999.0
21514 20240521  2.424 -155.58   19.54    16.4     5.0    10.7     9.7     0.0    28.55 C    38.7     1.4    15.0    77.1    22.0    45.7 -99.000 -99.000 -99.000 -99.000 -99.000 -9999.0 -9999.0 -9999.0 -9999.0 -9999.0
21514 20240522  2.424 -155.58   19.54    13.5     4.7     9.1     9.1     0.0    24.93 C    39.7     0.5    15.1    69.7    36.4    56.8 -99.000 -99.000 -99.000 -99.000 -99.000 -9999.0 -9999.0 -9999.0 -9999.0 -9999.0
21514 20240523  2.424 -155.58   19.54    13.4     4.3     8.8     8.5     0.0    26.50 C    38.2     0.1    14.9    87.9    35.6    59.9 -99.000 -99.000 -99.000 -99.000 -99.000 -9999.0 -9999.0 -9999.0 -9999.0 -9999.0
21514 20240524  2.424 -155.58   19.54    14.5     4.0     9.2     9.2     0.0    26.56 C    38.7    -0.1    15.2    74.3    16.4    50.3 -99.000 -99.000 -99.000 -99.000 -99.000 -9999.0 -9999.0 -9999.0 -9999.0 -9999.0
21514 20240525  2.424 -155.58   19.54    14.3     5.3     9.8     9.4     0.0    28.95 C    37.6     1.2    15.7    86.3    22.5    49.3 -99.000 -99.000 -99.000 -99.000 -99.000 -9999.0 -9999.0 -9999.0 -9999.0 -9999.0
21514 20240526  2.424 -155.58   19.54    14.0     6.1    10.0     9.8     0.0    27.05 C    38.1     2.2    15.6    72.0    21.5    42.2 -99.000 -99.000 -99.000 -99.000 -99.000 -9999.0 -9999.0 -9999.0 -9999.0 -9999.0
21514 20240527  2.424 -155.58   19.54    14.4     4.6     9.5     9.6     0.0    29.06 C    38.5     0.4    16.3    73.6    11.8    44.3 -99.000 -99.000 -99.000 -99.000 -99.000 -9999.0 -9999.0 -9999.0 -9999.0 -9999.0
21514 20240528  2.424 -155.58   19.54    15.5     7.2    11.4    10.8     0.0    26.30 C    40.8     2.6    16.8    71.2     8.1    28.7 -99.000 -99.000 -99.000 -99.000 -99.000 -9999.0 -9999.0 -9999.0 -9999.0 -9999.0
21514 20240529  2.424 -155.58   19.54    15.9     7.8    11.8    11.2     0.0    26.66 C    39.4     3.5    16.7    51.1    25.3    39.7 -99.000 -99.000 -99.000 -99.000 -99.000 -9999.0 -9999.0 -9999.0 -9999.0 -9999.0
21514 20240530  2.424 -155.58   19.54    16.1     6.6    11.4    10.5     0.0    28.70 C    40.4     2.5    16.4    58.3     9.3    38.3 -99.000 -99.000 -99.000 -99.000 -99.000 -9999.0 -9999.0 -9999.0 -9999.0 -9999.0
21514 20240531  2.424 -155.58   19.54    13.3     6.0     9.7     9.4     0.0    22.26 C    38.4     1.7    14.2    86.0     7.7    38.0 -99.000 -99.000 -99.000 -99.000 -99.000 -9999.0 -9999.0 -9999.0 -9999.0 -9999.0
21514 20240601  2.424 -155.58   19.54    13.9     5.0     9.4     9.0     0.0    28.23 C    37.2     0.4    15.1    79.6    14.4    34.7 -99.000 -99.000 -99.000 -99.000 -99.000 -9999.0 -9999.0 -9999.0 -9999.0 -9999.0
21514 20240602  2.424 -155.58   19.54    12.4     4.5     8.4     7.4     5.1    17.48 C    35.9    -0.3     9.6    89.9    23.1    55.4 -99.000 -99.000 -99.000 -99.000 -99.000 -9999.0 -9999.0 -9999.0 -9999.0 -9999.0
21514 20240603  2.424 -155.58   19.54    14.6     3.9     9.3     8.4     0.0    26.31 C    33.9    -0.6    11.6    71.3    24.9    45.6 -99.000 -99.000 -99.000 -99.000 -99.000 -9999.0 -9999.0 -9999.0 -9999.0 -9999.0
21514 20240604  2.424 -155.58   19.54    12.8     2.4     7.6     7.0     0.0    19.68 C    32.3     0.3     9.6    73.6    32.4    52.0 -99.000 -99.000 -99.000 -99.000 -99.000 -9999.0 -9999.0 -9999.0 -9999.0 -9999.0
21514 20240605  2.424 -155.58   19.54    12.7     3.3     8.0     7.6     0.0    16.12 C    34.6    -1.0    10.1    85.5    28.8    56.6 -99.000 -99.000 -99.000 -99.000 -99.000 -9999.0 -9999.0 -9999.0 -9999.0 -9999.0
21514 20240606  2.424 -155.58   19.54    12.5     4.1     8.3     7.4     0.0    15.42 C    35.9     0.8    11.0    83.8    42.9    64.1 -99.000 -99.000 -99.000 -99.000 -99.000 -9999.0 -9999.0 -9999.0 -9999.0 -9999.0
21514 20240607  2.424 -155.58   19.54    14.2     3.2     8.7     8.0     0.0    20.07 C    38.6    -0.7    12.0    80.5    35.1    58.4 -99.000 -99.000 -99.000 -99.000 -99.000 -9999.0 -9999.0 -9999.0 -9999.0 -9999.0
21514 20240608  2.424 -155.58   19.54    14.2     3.6     8.9     8.9     0.0    30.05 C    37.0    -0.6    15.0    63.0     1.4    35.3 -99.000 -99.000 -99.000 -99.000 -99.000 -9999.0 -9999.0 -9999.0 -9999.0 -9999.0
21514 20240609  2.424 -155.58   19.54    19.4     7.0    13.2    12.9     0.0    30.87 C    38.6     2.7    17.4     6.0     0.8     2.8 -99.000 -99.000 -99.000 -99.000 -99.000 -9999.0 -9999.0 -9999.0 -9999.0 -9999.0
21514 20240610  2.424 -155.58   19.54    17.8     7.9    12.8    12.6     0.0    30.60 C    39.3     1.5    18.3    41.6     0.7    11.8 -99.000 -99.000 -99.000 -99.000 -99.000 -9999.0 -9999.0 -9999.0 -9999.0 -9999.0
21514 20240611  2.424 -155.58   19.54    17.4     6.2    11.8    11.5     0.0    30.61 C    40.1    -0.1    16.5    40.5     2.6    15.5 -99.000 -99.000 -99.000 -99.000 -99.000 -9999.0 -9999.0 -9999.0 -9999.0 -9999.0
21514 20240612  2.424 -155.58   19.54    15.6     6.3    10.9    11.3     0.0    30.56 C    41.6     0.1    17.6    63.3    10.2    28.5 -99.000 -99.000 -99.000 -99.000 -99.000 -9999.0 -9999.0 -9999.0 -9999.0 -9999.0
21514 20240613  2.424 -155.58   19.54    17.2     7.7    12.5    12.0     0.0    30.59 C    38.3     3.4    17.0    26.7     2.4    15.5 -99.000 -99.000 -99.000 -99.000 -99.000 -9999.0 -9999.0 -9999.0 -9999.0 -9999.0
21514 20240614  2.424 -155.58   19.54    16.5     7.6    12.1    11.4     0.0    30.44 C    37.8     2.1    17.2    55.5     1.8    17.1 -99.000 -99.000 -99.000 -99.000 -99.000 -9999.0 -9999.0 -9999.0 -9999.0 -9999.0
21514 20240615  2.424 -155.58   19.54    16.2     6.4    11.3    10.9     0.0    30.67 C    37.3     2.0    17.2    51.2     5.0    15.1 -99.000 -99.000 -99.000 -99.000 -99.000 -9999.0 -9999.0 -9999.0 -9999.0 -9999.0
21514 20240616  2.424 -155.58   19.54    12.9     4.5     8.7     8.7     0.0    26.11 C    36.9    -1.0    14.5    73.4     3.7    27.6 -99.000 -99.000 -99.000 -99.000 -99.000 -9999.0 -9999.0 -9999.0 -9999.0 -9999.0
21514 20240617  2.424 -155.58   19.54    16.9     5.9    11.4    10.6     0.0    21.85 C    41.6     3.8    15.1    51.0     3.5    14.8 -99.000 -99.000 -99.000 -99.000 -99.000 -9999.0 -9999.0 -9999.0 -9999.0 -9999.0
21514 20240618  2.424 -155.58   19.54    18.2     6.9    12.6    12.2     0.0    29.89 C    40.9     2.9    18.2    41.0     3.9    19.7 -99.000 -99.000 -99.000 -99.000 -99.000 -9999.0 -9999.0 -9999.0 -9999.0 -9999.0
21514 20240619  2.424 -155.58   19.54    16.4     8.0    12.2    11.2     0.0    29.15 C    39.3     3.3    17.4    73.7     1.1    18.3 -99.000 -99.000 -99.000 -99.000 -99.000 -9999.0 -9999.0 -9999.0 -9999.0 -9999.0
21514 20240620  2.424 -155.58   19.54    18.8     7.1    12.9    12.2     0.0    30.79 C    43.7     4.3    17.2    52.0     1.2    13.2 -99.000 -99.000 -99.000 -99.000 -99.000 -9999.0 -9999.0 -9999.0 -9999.0 -9999.0
21514 20240621  2.424 -155.58   19.54    15.6     6.4    11.0    10.3     0.0    30.71 C    34.9     3.1    14.9    31.9    13.1    21.7 -99.000 -99.000 -99.000 -99.000 -99.000 -9999.0 -9999.0 -9999.0 -9999.0 -9999.0
21514 20240622  2.424 -155.58   19.54    19.5     6.6    13.0    12.6     0.0    30.81 C    42.8     2.2    18.5    39.0     0.2     7.7 -99.000 -99.000 -99.000 -99.000 -99.000 -9999.0 -9999.0 -9999.0 -9999.0 -9999.0
21514 20240623  2.424 -155.58   19.54    17.5     7.5    12.5    11.8     0.0    30.90 C    38.2     4.0    16.6    18.2     2.3     8.8 -99.000 -99.000 -99.000 -99.000 -99.000 -9999.0 -9999.0 -9999.0 -9999.0 -9999.0
21514 20240624  2.424 -155.58   19.54    16.4     6.3    11.3    10.5     0.0    30.79 C    36.2     3.1    15.3    22.0     5.2    10.2 -99.000 -99.000 -99.000 -99.000 -99.000 -9999.0 -9999.0 -9999.0 -9999.0 -9999.0
21514 20240625  2.424 -155.58   19.54    16.8     6.6    11.7    11.1     0.0    30.69 C    38.3     2.3    17.0    21.8     1.9    11.0 -99.000 -99.000 -99.000 -99.000 -99.000 -9999.0 -9999.0 -9999.0 -9999.0 -9999.0
21514 20240626  2.424 -155.58   19.54    14.4     5.5     9.9    10.1     0.0    30.32 C    39.6    -0.7    16.4    57.7     5.7    19.1 -99.000 -99.000 -99.000 -99.000 -99.000 -9999.0 -9999.0 -9999.0 -9999.0 -9999.0
21514 20240627  2.424 -155.58   19.54    14.9     5.9    10.4    10.0     0.0    30.52 C    38.2     1.9    16.0    18.6     6.1    12.8 -99.000 -99.000 -99.000 -99.000 -99.000 -9999.0 -9999.0 -9999.0 -9999.0 -9999.0
21514 20240628  2.424 -155.58   19.54    12.1     3.6     7.8     6.8    18.1    19.53 C    35.8    -0.4    10.6    89.9    17.7    56.6 -99.000 -99.000 -99.000 -99.000 -99.000 -9999.0 -9999.0 -9999.0 -9999.0 -9999.0
21514 20240629  2.424 -155.58   19.54     8.0     1.9     5.0     4.3     4.1    12.90 C    19.8    -0.4     5.8    91.0    62.4    82.6 -99.000 -99.000 -99.000 -99.000 -99.000 -9999.0 -9999.0 -9999.0 -9999.0 -9999.0
21514 20240630  2.424 -155.58   19.54    10.2     2.0     6.1     5.8     0.0    24.59 C    29.0    -1.7     9.1    82.3    35.9    61.9 -99.000 -99.000 -99.000 -99.000 -99.000 -9999.0 -9999.0 -9999.0 -9999.0 -9999.0
21514 20240701  2.424 -155.58   19.54    12.9     2.7     7.8     9.0     0.0    29.29 C    38.0    -3.0    14.9    66.8    16.8    39.9 -99.000 -99.000 -99.000 -99.000 -99.000 -9999.0 -9999.0 -9999.0 -9999.0 -9999.0
21514 20240702  2.424 -155.58   19.54 -9999.0 -9999.0 -9999.0 -9999.0 -9999.0 -9999.00 U -9999.0 -9999.0 -9999.0 -9999.0 -9999.0 -9999.0 -99.000 -99.000 -99.000 -99.000 -99.000 -9999.0 -9999.0 -9999.0 -9999.0 -9999.0
