04140 20240101  2.622 -110.29   46.88     5.5   -10.6    -2.6    -1.1     0.0     5.39 C    13.8   -13.1    -4.2    77.0    31.1    54.3 -99.000 -99.000 -99.000   0.203   0.177    -1.4    -0.7     0.1     1.4     1.8
04140 20240102  2.622 -110.29   46.88     6.0   -12.0    -3.0    -2.9     0.0     5.76 C    10.6   -13.5    -5.5    76.2    23.1    47.9 -99.000 -99.000 -99.000   0.203   0.178    -2.0    -1.0    -0.1     1.3     1.8
04140 20240103  2.622 -110.29   46.88     6.3   -10.7    -2.2    -3.4     0.0     5.50 C    11.4   -13.1    -5.8    72.1    26.2    50.4 -99.000 -99.000 -99.000   0.203   0.177    -2.2    -1.2    -0.2     1.2     1.7
04140 20240104  2.622 -110.29   46.88     3.8   -10.7    -3.5    -0.5     0.0     3.75 C    11.6   -12.3    -3.2    72.2    45.9    56.1 -99.000 -99.000 -99.000   0.202   0.177    -1.9    -1.2    -0.3     1.1     1.6
04140 20240105  2.622 -110.29   46.88     1.3    -8.1    -3.4    -2.3     0.0     2.94 C     3.1   -12.8    -5.3    74.2    33.6    51.5 -99.000 -99.000 -99.000   0.202   0.177    -1.8    -1.1    -0.4     1.0     1.5
04140 20240106  2.622 -110.29   46.88     1.2    -6.1    -2.5    -2.8     0.0     3.13 C     4.8   -11.1    -4.9    61.4    26.4    44.1 -99.000 -99.000 -99.000   0.202   0.177    -2.4    -1.5    -0.4     1.0     1.4
04140 20240107  2.622 -110.29   46.88    -3.4   -19.3   -11.3    -9.0     1.0     2.69 C    -4.8   -22.1    -9.6    85.8    57.5    73.5 -99.000 -99.000 -99.000   0.201   0.178    -2.2    -1.4    -0.5     0.9     1.4
04140 20240108  2.622 -110.29   46.88    -4.6   -20.8   -12.7    -9.2     0.0     5.77 C    -3.5   -23.0   -12.2    79.2    41.0    57.4 -99.000 -99.000 -99.000   0.201   0.178    -3.1    -1.9    -0.7     0.8     1.3
04140 20240109  2.622 -110.29   46.88     2.0    -5.6    -1.8    -1.8     0.0     3.42 C     6.3   -10.0    -4.0    62.0    40.8    48.9 -99.000 -99.000 -99.000   0.201   0.178    -2.4    -1.8    -0.8     0.7     1.2
04140 20240110  2.622 -110.29   46.88    -1.7   -20.7   -11.2   -12.5     0.2     2.43 C    -3.8   -18.9   -10.7    83.4    46.4    71.6 -99.000 -99.000 -99.000   0.200   0.177    -3.1    -2.0    -0.9     0.6     1.1
04140 20240111  2.622 -110.29   46.88   -20.6   -31.0   -25.8   -24.3     1.9     2.58 C   -16.7   -32.1   -21.3    75.5    64.3    70.0 -99.000 -99.000 -99.000   0.182   0.177    -4.7    -3.0    -1.3     0.5     1.0
04140 20240112  2.622 -110.29   46.88   -31.0   -44.0   -37.5   -35.5     2.8     3.82 C   -28.3   -48.1   -35.4    67.0    51.9    60.3 -99.000 -99.000 -99.000 -99.000   0.177    -5.0    -3.5    -1.7     0.3     0.9
04140 20240113  2.622 -110.29   46.88   -23.9   -44.1   -34.0   -34.2     0.5     7.03 C   -22.9   -47.8   -37.8    69.9    40.1    59.2 -99.000 -99.000 -99.000 -99.000   0.176    -5.6    -4.0    -2.2     0.1     0.7
04140 20240114  2.622 -110.29   46.88   -23.9   -35.7   -29.8   -28.7     1.9     2.92 C   -21.5   -39.0   -28.3    76.1    63.4    67.1 -99.000 -99.000 -99.000 -99.000   0.193    -5.6    -4.3    -2.6    -0.2     0.5
04140 20240115  2.622 -110.29   46.88   -15.4   -39.7   -27.6   -26.4     0.0     7.43 C   -18.8   -44.8   -31.5    69.3    40.6    55.3 -99.000 -99.000 -99.000 -99.000 -99.000    -5.5    -4.3    -2.8    -0.5     0.3
04140 20240116  2.622 -110.29   46.88    -2.1   -18.7   -10.4    -7.5     0.0     5.70 C    -4.9   -26.0   -10.6    75.8    41.9    53.5 -99.000 -99.000 -99.000 -99.000 -99.000    -4.5    -3.9    -2.8    -0.7     0.1
04140 20240117  2.622 -110.29   46.88    -5.7   -17.8   -11.8   -12.4     8.9     3.07 C    -7.0   -17.5   -12.0    84.1    73.5    78.9 -99.000 -99.000 -99.000 -99.000 -99.000    -3.5    -3.1    -2.4    -0.7     0.0
04140 20240118  2.622 -110.29   46.88   -17.2   -27.0   -22.1   -20.3     0.2     7.26 C   -17.0   -33.1   -22.9    75.7    55.1    66.1 -99.000 -99.000 -99.000 -99.000 -99.000    -3.2    -2.8    -2.2    -0.7    -0.1
04140 20240119  2.622 -110.29   46.88     4.4   -29.3   -12.5   -14.4     0.0     6.81 C    -0.3   -33.9   -17.8    84.0    60.2    70.8 -99.000 -99.000 -99.000 -99.000 -99.000    -3.1    -2.7    -2.1    -0.7    -0.1
04140 20240120  2.622 -110.29   46.88     8.4     1.5     4.9     4.9     0.0     6.18 C     0.8    -0.9    -0.3    78.7    50.9    62.3 -99.000 -99.000 -99.000 -99.000 -99.000    -2.0    -2.1    -1.8    -0.7    -0.2
04140 20240121  2.622 -110.29   46.88     6.1    -2.1     2.0     3.5     0.0     4.97 C     3.9    -3.8     0.0    79.2    48.0    60.8 -99.000 -99.000 -99.000 -99.000 -99.000    -0.7    -1.1    -1.2    -0.5    -0.1
04140 20240122  2.622 -110.29   46.88     7.0    -4.6     1.2     2.2     0.0     4.67 C     8.2    -4.9    -0.4    83.4    41.9    61.4 -99.000 -99.000 -99.000 -99.000 -99.000    -0.5    -0.8    -0.9    -0.4     0.0
04140 20240123  2.622 -110.29   46.88     7.7    -1.9     2.9     3.5     0.0     5.21 C     7.7    -4.4     0.1    72.3    38.7    53.9 -99.000 -99.000 -99.000 -99.000 -99.000    -0.4    -0.6    -0.8    -0.3     0.1
04140 20240124  2.622 -110.29   46.88     6.6    -5.1     0.8     1.8     0.0     7.81 C     9.3    -6.3    -0.6    77.9    35.0    54.4 -99.000 -99.000 -99.000 -99.000 -99.000    -0.5    -0.6    -0.7    -0.2     0.1
04140 20240125  2.622 -110.29   46.88     7.2    -3.5     1.9     1.8     0.0     7.09 C     9.9    -6.7    -0.8    67.2    32.3    51.5 -99.000 -99.000 -99.000 -99.000 -99.000    -0.6    -0.6    -0.7    -0.2     0.2
04140 20240126  2.622 -110.29   46.88     5.3    -3.7     0.8     0.3     0.0     7.84 C     8.6    -7.3    -1.8    63.0    35.7    51.1 -99.000 -99.000 -99.000 -99.000 -99.000    -1.0    -0.7    -0.7    -0.1     0.2
04140 20240127  2.622 -110.29   46.88     8.8    -4.9     1.9     4.6     0.0     4.49 C    10.6    -7.9     1.1    64.4    40.3    50.1 -99.000 -99.000 -99.000 -99.000 -99.000    -1.2    -0.9    -0.7    -0.1     0.2
04140 20240128  2.622 -110.29   46.88    12.3     5.7     9.0     8.9     0.0     8.34 C    14.7    -0.4     5.6    61.5    41.3    50.5 -99.000 -99.000 -99.000 -99.000 -99.000    -0.4    -0.6    -0.7     0.0     0.3
04140 20240129  2.622 -110.29   46.88    13.9    -1.8     6.0     7.3     0.0     7.56 C    18.2    -3.8     3.9    79.1    36.3    55.3 -99.000 -99.000 -99.000 -99.000   0.194     0.0    -0.5    -0.6     0.0     0.4
04140 20240130  2.622 -110.29   46.88    17.5    -2.8     7.3     6.5     0.0     8.64 C    19.3    -4.5     2.9    81.0    18.9    49.6 -99.000 -99.000 -99.000 -99.000   0.193     0.1    -0.4    -0.6     0.1     0.4
04140 20240131  2.622 -110.29   46.88    16.2    -2.9     6.6     7.0     0.0     8.97 C    19.0    -5.5     2.9    70.7    11.2    35.4 -99.000 -99.000 -99.000 -99.000   0.193     0.0    -0.3    -0.5     0.1     0.4
04140 20240201  2.622 -110.29   46.88    14.5    -3.9     5.3     6.3     0.0     9.09 C    19.0    -5.5     2.9    77.1    17.8    39.7 -99.000 -99.000 -99.000 -99.000   0.194     0.1    -0.3    -0.5     0.2     0.5
04140 20240202  2.622 -110.29   46.88    12.9    -4.1     4.4     3.4     0.0     5.37 C    17.5    -5.5     1.8    80.4    24.8    57.6 -99.000 -99.000 -99.000 -99.000   0.188    -0.1    -0.3    -0.5     0.2     0.5
04140 20240203  2.622 -110.29   46.88     4.3    -0.7     1.8     1.9     4.5     1.86 C     7.2    -2.4     1.3    88.2    57.6    83.0 -99.000 -99.000 -99.000 -99.000   0.173     0.3    -0.2    -0.4     0.3     0.5
04140 20240204  2.622 -110.29   46.88     0.4   -10.2    -4.9    -3.5     4.2     3.67 C    -0.1   -15.1    -5.3    91.1    72.2    82.2 -99.000 -99.000 -99.000 -99.000   0.174    -0.1    -0.3    -0.4     0.3     0.5
04140 20240205  2.622 -110.29   46.88     5.6    -4.6     0.5     0.4     0.0     7.06 C     3.0   -12.7    -2.7    84.4    49.0    63.6 -99.000 -99.000 -99.000   0.181   0.175    -0.2    -0.3    -0.4     0.4     0.6
04140 20240206  2.622 -110.29   46.88     4.3    -4.1     0.1     0.1     0.2     4.53 C     6.3    -5.4    -0.9    90.4    57.1    74.5 -99.000 -99.000 -99.000   0.182   0.174    -0.2    -0.3    -0.3     0.4     0.7
04140 20240207  2.622 -110.29   46.88    -1.5    -5.2    -3.4    -3.3    10.9     4.12 C    -0.9    -6.5    -3.1    91.9    84.1    88.2 -99.000 -99.000 -99.000   0.183   0.176    -0.2    -0.3    -0.3     0.5     0.7
04140 20240208  2.622 -110.29   46.88    -2.0    -9.4    -5.7    -5.3     0.0     5.84 C    -0.5   -14.0    -7.2    87.9    70.0    82.8 -99.000 -99.000 -99.000   0.185   0.176    -0.2    -0.3    -0.2     0.5     0.7
04140 20240209  2.622 -110.29   46.88    -2.4   -17.0    -9.7    -6.8     0.3     4.66 C    -3.2   -22.1    -8.6    88.0    72.0    81.3 -99.000 -99.000 -99.000   0.200   0.175    -0.2    -0.3    -0.2     0.6     0.8
04140 20240210  2.622 -110.29   46.88    -2.6   -16.3    -9.5    -7.1     0.0    10.62 C    -4.5   -21.6   -10.7    82.8    47.0    64.1 -99.000 -99.000 -99.000   0.203   0.177    -0.2    -0.2    -0.1     0.6     0.8
04140 20240211  2.622 -110.29   46.88     4.6   -11.3    -3.3    -1.4     0.0     9.24 C     0.3   -15.2    -5.0    79.2    44.5    59.4 -99.000 -99.000 -99.000   0.202   0.176    -0.2    -0.2    -0.1     0.7     0.9
04140 20240212  2.622 -110.29   46.88     2.4    -5.4    -1.5     0.3     0.0     5.53 C    -0.2    -7.2    -2.9    82.3    49.2    60.3 -99.000 -99.000 -99.000   0.203   0.176    -0.2    -0.2     0.0     0.7     0.9
04140 20240213  2.622 -110.29   46.88    -3.8    -9.6    -6.7    -6.3     6.0     5.28 C    -2.6   -10.7    -6.3    89.4    74.3    81.7 -99.000 -99.000 -99.000   0.203   0.175    -0.2    -0.1     0.0     0.8     1.0
04140 20240214  2.622 -110.29   46.88    -9.6   -12.9   -11.3   -11.0     4.9     3.02 C    -8.6   -14.9   -11.3    83.3    73.1    79.5 -99.000 -99.000 -99.000   0.203   0.176    -0.2    -0.1     0.0     0.8     1.0
04140 20240215  2.622 -110.29   46.88   -12.2   -15.9   -14.0   -13.6     4.5     2.44 C    -9.3   -19.1   -13.4    80.7    70.9    77.5 -99.000 -99.000 -99.000   0.203   0.176    -0.2    -0.1     0.1     0.8     1.0
04140 20240216  2.622 -110.29   46.88   -10.9   -26.2   -18.6   -17.6     0.0     4.26 C   -10.3   -31.7   -22.0    79.6    53.4    71.8 -99.000 -99.000 -99.000   0.204   0.176    -0.3    -0.1     0.1     0.9     1.1
04140 20240217  2.622 -110.29   46.88     2.6   -22.2    -9.8    -9.6     0.0    10.61 C    -1.7   -27.1   -15.3    81.9    32.8    64.7 -99.000 -99.000 -99.000   0.204   0.176    -0.3    -0.1     0.1     0.9     1.1
04140 20240218  2.622 -110.29   46.88     2.7   -12.8    -5.1    -1.5     0.0     7.08 C    -0.9   -17.5    -7.0    73.9    27.8    49.4 -99.000 -99.000 -99.000   0.205   0.176    -0.4    -0.1     0.1     0.9     1.1
04140 20240219  2.622 -110.29   46.88     7.1    -1.2     3.0     3.3     0.0    11.41 C    -0.4    -7.9    -2.3    62.5    35.2    49.1 -99.000 -99.000 -99.000   0.204   0.177    -0.3    -0.1     0.1     0.9     1.1
04140 20240220  2.622 -110.29   46.88     7.6    -3.0     2.3     3.3     0.0    13.16 C     1.5    -8.1    -1.9    73.2    35.6    53.0 -99.000 -99.000 -99.000   0.218   0.210    -0.2    -0.1     0.1     0.9     1.1
04140 20240221  2.622 -110.29   46.88     6.9    -6.6     0.1     1.3     0.0    12.43 C     7.8    -6.1    -1.2    81.0    29.5    57.0 -99.000 -99.000 -99.000   0.236   0.234    -0.2    -0.1     0.1     0.9     1.1
04140 20240222  2.622 -110.29   46.88     5.9    -7.0    -0.6     1.0     0.0     9.67 C     9.3    -5.9    -0.8    80.2    38.4    54.9 -99.000 -99.000 -99.000   0.233   0.221    -0.2     0.0     0.2     0.9     1.1
04140 20240223  2.622 -110.29   46.88     5.2    -0.4     2.4     2.4     0.0    12.40 C     7.3    -3.0     0.5    55.0    33.4    45.0 -99.000 -99.000 -99.000   0.231   0.210    -0.2     0.0     0.2     0.9     1.1
04140 20240224  2.622 -110.29   46.88     7.4     2.3     4.8     4.4     0.0     7.75 C    11.3    -1.6     1.8    61.9    32.1    41.9 -99.000 -99.000 -99.000   0.230   0.208    -0.2     0.0     0.2     1.0     1.1
04140 20240225  2.622 -110.29   46.88     9.0     2.6     5.8     5.8     0.0     8.58 C    15.1    -0.4     3.5    63.4    39.0    47.1 -99.000 -99.000 -99.000   0.230   0.207    -0.1     0.1     0.2     1.0     1.1
04140 20240226  2.622 -110.29   46.88     6.8   -17.0    -5.1    -4.6     5.9     4.36 C     3.9   -15.7    -4.8    85.0    39.6    71.1 -99.000 -99.000   0.246   0.231   0.207     0.0     0.2     0.4     1.0     1.1
04140 20240227  2.622 -110.29   46.88    -7.5   -19.8   -13.7   -14.7     0.3    10.30 C    -8.5   -20.8   -14.0    79.1    51.1    69.4 -99.000 -99.000   0.247   0.233   0.207     0.0     0.1     0.4     1.0     1.2
04140 20240228  2.622 -110.29   46.88     3.6    -7.8    -2.1    -1.0     0.0     9.09 C     1.6   -12.3    -4.1    56.7    42.3    47.8 -99.000 -99.000   0.254   0.233   0.206     0.0     0.2     0.4     1.0     1.2
04140 20240229  2.622 -110.29   46.88     9.7     2.0     5.8     5.3     0.0    10.74 C    10.4    -2.9     1.7    69.8    31.5    41.3 -99.000 -99.000   0.258   0.235   0.206     0.0     0.2     0.4     1.1     1.2
04140 20240301  2.622 -110.29   46.88     5.3    -4.6     0.3    -0.3     0.0    11.39 C    15.9    -4.8     0.4    79.4    27.5    57.0 -99.000 -99.000   0.250   0.237   0.205     0.3     0.4     0.5     1.1     1.2
04140 20240302  2.622 -110.29   46.88     5.1   -12.0    -3.5    -2.3     3.7     5.00 C    10.2   -11.8    -2.6    86.1    40.4    68.8 -99.000   0.276   0.247   0.238   0.206     0.2     0.4     0.6     1.2     1.2
04140 20240303  2.622 -110.29   46.88    -2.4   -19.2   -10.8   -11.8     0.9    10.94 C    -2.7   -21.9   -12.8    81.5    39.5    72.3 -99.000   0.271   0.243   0.240   0.206     0.1     0.3     0.5     1.2     1.3
04140 20240304  2.622 -110.29   46.88    -1.0   -20.8   -10.9    -9.4     0.0    14.05 C    -1.9   -22.1   -11.8    78.9    27.4    57.2 -99.000 -99.000   0.243   0.241   0.206    -0.1     0.2     0.4     1.1     1.3
04140 20240305  2.622 -110.29   46.88    -1.8   -11.6    -6.7    -6.3     0.0    10.01 C     0.1   -14.4    -8.1    67.7    35.8    51.5 -99.000 -99.000   0.250   0.242   0.206    -0.2     0.1     0.4     1.1     1.2
04140 20240306  2.622 -110.29   46.88    -4.1   -14.6    -9.3    -8.9     0.0    13.40 C     3.3   -14.7    -7.4    84.6    46.8    67.3 -99.000 -99.000 -99.000   0.241   0.207    -0.4     0.0     0.3     1.1     1.2
04140 20240307  2.622 -110.29   46.88     0.5   -15.5    -7.5    -6.6     0.0    15.69 C     9.6   -14.4    -4.2    78.6    35.1    54.1 -99.000 -99.000 -99.000   0.241   0.206    -0.7    -0.1     0.2     1.1     1.2
04140 20240308  2.622 -110.29   46.88     7.8   -15.6    -3.9    -2.3     0.0    15.43 C    14.6   -12.4    -1.7    76.6    16.8    41.6 -99.000 -99.000 -99.000   0.241   0.207    -0.8    -0.2     0.1     1.0     1.2
04140 20240309  2.622 -110.29   46.88    12.8    -5.3     3.7     5.2     0.0    15.19 C    16.3    -6.1     2.4    56.0     9.3    22.2 -99.000 -99.000 -99.000   0.241   0.207    -0.4    -0.2     0.1     1.0     1.2
04140 20240310  2.622 -110.29   46.88    10.5    -4.6     2.9     4.8     0.0    14.78 C    14.2    -6.5     2.2    52.7    21.4    31.1 -99.000 -99.000 -99.000   0.240   0.208    -0.3    -0.2     0.1     0.9     1.1
04140 20240311  2.622 -110.29   46.88     9.9    -2.2     3.8     4.2     0.0    10.75 C    22.6    -4.2     2.8    78.3    24.7    45.7 -99.000 -99.000 -99.000   0.240   0.208     0.0    -0.1     0.1     0.9     1.1
04140 20240312  2.622 -110.29   46.88     9.3    -2.1     3.6     4.2     0.0    11.29 C    17.4    -4.3     3.5    72.2    24.5    49.3 -99.000 -99.000 -99.000   0.240   0.207     0.7     0.3     0.3     0.9     1.1
04140 20240313  2.622 -110.29   46.88     3.5    -3.9    -0.2    -0.5     1.3     7.37 C    11.3    -5.1     0.3    86.2    48.3    67.9 -99.000 -99.000   0.246   0.240   0.208     0.8     0.7     0.6     1.1     1.2
04140 20240314  2.622 -110.29   46.88     3.6    -8.1    -2.3    -2.2     6.0     6.22 C    10.6   -16.8    -3.5    90.3    48.1    77.2 -99.000   0.279   0.249   0.241   0.207     0.6     0.8     0.8     1.3     1.3
04140 20240315  2.622 -110.29   46.88    11.4   -11.1     0.2     0.4     0.0    16.62 C    20.3   -16.5    -2.0    85.6    28.6    62.6 -99.000   0.287   0.252   0.241   0.207     1.6     1.2     1.0     1.3     1.4
04140 20240316  2.622 -110.29   46.88    11.8    -4.4     3.7     3.8     0.0    12.43 C    29.6    -4.3     5.5    85.1    35.0    61.2   0.243   0.294   0.258   0.242   0.208     3.3     2.5     1.7     1.6     1.6
04140 20240317  2.622 -110.29   46.88    11.7    -5.7     3.0     2.2     0.0    16.51 C    26.6    -6.0     5.0    87.1    36.6    64.4   0.239   0.293   0.259   0.244   0.208     3.7     3.2     2.5     2.2     1.9
04140 20240318  2.622 -110.29   46.88    17.2    -4.4     6.4     7.5     0.0    17.99 C    31.0    -5.2     7.8    74.8    17.6    40.6   0.234   0.291   0.259   0.246   0.208     4.4     3.9     3.1     2.6     2.3
04140 20240319  2.622 -110.29   46.88    13.4    -3.9     4.7     5.7     0.0    18.00 C    30.8    -5.1     7.4    81.2    22.8    47.3   0.233   0.290   0.258   0.247   0.209     5.0     4.4     3.6     3.1     2.7
04140 20240320  2.622 -110.29   46.88    14.2    -4.2     5.0     3.3     0.0    14.01 C    28.8    -6.2     5.6    82.3    26.8    58.7   0.230   0.289   0.258   0.248   0.211     4.6     4.4     3.9     3.5     3.0
04140 20240321  2.622 -110.29   46.88     8.3    -7.0     0.6    -1.7     0.9     9.44 C    18.8    -4.3     1.6    88.5    40.1    76.6   0.225   0.286   0.257   0.249   0.211     3.6     3.9     3.7     3.7     3.2
04140 20240322  2.622 -110.29   46.88    -2.4    -8.3    -5.4    -5.6     0.0     6.88 C     9.2    -5.5    -1.3    87.6    72.8    83.5   0.222   0.283   0.255   0.248   0.211     2.0     2.7     3.1     3.5     3.3
04140 20240323  2.622 -110.29   46.88    -3.5    -8.5    -6.0    -6.2     2.7     4.75 C     4.9    -8.2    -3.4    88.0    77.1    84.0   0.219   0.281   0.254   0.247   0.211     1.1     1.9     2.4     3.1     3.1
04140 20240324  2.622 -110.29   46.88    -7.5   -11.1    -9.3    -9.1     0.8     8.68 C    -3.3   -14.2    -7.7    85.2    68.0    77.9   0.218   0.280   0.253   0.247   0.211     0.8     1.3     1.9     2.8     2.9
04140 20240325  2.622 -110.29   46.88    -1.9   -12.3    -7.1    -7.3     0.9    12.73 C     9.3   -16.4    -5.5    83.5    64.8    76.1   0.227   0.280   0.252   0.246   0.211     0.9     1.3     1.6     2.5     2.7
04140 20240326  2.622 -110.29   46.88     3.2    -9.9    -3.4    -2.7     0.0     9.54 C    19.1   -12.5    -1.3    86.0    30.5    67.2   0.232   0.282   0.253   0.246   0.211     1.3     1.4     1.6     2.3     2.5
04140 20240327  2.622 -110.29   46.88     8.1    -3.5     2.3     2.7     0.0    17.93 C    19.9    -6.3     3.0    68.9    19.1    42.7   0.230   0.283   0.253   0.246   0.211     1.9     1.8     1.8     2.3     2.4
04140 20240328  2.622 -110.29   46.88     7.1    -4.3     1.4     2.5     0.6     6.42 C    12.6    -6.3     2.2    89.3    43.4    70.2   0.226   0.283   0.254   0.246   0.211     2.5     2.4     2.2     2.5     2.5
04140 20240329  2.622 -110.29   46.88     0.8    -8.8    -4.0    -3.3     4.0     8.00 C    13.0   -10.6    -2.4    89.7    75.1    85.7   0.225   0.282   0.253   0.246   0.211     1.7     2.0     2.2     2.7     2.6
04140 20240330  2.622 -110.29   46.88     2.2    -4.0    -0.9    -1.7     0.0     8.07 C    14.5    -3.6     0.2    90.1    68.6    82.5   0.236   0.283   0.253   0.246   0.211     2.3     2.2     2.2     2.6     2.6
04140 20240331  2.622 -110.29   46.88     3.6    -7.8    -2.1    -1.7     0.0    13.17 C    19.7    -8.0     1.5    85.6    49.2    73.0   0.236   0.287   0.255   0.247   0.211     2.4     2.4     2.3     2.7     2.7
04140 20240401  2.622 -110.29   46.88    12.1    -5.5     3.3     3.6     0.0    19.96 C    30.6    -7.4     5.9    76.9    26.7    49.3   0.233   0.287   0.256   0.248   0.212     3.7     3.1     2.6     2.8     2.7
04140 20240402  2.622 -110.29   46.88    18.8    -4.4     7.2     8.6     0.0    19.37 C    36.1    -6.3     9.7    79.0    18.2    41.3   0.231   0.288   0.257   0.249   0.212     5.2     4.3     3.4     3.1     2.9
04140 20240403  2.622 -110.29   46.88    18.8     3.6    11.2    10.8     2.6    17.25 C    34.4    -3.1    11.6    88.1    21.0    45.6   0.232   0.288   0.258   0.250   0.213     6.9     5.7     4.4     3.8     3.3
04140 20240404  2.622 -110.29   46.88    14.3     0.1     7.2     6.1     0.2    13.54 C    31.5    -0.3     9.2    91.8    50.2    81.8   0.231   0.289   0.258   0.251   0.214     7.4     6.5     5.2     4.3     3.8
04140 20240405  2.622 -110.29   46.88     4.5    -0.3     2.1     2.3     3.3     5.09 C    12.2    -0.1     4.6    91.6    78.8    88.6   0.231   0.288   0.258   0.251   0.216     6.3     6.2     5.6     4.9     4.2
04140 20240406  2.622 -110.29   46.88    -0.1    -1.7    -0.9    -0.9    16.1     1.55 C     0.1    -3.9    -1.1    91.4    82.7    88.5   0.242   0.288   0.258   0.251   0.216     3.6     4.3     4.7     4.9     4.4
04140 20240407  2.622 -110.29   46.88     3.1    -1.7     0.7     0.9     0.0    11.90 C     0.1    -6.0    -1.2    86.3    59.3    73.3   0.256   0.298   0.262   0.251   0.216     2.5     3.1     3.7     4.4     4.2
04140 20240408  2.622 -110.29   46.88     5.7    -0.6     2.5     2.0     0.0    17.89 C    11.7    -3.3     0.4    80.7    42.3    56.7   0.274   0.314   0.275   0.258   0.215     2.7     2.9     3.2     4.0     4.0
04140 20240409  2.622 -110.29   46.88    10.8     1.7     6.3     6.0     0.0    13.22 C    21.2    -1.3     5.3    57.0    29.3    45.1   0.267   0.313   0.278   0.271   0.218     3.6     3.3     3.2     3.8     3.8
04140 20240410  2.622 -110.29   46.88     8.4    -4.8     1.8     2.1     1.5    20.49 C    30.1    -8.6     5.1    88.8    25.5    53.0   0.255   0.308   0.274   0.272   0.226     4.8     4.4     3.8     3.9     3.8
04140 20240411  2.622 -110.29   46.88    14.1    -5.5     4.3     4.8     0.0    21.22 C    34.1    -5.8     8.9    78.2    16.0    46.8   0.252   0.305   0.272   0.271   0.231     5.9     5.2     4.4     4.1     3.9
04140 20240412  2.622 -110.29   46.88    20.6    -0.2    10.2    10.7     0.0    18.95 C    35.9    -3.2    11.8    72.5    17.5    42.0   0.246   0.304   0.270   0.270   0.234     7.5     6.5     5.3     4.7     4.2
04140 20240413  2.622 -110.29   46.88    20.8     1.1    10.9    12.0     0.0    21.01 C    40.4    -0.3    13.6    74.5    14.9    40.6   0.244   0.302   0.269   0.270   0.237     8.9     7.6     6.2     5.3     4.7
04140 20240414  2.622 -110.29   46.88    21.5    -0.8    10.4    10.4     0.0    19.38 C    45.3    -2.0    13.9    82.9    21.3    51.7   0.237   0.300   0.268   0.269   0.240     9.5     8.5     7.0     5.9     5.2
04140 20240415  2.622 -110.29   46.88    12.0     3.2     7.6     7.8     4.8     5.21 C    16.6     0.7     7.5    84.3    49.4    67.5   0.236   0.298   0.267   0.269   0.242     8.2     8.1     7.4     6.4     5.7
04140 20240416  2.622 -110.29   46.88    11.2    -1.1     5.1     4.7     0.6    19.54 C    23.5    -1.3     6.7    81.8    22.3    49.7   0.243   0.300   0.267   0.269   0.243     7.1     7.0     6.7     6.4     5.8
04140 20240417  2.622 -110.29   46.88     0.4    -5.3    -2.5    -2.7     3.5    13.80 C    16.8    -8.4     1.0    83.6    41.9    59.1   0.236   0.296   0.266   0.268   0.243     5.5     6.0     6.2     6.2     5.8
04140 20240418  2.622 -110.29   46.88     1.3   -10.6    -4.6    -3.8     0.0    20.69 C    17.7   -17.5    -2.5    65.8    33.7    48.3   0.234   0.294   0.265   0.267   0.243     5.0     5.3     5.5     5.9     5.7
04140 20240419  2.622 -110.29   46.88    -0.9   -13.4    -7.2    -5.7     0.0    17.12 C    20.3   -10.9     0.3    77.4    40.8    56.8   0.231   0.292   0.263   0.266   0.243     3.3     4.1     4.8     5.5     5.4
04140 20240420  2.622 -110.29   46.88     8.5   -10.5    -1.0     0.2     0.0    24.99 C    32.7    -9.3     7.4    79.1    26.3    47.3   0.231   0.292   0.262   0.265   0.243     5.2     4.8     4.5     5.1     5.1
04140 20240421  2.622 -110.29   46.88    17.2    -2.2     7.5     8.0     0.0    17.34 C    32.9    -6.0     8.2    55.3    16.8    30.6   0.230   0.292   0.262   0.265   0.243     6.3     5.9     5.3     5.3     5.0
04140 20240422  2.622 -110.29   46.88    11.2    -3.3     4.0     4.3     0.0    25.69 C    32.2    -6.3     8.5    50.0    13.3    29.7   0.227   0.291   0.262   0.264   0.243     6.9     6.4     5.7     5.5     5.2
04140 20240423  2.622 -110.29   46.88    15.1    -7.6     3.8     5.2     0.0    25.36 C    40.2    -8.7    11.0    69.6    14.0    35.7   0.225   0.290   0.261   0.264   0.243     7.7     6.9     6.1     5.7     5.4
04140 20240424  2.622 -110.29   46.88    20.5    -1.9     9.3    11.4     0.0    24.10 C    44.0    -3.8    15.5    65.0     8.6    30.2   0.223   0.290   0.261   0.264   0.243     9.6     8.4     7.0     6.2     5.7
04140 20240425  2.622 -110.29   46.88    16.3     3.6    10.0    10.4     0.0    13.26 C    40.8    -0.2    12.8    67.8    25.6    44.8   0.219   0.290   0.262   0.265   0.243    10.3     9.4     8.1     6.9     6.1
04140 20240426  2.622 -110.29   46.88    12.4    -1.2     5.6     7.1     0.2    13.85 C    33.2    -1.5    10.7    83.7    31.5    52.5   0.216   0.288   0.260   0.265   0.243     9.3     8.9     8.1     7.3     6.5
04140 20240427  2.622 -110.29   46.88    12.2     1.7     7.0     6.7     0.0    10.53 C    26.9     1.4     9.4    88.7    39.5    68.4   0.212   0.287   0.260   0.265   0.244     9.1     8.8     8.1     7.4     6.7
04140 20240428  2.622 -110.29   46.88    12.4    -0.7     5.9     6.8     0.0    21.74 C    36.1    -2.8    10.9    83.9    24.7    48.6   0.210   0.285   0.259   0.264   0.242     9.2     8.7     7.9     7.4     6.9
04140 20240429  2.622 -110.29   46.88    13.2     0.5     6.9     4.7     2.8    13.42 C    37.4    -1.6     8.1    86.3    25.4    61.8   0.206   0.284   0.258   0.264   0.242     8.6     8.5     8.0     7.5     7.0
04140 20240430  2.622 -110.29   46.88     7.0    -4.6     1.2     1.7     0.0    21.98 C    25.6    -5.5     5.0    86.5    23.9    47.3   0.203   0.281   0.257   0.263   0.242     7.1     7.4     7.4     7.4     7.0
04140 20240501  2.622 -110.29   46.88     5.9    -7.0    -0.6    -0.1     2.7    16.19 C    33.3    -7.3     3.1    87.7    24.4    59.5   0.200   0.279   0.255   0.262   0.242     6.3     6.5     6.7     7.1     6.8
04140 20240502  2.622 -110.29   46.88     4.5    -1.5     1.5     0.8     0.9    17.96 C    24.3    -3.5     3.8    82.9    40.0    62.5   0.199   0.278   0.255   0.261   0.240     6.2     6.3     6.4     6.8     6.6
04140 20240503  2.622 -110.29   46.88     6.7    -4.5     1.1     1.0     0.0    13.32 C    26.7    -6.7     4.0    76.6    36.7    54.9   0.199   0.277   0.254   0.260   0.240     5.7     6.0     6.1     6.6     6.4
04140 20240504  2.622 -110.29   46.88    14.5    -8.5     3.0     5.8     0.0    25.01 C    38.2    -8.5    11.3    81.1    21.4    43.2   0.200   0.277   0.253   0.260   0.240     7.5     6.7     6.2     6.4     6.3
04140 20240505  2.622 -110.29   46.88    15.5     2.4     8.9     9.0     0.0    14.72 C    39.4     2.4    12.8    76.0    30.9    48.7   0.199   0.278   0.254   0.261   0.240     9.2     8.4     7.4     6.8     6.3
04140 20240506  2.622 -110.29   46.88    10.1     5.2     7.7     7.4     0.0     8.51 C    18.5     3.9     8.8    75.0    34.6    48.9   0.197   0.278   0.254   0.260   0.239     8.6     8.5     7.8     7.3     6.7
04140 20240507  2.622 -110.29   46.88     5.7    -0.4     2.6     3.5    14.4    10.41 C    15.5    -0.9     5.5    84.2    38.1    58.7   0.193   0.275   0.253   0.259   0.239     7.1     7.4     7.4     7.3     6.9
04140 20240508  2.622 -110.29   46.88     6.3    -0.4     2.9     3.7    11.9     8.48 C     9.8    -1.2     3.3    83.3    70.2    76.4   0.239   0.298   0.263   0.260   0.238     5.2     5.9     6.4     7.0     6.8
04140 20240509  2.622 -110.29   46.88    12.4    -1.8     5.3     6.6     0.5     8.83 C    24.4    -1.2     7.8    89.9    51.2    75.7   0.263   0.318   0.279   0.269   0.238     7.1     6.7     6.3     6.6     6.5
04140 20240510  2.622 -110.29   46.88    18.8    -3.8     7.5     8.7     0.0    27.84 C    35.4    -3.4    13.0    89.5    21.3    53.9   0.254   0.313   0.277   0.273   0.241     9.4     8.3     7.1     6.7     6.5
04140 20240511  2.622 -110.29   46.88    20.8    -1.3     9.7    11.9     0.0    26.67 C    40.3    -1.4    15.7    80.4    18.6    42.6   0.247   0.309   0.274   0.273   0.246    11.3    10.1     8.6     7.5     6.9
04140 20240512  2.622 -110.29   46.88    20.8     1.5    11.2    13.5     0.0    24.58 C    45.8     0.9    17.7    77.7    21.8    46.4   0.241   0.306   0.272   0.274   0.249    12.8    11.5     9.7     8.2     7.4
04140 20240513  2.622 -110.29   46.88    21.7     2.3    12.0    13.7     0.0    26.74 C    41.3     1.4    17.9    80.5    12.7    42.1   0.234   0.303   0.271   0.272   0.250    13.8    12.5    10.6     9.0     8.0
04140 20240514  2.622 -110.29   46.88    13.8     2.1     7.9     7.8     0.4    11.25 C    32.0     0.6    10.2    82.6    42.8    64.9   0.227   0.299   0.269   0.273   0.251    11.6    11.6    10.8     9.5     8.6
04140 20240515  2.622 -110.29   46.88    18.1    -2.4     7.9     9.8     0.0    20.32 C    37.9    -2.5    13.2    87.7    26.1    51.7   0.223   0.295   0.266   0.272   0.250    11.2    10.7    10.0     9.5     8.7
04140 20240516  2.622 -110.29   46.88    21.1     8.5    14.8    14.9     0.0    18.60 C    34.8     4.9    15.1    57.3    17.7    35.9   0.218   0.293   0.265   0.271   0.249    11.9    11.2    10.2     9.5     8.8
04140 20240517  2.622 -110.29   46.88    16.1     2.6     9.4     9.7     0.0    25.20 C    36.4    -0.2    12.8    64.1    21.8    34.1   0.211   0.291   0.264   0.270   0.249    11.9    11.3    10.4     9.6     8.9
04140 20240518  2.622 -110.29   46.88    14.2    -3.8     5.2     7.0     0.0    27.07 C    41.3    -4.9    13.5    69.9    16.4    35.7   0.203   0.287   0.262   0.270   0.249    11.4    10.8    10.1     9.6     9.0
04140 20240519  2.622 -110.29   46.88     8.5    -3.2     2.7     2.7     4.9    12.90 C    23.1    -3.1     6.2    89.3    41.4    73.2   0.198   0.285   0.261   0.269   0.248    10.2    10.5    10.2     9.7     9.0
04140 20240520  2.622 -110.29   46.88     9.0    -5.2     1.9     2.9     1.7    16.74 C    21.0    -4.7     6.4    85.2    43.6    69.6   0.197   0.282   0.259   0.267   0.247     8.6     8.9     9.2     9.3     9.0
04140 20240521  2.622 -110.29   46.88    12.7    -4.0     4.3     5.1     0.0    20.52 C    30.2    -3.5     7.9    86.9    31.5    58.7   0.198   0.281   0.258   0.266   0.246     8.9     8.9     8.8     9.0     8.7
04140 20240522  2.622 -110.29   46.88    10.9     0.0     5.4     6.3    11.2    11.49 C    26.8    -1.1     8.8    88.5    45.7    66.7   0.206   0.281   0.256   0.265   0.245     8.8     8.8     8.7     8.9     8.5
04140 20240523  2.622 -110.29   46.88     8.2     0.5     4.4     4.2    18.5     8.57 C    19.3    -0.5     6.1    88.6    52.1    75.0   0.280   0.326   0.283   0.274   0.244     8.0     8.3     8.5     8.7     8.4
04140 20240524  2.622 -110.29   46.88    14.3     0.4     7.3     7.2     0.0    24.09 C    28.1    -0.4     9.2    77.7    29.4    54.1   0.264   0.319   0.284   0.285   0.257     8.7     8.3     8.1     8.4     8.2
04140 20240525  2.622 -110.29   46.88    13.7    -2.0     5.9     7.2     2.9    14.91 C    25.5    -0.9     9.3    86.4    33.9    63.1   0.259   0.313   0.279   0.282   0.265     9.3     8.9     8.5     8.4     8.2
04140 20240526  2.622 -110.29   46.88    13.7    -0.7     6.5     7.6     0.0    22.88 C    25.7    -0.7     9.1    82.8    26.4    46.2   0.257   0.311   0.277   0.280   0.264     9.2     9.0     8.6     8.5     8.2
04140 20240527  2.622 -110.29   46.88    18.2    -1.8     8.2     9.6     0.0    23.26 C    35.6    -2.0    12.9    79.9    30.2    49.9   0.250   0.307   0.274   0.278   0.264    10.7     9.7     8.9     8.6     8.3
04140 20240528  2.622 -110.29   46.88    24.1    -0.5    11.8    13.8     0.3    28.62 C    41.6    -0.4    17.9    86.6    20.2    51.3   0.243   0.305   0.272   0.277   0.262    13.4    11.7    10.0     9.0     8.5
04140 20240529  2.622 -110.29   46.88    15.4     2.7     9.1    11.0     0.0     9.22 C    30.6     0.9    11.2    81.4    26.0    51.6   0.234   0.302   0.271   0.276   0.262    12.3    12.0    11.0     9.8     9.0
04140 20240530  2.622 -110.29   46.88    12.3    -0.1     6.1     6.5     0.0    25.42 C    34.5    -2.1    11.0    68.8    22.4    41.6   0.228   0.297   0.269   0.275   0.261    10.9    10.7    10.2     9.8     9.2
04140 20240531  2.622 -110.29   46.88    16.0    -3.5     6.2     7.7     0.0    29.48 C    38.6    -4.9    13.2    70.9    19.4    40.9   0.221   0.295   0.266   0.273   0.258    11.6    10.9    10.1     9.7     9.2
04140 20240601  2.622 -110.29   46.88    22.4    -3.4     9.5    11.5     0.2    26.69 C    44.1    -3.3    16.7    80.3    16.7    44.0   0.212   0.293   0.265   0.272   0.258    13.2    12.0    10.7     9.9     9.3
04140 20240602  2.622 -110.29   46.88    18.9     6.4    12.6    12.7     0.0    20.16 C    40.7     5.4    16.9    78.0    25.6    50.0   0.203   0.291   0.265   0.271   0.257    14.1    13.0    11.6    10.4     9.6
04140 20240603  2.622 -110.29   46.88    19.5     6.9    13.2    12.0     1.0    19.00 C    40.4     4.7    14.6    83.4    36.6    53.9   0.193   0.288   0.263   0.271   0.256    13.9    13.3    12.0    10.8     9.9
04140 20240604  2.622 -110.29   46.88    17.3     5.1    11.2    11.7     0.0    26.48 C    34.3     2.4    15.5    48.8    31.2    39.2   0.183   0.283   0.261   0.270   0.254    13.0    12.4    11.7    11.0    10.2
04140 20240605  2.622 -110.29   46.88    20.3     5.0    12.7    14.8     0.0    30.59 C    42.2     2.3    19.7    52.3    16.9    28.9   0.174   0.279   0.259   0.270   0.252    15.1    13.7    12.2    11.1    10.3
04140 20240606  2.622 -110.29   46.88    21.9     0.1    11.0    12.9     0.0    30.57 C    47.2    -0.7    19.6    74.2    23.1    41.2   0.162   0.273   0.257   0.269   0.251    15.8    14.5    12.9    11.4    10.6
04140 20240607  2.622 -110.29   46.88    20.1     4.6    12.3    13.6     0.0    29.68 C    47.8     2.8    20.4    78.1    31.6    47.8   0.151   0.267   0.254   0.268   0.250    16.8    15.4    13.7    11.9    11.0
04140 20240608  2.622 -110.29   46.88    20.5     2.4    11.4    12.9     0.0    27.91 C    47.7     1.8    19.6    83.3    36.7    53.0   0.143   0.259   0.251   0.267   0.249    17.0    15.8    14.1    12.5    11.4
04140 20240609  2.622 -110.29   46.88    20.0     2.6    11.3    13.0     0.0    25.18 C    44.9     2.9    20.2    82.3    40.3    55.9   0.137   0.252   0.247   0.266   0.248    17.1    15.9    14.4    12.8    11.8
04140 20240610  2.622 -110.29   46.88    21.8    11.2    16.5    16.3     0.4    21.93 C    42.5     6.2    19.8    79.5    24.6    46.5   0.133   0.246   0.245   0.265   0.246    17.4    16.3    14.8    13.2    12.1
04140 20240611  2.622 -110.29   46.88    25.8     3.1    14.5    17.3     0.0    27.62 C    44.8     2.3    20.7    76.6    18.9    36.9   0.128   0.237   0.240   0.263   0.244    17.2    16.0    14.6    13.3    12.3
04140 20240612  2.622 -110.29   46.88    23.3     2.9    13.1    16.9     0.0    30.26 C    46.7     1.1    20.5    47.0     7.5    21.9   0.124   0.230   0.235   0.261   0.242    17.6    16.5    14.9    13.5    12.5
04140 20240613  2.622 -110.29   46.88    23.3    -2.5    10.4    13.1     0.0    31.03 C    48.8    -2.4    20.4    69.6    18.2    35.7   0.121   0.222   0.230   0.259   0.239    17.6    16.4    15.0    13.6    12.6
04140 20240614  2.622 -110.29   46.88    27.9     4.7    16.3    17.9     0.0    25.25 C    50.6     3.4    22.3    73.9    13.9    40.1   0.118   0.217   0.226   0.256   0.236    18.5    17.1    15.5    13.9    12.8
04140 20240615  2.622 -110.29   46.88    23.2     6.0    14.6    12.1     0.4    18.07 C    42.3     3.9    16.0    75.4    21.7    49.3   0.115   0.212   0.222   0.254   0.234    17.3    16.8    15.7    14.1    13.1
04140 20240616  2.622 -110.29   46.88    15.8     3.5     9.7     8.9     0.0    28.09 C    41.3     1.5    15.6    69.4    15.0    30.9   0.113   0.207   0.217   0.252   0.232    15.5    15.2    14.7    14.0    13.2
04140 20240617  2.622 -110.29   46.88     6.9     1.1     4.0     4.3    15.2     6.05 C    15.5     3.2     7.7    88.7    68.4    79.7   0.119   0.204   0.215   0.250   0.231    12.8    13.8    14.0    13.7    13.0
04140 20240618  2.622 -110.29   46.88    10.1     1.3     5.7     4.9     5.2    13.50 C    25.1     2.5     8.9    88.3    53.7    76.5   0.222   0.202   0.212   0.248   0.230    11.3    11.9    12.5    13.0    12.6
04140 20240619  2.622 -110.29   46.88    15.7    -1.0     7.4     8.5     0.0    23.18 C    31.7     0.0    12.0    87.7    29.3    61.9   0.230   0.206   0.212   0.247   0.229    12.4    12.2    12.1    12.4    12.1
04140 20240620  2.622 -110.29   46.88    20.2    -1.3     9.5    10.5     0.0    21.95 C    36.9     0.2    14.0    89.7    29.5    62.5   0.213   0.212   0.212   0.246   0.228    13.5    13.0    12.4    12.2    11.8
04140 20240621  2.622 -110.29   46.88    20.5     4.1    12.3    11.8     5.7    15.88 C    35.2     4.8    14.9    89.1    43.5    75.6   0.203   0.215   0.213   0.246   0.228    14.4    13.8    13.0    12.4    11.9
04140 20240622  2.622 -110.29   46.88    24.6     4.6    14.6    15.9     0.0    25.58 C    41.7     5.3    18.8    91.0    21.4    60.2   0.216   0.218   0.214   0.245   0.228    16.2    15.0    13.5    12.6    12.0
04140 20240623  2.622 -110.29   46.88 -9999.0 -9999.0 -9999.0 -9999.0     0.0 -9999.00 U -9999.0 -9999.0 -9999.0 -9999.0 -9999.0 -9999.0 -99.000 -99.000 -99.000 -99.000 -99.000 -9999.0 -9999.0 -9999.0 -9999.0 -9999.0
04140 20240624  2.622 -110.29   46.88    27.3     7.0    17.1    17.3     0.0    22.95 C    46.1     5.9    21.3    79.6    12.2    42.4   0.178   0.220   0.216   0.244   0.226    19.0    17.6    15.7    13.8    12.8
04140 20240625  2.622 -110.29   46.88    21.9     1.3    11.6    13.6     0.0    26.26 C    46.2     2.0    20.6    76.0    26.4    44.0   0.159   0.218   0.216   0.244   0.225    18.7    17.6    16.0    14.3    13.2
04140 20240626  2.622 -110.29   46.88    27.4     2.7    15.0    17.6     0.0    23.80 C    47.3     2.9    21.9    79.3    18.8    44.9   0.145   0.215   0.214   0.243   0.224    18.9    17.7    16.2    14.6    13.6
04140 20240627  2.622 -110.29   46.88    18.9     9.4    14.1    14.7     8.1    14.49 C    28.6     6.6    15.2    85.2    23.0    55.9   0.142   0.212   0.213   0.242   0.222    17.2    17.3    16.3    14.9    13.8
04140 20240628  2.622 -110.29   46.88    11.9     1.7     6.8     9.4     2.0     9.66 C    19.0     2.9    10.3    86.8    43.5    61.8   0.145   0.207   0.210   0.241   0.222    13.1    14.1    14.6    14.5    13.8
04140 20240629  2.622 -110.29   46.88    21.9    -0.9    10.5    12.5     0.0    29.19 C    38.5     0.3    17.7    88.9    32.8    57.7   0.146   0.208   0.209   0.239   0.221    15.6    14.6    13.8    13.7    13.3
04140 20240630  2.622 -110.29   46.88    26.1     8.0    17.1    15.8     2.0    16.14 C    44.4     7.5    18.6    81.2    27.9    61.5   0.142   0.210   0.210   0.238   0.219    17.2    16.4    15.1    13.9    13.2
04140 20240701  2.622 -110.29   46.88    20.7     7.8    14.3    14.3     0.5    19.38 C    39.0     8.3    17.3    83.9    30.5    57.1   0.138   0.209   0.209   0.237   0.218    16.5    16.0    15.1    14.2    13.4
04140 20240702  2.622 -110.29   46.88 -9999.0 -9999.0 -9999.0 -9999.0 -9999.0 -9999.00 U -9999.0 -9999.0 -9999.0 -9999.0 -9999.0 -9999.0 -99.000 -99.000 -99.000 -99.000 -99.000 -9999.0 -9999.0 -9999.0 -9999.0 -9999.0
