93243 20240101  2.622 -120.88   37.24    16.1     3.9    10.0     8.9     0.0     8.82 C    19.7    -0.4     6.6   100.0    65.6    92.5   0.178   0.189   0.195   0.237   0.228    10.5    11.2    12.2    11.8    12.6
93243 20240102  2.622 -120.88   37.24    10.3     3.2     6.8     8.2     5.4     1.39 C    10.9    -0.1     8.2   100.0    92.5    99.4   0.175   0.187   0.198   0.238   0.229    10.3    11.0    11.9    11.6    12.5
93243 20240103  2.622 -120.88   37.24    13.6     4.8     9.2     8.2     0.0     5.47 C    18.6     0.3     6.9   100.0    63.0    93.0   0.193   0.193   0.202   0.246   0.230    10.3    10.9    11.8    11.5    12.3
93243 20240104  2.622 -120.88   37.24    15.6     3.0     9.3     8.0     0.0    11.68 C    17.3    -1.3     5.1   100.0    45.1    84.8   0.186   0.193   0.204   0.245   0.229     9.2    10.1    11.5    11.0    12.2
93243 20240105  2.622 -120.88   37.24    15.1     1.4     8.2     7.6     0.0     9.13 C    17.3    -2.1     5.6   100.0    63.1    91.8   0.178   0.192   0.204   0.245   0.228     9.1    10.0    11.1    10.8    11.9
93243 20240106  2.622 -120.88   37.24     8.8    -0.9     4.0     5.0     3.1     1.46 C     8.4    -2.8     2.9   100.0    87.4    98.2   0.176   0.191   0.204   0.245   0.226     8.0     9.2    10.7    10.2    11.7
93243 20240107  2.622 -120.88   37.24    12.6    -0.4     6.1     5.0     0.0    12.32 C    13.1    -4.9     1.6    99.9    38.1    75.1   0.179   0.193   0.205   0.246   0.222     7.3     8.6    10.3     9.7    11.3
93243 20240108  2.622 -120.88   37.24    12.1    -2.0     5.0     4.7     0.0    11.97 C    16.6    -6.6     1.0   100.0    43.8    79.1   0.175   0.193   0.206   0.244   0.219     6.2     7.7     9.6     9.0    10.9
93243 20240109  2.622 -120.88   37.24    14.7    -1.0     6.8     6.6     0.0     8.11 C    17.2    -4.4     5.0   100.0    49.8    81.9   0.172   0.193   0.207   0.244   0.217     7.0     8.0     9.2     8.9    10.4
93243 20240110  2.622 -120.88   37.24    14.9    -0.9     7.0     7.8     1.0     5.86 C    20.1    -4.1     5.8   100.0    54.4    85.9   0.170   0.193   0.209   0.243   0.216     7.9     8.5     9.4     9.2    10.3
93243 20240111  2.622 -120.88   37.24    12.3    -1.5     5.4     6.3     0.0    12.65 C    14.9    -5.8     2.7    99.9    31.3    64.4   0.167   0.193   0.210   0.244   0.216     7.6     8.4     9.7     9.3    10.4
93243 20240112  2.622 -120.88   37.24    12.2    -2.3     5.0     4.5     0.0     6.35 C    17.1    -5.9     2.3   100.0    41.9    82.7   0.164   0.193   0.209   0.242   0.215     6.3     7.6     9.2     8.7    10.3
93243 20240113  2.622 -120.88   37.24     9.4     3.4     6.4     6.6     1.5     2.50 C    10.3     0.4     6.1   100.0    73.3    91.7   0.163   0.193   0.210   0.241   0.213     7.6     8.3     9.2     9.0    10.1
93243 20240114  2.622 -120.88   37.24    17.9     7.0    12.4    10.6     0.9    11.78 C    20.7     4.7    10.5   100.0    58.1    88.1   0.163   0.194   0.211   0.242   0.213     9.2     9.3     9.6     9.6    10.2
93243 20240115  2.622 -120.88   37.24    12.5     3.9     8.2     9.4     0.0     2.30 C    15.3     0.7     9.0   100.0    80.2    94.2   0.162   0.195   0.212   0.243   0.216     9.6     9.8    10.1    10.1    10.5
93243 20240116  2.622 -120.88   37.24    12.0     9.1    10.5    10.0     4.2     2.22 C    14.3     8.9    10.2   100.0    83.7    97.1   0.162   0.196   0.214   0.244   0.219    10.3    10.4    10.6    10.5    10.8
93243 20240117  2.622 -120.88   37.24    15.9     4.3    10.1    10.4     0.6     7.64 C    20.0     0.9    10.0   100.0    69.0    93.5   0.170   0.200   0.216   0.249   0.223    10.5    10.6    10.9    10.8    11.1
93243 20240118  2.622 -120.88   37.24    13.1     2.4     7.7     7.7     0.0     4.17 C    15.8    -0.3     6.5   100.0    84.0    97.5   0.171   0.201   0.217   0.251   0.224     9.1     9.8    10.7    10.4    11.2
93243 20240119  2.622 -120.88   37.24    12.9     4.9     8.9     9.8     5.6     2.37 C    14.2     3.4     9.6   100.0    90.5    99.3   0.170   0.202   0.218   0.251   0.223     9.9    10.2    10.7    10.5    11.1
93243 20240120  2.622 -120.88   37.24    17.1     9.3    13.2    12.5    19.1     4.71 C    17.7     8.4    12.9   100.0    74.8    95.0   0.203   0.219   0.223   0.270   0.223    11.3    11.1    11.1    11.1    11.3
93243 20240121  2.622 -120.88   37.24    18.4    10.4    14.4    13.3     5.8     7.46 C    21.4    10.5    13.7   100.0    65.4    89.4   0.225   0.272   0.254   0.326   0.223    11.9    11.7    11.5    11.6    11.6
93243 20240122  2.622 -120.88   37.24    14.7     9.0    11.8    12.4    26.9     2.81 C    17.4     5.4    11.2   100.0    90.7    99.0   0.245   0.293   0.329   0.324   0.351    12.1    12.0    12.0    12.0    11.9
93243 20240123  2.622 -120.88   37.24    17.4     7.2    12.3    12.0     0.0     7.24 C    20.9     4.8    11.5   100.0    64.8    91.6   0.221   0.274   0.323   0.311   0.394    11.6    11.8    12.1    11.9    12.1
93243 20240124  2.622 -120.88   37.24    14.2    10.0    12.1    11.9     8.5     2.72 C    13.2     7.8    11.3   100.0    90.7    99.0   0.230   0.276   0.319   0.313   0.339    11.8    11.9    12.1    12.0    12.2
93243 20240125  2.622 -120.88   37.24    17.4     7.6    12.5    11.8     0.0    13.46 C    18.6     4.4    10.4   100.0    52.1    85.7   0.223   0.276   0.321   0.312   0.315    11.7    11.9    12.2    12.0    12.3
93243 20240126  2.622 -120.88   37.24    17.0     4.9    10.9    11.2     0.0     8.12 C    19.9     3.1    10.3   100.0    58.4    88.5   0.217   0.269   0.313   0.309   0.293    11.1    11.5    12.0    11.8    12.3
93243 20240127  2.622 -120.88   37.24    16.7     6.6    11.7    11.3     0.0     6.18 C    20.0     3.8     9.8   100.0    64.1    92.8   0.213   0.265   0.308   0.306   0.281    11.1    11.5    12.0    11.8    12.3
93243 20240128  2.622 -120.88   37.24    19.1     5.3    12.2    10.6     0.0    10.94 C    22.2     2.1     8.8   100.0    52.8    91.8   0.210   0.262   0.303   0.307   0.271    10.5    11.1    11.8    11.5    12.2
93243 20240129  2.622 -120.88   37.24    22.8     6.3    14.6    12.4     0.0    12.12 C    23.5     2.9    10.3   100.0    54.2    89.7   0.205   0.259   0.300   0.311   0.264    10.7    11.1    11.7    11.5    12.1
93243 20240130  2.622 -120.88   37.24    21.0     6.9    14.0    13.2     0.0    10.24 C    24.2     4.7    11.7   100.0    63.5    88.4   0.201   0.255   0.297   0.307   0.257    11.2    11.4    11.8    11.6    12.1
93243 20240131  2.622 -120.88   37.24    17.0     9.3    13.1    13.1    10.8     0.81 C    14.8     4.0    10.5   100.0    44.2    72.8   0.200   0.253   0.295   0.304   0.256    11.2    11.5    11.9    11.7    12.2
93243 20240201  2.622 -120.88   37.24    15.7     7.1    11.4    11.2    19.2     8.62 C    20.8     3.6    10.0   100.0    65.9    90.3   0.252   0.296   0.324   0.328   0.273    11.4    11.6    12.0    11.9    12.2
93243 20240202  2.622 -120.88   37.24    15.9     6.2    11.0    10.4     7.1    10.03 C    19.9     2.8    10.3   100.0    56.9    84.0   0.243   0.293   0.327   0.326   0.264    10.7    11.3    11.9    11.7    12.2
93243 20240203  2.622 -120.88   37.24    13.7     5.8     9.7     9.6     5.6     6.32 C    16.3     3.7     9.0   100.0    58.8    87.1   0.235   0.290   0.327   0.323   0.254    10.2    10.9    11.7    11.4    12.1
93243 20240204  2.622 -120.88   37.24    14.6     8.7    11.7    11.3    16.0     5.16 C    15.3     6.2    10.4   100.0    76.7    92.8   0.260   0.308   0.345   0.347   0.271    10.8    11.2    11.7    11.5    12.0
93243 20240205  2.622 -120.88   37.24    15.0     7.7    11.3    11.5     1.4     6.64 C    17.9     5.9    11.8   100.0    69.3    88.2   0.238   0.297   0.345   0.339   0.272    11.3    11.5    11.8    11.7    12.1
93243 20240206  2.622 -120.88   37.24    14.4     6.5    10.5    10.1     0.2     8.10 C    18.7     1.0     9.1   100.0    66.8    92.4   0.229   0.291   0.342   0.335   0.265    10.9    11.3    11.9    11.7    12.2
93243 20240207  2.622 -120.88   37.24    11.5     5.4     8.4     7.9    12.0     2.95 C    12.5     0.0     6.0   100.0    68.2    93.1   0.239   0.296   0.344   0.341   0.264     9.3    10.4    11.6    11.2    12.1
93243 20240208  2.622 -120.88   37.24    13.1     3.7     8.4     8.1     0.7    12.06 C    18.7     1.4     9.1   100.0    53.2    88.3   0.243   0.302   0.352   0.346   0.274     9.6    10.3    11.3    10.9    11.8
93243 20240209  2.622 -120.88   37.24    13.3     0.8     7.0     6.5     0.0    11.84 C    22.1     1.0     7.8   100.0    56.6    89.3   0.234   0.295   0.348   0.338   0.267     8.4     9.6    11.0    10.5    11.6
93243 20240210  2.622 -120.88   37.24    14.7     2.6     8.6     8.8     0.0    16.23 C    21.1    -0.7     8.4   100.0    42.2    76.8   0.227   0.290   0.345   0.335   0.263     8.7     9.6    10.8    10.4    11.4
93243 20240211  2.622 -120.88   37.24    16.0     0.4     8.2     8.2     0.0    14.89 C    21.4    -1.2     6.2   100.0    53.9    84.3   0.222   0.286   0.343   0.333   0.260     7.8     9.0    10.4    10.0    11.2
93243 20240212  2.622 -120.88   37.24    16.3     0.7     8.5     8.4     0.0    13.87 C    21.0    -2.5     5.2   100.0    53.3    85.7   0.220   0.282   0.341   0.331   0.258     7.6     8.8    10.2     9.7    11.0
93243 20240213  2.622 -120.88   37.24    16.7     1.7     9.2     9.3     0.0    12.38 C    22.6    -1.5     6.8   100.0    52.9    86.1   0.217   0.280   0.339   0.329   0.257     7.9     8.9    10.0     9.7    10.8
93243 20240214  2.622 -120.88   37.24    17.2     4.2    10.7    11.1     8.5    10.45 C    21.2     0.0    10.0   100.0    57.3    88.9   0.215   0.278   0.338   0.328   0.256     9.1     9.6    10.2    10.0    10.8
93243 20240215  2.622 -120.88   37.24    17.5     5.8    11.6    11.5     0.0    13.47 C    22.3     1.4     9.4   100.0    50.0    87.2   0.239   0.288   0.340   0.332   0.258    10.1    10.3    10.6    10.6    10.9
93243 20240216  2.622 -120.88   37.24    15.8     6.1    11.0    11.0     0.0     7.49 C    21.1     2.8     9.1   100.0    70.1    90.3   0.229   0.286   0.342   0.332   0.260     9.6    10.1    10.7    10.5    11.1
93243 20240217  2.622 -120.88   37.24    13.4     9.0    11.2    11.2     2.7     1.40 C    15.1     6.5    11.5   100.0    88.1    98.3   0.226   0.285   0.341   0.332   0.260    10.4    10.6    10.9    10.8    11.2
93243 20240218  2.622 -120.88   37.24    20.4     6.1    13.3    13.7     7.0    12.30 C    23.1     4.2    14.6   100.0    56.4    86.9   0.229   0.286   0.342   0.332   0.261    11.3    11.2    11.2    11.2    11.4
93243 20240219  2.622 -120.88   37.24    21.0    11.4    16.2    15.3    12.2    15.48 C    23.7     8.3    15.6   100.0    42.3    75.9   0.258   0.321   0.373   0.373   0.391    12.6    12.1    11.8    11.9    11.7
93243 20240220  2.622 -120.88   37.24    19.2     7.0    13.1    12.1     1.5    11.52 C    23.7     2.2    11.1   100.0    52.0    87.1   0.239   0.300   0.363   0.351   0.321    11.5    11.7    12.0    11.8    12.0
93243 20240221  2.622 -120.88   37.24    17.7     7.2    12.5    11.3     0.0    15.49 C    23.2     2.2    12.1   100.0    48.1    84.9   0.233   0.295   0.358   0.347   0.315    10.9    11.3    11.9    11.7    12.0
93243 20240222  2.622 -120.88   37.24    18.8     4.0    11.4    10.8     0.0    17.50 C    23.2     0.8     9.2   100.0    47.4    84.7   0.228   0.291   0.355   0.345   0.325     9.7    10.5    11.6    11.3    12.0
93243 20240223  2.622 -120.88   37.24    18.4     3.9    11.1    10.2     0.0    12.79 C    21.8     0.0     7.4   100.0    50.7    87.3   0.223   0.287   0.353   0.343   0.391     9.1    10.1    11.3    10.9    11.8
93243 20240224  2.622 -120.88   37.24    20.7     3.4    12.1    12.2     0.0    16.70 C    24.6     1.7    10.2   100.0    45.1    83.2   0.220   0.284   0.351   0.341   0.388     9.5    10.2    11.1    10.9    11.6
93243 20240225  2.622 -120.88   37.24    21.2     3.0    12.1    12.7     0.0    17.98 C    24.9     0.0    10.5   100.0    39.5    77.9   0.215   0.281   0.349   0.339   0.384     9.6    10.2    11.1    10.9    11.5
93243 20240226  2.622 -120.88   37.24    18.8     5.8    12.3    11.6     0.6     9.95 C    25.3     2.3    10.1   100.0    57.1    90.0   0.210   0.279   0.348   0.336   0.377    10.0    10.5    11.2    11.0    11.5
93243 20240227  2.622 -120.88   37.24    17.2     3.8    10.5    10.2     0.0    18.63 C    19.4    -1.6     7.2   100.0    45.9    75.6   0.206   0.276   0.346   0.334   0.376     9.4    10.2    11.2    10.9    11.6
93243 20240228  2.622 -120.88   37.24    19.4     2.7    11.0    11.3     0.0    18.50 C    23.7    -2.0     8.2   100.0    40.8    74.3   0.198   0.272   0.344   0.331   0.371     8.6     9.6    10.9    10.5    11.4
93243 20240229  2.622 -120.88   37.24    18.4     7.1    12.8    12.9     0.5    11.26 C    23.4     1.4    11.2    98.7    53.8    77.3   0.187   0.268   0.342   0.328   0.366    10.1    10.4    10.9    10.8    11.3
93243 20240301  2.622 -120.88   37.24    16.6    10.2    13.4    12.8     3.7     9.91 C    20.1     7.6    12.7   100.0    59.5    82.9   0.193   0.266   0.341   0.327   0.366    11.4    11.3    11.4    11.4    11.5
93243 20240302  2.622 -120.88   37.24    14.5     7.2    10.8    10.5     6.8    13.77 C    17.1     4.7     9.7    99.2    47.7    75.8   0.198   0.267   0.340   0.327   0.368    10.8    11.1    11.6    11.3    11.7
93243 20240303  2.622 -120.88   37.24    14.8     6.4    10.6    10.0     0.8    12.54 C    20.1     3.1     9.8    98.0    55.5    79.3   0.214   0.271   0.340   0.329   0.369    10.5    10.9    11.5    11.2    11.7
93243 20240304  2.622 -120.88   37.24    15.4     3.3     9.4     9.6     0.0    17.04 C    22.2    -0.9     8.3   100.0    48.1    79.8   0.207   0.270   0.340   0.329   0.368     9.8    10.4    11.3    11.0    11.7
93243 20240305  2.622 -120.88   37.24    16.9     4.4    10.7    10.8     0.0    11.80 C    21.2     0.8     8.5   100.0    54.6    84.1   0.200   0.267   0.339   0.327   0.366     9.6    10.2    11.1    10.8    11.6
93243 20240306  2.622 -120.88   37.24    18.1     6.6    12.3    11.3     0.0    13.89 C    24.7     2.9    10.5   100.0    49.0    84.4   0.194   0.264   0.338   0.326   0.366    10.2    10.6    11.2    11.0    11.5
93243 20240307  2.622 -120.88   37.24    17.4     3.8    10.6    10.5     0.0    12.04 C    22.1     0.3     8.3   100.0    48.2    81.4   0.182   0.261   0.337   0.324   0.365     9.6    10.2    11.2    10.9    11.5
93243 20240308  2.622 -120.88   37.24    18.3     3.2    10.8    11.3     0.0    20.02 C    24.1    -1.7     8.5   100.0    44.3    75.2   0.171   0.257   0.335   0.321   0.365     9.2    10.0    11.0    10.7    11.5
93243 20240309  2.622 -120.88   37.24    18.6     1.9    10.3    10.8     0.0    17.58 C    23.7     0.2     9.7   100.0    50.9    83.5   0.163   0.253   0.333   0.317   0.362     9.3    10.0    10.9    10.7    11.4
93243 20240310  2.622 -120.88   37.24    19.0     5.5    12.3    11.6     0.0    16.79 C    24.6     2.3    11.3   100.0    40.5    77.7   0.154   0.248   0.331   0.313   0.355     9.9    10.3    11.0    10.9    11.4
93243 20240311  2.622 -120.88   37.24    19.5     6.3    12.9    12.7     0.0    18.40 C    26.8     0.8    12.8   100.0    48.1    73.8   0.143   0.243   0.329   0.309   0.355    10.8    11.0    11.3    11.2    11.5
93243 20240312  2.622 -120.88   37.24    18.9     6.9    12.9    12.4     1.0    13.63 C    23.1     1.4    11.9   100.0    61.4    82.8   0.135   0.238   0.328   0.305   0.352    11.6    11.6    11.7    11.6    11.7
93243 20240313  2.622 -120.88   37.24    18.8     3.7    11.2    11.8     0.0    19.58 C    21.6     0.2    10.3   100.0    30.3    65.4   0.130   0.235   0.326   0.302   0.351    10.0    10.8    11.6    11.3    11.8
93243 20240314  2.622 -120.88   37.24    21.3     4.1    12.7    13.4     0.0    22.03 C    28.1     1.6    13.2    78.9    20.0    45.1   0.120   0.229   0.323   0.298   0.349    10.8    11.1    11.6    11.5    11.8
93243 20240315  2.622 -120.88   37.24    22.9     7.8    15.4    14.8     0.0    21.76 C    29.7     2.0    13.5   100.0    20.4    50.8   0.105   0.222   0.321   0.293   0.346    11.3    11.4    11.8    11.7    11.9
93243 20240316  2.622 -120.88   37.24    22.9     4.8    13.8    13.4     0.0    21.52 C    29.0     1.0    11.9   100.0    30.1    70.5   0.093   0.216   0.318   0.289   0.345    11.0    11.3    11.8    11.7    12.0
93243 20240317  2.622 -120.88   37.24    22.5     3.6    13.1    14.1     0.0    21.00 C    29.8    -0.4    11.7   100.0    36.7    71.8   0.084   0.211   0.315   0.283   0.340    10.7    11.1    11.8    11.7    12.0
93243 20240318  2.622 -120.88   37.24    23.6     6.1    14.9    15.0     0.0    21.04 C    31.1     2.1    13.2   100.0    42.6    79.1   0.074   0.206   0.312   0.279   0.340    11.3    11.4    11.9    11.8    12.0
93243 20240319  2.622 -120.88   37.24    25.3     5.9    15.6    15.5     0.0    21.69 C    32.3     2.1    13.8   100.0    41.2    75.2   0.064   0.200   0.309   0.274   0.337    11.7    11.7    12.1    12.0    12.1
93243 20240320  2.622 -120.88   37.24    24.9     3.9    14.4    14.5     0.0    21.78 C    31.7    -0.6    13.0   100.0    25.0    68.1   0.057   0.194   0.305   0.268   0.337    11.4    11.6    12.1    12.0    12.3
93243 20240321  2.622 -120.88   37.24    22.7     5.1    13.9    13.9     0.0    20.97 C    30.8     1.1    13.3   100.0    44.9    78.7   0.053   0.188   0.302   0.263   0.331    11.6    11.7    12.2    12.1    12.3
93243 20240322  2.622 -120.88   37.24    23.7     7.4    15.5    15.0     1.5    20.35 C    30.2     4.3    15.6   100.0    43.2    74.9   0.051   0.183   0.299   0.259   0.332    12.5    12.4    12.4    12.4    12.4
93243 20240323  2.622 -120.88   37.24    16.1     5.6    10.9    11.2     7.3    16.38 C    21.2     1.6    10.2   100.0    55.9    85.2   0.050   0.180   0.297   0.257   0.330    11.8    12.1    12.6    12.4    12.6
93243 20240324  2.622 -120.88   37.24    18.1     6.3    12.2    11.7     0.3    19.69 C    23.3     0.1    10.7   100.0    44.5    77.0   0.050   0.179   0.295   0.256   0.327    11.3    11.7    12.4    12.0    12.5
93243 20240325  2.622 -120.88   37.24    18.8     5.5    12.2    11.7     0.0    19.19 C    28.4     0.0    11.2   100.0    45.9    79.3   0.051   0.177   0.295   0.255   0.328    10.8    11.3    12.1    11.8    12.4
93243 20240326  2.622 -120.88   37.24    19.3     4.4    11.9    11.9     0.0    22.45 C    27.1    -0.6    10.5   100.0    48.7    81.0   0.050   0.174   0.292   0.253   0.325    10.6    11.1    12.0    11.6    12.3
93243 20240327  2.622 -120.88   37.24    20.2     4.2    12.2    12.1     1.3    13.41 C    28.7    -0.2    11.6   100.0    48.5    83.6   0.050   0.171   0.290   0.251   0.326    10.7    11.2    11.9    11.6    12.2
93243 20240328  2.622 -120.88   37.24    17.2     6.2    11.7    12.5     0.2    14.74 C    26.0     0.7    11.7   100.0    47.7    76.4   0.049   0.170   0.288   0.249   0.322    11.9    11.9    12.2    12.1    12.3
93243 20240329  2.622 -120.88   37.24    16.1     5.6    10.9    10.5     6.8     6.57 C    20.5     1.1    10.9   100.0    35.7    87.0   0.049   0.167   0.287   0.248   0.321    10.5    11.2    12.0    11.7    12.3
93243 20240330  2.622 -120.88   37.24    18.5     7.0    12.7    11.6     0.2    17.64 C    26.8     3.2    13.0   100.0    44.8    83.4   0.048   0.166   0.286   0.247   0.323    11.4    11.7    12.1    11.9    12.2
93243 20240331  2.622 -120.88   37.24    19.1     5.0    12.1    11.6     0.0    19.20 C    27.6     1.3    11.7   100.0    46.4    81.3   0.048   0.165   0.284   0.246   0.321    11.1    11.5    12.0    11.7    12.3
93243 20240401  2.622 -120.88   37.24    21.0     2.6    11.8    12.7     0.0    24.29 C    27.5    -0.5    11.5   100.0    33.0    75.9   0.048   0.163   0.281   0.245   0.320    11.0    11.4    12.0    11.7    12.2
93243 20240402  2.622 -120.88   37.24    25.0     6.0    15.5    15.6     0.0    24.00 C    32.9     1.2    14.9   100.0    29.0    67.1   0.047   0.159   0.278   0.241   0.320    12.0    11.9    12.0    12.0    12.2
93243 20240403  2.622 -120.88   37.24    25.2     6.4    15.8    14.7     0.0    23.29 C    33.4     1.8    15.2   100.0    30.3    72.9   0.046   0.155   0.274   0.236   0.319    12.4    12.3    12.3    12.3    12.4
93243 20240404  2.622 -120.88   37.24    12.6     4.9     8.7     8.7     4.8    13.34 C    16.6     0.3     8.3   100.0    58.0    78.7   0.045   0.153   0.270   0.234   0.318    11.1    11.7    12.4    12.0    12.5
93243 20240405  2.622 -120.88   37.24    13.2     1.4     7.3     7.0     7.8    15.00 C    22.6    -0.7     8.4   100.0    60.1    88.2   0.045   0.155   0.269   0.233   0.314    10.0    10.9    11.9    11.5    12.3
93243 20240406  2.622 -120.88   37.24    16.5     0.4     8.4     8.7     0.0    23.85 C    25.3    -2.0     8.7   100.0    37.8    76.8   0.047   0.155   0.265   0.230   0.310     9.3    10.2    11.5    10.9    12.1
93243 20240407  2.622 -120.88   37.24    17.4     2.4     9.9     9.8     0.0    24.85 C    23.9    -2.0     9.0   100.0    34.6    74.3   0.050   0.154   0.263   0.230   0.309     9.2    10.1    11.3    10.9    11.9
93243 20240408  2.622 -120.88   37.24    21.3     3.7    12.5    12.5     0.0    24.11 C    26.6    -1.8    10.4   100.0    29.2    67.0   0.049   0.152   0.261   0.229   0.309     9.6    10.3    11.2    10.9    11.8
93243 20240409  2.622 -120.88   37.24    23.4     2.3    12.8    14.2     0.0    24.79 C    31.0    -1.2    13.0   100.0    33.0    71.8   0.047   0.149   0.259   0.227   0.306    10.7    10.8    11.4    11.2    11.8
93243 20240410  2.622 -120.88   37.24    25.7     5.5    15.6    16.2     0.0    23.84 C    33.2     2.1    15.3   100.0    40.1    76.9   0.045   0.145   0.256   0.225   0.305    11.6    11.5    11.7    11.8    11.9
93243 20240411  2.622 -120.88   37.24    28.5     6.6    17.5    18.2     0.0    24.26 C    35.7     4.5    17.9   100.0    37.6    76.0   0.044   0.142   0.252   0.221   0.305    12.7    12.3    12.2    12.3    12.2
93243 20240412  2.622 -120.88   37.24    23.4     8.9    16.1    15.9     0.0    22.41 C    30.6     5.2    15.4   100.0    36.3    73.0   0.043   0.137   0.249   0.218   0.303    13.2    12.8    12.6    12.7    12.5
93243 20240413  2.622 -120.88   37.24    12.3     4.5     8.4     8.5    17.2     2.49 C    11.9     5.1     8.9   100.0    78.1    95.3   0.065   0.143   0.248   0.220   0.305    11.3    12.0    12.6    12.3    12.7
93243 20240414  2.622 -120.88   37.24    16.5     5.0    10.8    10.3     6.0    18.11 C    27.9     3.6    13.1   100.0    55.5    87.0   0.150   0.172   0.248   0.246   0.304    10.9    11.5    12.1    11.8    12.5
93243 20240415  2.622 -120.88   37.24    18.3     2.6    10.4    11.9     0.0    19.54 C    28.5     0.2    11.4   100.0    56.9    82.8   0.147   0.173   0.248   0.249   0.305    10.7    11.2    12.0    11.8    12.3
93243 20240416  2.622 -120.88   37.24    23.1     5.2    14.1    14.7     0.0    24.00 C    34.0     1.9    14.6   100.0    47.3    79.4   0.133   0.164   0.248   0.246   0.305    11.3    11.6    12.1    11.9    12.3
93243 20240417  2.622 -120.88   37.24    25.3     8.1    16.7    16.9     0.0    23.53 C    34.0     4.6    16.3   100.0    48.3    80.4   0.122   0.161   0.248   0.242   0.307    12.2    12.3    12.4    12.4    12.4
93243 20240418  2.622 -120.88   37.24    27.0     7.7    17.3    17.5     0.0    25.26 C    35.2     5.2    17.8   100.0    43.3    73.5   0.107   0.157   0.248   0.238   0.309    13.1    13.0    12.8    13.0    12.7
93243 20240419  2.622 -120.88   37.24    26.3     8.5    17.4    17.2     0.0    25.67 C    34.7     4.4    17.0   100.0    36.2    74.0   0.094   0.153   0.247   0.234   0.309    13.5    13.3    13.3    13.3    13.0
93243 20240420  2.622 -120.88   37.24    27.6     7.1    17.3    17.5     0.0    26.33 C    35.9     2.5    16.4   100.0    35.9    66.7   0.084   0.146   0.246   0.228   0.312    13.0    13.1    13.4    13.4    13.2
93243 20240421  2.622 -120.88   37.24    28.1     5.5    16.8    17.9     0.0    26.77 C    36.3     1.9    17.0   100.0    32.6    70.7   0.072   0.141   0.245   0.223   0.310    13.0    13.1    13.4    13.4    13.3
93243 20240422  2.622 -120.88   37.24    30.0     9.5    19.8    18.6     0.0    25.95 C    39.2     5.3    19.8   100.0    32.1    68.6   0.060   0.137   0.242   0.219   0.312    14.2    13.9    13.7    13.8    13.5
93243 20240423  2.622 -120.88   37.24    21.7     8.7    15.2    15.3     0.0    26.48 C    32.1     4.8    17.5    98.6    44.5    67.0   0.054   0.133   0.241   0.216   0.314    14.8    14.4    14.0    14.1    13.7
93243 20240424  2.622 -120.88   37.24    19.4     6.8    13.1    13.6     0.0    12.65 C    29.0     2.8    14.3   100.0    50.4    74.5   0.052   0.130   0.240   0.215   0.316    13.5    13.5    13.9    13.8    13.8
93243 20240425  2.622 -120.88   37.24    22.8    10.6    16.7    15.9     0.0    20.98 C    35.5     8.6    17.8    99.4    40.8    68.3   0.050   0.128   0.239   0.214   0.316    14.7    14.3    14.0    14.0    13.8
93243 20240426  2.622 -120.88   37.24    22.8     6.9    14.8    14.6     0.0    23.29 C    34.8     2.3    15.4   100.0    33.3    66.8   0.048   0.125   0.237   0.213   0.314    14.1    13.9    14.1    14.0    13.9
93243 20240427  2.622 -120.88   37.24    24.1     6.1    15.1    14.6     0.0    26.99 C    35.7     1.0    15.9   100.0    30.1    68.3   0.046   0.123   0.236   0.213   0.313    13.4    13.4    13.9    13.8    13.9
93243 20240428  2.622 -120.88   37.24    25.8     4.8    15.3    15.7     0.0    27.06 C    37.3     0.7    16.7   100.0    34.5    65.0   0.045   0.121   0.234   0.212   0.315    13.4    13.4    13.8    13.8    13.9
93243 20240429  2.622 -120.88   37.24    25.4     2.3    13.9    15.5     0.0    27.81 C    33.6    -0.4    15.1   100.0    17.2    60.2   0.044   0.122   0.232   0.211   0.316    13.3    13.4    13.9    13.8    13.9
93243 20240430  2.622 -120.88   37.24    25.8     3.0    14.4    15.3     0.0    27.97 C    37.4    -1.5    15.1   100.0    13.9    58.5   0.043   0.113   0.231   0.210   0.316    13.1    13.3    13.8    13.7    13.9
93243 20240501  2.622 -120.88   37.24    26.4     5.7    16.1    17.2     0.0    27.85 C    33.1     0.1    16.1    89.8    10.5    36.9   0.042   0.108   0.229   0.209   0.316    13.7    13.7    13.9    13.9    13.9
93243 20240502  2.622 -120.88   37.24    27.5     7.1    17.3    18.5     0.0    26.85 C    37.2     0.3    17.8    88.4    24.9    48.6   0.041   0.108   0.228   0.209   0.315    14.2    14.1    14.0    14.2    14.0
93243 20240503  2.622 -120.88   37.24    27.7     7.4    17.6    18.2     0.0    26.45 C    40.0     3.9    19.2   100.0    23.9    57.9   0.040   0.105   0.226   0.209   0.317    15.0    14.6    14.3    14.5    14.1
93243 20240504  2.622 -120.88   37.24    14.5     5.1     9.8    11.0    15.5     4.27 C    18.5     1.7     9.8   100.0    63.8    86.5   0.040   0.122   0.225   0.210   0.320    13.0    13.6    14.3    14.0    14.3
93243 20240505  2.622 -120.88   37.24    18.6     3.3    11.0    10.8     0.0    23.62 C    32.3    -0.7    12.1   100.0    37.9    70.5   0.051   0.143   0.225   0.210   0.318    11.9    12.6    13.7    13.3    14.0
93243 20240506  2.622 -120.88   37.24    22.0     1.8    11.9    12.5     0.0    27.50 C    35.6    -2.3    14.7   100.0    26.0    66.1   0.058   0.141   0.224   0.211   0.317    11.4    12.1    13.2    12.9    13.6
93243 20240507  2.622 -120.88   37.24    23.6     3.9    13.7    14.1     0.0    27.46 C    34.8     1.0    15.1   100.0    23.6    65.1   0.058   0.140   0.224   0.212   0.318    12.2    12.6    13.3    13.2    13.6
93243 20240508  2.622 -120.88   37.24    26.1     8.1    17.1    18.1     0.0    27.90 C    35.7     3.1    18.2    75.6    17.8    37.6   0.054   0.136   0.224   0.213   0.318    13.2    13.3    13.5    13.6    13.6
93243 20240509  2.622 -120.88   37.24    29.0     5.9    17.4    18.6     0.0    27.23 C    42.2     1.0    19.7    91.5    23.1    49.8   0.051   0.131   0.224   0.213   0.320    13.9    13.7    13.8    13.9    13.8
93243 20240510  2.622 -120.88   37.24    31.9     8.4    20.1    20.8     0.0    27.43 C    44.5     4.3    22.3    98.1    16.8    51.4   0.049   0.128   0.224   0.213   0.322    15.0    14.5    14.3    14.6    14.0
93243 20240511  2.622 -120.88   37.24    33.8     8.6    21.2    21.8     0.0    27.39 C    46.0     4.4    23.2   100.0    11.4    51.9   0.048   0.127   0.224   0.213   0.329    15.9    15.2    14.9    15.2    14.4
93243 20240512  2.622 -120.88   37.24    33.5     9.0    21.3    22.0     0.0    27.40 C    46.9     5.2    23.3   100.0    15.5    51.5   0.046   0.125   0.224   0.212   0.332    16.4    15.6    15.3    15.6    14.8
93243 20240513  2.622 -120.88   37.24    31.3     8.9    20.1    20.2     0.0    27.48 C    44.2     4.4    21.7   100.0    18.1    56.3   0.045   0.124   0.223   0.212   0.336    16.3    15.7    15.5    15.7    15.1
93243 20240514  2.622 -120.88   37.24    32.7     8.3    20.5    20.2     0.0    24.70 C    44.8     4.4    22.5   100.0    20.6    60.1   0.044   0.122   0.223   0.211   0.339    16.6    16.0    15.7    16.0    15.3
93243 20240515  2.622 -120.88   37.24    32.8    10.5    21.6    21.4     0.0    25.06 C    44.8     6.5    23.5   100.0    24.7    59.5   0.043   0.122   0.222   0.211   0.338    17.5    16.6    16.0    16.4    15.5
93243 20240516  2.622 -120.88   37.24    31.9    10.7    21.3    20.4     0.0    27.20 C    45.6     6.5    23.7    97.8    26.2    59.1   0.042   0.119   0.222   0.210   0.343    17.7    16.9    16.3    16.6    15.8
93243 20240517  2.622 -120.88   37.24    28.9     7.8    18.4    18.4     0.0    27.85 C    43.5     4.7    21.9   100.0    32.0    68.5   0.042   0.124   0.221   0.210   0.343    17.4    16.7    16.5    16.8    16.0
93243 20240518  2.622 -120.88   37.24    29.5     8.9    19.2    18.6     0.0    27.16 C    44.8     5.7    22.2   100.0    34.4    65.6   0.041   0.117   0.220   0.210   0.350    17.4    16.8    16.6    16.8    16.1
93243 20240519  2.622 -120.88   37.24    28.5     7.3    17.9    18.1     0.0    27.72 C    43.4     3.9    21.8   100.0    31.3    59.0   0.040   0.116   0.220   0.210   0.353    17.5    16.8    16.6    16.8    16.2
93243 20240520  2.622 -120.88   37.24    28.5     5.7    17.1    18.0     0.0    27.79 C    41.0     0.3    20.4    94.1    20.2    53.1   0.040   0.115   0.219   0.210   0.357    16.8    16.4    16.6    16.6    16.3
93243 20240521  2.622 -120.88   37.24    30.7     3.9    17.3    19.5     0.0    28.14 C    43.5     2.4    20.4   100.0    10.7    48.1   0.039   0.114   0.218   0.209   0.358    16.7    16.3    16.5    16.6    16.2
93243 20240522  2.622 -120.88   37.24    30.7     6.9    18.8    20.4     0.0    27.71 C    46.7     2.3    23.2   100.0    17.5    51.0   0.038   0.113   0.217   0.209   0.363    17.2    16.7    16.5    16.7    16.2
93243 20240523  2.622 -120.88   37.24    29.2     7.8    18.5    19.7     0.0    27.91 C    42.3     3.0    21.8   100.0    14.6    45.1   0.038   0.112   0.217   0.208   0.362    17.5    17.0    16.7    16.9    16.3
93243 20240524  2.622 -120.88   37.24    25.4    10.2    17.8    16.5     0.0    26.33 C    40.4     6.8    19.3    86.8    32.2    56.9   0.036   0.112   0.217   0.208   0.362    17.8    17.3    16.9    17.0    16.5
93243 20240525  2.622 -120.88   37.24    26.0     9.0    17.5    17.4     0.0    27.88 C    40.2     3.9    20.6   100.0    30.2    62.4   0.035   0.112   0.217   0.208   0.366    18.0    17.4    16.9    17.0    16.5
93243 20240526  2.622 -120.88   37.24    28.7     5.1    16.9    17.8     0.0    28.20 C    44.0     0.6    21.0   100.0    24.2    60.6   0.034   0.111   0.216   0.207   0.368    17.1    16.7    16.8    16.9    16.5
93243 20240527  2.622 -120.88   37.24    31.6     9.2    20.4    20.9     0.0    27.98 C    46.9     4.1    24.0   100.0    19.6    54.3   0.033   0.111   0.216   0.206   0.369    18.1    17.4    17.0    17.2    16.6
93243 20240528  2.622 -120.88   37.24    31.7     8.6    20.2    20.4     0.0    28.04 C    46.9     4.8    23.3   100.0    20.7    54.2   0.032   0.111   0.215   0.206   0.371    18.4    17.6    17.3    17.5    16.8
93243 20240529  2.622 -120.88   37.24    30.9     7.7    19.3    20.2     0.0    28.40 C    41.2     2.9    20.8    95.6    20.3    47.8   0.031   0.111   0.215   0.205   0.373    17.9    17.5    17.3    17.4    16.9
93243 20240530  2.622 -120.88   37.24    33.0     6.4    19.7    21.9     0.0    28.73 C    46.8     2.6    22.9   100.0    15.7    45.8   0.030   0.111   0.215   0.204   0.375    18.1    17.6    17.3    17.5    17.0
93243 20240531  2.622 -120.88   37.24    35.1    10.1    22.6    23.9     0.0    28.15 C    50.6     5.3    26.4   100.0    16.7    48.0   0.030   0.111   0.214   0.203   0.365    19.1    18.3    17.5    17.9    17.1
93243 20240601  2.622 -120.88   37.24    31.8    10.1    21.0    21.5     0.0    28.03 C    48.1     5.6    25.3    90.8    24.6    49.3   0.029   0.111   0.214   0.203   0.377    19.7    18.8    18.0    18.3    17.4
93243 20240602  2.622 -120.88   37.24    30.8    11.2    21.0    21.3     0.0    26.87 C    45.5     6.9    25.0    97.1    27.1    54.3   0.029   0.111   0.213   0.202   0.367    20.1    19.1    18.2    18.5    17.7
93243 20240603  2.622 -120.88   37.24    30.1    13.0    21.5    21.2     0.0    22.13 C    45.6     9.5    23.5    97.8    33.9    59.2   0.028   0.112   0.213   0.201   0.372    20.0    19.2    18.4    18.6    17.9
93243 20240604  2.622 -120.88   37.24    37.3    11.6    24.4    25.3     0.0    27.70 C    47.2     8.3    27.0    85.0    19.9    48.3   0.026   0.112   0.213   0.201   0.366    20.5    19.6    18.5    18.8    17.9
93243 20240605  2.622 -120.88   37.24    39.3    15.7    27.5    28.2     0.0    27.75 C    51.8    12.1    30.5   100.0    17.9    50.9   0.028   0.112   0.212   0.200   0.360    22.0    20.6    19.0    19.6    18.2
93243 20240606  2.622 -120.88   37.24    40.2    17.6    28.9    29.1     0.0    27.96 C    54.5    12.9    31.8    99.6    16.0    44.5   0.026   0.113   0.213   0.200   0.377    22.8    21.3    19.6    20.3    18.7
93243 20240607  2.622 -120.88   37.24    37.2    12.9    25.0    24.5     0.0    28.83 C    52.3     8.6    27.4    95.7    14.6    46.6   0.028   0.113   0.213   0.199   0.302    22.1    21.0    19.8    20.2    19.0
93243 20240608  2.622 -120.88   37.24    32.4     9.2    20.8    21.1     0.0    26.41 C    48.4     6.3    24.8   100.0    26.9    56.3   0.032   0.113   0.213   0.199   0.315    21.5    20.5    19.8    20.0    19.2
93243 20240609  2.622 -120.88   37.24    32.2     9.9    21.0    21.4     0.0    27.93 C    48.4     4.7    25.0    88.9    23.7    49.2   0.031   0.113   0.212   0.198   0.308    21.3    20.4    19.6    19.9    19.1
93243 20240610  2.622 -120.88   37.24    35.0    10.4    22.7    23.2     0.0    27.93 C    49.7     5.9    26.9   100.0    22.3    56.4   0.031   0.113   0.211   0.198   0.286    21.5    20.5    19.6    20.1 -9999.0
93243 20240611  2.622 -120.88   37.24    38.0    14.7    26.3    26.9     0.0    27.64 C    51.4    10.6    29.6   100.0    19.3    51.4   0.030   0.113   0.210   0.198   0.307    22.4    21.2    19.9    20.5    19.4
93243 20240612  2.622 -120.88   37.24    35.8    15.6    25.7    25.2     0.0    28.01 C    50.3    11.9    27.9    89.3    19.0    48.7   0.031   0.114   0.210   0.197   0.286    22.6    21.5    20.3    20.9    19.7
93243 20240613  2.622 -120.88   37.24    32.3    12.3    22.3    22.1     0.0    28.51 C    48.2     8.0    25.3    99.3    14.8    51.2   0.032   0.114   0.209   0.197   0.282    22.1    21.1    20.3    20.6 -9999.0
93243 20240614  2.622 -120.88   37.24    34.2     8.2    21.2    21.9     0.0    28.81 C    48.3     4.4    24.9   100.0     9.2    46.1   0.031   0.113   0.209   0.197   0.293    21.3    20.4    20.1    20.3    19.7
93243 20240615  2.622 -120.88   37.24    31.0     7.4    19.2    20.7     0.0    29.02 C    43.4     2.2    22.0    72.8    15.2    40.1   0.029   0.113   0.209   0.196   0.292    20.4    19.9    19.8    19.9    19.6
93243 20240616  2.622 -120.88   37.24    33.2     8.2    20.7    22.3     0.0    28.96 C    43.2     3.4    23.1    93.5     9.7    38.0   0.029   0.113   0.208   0.196   0.322    20.3    19.9    19.6    19.7 -9999.0
93243 20240617  2.622 -120.88   37.24    29.3    11.0    20.1    20.6     0.0    28.99 C    37.6     6.5    21.1    77.4     8.8    34.6   0.027   0.113   0.207   0.195   0.303    20.2    19.9    19.6    19.7 -9999.0
93243 20240618  2.622 -120.88   37.24    32.7     8.0    20.3    21.4     0.0    26.84 C    45.4     2.6    22.1    65.2     8.2    32.1   0.027   0.112   0.207   0.195   0.314    19.9    19.4    19.3    19.5    19.2
93243 20240619  2.622 -120.88   37.24    32.2     7.9    20.1    21.4     0.0    28.49 C    48.0     2.5    24.2    81.0     9.2    36.6   0.026   0.112   0.207   0.194   0.299    20.2    19.4    19.3    19.5    19.1
93243 20240620  2.622 -120.88   37.24    32.8     7.4    20.1    20.7     0.0    27.88 C    47.7     4.3    23.9   100.0    17.9    52.3   0.026   0.113   0.207   0.194   0.287    20.6    19.8    19.4    19.8    19.2
93243 20240621  2.622 -120.88   37.24    35.1     9.6    22.4    22.9     0.0    27.93 C    49.5     6.0    26.1    93.6    16.9    48.0   0.025   0.113   0.207   0.194   0.310    21.3    20.2    19.6    20.0    19.3
93243 20240622  2.622 -120.88   37.24    39.4    13.2    26.3    27.1     0.0    27.99 C    53.2     9.4    29.8    92.4    16.7    45.7   0.025   0.113   0.207   0.195   0.318    22.8    21.3    19.9    21.2    19.5
93243 20240623  2.622 -120.88   37.24    40.7    16.2    28.4    28.8     0.0    28.30 C    55.1    11.8    31.6    72.1    10.7    34.2   0.025   0.113   0.207   0.195   0.307    24.0    22.2    20.5    21.8    19.9
93243 20240624  2.622 -120.88   37.24    38.2    15.9    27.1    28.0     0.0    22.30 C    55.0    12.0    30.1    79.9    13.3    38.6   0.024   0.113   0.207   0.195   0.310    23.8    22.2    20.9    22.6    20.3
93243 20240625  2.622 -120.88   37.24    38.8    17.2    28.0    28.1     0.0    26.03 C    53.6    14.1    31.0    61.4    11.7    29.4   0.024   0.113   0.208   0.193   0.311    24.2    22.6    21.1    23.0    20.5
93243 20240626  2.622 -120.88   37.24    35.8    15.7    25.7    25.6     0.0    27.81 C    49.4    10.9    28.2    61.4     9.6    29.3   0.024   0.113   0.208   0.183   0.286    23.8    22.4    21.3    22.9    20.6
93243 20240627  2.622 -120.88   37.24    33.6    11.0    22.3    22.8     0.0    28.24 C    48.0     6.3    25.4    75.4    19.6    41.3   0.023   0.113   0.208   0.186   0.325    22.6    21.6    21.1    22.2    20.7
93243 20240628  2.622 -120.88   37.24    35.4     8.6    22.0    23.4     0.0    28.56 C    49.7     4.5    26.3    98.6    14.2    44.9   0.023   0.113   0.208   0.188   0.283    22.3    21.4    20.9    21.9 -9999.0
93243 20240629  2.622 -120.88   37.24    37.3    12.8    25.1    25.5     0.0    28.17 C    51.3     8.0    28.3    81.7    12.1    41.0   0.024   0.113   0.207   0.185   0.285    23.1    21.9    21.0    22.5    20.6
93243 20240630  2.622 -120.88   37.24    36.0    13.1    24.6    25.9     0.0    27.98 C    48.9    10.3    28.1    91.8    20.6    44.5   0.024   0.112   0.208   0.194   0.295    23.4    22.2    21.2    23.2    20.8
93243 20240701  2.622 -120.88   37.24    38.3    14.6    26.4    26.5     0.0    28.22 C    50.1     9.8    28.1    90.3    14.6    45.2   0.024   0.113   0.207   0.185   0.287    23.6    22.4    21.4    23.1 -9999.0
93243 20240702  2.622 -120.88   37.24 -9999.0 -9999.0 -9999.0 -9999.0 -9999.0 -9999.00 U -9999.0 -9999.0 -9999.0 -9999.0 -9999.0 -9999.0 -99.000 -99.000 -99.000 -99.000 -99.000 -9999.0 -9999.0 -9999.0 -9999.0 -9999.0
