92827 20240101  2.622  -81.37   27.15    21.5     4.9    13.2    13.8     0.0     9.82 C    29.9     4.1    13.8    98.6    48.6    78.2   0.057   0.069 -99.000   0.243 -99.000    17.1    17.7 -9999.0    19.7 -9999.0
92827 20240102  2.622  -81.37   27.15    20.0     8.1    14.1    13.3     0.0    10.85 C    28.4     6.2    13.4    97.4    32.6    72.0   0.056   0.067 -99.000   0.235 -99.000    17.6    18.2 -9999.0    19.7 -9999.0
92827 20240103  2.622  -81.37   27.15    22.3     7.3    14.8    13.9     0.0     9.23 C    29.0     4.7    14.2    95.3    46.3    77.5   0.055   0.065 -99.000   0.226 -99.000    17.3    17.8 -9999.0    19.6 -9999.0
92827 20240104  2.622  -81.37   27.15    22.1     8.6    15.3    16.0     0.0     8.20 C    30.0     6.3    16.8    90.5    63.6    80.3   0.054   0.064 -99.000   0.216 -99.000    18.8    19.0 -9999.0    19.8 -9999.0
92827 20240105  2.622  -81.37   27.15    24.6     8.7    16.6    17.0     0.0    12.14 C    31.5     6.8    17.6    90.7    53.8    75.8   0.054   0.062 -99.000   0.204 -99.000    18.7    18.9 -9999.0    19.9 -9999.0
92827 20240106  2.622  -81.37   27.15    23.7    17.5    20.6    20.1    10.0     3.42 C    25.0    16.3    19.5    96.1    80.0    91.2   0.067   0.071 -99.000   0.202 -99.000    19.9    20.0 -9999.0    20.3 -9999.0
92827 20240107  2.622  -81.37   27.15    19.4    10.3    14.8    16.0     0.0     3.35 C    19.4     9.9    16.2    96.9    56.5    83.7   0.067   0.073 -99.000   0.220 -99.000    19.2    19.5 -9999.0    20.5 -9999.0
92827 20240108  2.622  -81.37   27.15    19.8    10.7    15.3    15.3     1.1     1.73 C    18.4    10.2    14.8    90.6    73.5    83.6   0.061   0.069 -99.000   0.221 -99.000    17.2    17.8 -9999.0    19.9 -9999.0
92827 20240109  2.622  -81.37   27.15    27.8    15.6    21.7    21.8     6.8     6.04 C    30.2    15.6    21.5    93.0    59.6    81.9   0.065   0.070 -99.000   0.221 -99.000    20.0    19.9 -9999.0    20.0 -9999.0
92827 20240110  2.622  -81.37   27.15    20.4     8.9    14.6    15.0     0.0    13.44 C    27.8     8.6    15.9    95.8    54.1    79.0   0.075   0.079 -99.000   0.232 -99.000    19.0    19.2 -9999.0    20.3 -9999.0
92827 20240111  2.622  -81.37   27.15    17.3     9.4    13.3    13.4     0.0     4.66 C    22.8     8.3    14.0    95.2    58.2    77.6   0.063   0.071 -99.000   0.234 -99.000    17.2    17.7 -9999.0    19.8 -9999.0
92827 20240112  2.622  -81.37   27.15    28.6    14.7    21.6    21.3    13.7     6.02 C    33.4    14.3    21.6    96.4    66.6    86.4   0.066   0.074 -99.000   0.231 -99.000    19.8    19.6 -9999.0    19.8 -9999.0
92827 20240113  2.622  -81.37   27.15    22.8    10.4    16.6    18.9     1.9     6.22 C    24.4     9.6    18.9    95.2    37.1    71.6   0.079   0.086 -99.000   0.268 -99.000    20.7    20.7 -9999.0    20.7 -9999.0
92827 20240114  2.622  -81.37   27.15    15.8    10.2    13.0    13.3     5.4     2.46 C    19.4     9.5    13.6    93.4    51.9    75.4   0.074   0.082 -99.000   0.282 -99.000    17.2    17.8 -9999.0    20.1 -9999.0
92827 20240115  2.622  -81.37   27.15    21.3    14.7    18.0    18.7    15.5     1.05 C    22.2    14.7    18.5    96.6    91.5    94.2   0.087   0.093 -99.000   0.318 -99.000    18.6    18.6 -9999.0    19.7 -9999.0
92827 20240116  2.622  -81.37   27.15    24.5    18.0    21.2    21.0     6.8     3.61 C    28.2    17.2    21.0    97.0    82.5    93.9   0.086   0.098 -99.000   0.397 -99.000    20.6    20.3 -9999.0    20.2 -9999.0
92827 20240117  2.622  -81.37   27.15    19.3    10.5    14.9    14.4     0.0    14.02 C    26.2    10.6    16.2    93.2    40.7    73.9   0.080   0.095 -99.000   0.410 -99.000    19.5    19.6 -9999.0    20.5 -9999.0
92827 20240118  2.622  -81.37   27.15    24.6    11.4    18.0    17.4     0.0     5.77 C    27.8    12.3    18.5    94.6    72.6    82.4   0.074   0.089 -99.000   0.395 -99.000    19.0    19.1 -9999.0    20.1 -9999.0
92827 20240119  2.622  -81.37   27.15    23.0    14.1    18.5    17.5     0.4     4.72 C    25.4    12.3    18.2    96.1    76.6    89.4   0.070   0.086 -99.000   0.391 -99.000    19.8    19.7 -9999.0    20.3 -9999.0
92827 20240120  2.622  -81.37   27.15    18.3     7.0    12.6    12.8     0.0    15.30 C    26.6     5.3    13.6    96.6    32.3    63.5   0.068   0.082 -99.000   0.386 -99.000    18.2    18.7 -9999.0    20.2 -9999.0
92827 20240121  2.622  -81.37   27.15    19.5     5.1    12.3    11.3     0.0    14.45 C    27.6     3.7    12.2    85.0    46.5    64.2   0.065   0.078 -99.000   0.382 -99.000    16.5    17.2 -9999.0    19.4 -9999.0
92827 20240122  2.622  -81.37   27.15    21.4     9.5    15.4    15.6     0.0     7.73 C    26.5     8.0    15.8    88.6    50.6    71.8   0.061   0.074 -99.000   0.379 -99.000    17.3    17.8 -9999.0    19.2 -9999.0
92827 20240123  2.622  -81.37   27.15    25.7    15.3    20.5    20.3     0.0    10.75 C    33.2    13.5    21.1    92.1    56.8    75.2   0.058   0.071 -99.000   0.376 -99.000    19.7    19.5 -9999.0    19.5 -9999.0
92827 20240124  2.622  -81.37   27.15    28.2    17.9    23.0    22.0     0.0    10.15 C    36.1    16.9    22.6    95.8    56.3    81.0   0.056   0.069 -99.000   0.373 -99.000    21.1    20.8 -9999.0    20.1 -9999.0
92827 20240125  2.622  -81.37   27.15    29.5    18.3    23.9    22.4     0.0    11.72 C    38.4    17.2    23.1    96.8    52.0    81.8   0.055   0.067 -99.000   0.369 -99.000    21.9    21.6 -9999.0    20.7 -9999.0
92827 20240126  2.622  -81.37   27.15    29.5    17.2    23.4    22.1     0.0    12.53 C    43.4    16.2    22.8    96.9    49.9    80.0   0.055   0.066 -99.000   0.364 -99.000    22.3    22.0 -9999.0    21.2 -9999.0
92827 20240127  2.622  -81.37   27.15    30.5    17.9    24.2    22.9     0.0    12.61 C    38.9    15.4    23.7    95.4    45.3    78.1   0.054   0.064 -99.000   0.357 -99.000    22.7    22.3 -9999.0    21.5 -9999.0
92827 20240128  2.622  -81.37   27.15    25.0    10.3    17.7    19.0     4.8     8.48 C    30.4     9.6    19.3    96.0    58.6    84.8   0.062   0.066 -99.000   0.346 -99.000    21.6    21.7 -9999.0    21.7 -9999.0
92827 20240129  2.622  -81.37   27.15    18.1     6.3    12.2    11.5     0.0    16.66 C    27.2     4.7    12.9    95.1    45.3    77.0   0.063   0.068 -99.000   0.344 -99.000    18.2    18.7 -9999.0    20.9 -9999.0
92827 20240130  2.622  -81.37   27.15    21.4     5.1    13.2    12.1     0.0    16.43 C    35.4     3.2    13.6    97.2    34.0    72.2   0.058   0.066 -99.000   0.338 -99.000    17.5    17.9 -9999.0    20.0 -9999.0
92827 20240131  2.622  -81.37   27.15    23.2     5.4    14.3    12.8     0.0    14.38 C    32.7     2.6    13.0    97.4    40.6    75.8   0.056   0.064 -99.000   0.328 -99.000    17.4    17.8 -9999.0    19.7 -9999.0
92827 20240201  2.622  -81.37   27.15    22.6     5.7    14.2    14.0     0.0    15.82 C    34.5     3.3    15.1    93.4    34.3    67.5   0.055   0.063 -99.000   0.313 -99.000    17.9    18.1 -9999.0    19.5 -9999.0
92827 20240202  2.622  -81.37   27.15    24.0     7.8    15.9    15.5     0.0    15.25 C    37.6     5.2    17.0    95.3    41.0    71.7   0.054   0.062 -99.000   0.296 -99.000    19.0    19.0 -9999.0    19.6 -9999.0
92827 20240203  2.622  -81.37   27.15    24.2     4.6    14.4    13.9     0.2    17.03 C    36.0     2.4    14.9    97.6    28.6    73.0   0.054   0.062 -99.000   0.283 -99.000    18.7    18.8 -9999.0    19.7 -9999.0
92827 20240204  2.622  -81.37   27.15    24.4    11.4    17.9    17.7     4.6     7.31 C    28.5     9.3    17.2    95.1    59.3    81.3   0.058   0.062 -99.000   0.274 -99.000    19.0    19.1 -9999.0    19.8 -9999.0
92827 20240205  2.622  -81.37   27.15    20.4    11.7    16.0    15.1     7.2     8.41 C    24.9    10.4    15.7    95.7    56.4    82.1   0.076   0.076 -99.000   0.279 -99.000    18.4    18.6 -9999.0    19.8 -9999.0
92827 20240206  2.622  -81.37   27.15    21.7    11.4    16.5    15.1     0.0    15.31 C    28.1     9.8    15.8    90.2    42.4    65.6   0.070   0.073 -99.000   0.288 -99.000    18.1    18.2 -9999.0    19.6 -9999.0
92827 20240207  2.622  -81.37   27.15    22.7     8.4    15.5    15.0     0.0    17.68 C    32.2     7.4    16.0    90.5    40.5    64.4   0.062   0.067 -99.000   0.283 -99.000    17.9    17.9 -9999.0    19.3 -9999.0
92827 20240208  2.622  -81.37   27.15    24.4    10.1    17.2    16.9     0.0    14.44 C    36.7     9.4    18.1    95.4    43.3    73.3   0.057   0.064 -99.000   0.274 -99.000    18.8    18.8 -9999.0    19.4 -9999.0
92827 20240209  2.622  -81.37   27.15    25.5    13.8    19.7    19.1     0.0    14.13 C    38.7    11.0    20.3    95.5    44.2    73.3   0.056   0.062 -99.000   0.264 -99.000    20.4    20.2 -9999.0    19.8 -9999.0
92827 20240210  2.622  -81.37   27.15    27.2    12.1    19.6    19.8     0.0    12.74 C    40.1    10.1    20.9    96.0    42.1    70.5   0.055   0.062 -99.000   0.254 -99.000    20.7    20.5 -9999.0    20.2 -9999.0
92827 20240211  2.622  -81.37   27.15    28.3    15.9    22.1    21.6     0.0    11.91 C    38.0    14.1    22.4    96.3    52.4    79.4   0.054   0.061 -99.000   0.235 -99.000    21.5    21.2 -9999.0    20.6 -9999.0
92827 20240212  2.622  -81.37   27.15    29.6    18.8    24.2    23.1     0.0    12.63 C    40.9    17.4    24.2    96.3    42.9    77.3   0.053   0.060 -99.000   0.218 -99.000    22.5    22.0 -9999.0    21.1 -9999.0
92827 20240213  2.622  -81.37   27.15    23.5    10.2    16.9    18.1     0.6    16.25 C    38.4     8.9    19.7    92.9    34.7    72.4   0.053   0.060 -99.000   0.200 -99.000    22.1    21.9 -9999.0    21.4 -9999.0
92827 20240214  2.622  -81.37   27.15    24.7     8.2    16.4    15.7     0.0    17.15 C    37.5     5.4    17.3    95.5    29.4    68.1   0.053   0.059 -99.000   0.183 -99.000    20.4    20.5 -9999.0    21.0 -9999.0
92827 20240215  2.622  -81.37   27.15    25.9    11.7    18.8    18.3     0.0    15.64 C    40.3     9.1    19.7    93.5    30.6    68.4   0.052   0.059 -99.000   0.171 -99.000    20.9    20.9 -9999.0    20.9 -9999.0
92827 20240216  2.622  -81.37   27.15    26.4    11.5    18.9    19.6     0.0    12.26 C    41.4     9.9    21.1    96.8    45.8    74.1   0.052   0.058 -99.000   0.160 -99.000    21.3    21.2 -9999.0    21.1 -9999.0
92827 20240217  2.622  -81.37   27.15    29.9    15.1    22.5    19.9     3.6    14.19 C    44.5    13.3    22.5    93.2    40.6    78.4   0.051   0.057 -99.000   0.155 -99.000    22.3    21.9 -9999.0    21.4 -9999.0
92827 20240218  2.622  -81.37   27.15    15.9    13.9    14.9    15.0    35.4     1.13 C    17.3    14.2    15.4    94.8    90.7    93.3   0.090   0.085 -99.000   0.192 -99.000    19.0    19.6 -9999.0    21.2 -9999.0
92827 20240219  2.622  -81.37   27.15    19.3     8.5    13.9    14.0     0.9    12.98 C    27.6     6.3    15.1    94.6    46.6    80.6   0.081   0.089 -99.000   0.322 -99.000    18.8    18.8 -9999.0    20.3 -9999.0
92827 20240220  2.622  -81.37   27.15    21.5     4.9    13.2    12.4     0.0    19.90 C    33.2     3.3    13.6    97.4    23.7    66.0   0.072   0.082 -99.000   0.329 -99.000    17.9    18.0 -9999.0    19.8 -9999.0
92827 20240221  2.622  -81.37   27.15    21.9     4.7    13.3    13.1     0.0    19.61 C    32.9     2.9    13.9    93.7    23.7    60.0   0.066   0.077 -99.000   0.325 -99.000    18.0    18.1 -9999.0    19.5 -9999.0
92827 20240222  2.622  -81.37   27.15    25.2     5.3    15.2    15.3     0.0    19.98 C    39.4     2.3    16.8    92.7    29.4    58.9   0.062   0.073 -99.000   0.319 -99.000    19.0    18.9 -9999.0    19.5 -9999.0
92827 20240223  2.622  -81.37   27.15    25.9     7.7    16.8    17.6     4.7    16.98 C    39.1     5.8    19.6    92.2    42.1    67.6   0.059   0.070 -99.000   0.312 -99.000    19.9    19.6 -9999.0    19.8 -9999.0
92827 20240224  2.622  -81.37   27.15    24.2     8.0    16.1    17.4     0.0    18.98 C    34.1     6.0    18.5    95.2    21.7    63.0   0.069   0.076 -99.000   0.310 -99.000    20.6    20.2 -9999.0    20.2 -9999.0
92827 20240225  2.622  -81.37   27.15    24.7     6.0    15.3    15.4     0.0    20.14 C    37.6     4.5    16.2    90.2    20.1    57.7   0.062   0.070 -99.000   0.306 -99.000    19.1    18.9 -9999.0    19.9 -9999.0
92827 20240226  2.622  -81.37   27.15    25.7     7.8    16.7    16.5     0.0    19.90 C    40.1     5.6    18.1    91.8    25.5    60.3   0.058   0.067 -99.000   0.298 -99.000    19.8    19.7 -9999.0    19.9 -9999.0
92827 20240227  2.622  -81.37   27.15    27.0     8.8    17.9    18.3     0.0    19.68 C    40.9     7.6    20.1    95.1    34.9    65.5   0.056   0.065 -99.000   0.290 -99.000    20.8    20.5 -9999.0    20.2 -9999.0
92827 20240228  2.622  -81.37   27.15    29.8    11.8    20.8    20.7     0.0    18.99 C    44.3     9.7    22.7    92.8    35.4    69.8   0.055   0.063 -99.000   0.281 -99.000    21.9    21.5 -9999.0    20.6 -9999.0
92827 20240229  2.622  -81.37   27.15    28.9    15.9    22.4    21.9     0.0    14.27 C    42.5    14.2    23.9    94.5    43.6    73.7   0.053   0.062 -99.000   0.266 -99.000    22.9    22.5 -9999.0    21.2 -9999.0
92827 20240301  2.622  -81.37   27.15    28.4    16.4    22.4    21.4     0.0    12.25 C    38.1    16.4    23.0    97.1    39.9    77.0   0.053   0.061 -99.000   0.254 -99.000    22.9    22.7 -9999.0    21.6 -9999.0
92827 20240302  2.622  -81.37   27.15    28.7    17.8    23.2    22.3     0.0    12.21 C    43.5    15.8    24.2    97.0    44.6    78.9   0.052   0.060 -99.000   0.244 -99.000    23.1    22.8 -9999.0    21.8 -9999.0
92827 20240303  2.622  -81.37   27.15    29.4    17.1    23.2    22.1     4.8    14.54 C    45.8    16.1    24.7    96.7    45.3    80.1   0.051   0.059 -99.000   0.231 -99.000    23.7    23.3 -9999.0    22.1 -9999.0
92827 20240304  2.622  -81.37   27.15    28.1    16.3    22.2    21.4     0.0    13.07 C    38.7    15.6    22.6    96.9    53.4    81.9   0.054   0.061 -99.000   0.221 -99.000    23.0    22.8 -9999.0    22.2 -9999.0
92827 20240305  2.622  -81.37   27.15    29.1    16.9    23.0    22.8     0.0    16.83 C    40.2    15.5    24.7    96.2    49.3    77.4   0.053   0.061 -99.000   0.216 -99.000    23.6    23.2 -9999.0    22.3 -9999.0
92827 20240306  2.622  -81.37   27.15    28.2    19.4    23.8    22.5     2.6    11.94 C    40.7    18.8    24.1    94.6    55.0    84.2   0.053   0.060 -99.000   0.208 -99.000    24.0    23.6 -9999.0    22.7 -9999.0
92827 20240307  2.622  -81.37   27.15    26.5    17.9    22.2    21.1     3.7    11.92 C    34.8    16.8    22.0    96.5    64.1    85.5   0.065   0.067 -99.000   0.203 -99.000    23.3    23.1 -9999.0    22.7 -9999.0
92827 20240308  2.622  -81.37   27.15    30.8    18.9    24.8    23.4     0.0    14.18 C    42.3    18.6    25.3    97.5    52.0    82.5   0.065   0.067 -99.000   0.202 -99.000    24.2    23.8 -9999.0    22.7 -9999.0
92827 20240309  2.622  -81.37   27.15    31.4    21.2    26.3    25.1     0.0    15.55 C    43.0    20.0    26.4    95.7    47.8    78.4   0.057   0.063 -99.000   0.196 -99.000    24.9    24.4 -9999.0    23.2 -9999.0
92827 20240310  2.622  -81.37   27.15    27.7    12.7    20.2    21.9     3.3    15.47 C    36.2    11.7    22.8    94.7    31.4    74.6   0.056   0.063 -99.000   0.186 -99.000    24.6    24.1 -9999.0    23.4 -9999.0
92827 20240311  2.622  -81.37   27.15    26.1    12.3    19.2    18.4     0.0    21.80 C    37.2    10.7    20.1    93.2    32.0    59.5   0.056   0.062 -99.000   0.174 -99.000    22.3    22.3 -9999.0    22.8 -9999.0
92827 20240312  2.622  -81.37   27.15    27.1    12.7    19.9    19.8     0.0    17.42 C    42.8    11.3    22.2    92.1    42.3    69.1   0.054   0.061 -99.000   0.160 -99.000    22.6    22.7 -9999.0    22.6 -9999.0
92827 20240313  2.622  -81.37   27.15    29.3    14.5    21.9    21.8     0.0    17.70 C    42.9    14.1    24.5    96.5    38.8    70.7   0.051   0.059 -99.000   0.151 -99.000    23.6    23.5 -9999.0    22.7 -9999.0
92827 20240314  2.622  -81.37   27.15    30.7    16.4    23.5    23.0     0.0    17.25 C    46.8    14.7    24.7    94.7    44.7    71.6   0.048   0.058 -99.000   0.142 -99.000    24.3    24.2 -9999.0    23.1 -9999.0
92827 20240315  2.622  -81.37   27.15 -9999.0 -9999.0 -9999.0 -9999.0     0.0 -9999.00 U -9999.0 -9999.0 -9999.0 -9999.0 -9999.0 -9999.0 -99.000 -99.000 -99.000 -99.000 -99.000 -9999.0 -9999.0 -9999.0 -9999.0 -9999.0
92827 20240316  2.622  -81.37   27.15    30.1    15.5    22.8    21.7     0.0    11.28 C    45.1    14.0    22.7    97.4    48.3    80.5   0.035   0.057   0.074   0.124 -99.000    24.8    24.6    24.2    23.8 -9999.0
92827 20240317  2.622  -81.37   27.15    31.0    15.0    23.0    22.6     0.0    19.78 C    47.6    13.6    25.1    97.8    48.2    77.9   0.033   0.055   0.073   0.119 -99.000    25.0    24.5    24.1    23.8 -9999.0
92827 20240318  2.622  -81.37   27.15    31.5    18.0    24.7    23.6     0.0    13.73 C    45.8    16.7    25.6    97.0    47.8    81.8   0.031   0.054   0.072   0.114 -99.000    25.2    24.7    24.3    24.0 -9999.0
92827 20240319  2.622  -81.37   27.15    23.1    11.1    17.1    18.0     0.0    23.29 C    35.7    10.0    20.5    90.6    28.6    56.9   0.029   0.053   0.070   0.109 -99.000    24.4    24.5    24.3    24.0 -9999.0
92827 20240320  2.622  -81.37   27.15    25.6    10.4    18.0    17.8     0.0    21.24 C    40.7     8.9    20.4    89.5    38.7    63.8   0.028   0.051   0.069   0.104 -99.000    23.5    23.7    23.7    23.7 -9999.0
92827 20240321  2.622  -81.37   27.15    28.1    13.2    20.6    21.0     0.0    17.30 C    46.8    10.7    23.5    91.9    44.9    68.4   0.027   0.049   0.068   0.100 -99.000    24.3    23.9    23.7    23.6 -9999.0
92827 20240322  2.622  -81.37   27.15    21.2    18.1    19.6    19.6     7.1     3.55 C    22.7    18.1    19.6    96.3    69.1    84.8   0.032   0.048   0.067   0.098 -99.000    22.6    23.4    23.7    23.7 -9999.0
92827 20240323  2.622  -81.37   27.15    29.0    15.5    22.2    21.7     0.0    19.48 C    39.3    14.7    22.9    93.8    39.1    71.8   0.042   0.057   0.068   0.099 -99.000    23.0    23.0    23.1    23.2 -9999.0
92827 20240324  2.622  -81.37   27.15    28.7    12.7    20.7    19.7     0.0    19.97 C    37.2    12.0    21.1    97.0    40.6    74.8   0.041   0.055   0.068   0.097 -99.000    22.7    22.9    23.1    23.2 -9999.0
92827 20240325  2.622  -81.37   27.15    27.9    15.9    21.9    21.4     0.0    20.01 C    38.9    14.9    22.8    91.8    42.8    68.7   0.038   0.054   0.067   0.094 -99.000    23.7    23.5    23.3    23.3 -9999.0
92827 20240326  2.622  -81.37   27.15    31.0    15.9    23.4    23.4     0.0    19.96 C    44.9    13.4    25.2    94.3    43.3    70.5   0.035   0.052   0.066   0.091 -99.000    24.8    24.2    23.7    23.5 -9999.0
92827 20240327  2.622  -81.37   27.15    31.1    18.5    24.8    24.3     0.2    17.00 C    46.7    16.4    26.4    96.3    43.2    74.6   0.032   0.049   0.065   0.088 -99.000    25.7    24.9    24.3    24.0 -9999.0
92827 20240328  2.622  -81.37   27.15    27.8    13.6    20.7    22.5     0.0    16.00 C    36.7    10.3    23.1    96.5    29.7    71.7   0.029   0.046   0.064   0.086 -99.000    25.1    24.9    24.5    24.2 -9999.0
92827 20240329  2.622  -81.37   27.15    27.4    11.4    19.4    19.3     0.0    24.79 C    41.7     8.4    21.0    94.8    24.7    61.3   0.028   0.044   0.063   0.083 -99.000    24.0    24.2    24.0    24.0 -9999.0
92827 20240330  2.622  -81.37   27.15    28.0    10.8    19.4    19.5     0.0    20.61 C    46.1     8.1    21.4    91.8    34.2    63.1   0.027   0.040   0.062   0.080 -99.000    24.1    24.1    24.0    23.9 -9999.0
92827 20240331  2.622  -81.37   27.15    28.6    11.9    20.3    20.4     0.0    20.03 C    47.2     9.6    22.5    94.3    39.0    65.7   0.026   0.038   0.061   0.078 -99.000    24.3    24.1    23.9    23.8 -9999.0
92827 20240401  2.622  -81.37   27.15    29.8    11.1    20.5    21.1     0.0    21.55 C    47.3     9.0    23.8    96.5    41.2    71.3   0.025   0.035   0.060   0.076 -99.000    24.9    24.3    24.0    23.9 -9999.0
92827 20240402  2.622  -81.37   27.15    31.6    15.8    23.7    23.4     0.0    20.89 C    47.8    13.7    26.0    97.3    40.7    72.5   0.025   0.032   0.058   0.074 -99.000    25.8    24.8    24.3    24.1 -9999.0
92827 20240403  2.622  -81.37   27.15    32.0    18.5    25.3    23.8    11.8    14.70 C    46.0    18.5    25.9    95.1    49.2    81.0   0.029   0.031   0.057   0.072 -99.000    25.7    25.0    24.6    24.3 -9999.0
92827 20240404  2.622  -81.37   27.15    26.5    12.5    19.5    19.6     0.0    23.21 C    39.4    10.9    21.9    94.8    35.5    67.7   0.055   0.046   0.060   0.078 -99.000    23.6    24.0    24.2    24.1 -9999.0
92827 20240405  2.622  -81.37   27.15    27.1     9.4    18.2    17.8     0.0    25.84 C    41.6     7.2    19.9    95.9    25.2    58.4   0.048   0.046   0.058   0.075 -99.000    23.0    23.4    23.6    23.8 -9999.0
92827 20240406  2.622  -81.37   27.15    27.2    11.9    19.6    19.3     0.0    25.75 C    44.1     8.4    21.6    91.9    21.9    55.4   0.043   0.044   0.057   0.073 -99.000    23.8    23.8    23.7    23.7 -9999.0
92827 20240407  2.622  -81.37   27.15    27.7    11.8    19.8    19.6     0.0    24.20 C    42.7     9.7    22.4    94.3    30.7    62.4   0.038   0.042   0.056   0.071 -99.000    24.4    24.2    24.0    23.9 -9999.0
92827 20240408  2.622  -81.37   27.15    26.8    12.3    19.5    19.6     0.0    21.63 C    41.4     9.5    21.4    88.4    40.2    64.1 -99.000 -99.000 -99.000 -99.000 -99.000 -9999.0 -9999.0 -9999.0 -9999.0 -9999.0
92827 20240409  2.622  -81.37   27.15    28.3    14.7    21.5    21.5     0.0    21.35 C    41.1    13.0    23.7    91.0    42.2    67.3 -99.000 -99.000 -99.000 -99.000 -99.000 -9999.0 -9999.0 -9999.0 -9999.0 -9999.0
92827 20240410  2.622  -81.37   27.15    31.9    15.9    23.9    23.8     0.0    23.22 C    48.5    13.5    26.5    95.4    40.1    68.2 -99.000 -99.000 -99.000 -99.000 -99.000 -9999.0 -9999.0 -9999.0 -9999.0 -9999.0
92827 20240411  2.622  -81.37   27.15    31.0    19.8    25.4    23.9     1.3    11.36 C    41.7    18.1    24.9    91.6    54.7    80.6 -99.000 -99.000 -99.000 -99.000 -99.000 -9999.0 -9999.0 -9999.0 -9999.0 -9999.0
92827 20240412  2.622  -81.37   27.15    27.5    12.8    20.1    20.2     0.0    26.62 C    41.9     9.0    22.3    93.2    27.6    62.5 -99.000 -99.000 -99.000 -99.000 -99.000 -9999.0 -9999.0 -9999.0 -9999.0 -9999.0
92827 20240413  2.622  -81.37   27.15    28.3     9.0    18.6    18.7     0.0    26.86 C    42.2     5.7    19.9    95.8    21.3    55.8 -99.000 -99.000 -99.000 -99.000 -99.000 -9999.0 -9999.0 -9999.0 -9999.0 -9999.0
92827 20240414  2.622  -81.37   27.15    29.0     7.6    18.3    19.8     0.0    26.54 C    46.7     3.9    22.3    88.9    20.3    53.3 -99.000 -99.000 -99.000 -99.000 -99.000 -9999.0 -9999.0 -9999.0 -9999.0 -9999.0
92827 20240415  2.622  -81.37   27.15    30.4    10.9    20.6    20.6     0.0    24.23 C    46.2     8.4    23.2    94.5    31.1    62.0 -99.000 -99.000 -99.000 -99.000 -99.000 -9999.0 -9999.0 -9999.0 -9999.0 -9999.0
92827 20240416  2.622  -81.37   27.15    30.3    11.9    21.1    21.5     0.0    26.18 C    45.4     9.1    24.1    93.7    33.7    64.6 -99.000 -99.000 -99.000 -99.000 -99.000 -9999.0 -9999.0 -9999.0 -9999.0 -9999.0
92827 20240417  2.622  -81.37   27.15    30.1    15.8    22.9    22.8     0.0    25.91 C    46.0    13.6    26.0    94.6    33.2    66.3 -99.000 -99.000 -99.000 -99.000 -99.000 -9999.0 -9999.0 -9999.0 -9999.0 -9999.0
92827 20240418  2.622  -81.37   27.15    30.5    13.9    22.2    22.4     0.0    24.13 C    48.2    11.6    25.4    96.3    32.7    68.7 -99.000 -99.000 -99.000 -99.000 -99.000 -9999.0 -9999.0 -9999.0 -9999.0 -9999.0
92827 20240419  2.622  -81.37   27.15    33.0    15.4    24.2    23.9     0.0    22.91 C    52.0    13.7    27.7    97.1    35.3    70.2 -99.000 -99.000 -99.000 -99.000 -99.000 -9999.0 -9999.0 -9999.0 -9999.0 -9999.0
92827 20240420  2.622  -81.37   27.15    33.9    16.0    24.9    24.7     0.0    26.35 C    53.1    14.3    29.0    96.5    32.2    67.2 -99.000 -99.000 -99.000 -99.000 -99.000 -9999.0 -9999.0 -9999.0 -9999.0 -9999.0
92827 20240421  2.622  -81.37   27.15    32.2    17.8    25.0    24.5     0.0    22.99 C    50.5    16.7    28.6    95.7    42.1    71.2 -99.000 -99.000 -99.000 -99.000 -99.000 -9999.0 -9999.0 -9999.0 -9999.0 -9999.0
92827 20240422  2.622  -81.37   27.15    28.1    16.5    22.3    22.1     0.0    17.55 C    40.5    15.2    24.3    96.0    42.5    74.1 -99.000 -99.000 -99.000 -99.000 -99.000 -9999.0 -9999.0 -9999.0 -9999.0 -9999.0
92827 20240423  2.622  -81.37   27.15    28.5    12.3    20.4    20.2     0.0    26.05 C    45.2     9.6    23.5    84.5    26.6    55.4 -99.000 -99.000 -99.000 -99.000 -99.000 -9999.0 -9999.0 -9999.0 -9999.0 -9999.0
92827 20240424  2.622  -81.37   27.15    29.2    12.4    20.8    21.0     0.0    26.51 C    47.2     9.2    24.4    87.7    21.6    56.7 -99.000 -99.000 -99.000 -99.000 -99.000 -9999.0 -9999.0 -9999.0 -9999.0 -9999.0
92827 20240425  2.622  -81.37   27.15    29.8    11.5    20.7    21.3     0.0    22.80 C    48.1    10.3    24.4    94.5    30.3    62.5 -99.000 -99.000 -99.000 -99.000 -99.000 -9999.0 -9999.0 -9999.0 -9999.0 -9999.0
92827 20240426  2.622  -81.37   27.15    30.8    12.6    21.7    22.0     0.0    21.56 C    44.2    11.0    24.4    92.7    31.9    63.8 -99.000 -99.000 -99.000 -99.000 -99.000 -9999.0 -9999.0 -9999.0 -9999.0 -9999.0
92827 20240427  2.622  -81.37   27.15    30.5    16.1    23.3    22.9     0.0    22.95 C    46.0    14.5    25.4    89.5    29.8    62.4 -99.000 -99.000 -99.000 -99.000 -99.000 -9999.0 -9999.0 -9999.0 -9999.0 -9999.0
92827 20240428  2.622  -81.37   27.15    29.6    17.1    23.3    22.8     0.0    22.21 C    47.1    16.0    25.7    83.1    39.8    62.2 -99.000 -99.000 -99.000 -99.000 -99.000 -9999.0 -9999.0 -9999.0 -9999.0 -9999.0
92827 20240429  2.622  -81.37   27.15    30.2    15.3    22.8    22.5     0.0    25.08 C    45.9    13.7    25.8    90.8    41.1    67.1 -99.000 -99.000 -99.000 -99.000 -99.000 -9999.0 -9999.0 -9999.0 -9999.0 -9999.0
92827 20240430  2.622  -81.37   27.15    31.7    16.7    24.2    24.1     0.0    21.89 C    50.1    15.6    28.0    94.2    37.6    70.6 -99.000 -99.000 -99.000 -99.000 -99.000 -9999.0 -9999.0 -9999.0 -9999.0 -9999.0
92827 20240501  2.622  -81.37   27.15    31.6    17.8    24.7    24.0     9.5    17.91 C    44.0    16.6    26.0    97.4    42.6    77.7 -99.000 -99.000 -99.000 -99.000 -99.000 -9999.0 -9999.0 -9999.0 -9999.0 -9999.0
92827 20240502  2.622  -81.37   27.15    32.0    17.5    24.7    24.4     0.0    21.23 C    44.6    16.8    26.5    97.0    39.5    71.8 -99.000 -99.000 -99.000 -99.000 -99.000 -9999.0 -9999.0 -9999.0 -9999.0 -9999.0
92827 20240503  2.622  -81.37   27.15    32.5    15.5    24.0    24.4     0.0    21.52 C    46.2    15.0    26.7    97.4    37.6    70.5 -99.000 -99.000 -99.000 -99.000 -99.000 -9999.0 -9999.0 -9999.0 -9999.0 -9999.0
92827 20240504  2.622  -81.37   27.15    32.5    17.2    24.9    24.7     0.0    24.96 C    47.8    15.7    28.0    95.8    30.3    70.1 -99.000 -99.000 -99.000 -99.000 -99.000 -9999.0 -9999.0 -9999.0 -9999.0 -9999.0
92827 20240505  2.622  -81.37   27.15    32.1    18.9    25.5    25.3     0.0    25.82 C    46.8    17.9    28.7    95.9    35.4    65.6 -99.000 -99.000 -99.000 -99.000 -99.000 -9999.0 -9999.0 -9999.0 -9999.0 -9999.0
92827 20240506  2.622  -81.37   27.15    32.6    16.7    24.7    25.2     0.0    26.54 C    49.1    15.6    28.9    95.3    22.7    63.9 -99.000 -99.000 -99.000 -99.000 -99.000 -9999.0 -9999.0 -9999.0 -9999.0 -9999.0
92827 20240507  2.622  -81.37   27.15    33.4    19.3    26.4    26.3     0.0    22.99 C    51.2    17.3    29.3    95.6    38.1    64.9 -99.000 -99.000 -99.000 -99.000 -99.000 -9999.0 -9999.0 -9999.0 -9999.0 -9999.0
92827 20240508  2.622  -81.37   27.15    34.9    21.4    28.2    27.8     0.0    25.12 C    51.2    20.3    31.8    93.8    30.7    63.7 -99.000 -99.000 -99.000 -99.000 -99.000 -9999.0 -9999.0 -9999.0 -9999.0 -9999.0
92827 20240509  2.622  -81.37   27.15    36.2    19.7    27.9    27.3     0.0    25.88 C    54.4    17.6    32.1    95.6    32.3    69.2 -99.000 -99.000 -99.000 -99.000 -99.000 -9999.0 -9999.0 -9999.0 -9999.0 -9999.0
92827 20240510  2.622  -81.37   27.15    35.4    20.2    27.8    27.1     0.0    22.56 C    51.7    19.5    30.5    97.5    35.2    71.1 -99.000 -99.000 -99.000 -99.000 -99.000 -9999.0 -9999.0 -9999.0 -9999.0 -9999.0
92827 20240511  2.622  -81.37   27.15    35.4    18.6    27.0    27.0     0.0    20.64 C    53.4    16.6    30.2    96.6    44.3    73.7 -99.000 -99.000 -99.000 -99.000 -99.000 -9999.0 -9999.0 -9999.0 -9999.0 -9999.0
92827 20240512  2.622  -81.37   27.15    34.4    14.1    24.3    25.1     0.0    24.44 C    48.5    12.1    28.1    97.1    29.0    67.9 -99.000 -99.000 -99.000 -99.000 -99.000 -9999.0 -9999.0 -9999.0 -9999.0 -9999.0
92827 20240513  2.622  -81.37   27.15    33.5    21.2    27.3    26.8     0.0    21.25 C    45.9    20.4    29.9    95.0    47.4    73.6 -99.000 -99.000 -99.000 -99.000 -99.000 -9999.0 -9999.0 -9999.0 -9999.0 -9999.0
92827 20240514  2.622  -81.37   27.15    35.9    23.6    29.7    28.8     0.0    20.45 C    53.0    22.9    32.3    94.7    39.4    69.4 -99.000 -99.000 -99.000 -99.000 -99.000 -9999.0 -9999.0 -9999.0 -9999.0 -9999.0
92827 20240515  2.622  -81.37   27.15    33.2    21.4    27.3    26.9     5.5    10.82 C    43.5    21.0    27.9    95.2    51.1    80.3 -99.000 -99.000 -99.000 -99.000 -99.000 -9999.0 -9999.0 -9999.0 -9999.0 -9999.0
92827 20240516  2.622  -81.37   27.15    34.2    21.1    27.7    26.7     1.6    17.63 C    45.1    20.9    28.7    96.6    47.0    79.0 -99.000 -99.000 -99.000 -99.000 -99.000 -9999.0 -9999.0 -9999.0 -9999.0 -9999.0
92827 20240517  2.622  -81.37   27.15    35.9    22.0    28.9    28.0     0.0    19.79 C    49.1    20.7    30.2    95.8    39.4    72.5 -99.000 -99.000 -99.000 -99.000 -99.000 -9999.0 -9999.0 -9999.0 -9999.0 -9999.0
92827 20240518  2.622  -81.37   27.15    36.6    20.6    28.6    28.4     0.0    23.48 C    53.0    19.8    31.6    95.5    35.3    68.1 -99.000 -99.000 -99.000 -99.000 -99.000 -9999.0 -9999.0 -9999.0 -9999.0 -9999.0
92827 20240519  2.622  -81.37   27.15    34.6    21.8    28.2    27.9     0.0    14.94 C    46.8    20.5    29.2    93.5    48.3    70.9 -99.000 -99.000 -99.000 -99.000 -99.000 -9999.0 -9999.0 -9999.0 -9999.0 -9999.0
92827 20240520  2.622  -81.37   27.15    35.1    18.4    26.7    26.5     0.0    21.67 C    52.4    16.8    29.6    94.9    29.7    65.9 -99.000 -99.000 -99.000 -99.000 -99.000 -9999.0 -9999.0 -9999.0 -9999.0 -9999.0
92827 20240521  2.622  -81.37   27.15    34.6    16.1    25.4    26.1     0.0    26.48 C    53.9    15.7    30.5    96.4    30.4    65.5 -99.000 -99.000 -99.000 -99.000 -99.000 -9999.0 -9999.0 -9999.0 -9999.0 -9999.0
92827 20240522  2.622  -81.37   27.15    35.0    20.8    27.9    27.1     0.0    22.36 C    53.0    19.4    30.7    93.1    33.3    65.5 -99.000 -99.000 -99.000 -99.000 -99.000 -9999.0 -9999.0 -9999.0 -9999.0 -9999.0
92827 20240523  2.622  -81.37   27.15    34.5    19.1    26.8    27.1     0.0    27.69 C    52.1    17.4    31.5    94.3    26.8    60.5 -99.000 -99.000 -99.000 -99.000 -99.000 -9999.0 -9999.0 -9999.0 -9999.0 -9999.0
92827 20240524  2.622  -81.37   27.15    35.8    17.1    26.5    27.5     0.0    26.58 C    53.9    16.0    32.1    96.3    28.8    60.6 -99.000 -99.000 -99.000 -99.000 -99.000 -9999.0 -9999.0 -9999.0 -9999.0 -9999.0
92827 20240525  2.622  -81.37   27.15    37.4    21.0    29.2    28.7     0.0    23.23 C    55.9    19.7    33.4    89.5    28.9    58.2 -99.000 -99.000 -99.000 -99.000 -99.000 -9999.0 -9999.0 -9999.0 -9999.0 -9999.0
92827 20240526  2.622  -81.37   27.15    37.7    18.6    28.2    27.8     0.0    27.09 C    56.8    18.2    32.9    96.9    24.1    60.5 -99.000 -99.000 -99.000 -99.000 -99.000 -9999.0 -9999.0 -9999.0 -9999.0 -9999.0
92827 20240527  2.622  -81.37   27.15    37.1    18.5    27.8    28.1     0.0    25.89 C    57.8    16.4    32.9    93.0    25.9    56.6 -99.000 -99.000 -99.000 -99.000 -99.000 -9999.0 -9999.0 -9999.0 -9999.0 -9999.0
92827 20240528  2.622  -81.37   27.15    37.0    19.6    28.3    28.4     0.0    21.09 C    54.2    18.7    32.6    91.0    31.6    63.1 -99.000 -99.000 -99.000 -99.000 -99.000 -9999.0 -9999.0 -9999.0 -9999.0 -9999.0
92827 20240529  2.622  -81.37   27.15    36.7    19.7    28.2    28.3     0.0    23.66 C    54.7    18.9    32.0    97.1    28.1    65.3 -99.000 -99.000 -99.000 -99.000 -99.000 -9999.0 -9999.0 -9999.0 -9999.0 -9999.0
92827 20240530  2.622  -81.37   27.15    36.1    18.2    27.2    25.5    28.2    19.16 C    53.8    17.0    28.3    95.0    32.6    71.1 -99.000 -99.000 -99.000 -99.000 -99.000 -9999.0 -9999.0 -9999.0 -9999.0 -9999.0
92827 20240531  2.622  -81.37   27.15    34.7    19.9    27.3    26.4     0.0    23.61 C    46.2    19.0    28.3    95.6    34.4    65.8 -99.000 -99.000 -99.000 -99.000 -99.000 -9999.0 -9999.0 -9999.0 -9999.0 -9999.0
92827 20240601  2.622  -81.37   27.15    32.4    19.8    26.1    25.8     0.0    23.91 C    44.5    18.5    28.0    84.6    37.6    60.3 -99.000 -99.000 -99.000 -99.000 -99.000 -9999.0 -9999.0 -9999.0 -9999.0 -9999.0
92827 20240602  2.622  -81.37   27.15    33.7    20.3    27.0    25.9    41.1    20.52 C    50.8    19.4    28.8    94.2    34.9    68.9 -99.000 -99.000 -99.000 -99.000 -99.000 -9999.0 -9999.0 -9999.0 -9999.0 -9999.0
92827 20240603  2.622  -81.37   27.15    33.3    20.7    27.0    26.2     0.5    20.88 C    43.9    19.7    27.8    93.7    39.7    67.9 -99.000 -99.000 -99.000 -99.000 -99.000 -9999.0 -9999.0 -9999.0 -9999.0 -9999.0
92827 20240604  2.622  -81.37   27.15    33.9    18.5    26.2    25.9     0.3    22.39 C    48.5    17.7    28.6    94.2    37.9    70.0 -99.000 -99.000 -99.000 -99.000 -99.000 -9999.0 -9999.0 -9999.0 -9999.0 -9999.0
92827 20240605  2.622  -81.37   27.15    35.0    20.0    27.5    27.9     0.0    23.21 C    52.4    19.5    31.1    95.8    34.8    67.0 -99.000 -99.000 -99.000 -99.000 -99.000 -9999.0 -9999.0 -9999.0 -9999.0 -9999.0
92827 20240606  2.622  -81.37   27.15    36.8    20.1    28.4    27.1     0.0    20.54 C    55.0    19.6    30.7    94.6    39.9    73.3 -99.000 -99.000 -99.000 -99.000 -99.000 -9999.0 -9999.0 -9999.0 -9999.0 -9999.0
92827 20240607  2.622  -81.37   27.15    35.8    18.1    26.9    25.8     1.6    21.67 C    53.6    17.6    29.2    94.8    39.3    74.9 -99.000 -99.000 -99.000 -99.000 -99.000 -9999.0 -9999.0 -9999.0 -9999.0 -9999.0
92827 20240608  2.622  -81.37   27.15    35.1    21.3    28.2    27.4     2.6    25.39 C    50.5    20.3    30.6    95.5    41.3    74.9 -99.000 -99.000 -99.000 -99.000 -99.000 -9999.0 -9999.0 -9999.0 -9999.0 -9999.0
92827 20240609  2.622  -81.37   27.15    35.3    22.3    28.8    27.7     1.9    19.36 C    52.5    21.8    29.9    96.0    46.0    78.2 -99.000 -99.000 -99.000 -99.000 -99.000 -9999.0 -9999.0 -9999.0 -9999.0 -9999.0
92827 20240610  2.622  -81.37   27.15    34.2    24.1    29.2    27.9     4.1    19.71 C    48.0    23.5    30.3    95.6    52.1    78.7 -99.000 -99.000 -99.000 -99.000 -99.000 -9999.0 -9999.0 -9999.0 -9999.0 -9999.0
92827 20240611  2.622  -81.37   27.15    28.0    23.4    25.7    25.0    28.6     8.42 C    33.0    23.1    25.9    95.7    74.6    89.6 -99.000 -99.000 -99.000 -99.000 -99.000 -9999.0 -9999.0 -9999.0 -9999.0 -9999.0
92827 20240612  2.622  -81.37   27.15    26.6    23.4    25.0    24.6    46.7     5.63 C    29.3    23.1    24.9    96.0    87.3    93.1 -99.000 -99.000 -99.000 -99.000 -99.000 -9999.0 -9999.0 -9999.0 -9999.0 -9999.0
92827 20240613  2.622  -81.37   27.15    28.1    23.4    25.7    25.0    21.2     8.82 C    33.3    23.2    25.5    95.2    72.9    88.9 -99.000 -99.000 -99.000 -99.000 -99.000 -9999.0 -9999.0 -9999.0 -9999.0 -9999.0
92827 20240614  2.622  -81.37   27.15    31.2    22.3    26.7    25.8     0.0    13.54 C    40.6    21.9    27.3    96.1    63.3    84.8 -99.000 -99.000 -99.000 -99.000 -99.000 -9999.0 -9999.0 -9999.0 -9999.0 -9999.0
92827 20240615  2.622  -81.37   27.15    33.0    22.6    27.8    26.2     0.7    17.19 C    45.8    22.3    28.1    95.6    46.2    79.6 -99.000 -99.000 -99.000 -99.000 -99.000 -9999.0 -9999.0 -9999.0 -9999.0 -9999.0
92827 20240616  2.622  -81.37   27.15    34.7    21.7    28.2    26.7     2.1    19.45 C    46.1    21.4    28.6    95.9    44.0    78.0 -99.000 -99.000 -99.000 -99.000 -99.000 -9999.0 -9999.0 -9999.0 -9999.0 -9999.0
92827 20240617  2.622  -81.37   27.15    32.4    23.3    27.8    27.3     0.0    22.97 C    40.2    22.5    28.5    94.2    44.5    73.5 -99.000 -99.000 -99.000 -99.000 -99.000 -9999.0 -9999.0 -9999.0 -9999.0 -9999.0
92827 20240618  2.622  -81.37   27.15    33.9    22.1    28.0    27.2     0.0    24.90 C    44.4    21.4    29.5    91.4    44.2    71.0 -99.000 -99.000 -99.000 -99.000 -99.000 -9999.0 -9999.0 -9999.0 -9999.0 -9999.0
92827 20240619  2.622  -81.37   27.15    32.5    23.5    28.0    26.6     0.3    16.59 C    41.2    22.7    27.3    94.8    49.7    78.8 -99.000 -99.000 -99.000 -99.000 -99.000 -9999.0 -9999.0 -9999.0 -9999.0 -9999.0
92827 20240620  2.622  -81.37   27.15    33.6    21.8    27.7    27.4     0.0    23.24 C    43.7    19.7    29.2    93.7    41.2    70.3 -99.000 -99.000 -99.000 -99.000 -99.000 -9999.0 -9999.0 -9999.0 -9999.0 -9999.0
92827 20240621  2.622  -81.37   27.15    34.9    20.1    27.5    27.4     0.0    21.57 C    50.0    19.0    30.6    96.3    37.3    72.1 -99.000 -99.000 -99.000 -99.000 -99.000 -9999.0 -9999.0 -9999.0 -9999.0 -9999.0
92827 20240622  2.622  -81.37   27.15    32.7    22.6    27.6    26.0    51.7    13.35 C    45.8    22.1    27.1    95.1    57.7    83.9 -99.000 -99.000 -99.000 -99.000 -99.000 -9999.0 -9999.0 -9999.0 -9999.0 -9999.0
92827 20240623  2.622  -81.37   27.15    31.9    22.7    27.3    25.9     0.0    19.33 C    43.5    22.1    28.3    95.7    60.9    83.5 -99.000 -99.000 -99.000 -99.000 -99.000 -9999.0 -9999.0 -9999.0 -9999.0 -9999.0
92827 20240624  2.622  -81.37   27.15    33.6    21.2    27.4    26.6     0.0    21.36 C    47.9    20.8    29.2    95.8    48.7    77.9 -99.000 -99.000 -99.000 -99.000 -99.000 -9999.0 -9999.0 -9999.0 -9999.0 -9999.0
92827 20240625  2.622  -81.37   27.15    32.9    22.1    27.5    25.8     8.7    17.86 C    47.6    21.6    28.7    96.2    54.3    83.7 -99.000 -99.000 -99.000 -99.000 -99.000 -9999.0 -9999.0 -9999.0 -9999.0 -9999.0
92827 20240626  2.622  -81.37   27.15    32.2    22.1    27.2    26.7     0.0    17.75 C    45.4    21.8    28.5    95.3    58.5    81.1 -99.000 -99.000 -99.000 -99.000 -99.000 -9999.0 -9999.0 -9999.0 -9999.0 -9999.0
92827 20240627  2.622  -81.37   27.15    34.2    22.3    28.3    28.1     0.0    24.33 C    48.9    21.5    31.0    95.8    47.9    74.6 -99.000 -99.000 -99.000 -99.000 -99.000 -9999.0 -9999.0 -9999.0 -9999.0 -9999.0
92827 20240628  2.622  -81.37   27.15    34.8    23.5    29.2    26.3     4.0    13.66 C    48.7    23.1    28.2    95.4    50.9    83.9 -99.000 -99.000 -99.000 -99.000 -99.000 -9999.0 -9999.0 -9999.0 -9999.0 -9999.0
92827 20240629  2.622  -81.37   27.15    34.6    22.7    28.7    27.5     0.0    19.60 C    43.0    22.3    29.4    96.1    48.0    79.4 -99.000 -99.000 -99.000 -99.000 -99.000 -9999.0 -9999.0 -9999.0 -9999.0 -9999.0
92827 20240630  2.622  -81.37   27.15    31.9    21.7    26.8    25.1    39.7    12.14 C    41.5    21.3    26.1    95.4    63.7    87.5 -99.000 -99.000 -99.000 -99.000 -99.000 -9999.0 -9999.0 -9999.0 -9999.0 -9999.0
92827 20240701  2.622  -81.37   27.15    33.9    20.9    27.4    26.8     6.6    23.76 C    44.6    20.4    29.2    96.6    49.6    79.2 -99.000 -99.000 -99.000 -99.000 -99.000 -9999.0 -9999.0 -9999.0 -9999.0 -9999.0
92827 20240702  2.622  -81.37   27.15 -9999.0 -9999.0 -9999.0 -9999.0 -9999.0 -9999.00 U -9999.0 -9999.0 -9999.0 -9999.0 -9999.0 -9999.0 -99.000 -99.000 -99.000 -99.000 -99.000 -9999.0 -9999.0 -9999.0 -9999.0 -9999.0
