25522 20240101  2.515 -155.92   58.21     4.2     0.8     2.5     3.1     0.0 -9999.00 C     0.6    -1.4     0.0    72.3    44.2    59.3 -99.000 -99.000 -99.000 -99.000 -99.000 -9999.0 -9999.0 -9999.0 -9999.0 -9999.0
25522 20240102  2.515 -155.92   58.21     4.7     1.2     3.0     3.4     0.0 -9999.00 C     0.9     0.1     0.5    82.4    42.6    63.9 -99.000 -99.000 -99.000 -99.000 -99.000 -9999.0 -9999.0 -9999.0 -9999.0 -9999.0
25522 20240103  2.515 -155.92   58.21     2.7     0.6     1.6     1.8     1.6 -9999.00 C     0.5    -0.8    -0.1    84.7    61.0    72.9 -99.000 -99.000 -99.000 -99.000 -99.000 -9999.0 -9999.0 -9999.0 -9999.0 -9999.0
25522 20240104  2.515 -155.92   58.21     1.7     0.2     1.0     0.8    10.2 -9999.00 C     0.3    -0.9     0.0    90.3    72.1    84.5 -99.000 -99.000 -99.000 -99.000 -99.000 -9999.0 -9999.0 -9999.0 -9999.0 -9999.0
25522 20240105  2.515 -155.92   58.21     2.1    -1.5     0.3     0.7     9.4 -9999.00 C     0.4    -2.2     0.0    91.5    78.4    86.5 -99.000 -99.000 -99.000 -99.000 -99.000 -9999.0 -9999.0 -9999.0 -9999.0 -9999.0
25522 20240106  2.515 -155.92   58.21     3.2    -2.3     0.5     1.7     9.8 -9999.00 C     0.6    -2.9     0.1    85.2    69.0    78.7 -99.000 -99.000 -99.000 -99.000 -99.000 -9999.0 -9999.0 -9999.0 -9999.0 -9999.0
25522 20240107  2.515 -155.92   58.21     2.7    -0.5     1.1     1.0     0.2 -9999.00 C     0.7    -1.9    -0.4    84.8    60.1    74.2 -99.000 -99.000 -99.000 -99.000 -99.000 -9999.0 -9999.0 -9999.0 -9999.0 -9999.0
25522 20240108  2.515 -155.92   58.21     0.6    -5.6    -2.5    -1.9     2.9 -9999.00 C    -0.6    -7.8    -2.0    92.2    71.4    87.7 -99.000 -99.000 -99.000 -99.000 -99.000 -9999.0 -9999.0 -9999.0 -9999.0 -9999.0
25522 20240109  2.515 -155.92   58.21    -4.2   -13.5    -8.8    -9.8     0.0 -9999.00 C    -4.4   -14.9   -11.1    91.6    80.0    85.1 -99.000 -99.000 -99.000 -99.000 -99.000 -9999.0 -9999.0 -9999.0 -9999.0 -9999.0
25522 20240110  2.515 -155.92   58.21     5.2    -4.8     0.2     1.8     0.0 -9999.00 C     1.5    -4.6    -0.4    76.0    47.7    65.7 -99.000 -99.000 -99.000 -99.000 -99.000 -9999.0 -9999.0 -9999.0 -9999.0 -9999.0
25522 20240111  2.515 -155.92   58.21     6.2     2.1     4.2     4.4     2.8 -9999.00 C     2.5     0.7     1.7    81.3    56.5    66.3 -99.000 -99.000 -99.000 -99.000 -99.000 -9999.0 -9999.0 -9999.0 -9999.0 -9999.0
25522 20240112  2.515 -155.92   58.21     3.8     1.4     2.6     2.5     2.4 -9999.00 C     2.0     0.1     1.1    83.6    60.7    72.0 -99.000 -99.000 -99.000 -99.000 -99.000 -9999.0 -9999.0 -9999.0 -9999.0 -9999.0
25522 20240113  2.515 -155.92   58.21     3.7    -0.7     1.5     2.1     5.3 -9999.00 C     2.0    -1.1     1.0    90.2    65.8    76.7 -99.000 -99.000 -99.000 -99.000 -99.000 -9999.0 -9999.0 -9999.0 -9999.0 -9999.0
25522 20240114  2.515 -155.92   58.21    -0.6    -8.0    -4.3    -3.1     0.0 -9999.00 C    -0.9   -10.4    -4.0    88.4    50.2    79.3 -99.000 -99.000 -99.000 -99.000 -99.000 -9999.0 -9999.0 -9999.0 -9999.0 -9999.0
25522 20240115  2.515 -155.92   58.21    -2.5   -11.1    -6.8    -7.5     0.0 -9999.00 C    -4.1   -11.4    -8.6    82.6    54.9    70.5 -99.000 -99.000 -99.000 -99.000 -99.000 -9999.0 -9999.0 -9999.0 -9999.0 -9999.0
25522 20240116  2.515 -155.92   58.21    -0.8    -8.6    -4.7    -5.8     0.0 -9999.00 C    -1.4   -10.5    -7.8    83.3    66.3    77.5 -99.000 -99.000 -99.000 -99.000 -99.000 -9999.0 -9999.0 -9999.0 -9999.0 -9999.0
25522 20240117  2.515 -155.92   58.21     4.7   -13.0    -4.1    -6.2     0.0 -9999.00 C    -2.6   -13.6    -8.7    83.7    26.3    67.3 -99.000 -99.000 -99.000 -99.000 -99.000 -9999.0 -9999.0 -9999.0 -9999.0 -9999.0
25522 20240118  2.515 -155.92   58.21     2.4   -14.7    -6.1    -9.0     0.0 -9999.00 C    -2.2   -15.3   -11.1    83.3    21.7    66.2 -99.000 -99.000 -99.000 -99.000 -99.000 -9999.0 -9999.0 -9999.0 -9999.0 -9999.0
25522 20240119  2.515 -155.92   58.21     2.7   -13.8    -5.6    -8.1     0.0 -9999.00 C    -1.7   -14.9   -10.7    78.2    31.5    62.6 -99.000 -99.000 -99.000 -99.000 -99.000 -9999.0 -9999.0 -9999.0 -9999.0 -9999.0
25522 20240120  2.515 -155.92   58.21     0.9   -15.3    -7.2   -10.3     0.0 -9999.00 C    -4.3   -16.0   -11.7    85.5    39.8    74.4 -99.000 -99.000 -99.000 -99.000 -99.000 -9999.0 -9999.0 -9999.0 -9999.0 -9999.0
25522 20240121  2.515 -155.92   58.21   -11.3   -17.7   -14.5   -14.7     0.0 -9999.00 C    -9.4   -17.7   -13.6    82.9    76.5    80.4 -99.000 -99.000 -99.000 -99.000 -99.000 -9999.0 -9999.0 -9999.0 -9999.0 -9999.0
25522 20240122  2.515 -155.92   58.21   -15.5   -22.6   -19.1   -19.4     0.0 -9999.00 C   -13.2   -22.7   -18.9    79.7    71.3    77.4 -99.000 -99.000 -99.000 -99.000 -99.000 -9999.0 -9999.0 -9999.0 -9999.0 -9999.0
25522 20240123  2.515 -155.92   58.21   -14.3   -22.6   -18.4   -19.1     0.0 -9999.00 C   -12.3   -22.6   -19.0    84.7    74.8    77.2 -99.000 -99.000 -99.000 -99.000 -99.000 -9999.0 -9999.0 -9999.0 -9999.0 -9999.0
25522 20240124  2.515 -155.92   58.21   -13.5   -21.0   -17.3   -18.2     0.0 -9999.00 C   -11.4   -21.4   -18.6    81.0    74.6    77.1 -99.000 -99.000 -99.000 -99.000 -99.000 -9999.0 -9999.0 -9999.0 -9999.0 -9999.0
25522 20240125  2.515 -155.92   58.21   -12.8   -20.7   -16.8   -18.0     0.0 -9999.00 C   -11.1   -21.4   -18.3    81.9    67.2    76.9 -99.000 -99.000 -99.000 -99.000 -99.000 -9999.0 -9999.0 -9999.0 -9999.0 -9999.0
25522 20240126  2.515 -155.92   58.21   -16.7   -25.2   -21.0   -21.7     0.0 -9999.00 C   -15.8   -26.0   -22.3    77.6    55.1    71.0 -99.000 -99.000 -99.000 -99.000 -99.000 -9999.0 -9999.0 -9999.0 -9999.0 -9999.0
25522 20240127  2.515 -155.92   58.21   -20.5   -29.4   -24.9   -25.2     0.0 -9999.00 C   -18.7   -30.6   -25.6    68.6    45.1    60.6 -99.000 -99.000 -99.000 -99.000 -99.000 -9999.0 -9999.0 -9999.0 -9999.0 -9999.0
25522 20240128  2.515 -155.92   58.21   -27.3   -32.6   -29.9   -30.3     0.0 -9999.00 C   -24.0   -33.6   -29.9    71.0    61.9    67.6 -99.000 -99.000 -99.000 -99.000 -99.000 -9999.0 -9999.0 -9999.0 -9999.0 -9999.0
25522 20240129  2.515 -155.92   58.21   -22.4   -33.7   -28.0   -27.9     0.0 -9999.00 C   -21.0   -33.7   -28.2    67.9    41.7    56.6 -99.000 -99.000 -99.000 -99.000 -99.000 -9999.0 -9999.0 -9999.0 -9999.0 -9999.0
25522 20240130  2.515 -155.92   58.21   -14.5   -29.9   -22.2   -24.5     0.0 -9999.00 C   -17.2   -31.5   -25.9    67.9    37.0    59.8 -99.000 -99.000 -99.000 -99.000 -99.000 -9999.0 -9999.0 -9999.0 -9999.0 -9999.0
25522 20240131  2.515 -155.92   58.21    -5.4   -16.9   -11.1    -9.5     0.9 -9999.00 C    -6.2   -18.6   -10.9    88.4    40.7    74.8 -99.000 -99.000 -99.000 -99.000 -99.000 -9999.0 -9999.0 -9999.0 -9999.0 -9999.0
25522 20240201  2.515 -155.92   58.21    -4.9   -20.9   -12.9   -11.9     0.3 -9999.00 C    -4.2   -23.3   -14.3    88.7    72.4    81.0 -99.000 -99.000 -99.000 -99.000 -99.000 -9999.0 -9999.0 -9999.0 -9999.0 -9999.0
25522 20240202  2.515 -155.92   58.21    -4.4   -20.8   -12.6   -12.9     0.3 -9999.00 C    -6.3   -23.2   -13.9    84.8    57.7    77.0 -99.000 -99.000 -99.000 -99.000 -99.000 -9999.0 -9999.0 -9999.0 -9999.0 -9999.0
25522 20240203  2.515 -155.92   58.21     1.9    -8.5    -3.3    -1.1     0.0 -9999.00 C     0.1   -10.0    -2.4    86.2    68.6    77.2 -99.000 -99.000 -99.000 -99.000 -99.000 -9999.0 -9999.0 -9999.0 -9999.0 -9999.0
25522 20240204  2.515 -155.92   58.21     2.3    -3.1    -0.4     0.0     4.1 -9999.00 C     1.2    -5.3    -1.3    92.0    70.0    80.2 -99.000 -99.000 -99.000 -99.000 -99.000 -9999.0 -9999.0 -9999.0 -9999.0 -9999.0
25522 20240205  2.515 -155.92   58.21     1.5    -4.2    -1.3    -0.4     1.0 -9999.00 C     0.3    -7.1    -2.2    88.6    61.3    76.6 -99.000 -99.000 -99.000 -99.000 -99.000 -9999.0 -9999.0 -9999.0 -9999.0 -9999.0
25522 20240206  2.515 -155.92   58.21     4.0    -1.6     1.2     1.4     0.7 -9999.00 C     0.4    -4.9    -1.1    87.8    35.5    64.9 -99.000 -99.000 -99.000 -99.000 -99.000 -9999.0 -9999.0 -9999.0 -9999.0 -9999.0
25522 20240207  2.515 -155.92   58.21     1.3    -1.6    -0.1     0.2     0.0 -9999.00 C     0.5    -4.6    -1.9    85.8    46.6    70.2 -99.000 -99.000 -99.000 -99.000 -99.000 -9999.0 -9999.0 -9999.0 -9999.0 -9999.0
25522 20240208  2.515 -155.92   58.21     3.7    -4.3    -0.3     1.2     0.9 -9999.00 C     1.0    -5.5    -1.3    82.2    50.6    65.9 -99.000 -99.000 -99.000 -99.000 -99.000 -9999.0 -9999.0 -9999.0 -9999.0 -9999.0
25522 20240209  2.515 -155.92   58.21     4.3    -0.2     2.1     2.3     3.8 -9999.00 C     2.1    -0.5     0.9    91.5    61.2    76.0 -99.000 -99.000 -99.000 -99.000 -99.000 -9999.0 -9999.0 -9999.0 -9999.0 -9999.0
25522 20240210  2.515 -155.92   58.21     0.7    -5.6    -2.5    -1.2     1.9 -9999.00 C     0.0    -9.1    -2.2    90.0    63.3    81.8 -99.000 -99.000 -99.000 -99.000 -99.000 -9999.0 -9999.0 -9999.0 -9999.0 -9999.0
25522 20240211  2.515 -155.92   58.21    -1.1    -7.4    -4.3    -3.9     0.0 -9999.00 C    -1.6    -9.7    -6.0    85.2    62.0    73.7 -99.000 -99.000 -99.000 -99.000 -99.000 -9999.0 -9999.0 -9999.0 -9999.0 -9999.0
25522 20240212  2.515 -155.92   58.21     4.1    -5.5    -0.7     1.5     9.2 -9999.00 C     1.5    -7.9    -0.2    85.3    57.8    75.3 -99.000 -99.000 -99.000 -99.000 -99.000 -9999.0 -9999.0 -9999.0 -9999.0 -9999.0
25522 20240213  2.515 -155.92   58.21     3.2    -2.7     0.3     1.2    37.5 -9999.00 C     1.7    -2.5     0.5    92.4    78.6    84.5 -99.000 -99.000 -99.000 -99.000 -99.000 -9999.0 -9999.0 -9999.0 -9999.0 -9999.0
25522 20240214  2.515 -155.92   58.21     5.2    -4.2     0.5    -0.2     4.3 -9999.00 C     1.0    -4.0    -1.6    90.0    52.2    76.5 -99.000 -99.000 -99.000 -99.000 -99.000 -9999.0 -9999.0 -9999.0 -9999.0 -9999.0
25522 20240215  2.515 -155.92   58.21     5.3     1.8     3.6     3.2     1.1 -9999.00 C     2.6     0.4     1.1    82.8    52.2    69.4 -99.000 -99.000 -99.000 -99.000 -99.000 -9999.0 -9999.0 -9999.0 -9999.0 -9999.0
25522 20240216  2.515 -155.92   58.21     5.6     2.7     4.2     3.8     0.0 -9999.00 C     2.9     0.4     1.7    66.4    51.3    60.3 -99.000 -99.000 -99.000 -99.000 -99.000 -9999.0 -9999.0 -9999.0 -9999.0 -9999.0
25522 20240217  2.515 -155.92   58.21     5.5     0.5     3.0     3.0     0.2 -9999.00 C     5.2     0.1     1.9    89.4    52.4    72.2 -99.000 -99.000 -99.000 -99.000 -99.000 -9999.0 -9999.0 -9999.0 -9999.0 -9999.0
25522 20240218  2.515 -155.92   58.21     3.3    -0.2     1.5     1.2     0.0 -9999.00 C     4.8    -0.3     1.2    93.1    82.6    89.8 -99.000 -99.000 -99.000 -99.000 -99.000 -9999.0 -9999.0 -9999.0 -9999.0 -9999.0
25522 20240219  2.515 -155.92   58.21     2.9     0.1     1.5     1.3    11.3 -9999.00 C     2.6     0.0     0.8    90.2    68.2    83.2 -99.000 -99.000 -99.000 -99.000 -99.000 -9999.0 -9999.0 -9999.0 -9999.0 -9999.0
25522 20240220  2.515 -155.92   58.21     1.1    -4.3    -1.6    -1.9    17.8 -9999.00 C     0.3    -5.7    -2.1    92.3    77.5    84.6 -99.000 -99.000 -99.000 -99.000 -99.000 -9999.0 -9999.0 -9999.0 -9999.0 -9999.0
25522 20240221  2.515 -155.92   58.21     3.5    -4.1    -0.3    -0.3     4.1 -9999.00 C     0.8    -6.6    -1.4    90.3    66.7    80.5 -99.000 -99.000 -99.000 -99.000 -99.000 -9999.0 -9999.0 -9999.0 -9999.0 -9999.0
25522 20240222  2.515 -155.92   58.21    -0.6    -4.3    -2.4    -2.2     0.3 -9999.00 C     2.1    -6.1    -2.8    88.8    47.6    71.0 -99.000 -99.000 -99.000 -99.000 -99.000 -9999.0 -9999.0 -9999.0 -9999.0 -9999.0
25522 20240223  2.515 -155.92   58.21     0.7    -4.0    -1.7    -1.2     1.4 -9999.00 C     0.6    -7.1    -2.0    91.3    63.3    79.2 -99.000 -99.000 -99.000 -99.000 -99.000 -9999.0 -9999.0 -9999.0 -9999.0 -9999.0
25522 20240224  2.515 -155.92   58.21    -2.3   -13.0    -7.7    -4.8     0.0 -9999.00 C    -1.8   -15.7    -5.3    91.2    59.3    82.1 -99.000 -99.000 -99.000 -99.000 -99.000 -9999.0 -9999.0 -9999.0 -9999.0 -9999.0
25522 20240225  2.515 -155.92   58.21    -3.7   -16.1    -9.9    -9.6     0.0 -9999.00 C    -1.2   -16.8   -10.0    84.8    48.0    70.5 -99.000 -99.000 -99.000 -99.000 -99.000 -9999.0 -9999.0 -9999.0 -9999.0 -9999.0
25522 20240226  2.515 -155.92   58.21     1.2    -4.1    -1.5    -1.6     3.2 -9999.00 C     0.2    -4.6    -2.0    91.0    63.9    78.8 -99.000 -99.000 -99.000 -99.000 -99.000 -9999.0 -9999.0 -9999.0 -9999.0 -9999.0
25522 20240227  2.515 -155.92   58.21    -3.2   -15.2    -9.2   -10.5     3.1 -9999.00 C    -3.3   -15.3   -10.4    88.4    54.2    75.0 -99.000 -99.000 -99.000 -99.000 -99.000 -9999.0 -9999.0 -9999.0 -9999.0 -9999.0
25522 20240228  2.515 -155.92   58.21   -12.4   -17.4   -14.9   -14.2     9.8 -9999.00 C   -12.0   -17.0   -14.3    71.7    43.5    60.0 -99.000 -99.000 -99.000 -99.000 -99.000 -9999.0 -9999.0 -9999.0 -9999.0 -9999.0
25522 20240229  2.515 -155.92   58.21   -15.2   -20.5   -17.8   -18.3     0.0 -9999.00 C   -13.9   -20.5   -18.1    67.5    44.4    57.3 -99.000 -99.000 -99.000 -99.000 -99.000 -9999.0 -9999.0 -9999.0 -9999.0 -9999.0
25522 20240301  2.515 -155.92   58.21   -17.3   -24.8   -21.1   -20.6     0.3 -9999.00 C   -11.2   -24.1   -19.6    73.1    50.2    59.2 -99.000 -99.000 -99.000 -99.000 -99.000 -9999.0 -9999.0 -9999.0 -9999.0 -9999.0
25522 20240302  2.515 -155.92   58.21    -3.8   -26.0   -14.9   -14.7     0.0 -9999.00 C    -3.8   -25.2   -15.0    72.4    32.3    55.3 -99.000 -99.000 -99.000 -99.000 -99.000 -9999.0 -9999.0 -9999.0 -9999.0 -9999.0
25522 20240303  2.515 -155.92   58.21    -1.0    -6.0    -3.5    -3.1     0.0 -9999.00 C    -1.3    -6.5    -4.1    77.7    43.7    69.3 -99.000 -99.000 -99.000 -99.000 -99.000 -9999.0 -9999.0 -9999.0 -9999.0 -9999.0
25522 20240304  2.515 -155.92   58.21     0.5    -9.4    -4.5    -1.9     1.2 -9999.00 C     1.2   -12.7    -3.2    88.9    65.5    81.0 -99.000 -99.000 -99.000 -99.000 -99.000 -9999.0 -9999.0 -9999.0 -9999.0 -9999.0
25522 20240305  2.515 -155.92   58.21     0.4    -9.2    -4.4    -3.2     0.0 -9999.00 C     0.0   -11.2    -4.2    88.2    58.6    74.5 -99.000 -99.000 -99.000 -99.000 -99.000 -9999.0 -9999.0 -9999.0 -9999.0 -9999.0
25522 20240306  2.515 -155.92   58.21    -2.2   -13.3    -7.7    -7.0     0.0 -9999.00 C    -2.0   -16.5    -8.0    90.0    64.4    80.0 -99.000 -99.000 -99.000 -99.000 -99.000 -9999.0 -9999.0 -9999.0 -9999.0 -9999.0
25522 20240307  2.515 -155.92   58.21    -0.5    -8.0    -4.2    -3.6     0.0 -9999.00 C     0.8   -11.3    -4.4    85.2    58.5    73.2 -99.000 -99.000 -99.000 -99.000 -99.000 -9999.0 -9999.0 -9999.0 -9999.0 -9999.0
25522 20240308  2.515 -155.92   58.21    -6.1   -18.6   -12.3   -11.6     0.0 -9999.00 C    -3.6   -20.3   -12.0    86.7    76.7    82.8 -99.000 -99.000 -99.000 -99.000 -99.000 -9999.0 -9999.0 -9999.0 -9999.0 -9999.0
25522 20240309  2.515 -155.92   58.21    -9.6   -20.2   -14.9   -13.6     0.0 -9999.00 C    -6.3   -22.9   -14.7    82.1    57.4    71.1 -99.000 -99.000 -99.000 -99.000 -99.000 -9999.0 -9999.0 -9999.0 -9999.0 -9999.0
25522 20240310  2.515 -155.92   58.21   -14.7   -25.7   -20.2   -19.0     0.0 -9999.00 C    -9.9   -26.2   -18.5    81.5    67.0    74.4 -99.000 -99.000 -99.000 -99.000 -99.000 -9999.0 -9999.0 -9999.0 -9999.0 -9999.0
25522 20240311  2.515 -155.92   58.21   -14.7   -20.6   -17.6   -18.0     0.0 -9999.00 C    -9.2   -21.8   -17.0    70.1    53.4    60.2 -99.000 -99.000 -99.000 -99.000 -99.000 -9999.0 -9999.0 -9999.0 -9999.0 -9999.0
25522 20240312  2.515 -155.92   58.21   -15.7   -26.1   -20.9   -20.3     0.0 -9999.00 C   -10.7   -26.8   -20.2    77.0    52.8    65.4 -99.000 -99.000 -99.000 -99.000 -99.000 -9999.0 -9999.0 -9999.0 -9999.0 -9999.0
25522 20240313  2.515 -155.92   58.21   -14.1   -24.5   -19.3   -19.3     0.0 -9999.00 C    -8.2   -25.3   -19.0    76.5    53.8    67.9 -99.000 -99.000 -99.000 -99.000 -99.000 -9999.0 -9999.0 -9999.0 -9999.0 -9999.0
25522 20240314  2.515 -155.92   58.21    -9.8   -22.4   -16.1   -15.4     0.0 -9999.00 C    -6.8   -23.7   -15.7    81.2    63.7    71.8 -99.000 -99.000 -99.000 -99.000 -99.000 -9999.0 -9999.0 -9999.0 -9999.0 -9999.0
25522 20240315  2.515 -155.92   58.21    -6.2   -19.7   -13.0   -12.4     0.0 -9999.00 C     0.0   -21.7   -12.7    81.6    60.4    73.7 -99.000 -99.000 -99.000 -99.000 -99.000 -9999.0 -9999.0 -9999.0 -9999.0 -9999.0
25522 20240316  2.515 -155.92   58.21    -6.9   -17.0   -12.0   -10.9     0.0 -9999.00 C    -3.4   -19.4   -10.6    85.7    67.5    79.7 -99.000 -99.000 -99.000 -99.000 -99.000 -9999.0 -9999.0 -9999.0 -9999.0 -9999.0
25522 20240317  2.515 -155.92   58.21    -8.2   -18.8   -13.5   -13.4     0.0 -9999.00 C    -6.1   -20.6   -13.1    85.1    70.2    79.0 -99.000 -99.000 -99.000 -99.000 -99.000 -9999.0 -9999.0 -9999.0 -9999.0 -9999.0
25522 20240318  2.515 -155.92   58.21     0.1   -19.2    -9.5    -8.1     0.0 -9999.00 C    -0.7   -20.8    -9.8    80.2    51.3    69.4 -99.000 -99.000 -99.000 -99.000 -99.000 -9999.0 -9999.0 -9999.0 -9999.0 -9999.0
25522 20240319  2.515 -155.92   58.21     1.8    -0.7     0.5     0.5     0.0 -9999.00 C     0.0    -3.0    -1.3    86.6    61.6    69.6 -99.000 -99.000 -99.000 -99.000 -99.000 -9999.0 -9999.0 -9999.0 -9999.0 -9999.0
25522 20240320  2.515 -155.92   58.21     3.8     0.6     2.2     2.2     0.0 -9999.00 C     3.4    -1.3     0.7    83.4    63.0    73.7 -99.000 -99.000 -99.000 -99.000 -99.000 -9999.0 -9999.0 -9999.0 -9999.0 -9999.0
25522 20240321  2.515 -155.92   58.21     3.2     1.2     2.2     2.1     0.4 -9999.00 C     3.2     0.1     1.2    84.9    65.2    73.4 -99.000 -99.000 -99.000 -99.000 -99.000 -9999.0 -9999.0 -9999.0 -9999.0 -9999.0
25522 20240322  2.515 -155.92   58.21     4.3     0.5     2.4     2.5     2.8 -9999.00 C     7.7     0.2     2.5    89.3    59.5    78.7 -99.000 -99.000 -99.000 -99.000 -99.000 -9999.0 -9999.0 -9999.0 -9999.0 -9999.0
25522 20240323  2.515 -155.92   58.21     6.7     2.0     4.3     3.7     2.7 -9999.00 C    10.1     1.1     3.0    81.7    56.3    69.7 -99.000 -99.000 -99.000 -99.000 -99.000 -9999.0 -9999.0 -9999.0 -9999.0 -9999.0
25522 20240324  2.515 -155.92   58.21     5.1     2.4     3.7     3.6     0.2 -9999.00 C     6.9     1.5     3.0    81.5    68.3    73.7 -99.000 -99.000 -99.000 -99.000 -99.000 -9999.0 -9999.0 -9999.0 -9999.0 -9999.0
25522 20240325  2.515 -155.92   58.21     3.5    -3.0     0.2     0.8     1.5 -9999.00 C     6.3    -2.6     1.4    92.2    73.2    85.3 -99.000 -99.000 -99.000 -99.000 -99.000 -9999.0 -9999.0 -9999.0 -9999.0 -9999.0
25522 20240326  2.515 -155.92   58.21    -3.0   -13.0    -8.0    -5.5     0.4 -9999.00 C    -2.6   -16.1    -5.5    89.9    65.3    79.5 -99.000 -99.000 -99.000 -99.000 -99.000 -9999.0 -9999.0 -9999.0 -9999.0 -9999.0
25522 20240327  2.515 -155.92   58.21    -1.8   -13.4    -7.6    -6.5     0.0 -9999.00 C     2.6   -16.4    -6.5    81.2    41.5    62.3 -99.000 -99.000 -99.000 -99.000 -99.000 -9999.0 -9999.0 -9999.0 -9999.0 -9999.0
25522 20240328  2.515 -155.92   58.21     1.1   -13.0    -6.0    -4.8     0.0 -9999.00 C     5.3   -12.8    -4.1    81.4    47.9    66.7 -99.000 -99.000 -99.000 -99.000 -99.000 -9999.0 -9999.0 -9999.0 -9999.0 -9999.0
25522 20240329  2.515 -155.92   58.21     4.7    -0.4     2.1     1.3     0.0 -9999.00 C     6.8    -0.9     1.1    83.9    66.6    76.4 -99.000 -99.000 -99.000 -99.000 -99.000 -9999.0 -9999.0 -9999.0 -9999.0 -9999.0
25522 20240330  2.515 -155.92   58.21     3.2    -4.3    -0.6    -0.5     5.6 -9999.00 C     2.0    -4.2    -0.8    90.9    71.1    83.8 -99.000 -99.000 -99.000 -99.000 -99.000 -9999.0 -9999.0 -9999.0 -9999.0 -9999.0
25522 20240331  2.515 -155.92   58.21     2.3    -7.5    -2.6    -1.7     1.3 -9999.00 C     4.1    -7.2    -1.9    87.6    47.2    70.0 -99.000 -99.000 -99.000 -99.000 -99.000 -9999.0 -9999.0 -9999.0 -9999.0 -9999.0
25522 20240401  2.515 -155.92   58.21    -6.9   -16.5   -11.7   -10.5     1.2 -9999.00 C    -6.0   -16.6    -9.8    85.4    52.4    68.9 -99.000 -99.000 -99.000 -99.000 -99.000 -9999.0 -9999.0 -9999.0 -9999.0 -9999.0
25522 20240402  2.515 -155.92   58.21    -4.9   -18.3   -11.6   -11.6     0.0 -9999.00 C    -1.3   -18.6    -9.9    66.4    38.7    53.8 -99.000 -99.000 -99.000 -99.000 -99.000 -9999.0 -9999.0 -9999.0 -9999.0 -9999.0
25522 20240403  2.515 -155.92   58.21     4.0    -5.3    -0.6     1.3     5.7 -9999.00 C     3.5    -5.1     0.8    92.0    44.8    82.1 -99.000 -99.000 -99.000 -99.000 -99.000 -9999.0 -9999.0 -9999.0 -9999.0 -9999.0
25522 20240404  2.515 -155.92   58.21     4.1    -0.7     1.7     1.0     3.9 -9999.00 C     3.6    -0.4     1.1    92.9    68.5    87.0 -99.000 -99.000 -99.000 -99.000 -99.000 -9999.0 -9999.0 -9999.0 -9999.0 -9999.0
25522 20240405  2.515 -155.92   58.21     0.5    -2.9    -1.2    -1.1     2.1 -9999.00 C     1.0    -2.7    -0.9    92.4    72.7    87.4 -99.000 -99.000 -99.000 -99.000 -99.000 -9999.0 -9999.0 -9999.0 -9999.0 -9999.0
25522 20240406  2.515 -155.92   58.21     1.4    -7.1    -2.9    -1.5     0.6 -9999.00 C     5.1    -8.1    -1.4    88.9    57.5    73.3 -99.000 -99.000 -99.000 -99.000 -99.000 -9999.0 -9999.0 -9999.0 -9999.0 -9999.0
25522 20240407  2.515 -155.92   58.21     4.0    -3.7     0.2     0.5     0.0 -9999.00 C    13.4    -5.7     1.8    86.3    51.7    70.8 -99.000 -99.000 -99.000 -99.000 -99.000 -9999.0 -9999.0 -9999.0 -9999.0 -9999.0
25522 20240408  2.515 -155.92   58.21     0.7    -9.7    -4.5    -5.8     0.0 -9999.00 C    -1.0    -9.2    -4.7    88.3    57.0    77.9 -99.000 -99.000 -99.000 -99.000 -99.000 -9999.0 -9999.0 -9999.0 -9999.0 -9999.0
25522 20240409  2.515 -155.92   58.21    -8.5   -12.3   -10.4   -10.6     0.4 -9999.00 C    -2.7   -11.9    -9.2    83.3    52.8    68.0 -99.000 -99.000 -99.000 -99.000 -99.000 -9999.0 -9999.0 -9999.0 -9999.0 -9999.0
25522 20240410  2.515 -155.92   58.21    -0.6   -17.9    -9.2    -7.4     0.0 -9999.00 C     3.2   -21.2    -6.6    84.4    49.8    68.6 -99.000 -99.000 -99.000 -99.000 -99.000 -9999.0 -9999.0 -9999.0 -9999.0 -9999.0
25522 20240411  2.515 -155.92   58.21     3.0    -3.0     0.0     0.2     1.4 -9999.00 C     1.7    -2.9    -0.3    90.2    71.5    80.8 -99.000 -99.000 -99.000 -99.000 -99.000 -9999.0 -9999.0 -9999.0 -9999.0 -9999.0
25522 20240412  2.515 -155.92   58.21     0.3    -5.5    -2.6    -2.4     0.0 -9999.00 C     0.0    -5.3    -2.3    88.8    65.1    80.6 -99.000 -99.000 -99.000 -99.000 -99.000 -9999.0 -9999.0 -9999.0 -9999.0 -9999.0
25522 20240413  2.515 -155.92   58.21    -2.6    -8.3    -5.5    -5.1     0.0 -9999.00 C     0.8    -8.7    -5.0    85.6    40.9    60.9 -99.000 -99.000 -99.000 -99.000 -99.000 -9999.0 -9999.0 -9999.0 -9999.0 -9999.0
25522 20240414  2.515 -155.92   58.21     0.6   -10.6    -5.0    -3.9     0.0 -9999.00 C     8.7   -12.0    -2.7    76.0    39.0    56.4 -99.000 -99.000 -99.000 -99.000 -99.000 -9999.0 -9999.0 -9999.0 -9999.0 -9999.0
25522 20240415  2.515 -155.92   58.21     1.9   -11.0    -4.5    -2.0     0.0 -9999.00 C     5.5    -9.4    -1.5    80.9    63.4    71.3 -99.000 -99.000 -99.000 -99.000 -99.000 -9999.0 -9999.0 -9999.0 -9999.0 -9999.0
25522 20240416  2.515 -155.92   58.21     3.4     0.3     1.8     1.7     0.0 -9999.00 C     3.3    -0.6     1.1    80.1    53.6    65.4 -99.000 -99.000 -99.000 -99.000 -99.000 -9999.0 -9999.0 -9999.0 -9999.0 -9999.0
25522 20240417  2.515 -155.92   58.21     7.0     2.0     4.5     4.5     0.2 -9999.00 C     7.5     1.0     3.4    76.3    60.3    67.2 -99.000 -99.000 -99.000 -99.000 -99.000 -9999.0 -9999.0 -9999.0 -9999.0 -9999.0
25522 20240418  2.515 -155.92   58.21     7.6     4.4     6.0     6.1     0.0 -9999.00 C     9.7     2.7     5.0    72.9    57.7    65.3 -99.000 -99.000 -99.000 -99.000 -99.000 -9999.0 -9999.0 -9999.0 -9999.0 -9999.0
25522 20240419  2.515 -155.92   58.21     5.7     1.1     3.4     3.7     0.3 -9999.00 C     7.8     0.2     3.4    89.7    65.1    75.5 -99.000 -99.000 -99.000 -99.000 -99.000 -9999.0 -9999.0 -9999.0 -9999.0 -9999.0
25522 20240420  2.515 -155.92   58.21     5.4    -0.1     2.6     2.5     4.1 -9999.00 C    11.0    -0.7     3.8    92.5    71.1    84.3 -99.000 -99.000 -99.000 -99.000 -99.000 -9999.0 -9999.0 -9999.0 -9999.0 -9999.0
25522 20240421  2.515 -155.92   58.21     2.2    -0.9     0.7     0.4     7.2 -9999.00 C     2.8    -0.9     0.5    93.2    81.3    89.7 -99.000 -99.000 -99.000 -99.000 -99.000 -9999.0 -9999.0 -9999.0 -9999.0 -9999.0
25522 20240422  2.515 -155.92   58.21     7.1    -2.0     2.5     2.4     0.0 -9999.00 C    13.8    -2.3     4.1    92.2    58.5    75.9 -99.000 -99.000 -99.000 -99.000 -99.000 -9999.0 -9999.0 -9999.0 -9999.0 -9999.0
25522 20240423  2.515 -155.92   58.21     8.1     0.8     4.4     4.6     0.0 -9999.00 C    13.2    -0.7     4.5    82.1    61.6    69.2 -99.000 -99.000 -99.000 -99.000 -99.000 -9999.0 -9999.0 -9999.0 -9999.0 -9999.0
25522 20240424  2.515 -155.92   58.21     5.8     2.0     3.9     4.3     0.0 -9999.00 C     7.8     0.4     4.2    81.0    71.2    74.5 -99.000 -99.000 -99.000 -99.000 -99.000 -9999.0 -9999.0 -9999.0 -9999.0 -9999.0
25522 20240425  2.515 -155.92   58.21     7.1     0.9     4.0     3.6     0.0 -9999.00 C    15.4    -0.3     4.7    82.4    60.0    72.8 -99.000 -99.000 -99.000 -99.000 -99.000 -9999.0 -9999.0 -9999.0 -9999.0 -9999.0
25522 20240426  2.515 -155.92   58.21     4.9     1.1     3.0     3.0     0.0 -9999.00 C     7.3    -0.1     3.1    85.3    63.4    73.4 -99.000 -99.000 -99.000 -99.000 -99.000 -9999.0 -9999.0 -9999.0 -9999.0 -9999.0
25522 20240427  2.515 -155.92   58.21     9.9     0.1     5.0     4.6     0.0 -9999.00 C    19.7    -2.2     5.7    89.3    41.7    68.0 -99.000 -99.000 -99.000 -99.000 -99.000 -9999.0 -9999.0 -9999.0 -9999.0 -9999.0
25522 20240428  2.515 -155.92   58.21     7.6    -2.4     2.6     2.1     0.0 -9999.00 C    22.1    -3.0     4.9    93.5    68.5    80.6 -99.000 -99.000 -99.000 -99.000 -99.000 -9999.0 -9999.0 -9999.0 -9999.0 -9999.0
25522 20240429  2.515 -155.92   58.21     9.8    -4.1     2.8     2.4     0.0 -9999.00 C    22.2    -4.6     5.5    92.8    53.0    76.3 -99.000 -99.000 -99.000 -99.000 -99.000 -9999.0 -9999.0 -9999.0 -9999.0 -9999.0
25522 20240430  2.515 -155.92   58.21     7.3     0.7     4.0     4.0     0.4 -9999.00 C    16.3     1.0     5.1    87.6    55.9    68.4 -99.000 -99.000 -99.000 -99.000 -99.000 -9999.0 -9999.0 -9999.0 -9999.0 -9999.0
25522 20240501  2.515 -155.92   58.21     7.2     2.2     4.7     4.5     0.3 -9999.00 C     8.8     0.7     4.2    83.9    57.2    69.6 -99.000 -99.000 -99.000 -99.000 -99.000 -9999.0 -9999.0 -9999.0 -9999.0 -9999.0
25522 20240502  2.515 -155.92   58.21     8.6     0.4     4.5     4.4     1.0 -9999.00 C    19.2     0.2     6.3    90.9    54.9    76.3 -99.000 -99.000 -99.000 -99.000 -99.000 -9999.0 -9999.0 -9999.0 -9999.0 -9999.0
25522 20240503  2.515 -155.92   58.21     6.1     1.3     3.7     4.2     2.6 -9999.00 C     7.2     0.1     3.9    85.5    71.6    78.3 -99.000 -99.000 -99.000 -99.000 -99.000 -9999.0 -9999.0 -9999.0 -9999.0 -9999.0
25522 20240504  2.515 -155.92   58.21     5.9     0.8     3.3     3.1     3.7 -9999.00 C    10.6     0.8     4.3    91.5    67.5    81.7 -99.000 -99.000 -99.000 -99.000 -99.000 -9999.0 -9999.0 -9999.0 -9999.0 -9999.0
25522 20240505  2.515 -155.92   58.21     6.2    -0.6     2.8     2.3     8.2 -9999.00 C    17.6    -0.5     3.4    92.3    59.5    86.7 -99.000 -99.000 -99.000 -99.000 -99.000 -9999.0 -9999.0 -9999.0 -9999.0 -9999.0
25522 20240506  2.515 -155.92   58.21     1.9    -1.3     0.3    -0.2     0.9 -9999.00 C     3.3    -0.8     0.4    92.4    70.0    84.1 -99.000 -99.000 -99.000 -99.000 -99.000 -9999.0 -9999.0 -9999.0 -9999.0 -9999.0
25522 20240507  2.515 -155.92   58.21     0.9    -3.5    -1.3    -1.4     0.9 -9999.00 C     3.7    -3.4    -0.6    88.7    80.3    85.2 -99.000 -99.000 -99.000 -99.000 -99.000 -9999.0 -9999.0 -9999.0 -9999.0 -9999.0
25522 20240508  2.515 -155.92   58.21    -0.2    -5.1    -2.7    -2.7     0.0 -9999.00 C     4.6    -5.3    -1.4    85.0    49.1    64.1 -99.000 -99.000 -99.000 -99.000 -99.000 -9999.0 -9999.0 -9999.0 -9999.0 -9999.0
25522 20240509  2.515 -155.92   58.21     4.8    -3.9     0.4     0.7     0.0 -9999.00 C    13.8    -4.4     1.7    80.5    47.6    63.2 -99.000 -99.000 -99.000 -99.000 -99.000 -9999.0 -9999.0 -9999.0 -9999.0 -9999.0
25522 20240510  2.515 -155.92   58.21     6.5    -0.2     3.2     3.0     0.0 -9999.00 C     9.0    -0.4     3.0    86.7    59.1    71.5 -99.000 -99.000 -99.000 -99.000 -99.000 -9999.0 -9999.0 -9999.0 -9999.0 -9999.0
25522 20240511  2.515 -155.92   58.21     6.5     0.6     3.5     3.1     8.0 -9999.00 C    17.7     0.4     4.9    92.9    67.0    81.4 -99.000 -99.000 -99.000 -99.000 -99.000 -9999.0 -9999.0 -9999.0 -9999.0 -9999.0
25522 20240512  2.515 -155.92   58.21     7.0    -0.3     3.4     2.8     6.1 -9999.00 C    18.0    -0.1     4.6    93.6    57.3    81.1 -99.000 -99.000 -99.000 -99.000 -99.000 -9999.0 -9999.0 -9999.0 -9999.0 -9999.0
25522 20240513  2.515 -155.92   58.21     9.5    -0.9     4.3     4.2     2.7 -9999.00 C    20.1    -1.4     6.4    93.1    55.5    79.8 -99.000 -99.000 -99.000 -99.000 -99.000 -9999.0 -9999.0 -9999.0 -9999.0 -9999.0
25522 20240514  2.515 -155.92   58.21     5.5    -2.5     1.5     0.3     0.0 -9999.00 C    17.1    -2.3     3.5    88.0    58.3    73.7 -99.000 -99.000 -99.000 -99.000 -99.000 -9999.0 -9999.0 -9999.0 -9999.0 -9999.0
25522 20240515  2.515 -155.92   58.21     6.3    -1.8     2.3     3.2     0.0 -9999.00 C    10.5    -2.6     3.5    83.0    61.7    70.2 -99.000 -99.000 -99.000 -99.000 -99.000 -9999.0 -9999.0 -9999.0 -9999.0 -9999.0
25522 20240516  2.515 -155.92   58.21     7.0     0.8     3.9     4.2     8.3 -9999.00 C    13.9     1.1     5.1    92.5    68.4    78.2 -99.000 -99.000 -99.000 -99.000 -99.000 -9999.0 -9999.0 -9999.0 -9999.0 -9999.0
25522 20240517  2.515 -155.92   58.21     9.1    -0.2     4.5     3.4     0.0 -9999.00 C    19.9    -0.7     6.3    92.3    49.2    70.4 -99.000 -99.000 -99.000 -99.000 -99.000 -9999.0 -9999.0 -9999.0 -9999.0 -9999.0
25522 20240518  2.515 -155.92   58.21     8.1     0.9     4.5     4.1     4.2 -9999.00 C    13.2    -0.2     4.1    88.8    59.9    70.7 -99.000 -99.000 -99.000 -99.000 -99.000 -9999.0 -9999.0 -9999.0 -9999.0 -9999.0
25522 20240519  2.515 -155.92   58.21     6.7     0.0     3.4     3.2     1.8 -9999.00 C    16.2    -1.0     5.1    93.1    65.8    82.4 -99.000 -99.000 -99.000 -99.000 -99.000 -9999.0 -9999.0 -9999.0 -9999.0 -9999.0
25522 20240520  2.515 -155.92   58.21     8.0     0.3     4.2     4.3     0.3 -9999.00 C    12.4    -0.7     4.5    91.7    56.7    75.7 -99.000 -99.000 -99.000 -99.000 -99.000 -9999.0 -9999.0 -9999.0 -9999.0 -9999.0
25522 20240521  2.515 -155.92   58.21     9.8     2.9     6.4     5.8     0.6 -9999.00 C    16.6     2.5     6.2    83.7    62.7    75.1 -99.000 -99.000 -99.000 -99.000 -99.000 -9999.0 -9999.0 -9999.0 -9999.0 -9999.0
25522 20240522  2.515 -155.92   58.21     6.3     0.6     3.4     2.9     5.2 -9999.00 C    11.4     0.3     3.7    90.7    70.0    83.6 -99.000 -99.000 -99.000 -99.000 -99.000 -9999.0 -9999.0 -9999.0 -9999.0 -9999.0
25522 20240523  2.515 -155.92   58.21     8.4     0.0     4.2     3.6     2.3 -9999.00 C    20.6     0.0     5.7    92.6    52.9    78.6 -99.000 -99.000 -99.000 -99.000 -99.000 -9999.0 -9999.0 -9999.0 -9999.0 -9999.0
25522 20240524  2.515 -155.92   58.21     6.3     1.5     3.9     4.1     6.6 -9999.00 C     8.6     1.9     4.7    92.5    73.4    84.0 -99.000 -99.000 -99.000 -99.000 -99.000 -9999.0 -9999.0 -9999.0 -9999.0 -9999.0
25522 20240525  2.515 -155.92   58.21     9.5    -0.2     4.6     5.0     0.7 -9999.00 C    22.8    -0.4     8.5    93.3    57.3    75.7 -99.000 -99.000 -99.000 -99.000 -99.000 -9999.0 -9999.0 -9999.0 -9999.0 -9999.0
25522 20240526  2.515 -155.92   58.21    12.5     2.0     7.2     6.5     1.2 -9999.00 C    27.9     3.0     9.8    92.5    52.7    79.5 -99.000 -99.000 -99.000 -99.000 -99.000 -9999.0 -9999.0 -9999.0 -9999.0 -9999.0
25522 20240527  2.515 -155.92   58.21    13.6     1.5     7.5     6.3     0.0 -9999.00 C    25.8     2.3    10.2    93.5    51.3    76.3 -99.000 -99.000 -99.000 -99.000 -99.000 -9999.0 -9999.0 -9999.0 -9999.0 -9999.0
25522 20240528  2.515 -155.92   58.21    12.5     5.2     8.9     8.7     0.0 -9999.00 C    23.3     3.5     9.7    76.7    51.1    64.5 -99.000 -99.000 -99.000 -99.000 -99.000 -9999.0 -9999.0 -9999.0 -9999.0 -9999.0
25522 20240529  2.515 -155.92   58.21     8.8     4.5     6.6     6.5     0.0 -9999.00 C    11.7     3.7     6.7    76.3    58.1    64.3 -99.000 -99.000 -99.000 -99.000 -99.000 -9999.0 -9999.0 -9999.0 -9999.0 -9999.0
25522 20240530  2.515 -155.92   58.21    12.5     3.5     8.0     7.7     0.0 -9999.00 C    20.8     2.3     8.7    81.0    44.3    61.4 -99.000 -99.000 -99.000 -99.000 -99.000 -9999.0 -9999.0 -9999.0 -9999.0 -9999.0
25522 20240531  2.515 -155.92   58.21    13.7     5.3     9.5     9.2     0.0 -9999.00 C    25.9     4.3    11.6    78.5    37.9    55.6 -99.000 -99.000 -99.000 -99.000 -99.000 -9999.0 -9999.0 -9999.0 -9999.0 -9999.0
25522 20240601  2.515 -155.92   58.21    14.3     4.6     9.4     9.3     1.9 -9999.00 C    21.9     4.7    11.0    88.9    38.2    61.2 -99.000 -99.000 -99.000 -99.000 -99.000 -9999.0 -9999.0 -9999.0 -9999.0 -9999.0
25522 20240602  2.515 -155.92   58.21    14.2     2.7     8.5     9.4     0.4 -9999.00 C    26.3     1.5    10.8    90.2    37.4    56.9 -99.000 -99.000 -99.000 -99.000 -99.000 -9999.0 -9999.0 -9999.0 -9999.0 -9999.0
25522 20240603  2.515 -155.92   58.21    15.3     6.3    10.8    10.3     0.0 -9999.00 C    26.1     4.9    11.6    72.5    36.7    54.3 -99.000 -99.000 -99.000 -99.000 -99.000 -9999.0 -9999.0 -9999.0 -9999.0 -9999.0
25522 20240604  2.515 -155.92   58.21     7.9     2.0     4.9     4.7     0.0 -9999.00 C     7.9     2.5     5.9    93.3    68.3    84.6 -99.000 -99.000 -99.000 -99.000 -99.000 -9999.0 -9999.0 -9999.0 -9999.0 -9999.0
25522 20240605  2.515 -155.92   58.21     9.0     1.4     5.2     4.6     0.0 -9999.00 C    16.1     1.9     7.0    89.6    53.4    71.9 -99.000 -99.000 -99.000 -99.000 -99.000 -9999.0 -9999.0 -9999.0 -9999.0 -9999.0
25522 20240606  2.515 -155.92   58.21    12.5     3.9     8.2     7.4     0.0 -9999.00 C    22.2     2.4     8.2    74.3    43.0    60.1 -99.000 -99.000 -99.000 -99.000 -99.000 -9999.0 -9999.0 -9999.0 -9999.0 -9999.0
25522 20240607  2.515 -155.92   58.21    11.3     5.0     8.1     7.9     0.0 -9999.00 C    15.6     4.4     8.3    79.8    37.9    57.6 -99.000 -99.000 -99.000 -99.000 -99.000 -9999.0 -9999.0 -9999.0 -9999.0 -9999.0
25522 20240608  2.515 -155.92   58.21    13.8     3.8     8.8     9.3     0.2 -9999.00 C    22.8     3.6     9.3    85.8    41.0    61.7 -99.000 -99.000 -99.000 -99.000 -99.000 -9999.0 -9999.0 -9999.0 -9999.0 -9999.0
25522 20240609  2.515 -155.92   58.21    15.2     7.2    11.2    10.8     0.2 -9999.00 C    20.4     6.3    10.5    78.1    36.3    55.1 -99.000 -99.000 -99.000 -99.000 -99.000 -9999.0 -9999.0 -9999.0 -9999.0 -9999.0
25522 20240610  2.515 -155.92   58.21    16.4     2.3     9.3    10.3     0.0 -9999.00 C    28.9     0.7    12.9    80.7    33.0    53.9 -99.000 -99.000 -99.000 -99.000 -99.000 -9999.0 -9999.0 -9999.0 -9999.0 -9999.0
25522 20240611  2.515 -155.92   58.21    11.5     3.0     7.3     7.3     3.9 -9999.00 C    25.6     1.2     9.2    85.3    48.8    71.2 -99.000 -99.000 -99.000 -99.000 -99.000 -9999.0 -9999.0 -9999.0 -9999.0 -9999.0
25522 20240612  2.515 -155.92   58.21    13.5    -0.1     6.7     7.6     0.3 -9999.00 C    25.3    -1.0     9.7    90.1    43.1    69.7 -99.000 -99.000 -99.000 -99.000 -99.000 -9999.0 -9999.0 -9999.0 -9999.0 -9999.0
25522 20240613  2.515 -155.92   58.21    16.8     4.2    10.5    10.6     0.6 -9999.00 C    32.9     4.7    13.5    92.6    33.7    63.1 -99.000 -99.000 -99.000 -99.000 -99.000 -9999.0 -9999.0 -9999.0 -9999.0 -9999.0
25522 20240614  2.515 -155.92   58.21    19.1     2.9    11.0    12.0     0.0 -9999.00 C    29.7     2.0    13.8    85.2    35.6    55.8 -99.000 -99.000 -99.000 -99.000 -99.000 -9999.0 -9999.0 -9999.0 -9999.0 -9999.0
25522 20240615  2.515 -155.92   58.21    23.8     1.8    12.8    13.1     0.0 -9999.00 C    32.8     0.9    15.9    90.1    32.9    61.3 -99.000 -99.000 -99.000 -99.000 -99.000 -9999.0 -9999.0 -9999.0 -9999.0 -9999.0
25522 20240616  2.515 -155.92   58.21    23.3     3.4    13.4    13.9     1.7 -9999.00 C    39.3     2.3    16.4    92.3    36.1    64.0 -99.000 -99.000 -99.000 -99.000 -99.000 -9999.0 -9999.0 -9999.0 -9999.0 -9999.0
25522 20240617  2.515 -155.92   58.21    16.2     2.3     9.2    10.0     0.0 -9999.00 C    23.9     1.8    11.3    89.1    38.9    62.7 -99.000 -99.000 -99.000 -99.000 -99.000 -9999.0 -9999.0 -9999.0 -9999.0 -9999.0
25522 20240618  2.515 -155.92   58.21    11.8     6.8     9.3     9.2     0.0 -9999.00 C    15.3     6.5     9.3    75.7    57.6    66.6 -99.000 -99.000 -99.000 -99.000 -99.000 -9999.0 -9999.0 -9999.0 -9999.0 -9999.0
25522 20240619  2.515 -155.92   58.21    11.0     7.2     9.1     9.0     1.3 -9999.00 C    12.3     6.6     9.3    86.8    66.8    73.6 -99.000 -99.000 -99.000 -99.000 -99.000 -9999.0 -9999.0 -9999.0 -9999.0 -9999.0
25522 20240620  2.515 -155.92   58.21    12.6     6.3     9.4     9.4     0.0 -9999.00 C    20.0     6.1    11.0    91.8    62.6    78.0 -99.000 -99.000 -99.000 -99.000 -99.000 -9999.0 -9999.0 -9999.0 -9999.0 -9999.0
25522 20240621  2.515 -155.92   58.21    17.2     6.2    11.7    11.9     0.0 -9999.00 C    22.8     5.9    13.2    87.5    45.4    66.3 -99.000 -99.000 -99.000 -99.000 -99.000 -9999.0 -9999.0 -9999.0 -9999.0 -9999.0
25522 20240622  2.515 -155.92   58.21    19.6     6.4    13.0    12.2     0.0 -9999.00 C    27.5     5.7    14.7    92.7    52.6    75.1 -99.000 -99.000 -99.000 -99.000 -99.000 -9999.0 -9999.0 -9999.0 -9999.0 -9999.0
25522 20240623  2.515 -155.92   58.21    21.2     5.3    13.3    11.9     0.0 -9999.00 C    27.5     4.8    14.2    93.3    45.5    76.0 -99.000 -99.000 -99.000 -99.000 -99.000 -9999.0 -9999.0 -9999.0 -9999.0 -9999.0
25522 20240624  2.515 -155.92   58.21    20.0     6.3    13.1    12.3     0.0 -9999.00 C    33.0     5.7    16.1    92.6    50.1    74.9 -99.000 -99.000 -99.000 -99.000 -99.000 -9999.0 -9999.0 -9999.0 -9999.0 -9999.0
25522 20240625  2.515 -155.92   58.21    18.6    10.1    14.3    14.6     0.0 -9999.00 C    26.7     8.8    16.7    82.8    48.7    65.1 -99.000 -99.000 -99.000 -99.000 -99.000 -9999.0 -9999.0 -9999.0 -9999.0 -9999.0
25522 20240626  2.515 -155.92   58.21    13.7    10.4    12.1    12.0     0.0 -9999.00 C    15.8     9.9    12.2    72.6    54.2    62.8 -99.000 -99.000 -99.000 -99.000 -99.000 -9999.0 -9999.0 -9999.0 -9999.0 -9999.0
25522 20240627  2.515 -155.92   58.21    13.8     9.6    11.7    11.6     0.0 -9999.00 C    16.3     9.0    11.8    73.3    60.0    66.9 -99.000 -99.000 -99.000 -99.000 -99.000 -9999.0 -9999.0 -9999.0 -9999.0 -9999.0
25522 20240628  2.515 -155.92   58.21    18.6     9.1    13.8    13.5     0.3 -9999.00 C    28.9     7.9    15.7    79.8    43.0    61.4 -99.000 -99.000 -99.000 -99.000 -99.000 -9999.0 -9999.0 -9999.0 -9999.0 -9999.0
25522 20240629  2.515 -155.92   58.21    16.2     8.8    12.5    11.8     2.3 -9999.00 C    22.3     8.6    12.0    84.5    53.1    69.6 -99.000 -99.000 -99.000 -99.000 -99.000 -9999.0 -9999.0 -9999.0 -9999.0 -9999.0
25522 20240630  2.515 -155.92   58.21    12.7     9.4    11.0    11.0     0.2 -9999.00 C    14.2     8.6    10.6    79.4    63.4    72.6 -99.000 -99.000 -99.000 -99.000 -99.000 -9999.0 -9999.0 -9999.0 -9999.0 -9999.0
25522 20240701  2.515 -155.92   58.21    13.2     7.2    10.2     9.8     0.0 -9999.00 C    21.9     6.8    11.1    86.7    50.8    67.6 -99.000 -99.000 -99.000 -99.000 -99.000 -9999.0 -9999.0 -9999.0 -9999.0 -9999.0
25522 20240702  2.515 -155.92   58.21 -9999.0 -9999.0 -9999.0 -9999.0 -9999.0 -9999.00 U -9999.0 -9999.0 -9999.0 -9999.0 -9999.0 -9999.0 -99.000 -99.000 -99.000 -99.000 -99.000 -9999.0 -9999.0 -9999.0 -9999.0 -9999.0
