63857 20240101  2.622  -85.96   34.29     6.6     0.3     3.5     2.7     0.0    10.55 C    10.1    -0.7     3.5    82.8    51.1    66.4   0.224   0.219   0.218   0.224   0.293     6.3     7.5     7.3     8.1    11.0
63857 20240102  2.622  -85.96   34.29     9.2    -5.0     2.1     1.2     0.0    11.94 C    15.7    -4.2     2.7    90.3    39.7    70.2   0.220   0.215   0.215   0.222   0.293     5.7     7.0     6.8     7.7    10.9
63857 20240103  2.622  -85.96   34.29     5.0    -5.0     0.0     0.4     0.0     2.12 C     6.1    -4.5     0.5    93.0    61.4    81.7   0.217   0.211   0.212   0.221   0.293     4.8     6.4     6.1     7.3    10.7
63857 20240104  2.622  -85.96   34.29     6.9    -4.8     1.1     0.9 -9999.0    10.16 C    13.0    -4.3     1.2    95.9    53.0    77.2   0.215   0.209   0.209   0.220   0.293     4.6     6.1     5.9     6.8    10.4
63857 20240105  2.622  -85.96   34.29     8.5    -2.8     2.8     4.0     3.0     8.22 C    11.9    -3.6     3.5    88.8    44.0    60.8   0.212   0.206   0.207   0.220   0.293     4.6     5.9     5.6     6.5    10.1
63857 20240106  2.622  -85.96   34.29     9.1     3.6     6.4     6.1     4.5     1.66 C    10.0     3.8     6.1    97.5    80.1    91.6   0.244   0.251   0.221   0.219   0.293     6.5     7.1     6.8     7.0    10.0
63857 20240107  2.622  -85.96   34.29     8.2    -2.7     2.8     3.3     0.3     7.50 C    14.1    -2.0     3.7    93.7    47.0    78.9   0.241   0.243   0.229   0.219   0.293     6.4     7.3     7.1     7.5    10.0
63857 20240108  2.622  -85.96   34.29     9.4    -1.9     3.7     4.9    20.9     8.38 C    11.9    -1.8     4.4    95.7    43.1    66.5   0.242   0.246   0.229   0.218   0.293     5.4     6.4     6.3     7.2    10.0
63857 20240109  2.622  -85.96   34.29    10.0     1.2     5.6     6.3    49.3     4.50 C    11.2     0.7     6.1    98.0    62.3    84.3   0.300   0.335   0.271   0.304   0.305     6.8     7.3     7.1     7.3     9.8
63857 20240110  2.622  -85.96   34.29     8.2    -0.8     3.7     3.3 -9999.0    10.43 C    12.1    -0.9     3.7    84.3    43.5    63.5   0.270   0.285   0.254   0.258   0.307     5.8     6.6     6.6     7.5     9.8
63857 20240111  2.622  -85.96   34.29    14.5    -2.3     6.1     6.9 -9999.0    12.21 C    18.4    -2.1     6.8    89.3    51.4    68.5   0.256   0.264   0.244   0.252   0.307     6.1     6.6     6.5     7.3     9.8
63857 20240112  2.622  -85.96   34.29    11.9     1.6     6.7     8.5    18.3     1.50 C    10.7     1.4     7.3    97.0    55.0    79.0   0.274   0.294   0.253   0.280   0.307     7.2     7.6     7.5     8.0     9.8
63857 20240113  2.622  -85.96   34.29     5.2    -4.1     0.5     0.0     0.0    12.94 C    10.4    -3.2     1.3    83.5    46.7    65.0   0.276   0.291   0.258   0.265   0.308     5.1     6.3     6.4     7.7     9.9
63857 20240114  2.622  -85.96   34.29     6.3    -3.7     1.3     2.8     0.0     8.82 C    12.1    -3.2     3.2    85.0    51.6    62.3   0.260   0.265   0.248   0.257   0.308     4.8     5.6     5.5     7.0     9.8
63857 20240115  2.622  -85.96   34.29     4.4    -2.6     0.9     0.8     1.6     2.32 C     6.8    -1.0     2.2    97.1    73.3    85.3   0.253   0.254   0.242   0.255   0.309     5.3     6.3     6.0     7.1     9.6
63857 20240116  2.622  -85.96   34.29    -2.4   -12.3    -7.3    -8.9     1.2     8.72 C    -0.6   -10.0    -6.2    94.0    75.4    83.0   0.256   0.262   0.243   0.253   0.309     2.8     4.5     4.6     6.4     9.5
63857 20240117  2.622  -85.96   34.29    -1.8   -13.9    -7.9    -8.1     0.0    15.58 C     2.3   -11.4    -4.9    85.9    47.5    71.6   0.254   0.253   0.237   0.251   0.309     1.3     2.9     3.0     5.1     9.1
63857 20240118  2.622  -85.96   34.29     6.3    -8.7    -1.2     0.3     4.6     6.41 C     6.3    -7.1     0.1    97.1    38.6    67.0   0.250   0.253   0.235   0.248   0.309     1.2     3.0     2.7     4.4     8.7
63857 20240119  2.622  -85.96   34.29     4.5    -6.7    -1.1    -0.6     0.5     8.29 C     4.7    -5.5     0.0    96.9    60.0    75.1   0.267   0.267   0.245   0.246   0.309     2.6     4.3     3.5     4.4     8.3
63857 20240120  2.622  -85.96   34.29    -4.9   -12.4    -8.6    -8.8     0.0    13.73 C     0.8   -10.0    -5.9    73.9    45.2    61.2   0.255   0.251   0.238   0.245   0.310     1.2     2.5     2.7     4.3     8.1
63857 20240121  2.622  -85.96   34.29     1.1   -13.8    -6.3    -6.2 -9999.0    13.45 C     6.7   -11.0    -3.7    83.0    26.4    56.0   0.264   0.241   0.231   0.243   0.310     0.6     1.9     2.0     3.9     7.8
63857 20240122  2.622  -85.96   34.29     9.3    -2.7     3.3     3.2 -9999.0     9.35 C     9.7    -3.8     2.0    50.0    35.1    42.2   0.262   0.239   0.227   0.241   0.310     0.9     2.7     2.1     3.5     7.5
63857 20240123  2.622  -85.96   34.29    11.6     5.3     8.4     8.8 -9999.0     4.13 C    12.0     2.9     7.6    92.4    46.7    73.0   0.248   0.235   0.226   0.240   0.310     3.6     4.9     3.6     3.8     7.3
63857 20240124  2.622  -85.96   34.29    16.0    10.1    13.0    13.0 -9999.0     0.79 C    15.0     9.2    12.2    98.4    92.5    96.9   0.270   0.269   0.242   0.259   0.311     8.1     7.8     6.9     5.8     7.5
63857 20240125  2.622  -85.96   34.29    19.2    15.5    17.3    16.9 -9999.0     1.73 C    18.8    14.7    16.0    98.5    83.6    94.9   0.341   0.333   0.272   0.326   0.313    11.9    11.2    10.3     8.5     8.1
63857 20240126  2.622  -85.96   34.29    18.4     9.7    14.1    14.7 -9999.0     6.91 C    22.3    10.1    15.0    97.7    72.7    87.8   0.326   0.336   0.271   0.325   0.313    12.8    12.2    11.7    10.4     9.0
63857 20240127  2.622  -85.96   34.29    18.0     5.5    11.8    13.0 -9999.0     2.44 C    18.1     6.0    12.5    98.1    79.9    89.3   0.324   0.338   0.272   0.325   0.313    12.0    11.7    11.5    11.0     9.8
63857 20240128  2.622  -85.96   34.29     5.9     4.4     5.1     5.2     0.0     3.23 C     7.4     4.2     5.7    92.8    80.8    86.7   0.326   0.343   0.274   0.326   0.313     8.9     9.5     9.8    10.5    10.3
63857 20240129  2.622  -85.96   34.29     8.0    -2.7     2.6     3.5 -9999.0    13.09 C    14.5    -1.7     5.1    95.9    60.0    75.8   0.307   0.316   0.271   0.293   0.313     7.7     8.5     8.4     9.3    10.3
63857 20240130  2.622  -85.96   34.29    14.4    -4.6     4.9     5.9 -9999.0    13.46 C    17.9    -3.9     6.6    98.1    47.8    72.8   0.289   0.287   0.262   0.262   0.313     7.1     7.9     7.6     8.6    10.2
63857 20240131  2.622  -85.96   34.29     8.9    -1.7     3.6     4.4 -9999.0     9.98 C    14.3    -1.0     4.9    89.6    55.1    73.9   0.276   0.268   0.252   0.260   0.314     7.3     8.1     8.0     8.7    10.1
63857 20240201  2.622  -85.96   34.29    14.1    -3.8     5.1     4.3 -9999.0    13.93 C    20.0    -3.4     5.8    96.7    34.0    72.3   0.266   0.257   0.245   0.259   0.314     6.8     7.6     7.3     8.2     9.9
63857 20240202  2.622  -85.96   34.29    18.4     0.1     9.3     8.9 -9999.0    14.27 C    21.6     0.2     9.2    92.7    38.7    67.8   0.259   0.249   0.241   0.257   0.314     8.1     8.4     8.0     8.5     9.8
63857 20240203  2.622  -85.96   34.29    16.3     4.1    10.2    10.8 -9999.0    13.67 C    19.2     3.9    10.1    85.8    42.5    59.1   0.250   0.241   0.236   0.256   0.314     8.6     8.9     8.6     9.1     9.9
63857 20240204  2.622  -85.96   34.29     9.6     4.6     7.1     6.9 -9999.0     1.15 C     8.1     4.2     5.9    82.3    50.3    63.9   0.257   0.252   0.239   0.253   0.314     7.5     8.2     8.3     9.2    10.1
63857 20240205  2.622  -85.96   34.29    16.5     5.5    11.0    10.7 -9999.0     9.85 C    21.7     3.6    10.0    61.9    43.5    51.2   0.272   0.271   0.251   0.254   0.314     8.3     8.7     8.3     8.6    10.0
63857 20240206  2.622  -85.96   34.29    17.8     0.1     9.0     8.7 -9999.0    15.69 C    21.4     0.1     8.6    85.7    27.2    55.1   0.260   0.253   0.242   0.255   0.315     8.2     8.7     8.5     8.9    10.0
63857 20240207  2.622  -85.96   34.29    16.0    -0.2     7.9     7.8 -9999.0    15.29 C    20.6     0.0     8.1    81.1    30.4    55.6   0.250   0.241   0.236   0.252   0.315     7.9     8.6     8.3     9.0    10.1
63857 20240208  2.622  -85.96   34.29    12.2     1.8     7.0     8.3 -9999.0     6.80 C    15.4     1.3     7.4    76.3    40.6    55.5   0.243   0.234   0.231   0.250   0.315     7.7     8.4     8.2     8.9    10.1
63857 20240209  2.622  -85.96   34.29    15.2     9.3    12.2    12.2 -9999.0     2.43 C    15.0     8.1    11.2    88.7    56.6    73.8   0.239   0.230   0.228   0.248   0.316     9.1     9.3     9.0     9.0    10.1
63857 20240210  2.622  -85.96   34.29    17.9    14.0    15.9    15.8 -9999.0     3.24 C    19.5    11.8    15.0    96.1    75.3    85.8   0.238   0.228   0.226   0.246   0.316    11.4    10.9    10.6     9.9    10.2
63857 20240211  2.622  -85.96   34.29    16.7    11.5    14.1    13.7 -9999.0     3.55 C    19.3    11.4    13.9    97.9    84.2    94.2   0.290   0.291   0.258   0.264   0.316    12.7    12.2    11.9    11.1    10.5
63857 20240212  2.622  -85.96   34.29    14.8     4.5     9.7    12.1 -9999.0     1.44 C    14.7     4.9    11.9    98.1    79.5    92.3   0.335   0.342   0.271   0.329   0.317    12.3    12.2    12.2    11.7    11.0
63857 20240213  2.622  -85.96   34.29    10.1     0.2     5.2     4.7 -9999.0    15.29 C    14.8     0.4     6.1    90.4    45.2    71.3   0.321   0.340   0.272   0.327   0.317     9.5    10.0    10.2    11.0    11.2
63857 20240214  2.622  -85.96   34.29    16.0    -1.5     7.3     6.8 -9999.0    16.84 C    22.9    -1.3     8.6    94.8    30.8    65.2   0.293   0.298   0.263   0.266   0.318     9.1     9.7     9.4    10.1    11.1
63857 20240215  2.622  -85.96   34.29    17.8     0.5     9.2     9.9 -9999.0    15.01 C    22.2     0.7     9.7    86.9    38.0    61.3   0.276   0.270   0.252   0.263   0.318     9.5     9.9     9.6    10.2    11.1
63857 20240216  2.622  -85.96   34.29    18.6     5.3    11.9    12.6 -9999.0    11.17 C    22.6     5.2    12.3    93.1    45.7    65.7   0.264   0.256   0.245   0.261   0.318    10.6    10.7    10.3    10.5    11.0
63857 20240217  2.622  -85.96   34.29     7.5    -1.7     2.9     1.4 -9999.0     8.71 C     7.8    -1.4     2.8    93.4    51.4    69.7   0.262   0.256   0.243   0.259   0.318     8.3     9.3     9.5    10.4    11.1
63857 20240218  2.622  -85.96   34.29     8.6    -4.3     2.1     1.3 -9999.0    17.44 C    15.3    -3.8     3.1    73.4    27.1    47.9   0.252   0.244   0.237   0.257   0.318     6.6     7.8     7.6     8.9    11.0
63857 20240219  2.622  -85.96   34.29    13.1    -4.9     4.1     3.4 -9999.0    18.09 C    20.6    -4.4     5.1    88.2    20.8    54.4   0.244   0.234   0.233   0.254   0.318     6.7     7.8     7.4     8.4    10.6
63857 20240220  2.622  -85.96   34.29    14.7    -2.3     6.2     6.0 -9999.0    12.94 C    21.3    -1.7     6.9    82.6    24.8    53.6   0.238   0.227   0.229   0.250   0.318     7.4     8.3     7.8     8.5    10.3
63857 20240221  2.622  -85.96   34.29    18.2     1.7    10.0    10.5 -9999.0    16.23 C    22.4     0.7    10.0    70.7    32.0    46.6   0.232   0.221   0.225   0.247   0.318     8.4     8.9     8.4     8.8    10.3
63857 20240222  2.622  -85.96   34.29    17.6     8.7    13.1    13.4 -9999.0     7.58 C    20.2     6.3    12.2    80.6    46.5    65.0   0.226   0.215   0.221   0.245   0.318     9.7     9.9     9.4     9.4    10.3
63857 20240223  2.622  -85.96   34.29    17.3     6.0    11.6    12.3 -9999.0    15.47 C    21.7     4.6    12.1    96.9    38.8    66.3   0.257   0.263   0.232   0.243   0.318    11.3    11.3    10.8    10.4    10.5
63857 20240224  2.622  -85.96   34.29    14.9    -0.7     7.1     8.6 -9999.0    17.67 C    17.9    -0.5     8.3    77.5    33.0    52.2   0.247   0.247   0.233   0.242   0.318     9.6    10.1    10.0    10.4    10.8
63857 20240225  2.622  -85.96   34.29    17.2    -3.7     6.8     8.0 -9999.0    17.37 C    21.0    -3.0     8.3    92.0    28.1    54.3   0.235   0.232   0.228   0.241   0.319     8.8     9.4     9.1     9.8    10.8
63857 20240226  2.622  -85.96   34.29    21.2     8.5    14.8    15.4 -9999.0    17.23 C    24.4     5.5    14.3    68.5    36.5    48.3   0.226   0.221   0.223   0.240   0.319    10.7    10.8    10.2    10.0    10.8
63857 20240227  2.622  -85.96   34.29    21.9    14.2    18.1    18.3 -9999.0     6.32 C    22.3    12.2    16.8    84.3    56.6    71.0   0.218   0.213   0.218   0.238   0.319    12.6    12.4    11.8    11.1    10.9
63857 20240228  2.622  -85.96   34.29    21.8     2.3    12.0    13.1 -9999.0     3.99 C    22.4     1.9    12.5    92.8    29.8    66.6   0.223   0.225   0.216   0.237   0.319    12.9    12.9    12.8    12.1    11.3
63857 20240229  2.622  -85.96   34.29    10.0    -0.9     4.5     5.2 -9999.0    10.09 C    13.6    -0.2     6.0    78.4    28.7    44.0   0.230   0.233   0.218   0.235   0.319     9.1    10.0    10.1    11.0    11.6
63857 20240301  2.622  -85.96   34.29     7.7     4.1     5.9     5.7     0.7     1.47 C     7.0     4.1     5.5    98.0    46.4    83.3   0.283   0.300   0.249   0.277   0.319     7.7     8.5     8.8     9.8    11.4
63857 20240302  2.622  -85.96   34.29    15.9     6.0    11.0     9.4 -9999.0    11.78 C    25.2     5.3    10.8    98.4    64.7    90.0   0.294   0.300   0.258   0.264   0.320     9.8    10.1     9.5     9.5    11.1
63857 20240303  2.622  -85.96   34.29    18.5     6.3    12.4    13.2 -9999.0     7.09 C    20.3     5.3    13.1   100.0    78.7    94.8   0.278   0.273   0.250   0.258   0.320    11.2    11.2    10.8    10.5    11.1
63857 20240304  2.622  -85.96   34.29    20.1    12.8    16.4    15.7 -9999.0     8.38 C    23.5    11.2    15.6    98.3    74.0    88.9   0.269   0.261   0.245   0.257   0.320    13.1    12.7    12.3    11.5    11.2
63857 20240305  2.622  -85.96   34.29    14.9    13.2    14.1    14.2 -9999.0     1.79 C    15.7    12.9    13.8    96.2    88.8    93.0   0.291   0.297   0.258   0.288   0.321    13.2    13.0    12.8    12.2    11.5
63857 20240306  2.622  -85.96   34.29    16.6    10.6    13.6    14.0 -9999.0     5.56 C    17.9     9.8    13.9    97.5    76.1    90.2   0.330   0.332   0.270   0.325   0.322    13.5    13.4    13.1    12.5    11.8
63857 20240307  2.622  -85.96   34.29    21.1     7.6    14.4    14.5 -9999.0    18.73 C    28.8     7.0    16.2    97.6    46.7    76.7   0.312   0.326   0.270   0.324   0.322    14.2    14.0    13.5    12.7    12.1
63857 20240308  2.622  -85.96   34.29    17.2    13.5    15.4    14.7 -9999.0     1.47 C    17.1    13.2    14.0    94.8    73.3    85.2   0.313   0.317   0.268   0.299   0.322    13.8    13.7    13.7    13.3    12.4
63857 20240309  2.622  -85.96   34.29    17.8     7.1    12.5    12.9 -9999.0     9.17 C    22.5     7.3    13.6    97.7    71.5    88.3   0.336   0.341   0.274   0.325   0.322    14.1    14.0    13.8    13.2    12.6
63857 20240310  2.622  -85.96   34.29    12.4     1.9     7.2     7.0 -9999.0    21.27 C    16.7     2.0     8.0    88.8    28.9    56.6   0.310   0.322   0.273   0.310   0.322    11.6    12.0    12.3    12.7    12.7
63857 20240311  2.622  -85.96   34.29    15.5    -1.6     6.9     6.7 -9999.0    19.80 C    22.9    -1.4     8.7    80.2    20.9    51.9   0.283   0.279   0.258   0.266   0.323    10.9    11.3    11.2    11.7    12.6
63857 20240312  2.622  -85.96   34.29    20.0     0.6    10.3    11.0 -9999.0    20.47 C    26.3     0.8    11.9    86.5    22.0    51.3   0.268   0.255   0.247   0.264   0.323    11.8    12.1    11.7    11.7    12.4
63857 20240313  2.622  -85.96   34.29    21.4     4.8    13.1    14.2 -9999.0    18.21 C    26.7     4.5    14.7    84.7    45.5    61.5   0.255   0.240   0.239   0.261   0.323    13.0    13.1    12.5    12.3    12.4
63857 20240314  2.622  -85.96   34.29    25.6    10.0    17.8    19.2 -9999.0    19.73 C    29.6     9.5    18.9    88.3    44.6    63.7   0.244   0.226   0.233   0.258   0.323    14.9    14.7    13.9    13.2    12.5
63857 20240315  2.622  -85.96   34.29    20.4    13.3    16.9    17.2 -9999.0     6.63 C    23.7    12.6    17.0    96.4    69.7    86.0   0.280   0.285   0.255   0.264   0.323    15.9    15.7    15.2    14.3    12.9
63857 20240316  2.622  -85.96   34.29    15.0     6.9    10.9    12.0 -9999.0     7.88 C    18.5     6.7    12.9    98.3    70.7    87.8   0.280   0.275   0.254   0.266   0.323    14.7    14.7    14.6    14.3    13.2
63857 20240317  2.622  -85.96   34.29    16.1     6.4    11.2    12.4 -9999.0    10.78 C    20.3     6.3    12.7    97.7    56.1    78.0   0.271   0.260   0.247   0.264   0.323    13.8    13.9    13.9    13.7    13.3
63857 20240318  2.622  -85.96   34.29    10.2    -0.2     5.0     6.2 -9999.0    19.65 C    16.9    -0.5     7.4    68.6    29.1    47.8   0.259   0.243   0.240   0.261   0.323    12.1    12.6    12.9    13.2    13.3
63857 20240319  2.622  -85.96   34.29    12.2    -4.3     3.9     4.6 -9999.0    22.28 C    19.4    -3.7     6.9    83.2    27.2    49.3   0.245   0.226   0.232   0.258   0.324    10.8    11.4    11.5    12.0    13.2
63857 20240320  2.622  -85.96   34.29    20.9     0.6    10.7    11.9 -9999.0    21.16 C    26.1     0.9    12.4    86.3    35.2    51.6   0.234   0.214   0.226   0.253   0.324    12.0    12.3    11.9    11.9    12.9
63857 20240321  2.622  -85.96   34.29    21.8     5.0    13.4    14.9 -9999.0    19.32 C    29.6     4.5    15.8    89.7    31.6    53.0   0.222   0.202   0.220   0.249   0.324    13.6    13.8    13.1    12.6    12.8
63857 20240322  2.622  -85.96   34.29    17.9    11.6    14.7    13.7 -9999.0     5.49 C    19.7    10.7    13.2    96.0    47.9    74.4   0.217   0.195   0.214   0.246   0.324    13.5    13.7    13.5    13.3    13.0
63857 20240323  2.622  -85.96   34.29    15.7     5.4    10.5    11.6 -9999.0    16.13 C    19.9     4.2    12.1    95.5    39.3    70.4   0.237   0.221   0.213   0.244   0.324    13.4    13.6    13.4    13.2    13.1
63857 20240324  2.622  -85.96   34.29    18.3     0.1     9.2    10.1 -9999.0    19.83 C    22.1     0.3    10.4    83.2    28.8    51.7   0.227   0.209   0.213   0.241   0.324    12.0    12.5    12.5    12.8    13.2
63857 20240325  2.622  -85.96   34.29 -9999.0 -9999.0 -9999.0 -9999.0 -9999.0 -9999.00 U -9999.0 -9999.0 -9999.0 -9999.0 -9999.0 -9999.0 -99.000 -99.000 -99.000 -99.000 -99.000 -9999.0 -9999.0 -9999.0 -9999.0 -9999.0
63857 20240326  2.622  -85.96   34.29    17.3     7.9    12.6    13.4    28.9     7.15 C    21.9     7.7    13.4    98.9    67.1    86.7   0.271   0.271   0.265   0.300   0.339    13.3    13.2    13.0    12.9    13.0
63857 20240327  2.622  -85.96   34.29    17.3     6.2    11.7    11.9     0.0    18.03 C    24.5     6.3    13.0    98.7    41.8    67.1   0.271   0.273   0.271   0.365   0.342    13.5    13.3    13.3    13.1    13.1
63857 20240328  2.622  -85.96   34.29    17.5     3.1    10.3    10.5     0.0    22.56 C    22.6     2.8    10.8    78.9    27.6    46.6   0.253   0.262   0.264   0.362   0.342    12.7    12.9    13.0    13.1    13.2
63857 20240329  2.622  -85.96   34.29    20.2     0.4    10.3    11.1     0.0    22.67 C    27.2     1.0    12.8    90.3    23.8    55.1   0.237   0.253   0.258   0.355   0.342    13.2    13.1    13.0    13.0    13.2
63857 20240330  2.622  -85.96   34.29    22.5     7.7    15.1    16.1     0.0    21.93 C    26.3     6.8    15.5    73.4    35.8    52.2   0.224   0.246   0.252   0.350   0.343    14.2    13.9    13.6    13.3    13.2
63857 20240331  2.622  -85.96   34.29    23.4    10.9    17.1    18.4     0.0    14.64 C    30.0     9.3    17.8    87.5    53.1    69.3   0.212   0.241   0.246   0.334   0.343    15.4    14.7    14.4    13.7    13.4
63857 20240401  2.622  -85.96   34.29    21.5    16.0    18.7    19.1     0.0     4.57 C    23.1    14.4    18.3    87.9    73.2    82.8   0.206   0.236   0.241   0.327   0.343    16.1    15.4    15.1    14.3    13.6
63857 20240402  2.622  -85.96   34.29    24.2    18.0    21.1    20.9    17.2     9.98 C    27.6    16.9    20.3    95.8    57.1    77.4   0.208   0.235   0.236   0.324   0.339    17.2    16.2    15.9    14.7    13.9
63857 20240403  2.622  -85.96   34.29    18.0     7.2    12.6    11.4     0.0    17.59 C    21.8     5.7    12.4    86.4    38.0    57.2   0.268   0.268   0.256   0.323   0.339    15.4    15.5    15.7    15.1    14.2
63857 20240404  2.622  -85.96   34.29    15.2     3.7     9.4     9.7     0.0    23.58 C    20.4     3.1    10.7    69.9    32.4    50.3   0.246   0.252   0.251   0.321   0.338    13.2    13.6    13.9    14.4    14.3
63857 20240405  2.622  -85.96   34.29    13.2     1.8     7.5     7.5     0.0    23.82 C    22.6     1.5     9.8    84.5    46.5    63.0   0.229   0.243   0.246   0.314   0.338    13.1    13.4    13.5    13.9    14.1
63857 20240406  2.622  -85.96   34.29    15.7     0.3     8.0     8.0     0.0    21.16 C    24.6     0.6    10.3    89.2    33.5    63.0   0.216   0.237   0.241   0.308   0.338    12.9    13.2    13.3    13.7    13.9
63857 20240407  2.622  -85.96   34.29    22.9     3.0    12.9    14.1     0.0    22.43 C    29.0     2.8    14.7    83.3    28.4    50.1   0.204   0.232   0.236   0.303   0.338    14.0    13.8    13.6    13.6    13.8
63857 20240408  2.622  -85.96   34.29    23.5     9.4    16.4    16.8     2.6    14.31 C    29.2     8.4    16.7    90.3    37.7    61.0   0.193   0.226   0.229   0.299   0.337    15.2    14.8    14.6    14.1    13.8
63857 20240409  2.622  -85.96   34.29    15.1    11.9    13.5    13.7    21.2     2.03 C    15.2    12.2    13.7    97.3    80.6    94.5   0.267   0.261   0.240   0.295   0.337    14.5    14.5    14.6    14.4    14.0
63857 20240410  2.622  -85.96   34.29    20.2    13.2    16.7    16.6     2.3     5.21 C    20.9    12.7    16.1    97.4    73.3    86.9   0.281   0.272   0.265   0.294   0.337    15.1    14.8    14.7    14.3    14.1
63857 20240411  2.622  -85.96   34.29    20.9    10.8    15.8    15.0     8.2     9.09 C    25.5     9.9    15.3    96.9    59.6    87.2   0.287   0.277   0.271   0.294   0.337    15.6    15.3    15.2    14.6    14.2
63857 20240412  2.622  -85.96   34.29    18.0     7.5    12.7    12.6     0.0    24.85 C    21.3     6.7    12.6    86.5    27.4    53.8   0.274   0.270   0.269   0.297   0.338    14.4    14.4    14.6    14.6    14.3
63857 20240413  2.622  -85.96   34.29    22.8     3.3    13.0    13.8     0.0    24.70 C    26.9     3.3    14.6    89.6    30.6    57.0   0.252   0.256   0.258   0.297   0.338    14.7    14.4    14.4    14.3    14.3
63857 20240414  2.622  -85.96   34.29    25.9     8.3    17.1    18.5     0.4    20.73 C    29.3     7.6    17.8    88.2    34.2    57.4   0.234   0.246   0.250   0.296   0.338    16.0    15.4    15.2    14.6    14.3
63857 20240415  2.622  -85.96   34.29    26.5    10.5    18.5    20.2     0.0    22.45 C    33.0    10.1    20.8    88.2    48.5    63.2   0.220   0.238   0.243   0.294   0.338    17.9    16.7    16.4    15.2    14.5
63857 20240416  2.622  -85.96   34.29    26.7    14.2    20.4    21.1     0.0    21.42 C    32.0    13.2    21.4    84.6    26.0    57.0   0.205   0.231   0.237   0.292   0.337    18.9    17.8    17.5    15.9    14.8
63857 20240417  2.622  -85.96   34.29    20.7    14.4    17.5    17.6    26.5     3.65 C    23.5    14.6    17.4    97.4    61.6    82.3   0.236   0.250   0.249   0.290   0.337    17.7    17.4    17.4    16.5    15.2
63857 20240418  2.622  -85.96   34.29    25.0    15.3    20.1    19.5     0.0    17.19 C    33.0    15.3    21.2    98.8    63.0    88.6   0.270   0.268   0.266   0.294   0.338    19.3    18.1    17.7    16.4    15.5
63857 20240419  2.622  -85.96   34.29    25.8    16.6    21.2    20.2     6.4    13.81 C    32.5    16.5    21.2    98.2    64.7    88.2   0.277   0.269   0.268   0.293   0.338    20.3    19.1    18.8    17.1    15.7
63857 20240420  2.622  -85.96   34.29    18.2    10.7    14.5    15.4     2.1     9.05 C    22.8    11.1    16.5    95.7    56.4    81.3   0.267   0.262   0.264   0.292   0.338    18.8    18.5    18.5    17.5    16.1
63857 20240421  2.622  -85.96   34.29    14.3     6.6    10.5    10.5     0.3    13.48 C    20.0     5.9    11.5    87.4    43.7    59.7   0.265   0.259   0.262   0.291   0.338    16.0    16.5    16.9    17.0    16.2
63857 20240422  2.622  -85.96   34.29    17.1     2.6     9.9     9.9     0.0    26.19 C    26.3     2.8    12.7    88.7    29.1    58.5   0.249   0.250   0.255   0.290   0.338    15.7    15.7    15.9    16.1    16.0
63857 20240423  2.622  -85.96   34.29    21.9     2.8    12.3    13.9     0.0    25.86 C    27.0     3.0    15.0    91.8    31.4    56.5   0.231   0.242   0.248   0.288   0.338    16.2    15.9    16.0    15.9    15.8
63857 20240424  2.622  -85.96   34.29    23.1     9.9    16.5    16.4     0.0    18.78 C    28.4     9.4    16.9    92.4    43.2    64.9   0.216   0.235   0.241   0.286   0.338    17.0    16.5    16.5    16.0    15.7
63857 20240425  2.622  -85.96   34.29    23.2     7.1    15.2    16.3     0.0    20.64 C    33.6     6.6    18.3    92.9    34.5    63.4   0.203   0.229   0.235   0.284   0.337    17.8    17.0    16.9    16.2    15.8
63857 20240426  2.622  -85.96   34.29    26.3    13.3    19.8    20.9     0.0    19.65 C    33.0    13.0    21.6    81.8    54.4    62.8   0.190   0.223   0.229   0.282   0.337    19.1    18.0    17.8    16.7    15.9
63857 20240427  2.622  -85.96   34.29    24.3    16.2    20.2    19.6     0.0    12.66 C    30.2    16.0    19.9    85.3    57.1    73.8   0.179   0.217   0.223   0.279   0.336    18.9    18.3    18.2    17.1    16.1
63857 20240428  2.622  -85.96   34.29    25.4    14.6    20.0    20.0     0.0    19.42 C    33.1    13.4    20.9    90.4    45.3    68.2   0.168   0.210   0.217   0.277   0.336    19.5    18.6    18.4    17.4    16.3
63857 20240429  2.622  -85.96   34.29    24.9    12.5    18.7    19.6     0.0    19.92 C    34.0    11.7    21.0    89.5    53.2    70.7   0.156   0.203   0.211   0.275   0.335    19.7    18.8    18.7    17.7    16.6
63857 20240430  2.622  -85.96   34.29    23.8    14.1    18.9    18.5     9.1    17.57 C    32.7    13.6    20.6    98.1    57.2    80.7   0.163   0.203   0.208   0.273   0.334    20.5    19.4    19.3    18.0    16.7
63857 20240501  2.622  -85.96   34.29    26.6    11.5    19.1    19.4     0.0    23.51 C    35.0    11.6    21.9    99.2    40.6    75.0   0.170   0.203   0.205   0.271   0.334    21.0    19.7    19.6    18.3    17.0
63857 20240502  2.622  -85.96   34.29    27.9    12.9    20.4    21.1     0.0    23.00 C    36.6    12.1    22.6    97.2    43.0    68.2   0.159   0.197   0.202   0.270   0.333    21.2    20.0    20.0    18.6    17.2
63857 20240503  2.622  -85.96   34.29    26.2    17.9    22.1    21.8     8.1    14.57 C    35.2    18.1    23.4    98.0    59.2    80.1   0.151   0.194   0.199   0.268   0.332    21.9    20.7    20.5    19.0    17.5
63857 20240504  2.622  -85.96   34.29    26.3    16.2    21.3    20.9     3.9    19.03 C    33.6    16.6    22.9    98.8    57.6    84.2   0.180   0.206   0.199   0.267   0.332    22.5    21.2    21.0    19.4    17.8
63857 20240505  2.622  -85.96   34.29    27.7    15.7    21.7    21.2     0.0    20.82 C    36.5    15.8    23.7    99.0    57.0    83.4   0.178   0.203   0.198   0.265   0.331    22.9    21.6    21.4    19.7    18.0
63857 20240506  2.622  -85.96   34.29    27.3    18.1    22.7    22.1     0.0    19.89 C    34.3    17.8    24.0    95.1    57.7    80.1   0.170   0.198   0.197   0.264   0.331    23.2    22.0    21.8    20.1    18.3
63857 20240507  2.622  -85.96   34.29    26.9    19.0    22.9    22.8     5.6    13.98 C    33.3    18.3    23.9    97.1    64.8    83.5   0.155   0.194   0.195   0.263   0.330    22.8    21.8    21.7    20.3    18.6
63857 20240508  2.622  -85.96   34.29    27.7    20.8    24.2    24.0     0.3    15.34 C    33.4    20.2    24.9    95.7    70.6    84.5   0.167   0.194   0.194   0.262   0.330    23.5    22.3    22.1    20.4    18.8
63857 20240509  2.622  -85.96   34.29    27.6    17.3    22.4    22.1    20.9    16.51 C    31.5    17.6    23.3    97.2    63.2    85.3   0.219   0.229   0.224   0.262   0.330    23.2    22.3    22.1    20.7    19.0
63857 20240510  2.622  -85.96   34.29    24.2    10.8    17.5    19.3     0.0    25.50 C    29.9    11.3    20.9    96.4    49.6    73.8   0.233   0.228   0.233   0.261   0.330    23.0    22.1    22.2    20.7    19.1
63857 20240511  2.622  -85.96   34.29    22.5     8.4    15.4    16.3     0.0    26.38 C    30.9     8.6    19.0    97.5    47.2    71.6   0.210   0.218   0.224   0.260   0.329    21.7    21.0    21.2    20.5    19.2
63857 20240512  2.622  -85.96   34.29    23.9     9.6    16.8    17.4     0.0    23.65 C    33.7     9.6    20.4    97.9    33.9    70.6   0.195   0.211   0.216   0.260   0.329    21.9    21.0    21.1    20.3    19.2
63857 20240513  2.622  -85.96   34.29    18.9    14.8    16.9    16.5     1.2     6.30 C    23.7    15.4    17.2    93.9    78.4    85.4   0.182   0.207   0.212   0.262   0.329    20.3    20.3    20.6    20.2    19.2
63857 20240514  2.622  -85.96   34.29    23.4    15.9    19.6    18.7     1.8    11.36 C    30.7    15.7    19.9    95.4    73.1    88.9   0.174   0.209   0.214   0.279   0.328    20.3    20.0    20.0    19.6    19.0
63857 20240515  2.622  -85.96   34.29    24.8    14.6    19.7    19.0     0.5    18.43 C    29.3    14.4    20.2    98.6    57.8    83.5   0.167   0.216   0.221   0.277   0.329    21.1    20.4    20.4    19.5    18.9
63857 20240516  2.622  -85.96   34.29    25.7    11.6    18.7    19.6     0.0    26.25 C    34.7    11.7    22.6    98.7    58.8    81.8   0.168   0.206   0.211   0.276   0.332    22.0    20.8    20.8    19.6    18.9
63857 20240517  2.622  -85.96   34.29    20.4    17.9    19.2    19.2     2.3     3.96 C    23.4    18.1    19.7    97.9    85.4    93.4   0.156   0.194   0.211   0.263   0.329    21.3    20.9    21.0    20.0    19.0
63857 20240518  2.622  -85.96   34.29    26.0    16.4    21.2    19.7     0.0    13.93 C    32.7    16.7    21.4    98.7    64.9    91.3   0.159   0.195   0.202   0.256   0.328    21.9    21.1    21.0    20.0    19.1
63857 20240519  2.622  -85.96   34.29    27.5    16.4    21.9    21.0     0.0    19.88 C    34.5    16.1    23.2    98.7    54.8    83.2   0.159   0.197   0.208   0.255   0.329    22.7    21.5    21.4    20.2    19.1
63857 20240520  2.622  -85.96   34.29    27.1    15.1    21.1    21.1     0.0    25.57 C    37.0    15.1    24.3    96.3    50.4    78.9   0.157   0.187   0.195   0.254   0.326    23.6    22.1    22.0    20.6    19.3
63857 20240521  2.622  -85.96   34.29    28.1    13.6    20.8    22.2     0.0    23.97 C    36.0    13.5    24.8    99.1    49.2    72.4   0.151   0.184   0.191   0.253   0.326    24.0    22.5    22.5    21.0    19.5
63857 20240522  2.622  -85.96   34.29    27.6    16.2    21.9    22.5     0.0    20.85 C    34.4    15.7    24.6    94.5    52.8    74.2   0.139   0.182   0.189   0.264   0.326    24.3    23.0    22.9    21.1    19.8
63857 20240523  2.622  -85.96   34.29    28.2    18.3    23.2    22.6     0.0    15.69 C    34.3    18.0    24.4    95.2    51.5    78.3   0.119   0.184   0.186   0.271 -99.000    23.9    23.0    23.0    21.2    20.0
63857 20240524  2.622  -85.96   34.29    27.8    17.9    22.8    21.5     8.0    14.25 C    39.5    17.5    23.7    96.4    59.4    84.9   0.143   0.183   0.189   0.264   0.322    23.5    22.8    22.8    21.4    20.2
63857 20240525  2.622  -85.96   34.29    28.9    18.5    23.7    22.8    19.9    21.81 C    36.2    18.3    25.2    96.7    54.9    82.7   0.221   0.228   0.215   0.267   0.323    24.3    23.2    23.0    21.6    20.3
63857 20240526  2.622  -85.96   34.29    28.5    19.7    24.1    24.3     0.0    19.77 C    34.1    19.7    26.0    98.2    58.0    79.6   0.211   0.231   0.240   0.276   0.325    25.0    23.8    23.8    21.6    20.4
63857 20240527  2.622  -85.96   34.29    28.2    17.0    22.6    22.2    58.1    19.19 C    32.9    16.7    23.7    97.2    60.2    82.8   0.259   0.274   0.286   0.316   0.335    23.7    23.0    23.2    22.0    20.7
63857 20240528  2.622  -85.96   34.29    27.3    15.3    21.3    21.8     0.0    26.22 C    33.2    15.4    24.5    96.1    45.8    70.1   0.244   0.260   0.279   0.295   0.335    24.3    23.3    23.3    21.9    20.7
63857 20240529  2.622  -85.96   34.29    26.9    11.6    19.3    20.3     0.0    25.96 C    33.2    11.4    23.0    96.9    37.2    65.5   0.219   0.253   0.264   0.288   0.333    23.8    22.9    23.0    21.7    20.8
63857 20240530  2.622  -85.96   34.29    25.3    11.4    18.3    18.7     0.0    26.90 C    33.8    11.3    22.6    93.4    43.5    65.7   0.209   0.236   0.258   0.268   0.332    23.9    22.9    23.0    21.9    20.8
63857 20240531  2.622  -85.96   34.29    26.0    13.6    19.8    20.7     0.0    20.81 C    30.5    13.1    22.1    82.3    53.7    63.3   0.183   0.230   0.250   0.263   0.332    23.2    22.6    22.7    21.9    20.8
63857 20240601  2.622  -85.96   34.29    20.7    15.9    18.3    18.2    19.3     6.86 C    21.5    15.1    17.9    96.2    58.6    87.5   0.219   0.241   0.241   0.262   0.331    21.3    21.6    21.8    21.7    20.8
63857 20240602  2.622  -85.96   34.29    25.4    18.3    21.9    21.1     6.7    14.30 C    31.3    18.0    22.6    99.0    73.4    91.2   0.270   0.268   0.261   0.260   0.332    22.6    21.9    21.7    21.2    20.6
63857 20240603  2.622  -85.96   34.29    27.9    17.7    22.8    22.3     0.0    20.35 C    35.0    17.3    24.5    98.9    61.6    85.8   0.258   0.263   0.267   0.258   0.331    24.1    23.0    22.7    21.4    20.5
63857 20240604  2.622  -85.96   34.29    28.3    20.3    24.3    23.5     3.0    15.79 C    33.6    20.2    25.0    96.9    60.2    83.2   0.248   0.255   0.265   0.257   0.329    24.3    23.5    23.3    21.9    20.7
63857 20240605  2.622  -85.96   34.29    27.2    19.1    23.2    22.9     7.2    17.75 C    33.7    18.8    24.6    96.5    65.5    85.3   0.249   0.253   0.263   0.258   0.330    24.6    23.7    23.5    22.1    20.9
63857 20240606  2.622  -85.96   34.29    27.8    18.9    23.3    22.6     0.0    17.20 C    33.5    18.5    24.3    96.9    65.3    83.4   0.255   0.257   0.264   0.257   0.330    24.6    23.8    23.6    22.3    21.0
63857 20240607  2.622  -85.96   34.29    27.3    13.4    20.3    22.1     0.0    28.07 C    33.5    13.7    24.7    98.5    36.2    66.2   0.235   0.246   0.261   0.256   0.330    24.6    23.9    23.7    22.4    21.1
63857 20240608  2.622  -85.96   34.29    27.4    12.1    19.7    20.6     0.0    24.57 C    36.8    12.0    24.4    95.3    43.1    69.9   0.212   0.237   0.256   0.256   0.329    24.1    23.4    23.3    22.3    21.3
63857 20240609  2.622  -85.96   34.29    29.8    16.3    23.1    24.1     0.5    24.89 C    35.6    16.2    26.1    94.2    58.3    74.8   0.202   0.228   0.250   0.255   0.329    25.2    24.0    23.7    22.4    21.3
63857 20240610  2.622  -85.96   34.29    26.6    16.3    21.4    21.1     0.2    24.97 C    32.2    15.6    23.4    94.7    40.7    69.3   0.193   0.220   0.244   0.253   0.328    25.1    24.3    24.1    22.8    21.4
63857 20240611  2.622  -85.96   34.29    26.4    12.3    19.3    20.0     0.0    28.41 C    33.9    12.2    23.6    94.1    38.7    66.9   0.182   0.214   0.237   0.253   0.328    24.5    23.6    23.6    22.7    21.5
63857 20240612  2.622  -85.96   34.29    28.0    12.4    20.2    21.2     0.0    21.68 C    37.0    12.5    24.3    98.1    45.4    72.2   0.171   0.204   0.231   0.252   0.328    24.4    23.6    23.5    22.7    21.6
63857 20240613  2.622  -85.96   34.29    30.4    17.4    23.9    24.1     0.0    25.15 C    38.3    17.1    26.7    94.4    49.6    71.4   0.168   0.197   0.225   0.251   0.328    25.3    24.1    23.9    22.8    21.6
63857 20240614  2.622  -85.96   34.29    31.6    17.5    24.6    25.2     0.0    25.54 C    41.4    17.7    29.0    95.1    44.6    71.4   0.163   0.190   0.219   0.250   0.327    26.3    24.8    24.5    23.1    21.6
63857 20240615  2.622  -85.96   34.29    32.5    17.7    25.1    25.6     0.0    23.94 C    42.1    17.8    29.3    98.9    46.5    73.7   0.157   0.180   0.212   0.249   0.326    26.8    25.3    25.1    23.6    21.9
63857 20240616  2.622  -85.96   34.29    32.5    20.4    26.4    26.6     0.0    22.52 C    39.7    20.4    29.0    96.3    43.7    72.4   0.150   0.172   0.205   0.247   0.326    27.1    25.6    25.5    23.9    22.1
63857 20240617  2.622  -85.96   34.29    31.1    21.1    26.1    26.0     0.0    21.73 C    36.4    21.1    28.1    91.0    48.7    71.8   0.140   0.165   0.197   0.246   0.324    26.8    25.6    25.6    24.2    22.4
63857 20240618  2.622  -85.96   34.29    29.1    20.7    24.9    25.2     0.0    19.75 C    33.2    20.9    26.5    90.5    51.6    68.2   0.129   0.159   0.191   0.244   0.323    26.1    25.3    25.3    24.2    22.5
63857 20240619  2.622  -85.96   34.29    28.2    19.3    23.8    23.8     0.0    21.38 C    33.1    19.2    25.0    80.7    51.7    65.8   0.120   0.156   0.185   0.242   0.322    25.4    24.8    24.9    24.0    22.6
63857 20240620  2.622  -85.96   34.29    30.6    18.6    24.6    24.5     0.0    24.85 C    36.2    18.6    26.6    86.0    44.9    66.0   0.126   0.149   0.180   0.240   0.320    25.9    24.8    24.9    23.9    22.5
63857 20240621  2.622  -85.96   34.29    31.5    18.1    24.8    24.6     0.0    22.12 C    40.5    17.9    28.0    95.5    45.7    70.3   0.126   0.144   0.176   0.237   0.318    26.5    25.2    25.2    24.0    22.5
63857 20240622  2.622  -85.96   34.29    32.7    18.1    25.4    25.5     0.0    24.80 C    42.6    17.9    29.0    95.4    40.3    69.4   0.129   0.139   0.173   0.235   0.315    27.2    25.6    25.6    24.2    22.6
63857 20240623  2.622  -85.96   34.29    32.7    17.7    25.2    26.4     0.0    24.06 C    38.8    17.3    28.8    96.0    41.6    66.0   0.130   0.138   0.165   0.230   0.312    27.3    25.7    25.8    24.5    22.8
63857 20240624  2.622  -85.96   34.29    33.0    18.2    25.6    26.7     0.0    26.09 C    39.5    18.0    29.5    96.5    35.9    64.3   0.137   0.132   0.165   0.228   0.308    28.0    26.2    26.3    24.7    22.9
63857 20240625  2.622  -85.96   34.29    33.5    14.8    24.2    25.1     0.0    25.60 C    40.2    14.8    28.6    93.6    32.1    62.4   0.125   0.128   0.162   0.223   0.304    26.8    25.9    26.1    24.9    23.1
63857 20240626  2.622  -85.96   34.29    35.2    16.8    26.0    25.1     0.7    20.49 C    43.9    16.8    27.6    98.0    35.3    72.3   0.129   0.126   0.158   0.219   0.299    26.8    26.0    26.2    24.9    23.2
63857 20240627  2.622  -85.96   34.29    29.1    20.3    24.7    23.9     0.5    15.25 C    36.7    20.1    25.4    98.4    66.1    87.6   0.108   0.133   0.175   0.218   0.297    26.5    25.9    25.7    24.9    23.2
63857 20240628  2.622  -85.96   34.29    32.4    21.7    27.0    25.9     2.6    19.21 C    40.1    21.4    27.9    97.8    53.6    82.1   0.122   0.135   0.239   0.215   0.291    24.4    26.0    25.3    24.7    23.2
63857 20240629  2.622  -85.96   34.29    30.2    22.0    26.1    25.3     0.0    15.18 C    37.6    22.1    27.1    99.3    67.4    87.9   0.120   0.130   0.246   0.214   0.287    25.7    26.2    25.5    24.8    23.3
63857 20240630  2.622  -85.96   34.29    31.5    22.1    26.8    26.0     0.7    14.11 C    36.4    22.1    27.4    99.7    67.0    87.8   0.116   0.132   0.212   0.232   0.285    25.3    26.1    25.6    24.4    23.3
63857 20240701  2.622  -85.96   34.29    31.7    17.9    24.8    25.8     0.0    27.00 C    37.5    18.0    28.4    95.8    31.9    66.0   0.122   0.134   0.175   0.228   0.283    25.3    26.2    25.7    24.4    23.4
63857 20240702  2.622  -85.96   34.29 -9999.0 -9999.0 -9999.0 -9999.0 -9999.0 -9999.00 U -9999.0 -9999.0 -9999.0 -9999.0 -9999.0 -9999.0 -99.000 -99.000 -99.000 -99.000 -99.000 -9999.0 -9999.0 -9999.0 -9999.0 -9999.0
