23904 20240101  2.622  -91.78   35.82     3.9    -8.3    -2.2    -1.5     0.0     3.59 C     7.1    -9.7    -1.8    91.0    56.5    75.1   0.321   0.282   0.283 -99.000   0.245     5.0     6.1     5.9 -9999.0     9.9
23904 20240102  2.622  -91.78   35.82     6.6   -10.0    -1.7    -2.3     0.0     7.93 C    12.0   -11.4    -2.0    92.1    53.0    80.3   0.319   0.281   0.281 -99.000   0.243     3.8     4.9     4.7 -9999.0     9.7
23904 20240103  2.622  -91.78   35.82    11.2    -4.6     3.3     1.1     0.0    10.01 C    16.4    -5.1     1.3    92.6    41.2    76.9   0.317   0.279   0.279 -99.000   0.242     4.5     5.2     4.9 -9999.0     9.4
23904 20240104  2.622  -91.78   35.82     2.9    -7.4    -2.3    -1.6     0.0     2.66 C     5.5    -8.5    -2.0    92.9    66.3    82.7   0.315   0.278   0.278 -99.000   0.242     3.9     4.9     4.7 -9999.0     9.2
23904 20240105  2.622  -91.78   35.82     1.1    -7.6    -3.3    -1.3    15.8     0.21 C     0.9    -9.1    -1.7    95.3    85.6    92.3   0.341   0.298   0.297 -99.000   0.240     3.2     4.2     4.1 -9999.0     8.9
23904 20240106  2.622  -91.78   35.82     5.3     0.9     3.1     2.7     0.4     1.19 C     6.4     0.6     2.5    95.4    80.1    90.3   0.352   0.309   0.312 -99.000   0.246     4.7     4.9     4.7 -9999.0     8.7
23904 20240107  2.622  -91.78   35.82    10.9    -5.7     2.6     2.2     0.0    11.73 C    15.7    -6.9     2.3    93.3    41.3    78.5   0.340   0.296   0.300 -99.000   0.253     4.9     5.3     5.1 -9999.0     8.6
23904 20240108  2.622  -91.78   35.82     5.6    -5.2     0.2     2.3    24.8     0.24 C     5.3    -6.7     1.5    94.3    64.6    86.9   0.355   0.315   0.310 -99.000   0.257     4.2     4.8     4.6 -9999.0     8.5
23904 20240109  2.622  -91.78   35.82     6.5     0.6     3.5     3.8     0.9     2.31 C     6.9    -1.0     3.1    96.0    62.2    77.0   0.355   0.313   0.314 -99.000   0.263     5.1     5.4     5.1 -9999.0     8.4
23904 20240110  2.622  -91.78   35.82     9.8    -7.1     1.3     2.3     0.0    10.85 C    13.5    -8.6     1.6    91.2    37.3    67.8   0.344   0.298   0.301 -99.000   0.255     4.3     4.8     4.6 -9999.0     8.3
23904 20240111  2.622  -91.78   35.82    13.7    -7.2     3.2     5.5    32.8    11.16 C    15.9    -8.2     5.2    92.9    34.5    76.7   0.345   0.297   0.298 -99.000   0.253     5.0     5.0     4.6 -9999.0     8.1
23904 20240112  2.622  -91.78   35.82    11.8    -3.3     4.3     4.1    31.2     3.15 C    11.2    -4.9     3.4    94.7    54.1    78.0   0.388   0.330   0.330 -99.000   0.327     6.8     6.9     6.5 -9999.0     8.0
23904 20240113  2.622  -91.78   35.82     6.3    -7.8    -0.7    -1.7     0.0    11.54 C    10.3    -9.3    -1.1    82.9    40.4    59.5   0.352   0.302   0.306 -99.000   0.343     3.9     4.8     4.5 -9999.0     8.2
23904 20240114  2.622  -91.78   35.82    -7.8   -14.3   -11.1   -12.6     4.3     3.35 C    -7.4   -14.4   -12.0    79.5    40.9    62.8   0.344   0.295   0.299 -99.000   0.377     1.5     3.1     3.0 -9999.0     8.1
23904 20240115  2.622  -91.78   35.82   -10.6   -16.7   -13.7   -13.4     1.6     8.39 C    -6.0   -18.9   -13.1    77.4    57.9    67.9   0.343   0.294   0.298 -99.000   0.417     2.1     2.8     2.6 -9999.0     7.9
23904 20240116  2.622  -91.78   35.82    -7.0   -21.8   -14.4   -13.9     0.0    12.98 C    -4.2   -24.1   -15.1    82.5    36.5    63.3   0.341   0.294   0.298 -99.000   0.421     1.8     2.6     2.5 -9999.0     7.6
23904 20240117  2.622  -91.78   35.82     1.8   -23.3   -10.8    -9.3     0.0    12.83 C     3.0   -24.8   -10.2    83.2    31.3    59.9   0.328   0.294   0.296 -99.000   0.415     0.3     1.7     1.9 -9999.0     7.4
23904 20240118  2.622  -91.78   35.82     5.3    -7.8    -1.2    -1.6     0.0     7.72 C    11.1    -9.6    -1.6    92.5    59.9    74.0   0.348   0.301   0.301 -99.000   0.404     1.3     1.9     2.1 -9999.0     7.1
23904 20240119  2.622  -91.78   35.82     0.5    -9.5    -4.5    -4.3     0.0    11.84 C     1.5   -11.2    -4.5    89.8    39.2    56.7   0.349   0.302   0.303 -99.000   0.359     1.2     1.9     2.0 -9999.0     6.9
23904 20240120  2.622  -91.78   35.82    -4.4   -13.2    -8.8    -9.6     0.0    12.96 C     2.2   -14.6    -8.7    83.4    36.3    57.6 -99.000   0.294   0.295 -99.000   0.349     0.3     1.3     1.4 -9999.0     6.6
23904 20240121  2.622  -91.78   35.82    -0.2   -13.8    -7.0    -6.4     0.0    11.30 C     4.6   -14.6    -5.6    86.1    37.6    61.4 -99.000   0.288   0.287 -99.000   0.346     0.1     0.9     1.1 -9999.0     6.4
23904 20240122  2.622  -91.78   35.82     2.8    -1.1     0.9     1.3    21.3     1.13 C     2.8    -1.0     1.0    94.1    44.2    73.6 -99.000   0.305   0.301 -99.000   0.345     0.9     1.4     1.1 -9999.0     6.2
23904 20240123  2.622  -91.78   35.82     8.6     2.3     5.5     6.0    28.3     0.96 C     8.8     2.0     5.8    96.7    93.5    96.1   0.388   0.333   0.330 -99.000   0.374     3.2     2.6     2.3 -9999.0     5.9
23904 20240124  2.622  -91.78   35.82    13.8     6.6    10.2     9.7     0.9     3.45 C    15.6     6.4     9.7    96.8    81.0    93.2   0.391   0.350   0.366 -99.000   0.476     5.6     4.7     4.3 -9999.0     6.0
23904 20240125  2.622  -91.78   35.82    15.7     5.6    10.6    10.5     8.4     3.60 C    17.9     3.2    10.1    96.6    79.9    93.0   0.388   0.368   0.369 -99.000   0.476     6.9     6.0     5.6 -9999.0     6.4
23904 20240126  2.622  -91.78   35.82     9.7     4.0     6.9     7.8     0.0     2.63 C    11.6     2.3     7.7    95.8    78.5    86.8   0.375   0.353   0.358 -99.000   0.477     6.8     6.3     6.0 -9999.0     6.8
23904 20240127  2.622  -91.78   35.82     7.6     4.4     6.0     6.2    32.6     1.89 C     7.8     3.4     5.7    93.1    83.5    89.2   0.417   0.387   0.391 -99.000   0.477     6.6     6.4     6.3 -9999.0     7.1
23904 20240128  2.622  -91.78   35.82    11.7    -2.3     4.7     4.7     0.0    11.55 C    14.5    -4.1     4.7    94.1    47.0    75.5   0.410   0.398   0.397 -99.000   0.478     6.2     6.2     6.0 -9999.0     7.3
23904 20240129  2.622  -91.78   35.82    14.2    -5.6     4.3     3.6     0.0    13.74 C    20.4    -7.3     3.6    94.9    45.1    78.9   0.407   0.399   0.397 -99.000   0.479     5.2     5.4     5.3 -9999.0     7.4
23904 20240130  2.622  -91.78   35.82    19.1    -0.4     9.4     9.0     0.0    13.74 C    22.3    -1.7     8.1    94.5    21.3    60.5   0.403   0.397   0.395 -99.000   0.479     6.2     5.9     5.7 -9999.0     7.4
23904 20240131  2.622  -91.78   35.82    13.3    -3.8     4.8     3.6     0.0    14.20 C    20.1    -5.5     4.2    88.0    39.6    70.6   0.390   0.390   0.388 -99.000   0.480     5.6     5.8     5.6 -9999.0     7.5
23904 20240201  2.622  -91.78   35.82    19.3    -1.5     8.9     8.7     0.0     9.50 C    22.7    -3.3     7.6    88.1    29.5    64.2   0.382   0.344   0.380 -99.000   0.480     6.2     5.9     5.7 -9999.0     7.5
23904 20240202  2.622  -91.78   35.82    20.8     0.5    10.6     9.6     0.0    10.57 C    26.6    -0.3     9.4    86.9    41.3    71.5   0.375   0.333   0.340 -99.000   0.481     7.4     6.8     6.5 -9999.0     7.6
23904 20240203  2.622  -91.78   35.82    15.0     1.7     8.3     9.2     9.5     5.65 C    16.3     0.8     8.8    89.1    56.6    78.9   0.373   0.333   0.337 -99.000   0.480     7.7     7.3     7.1 -9999.0     7.7
23904 20240204  2.622  -91.78   35.82    11.3     7.7     9.5     9.6    23.1     0.53 C    10.3     7.0     8.9    87.0    82.3    84.5   0.429   0.399   0.398 -99.000   0.483     8.5     8.1     7.9 -9999.0     7.9
23904 20240205  2.622  -91.78   35.82    15.6    -0.5     7.6     7.3     0.0    14.88 C    19.0    -2.6     6.8    86.7    32.4    66.3   0.411   0.400   0.396 -99.000   0.483     7.9     7.8     7.7 -9999.0     8.1
23904 20240206  2.622  -91.78   35.82    16.8    -4.0     6.4     4.6     0.0    15.12 C    23.6    -5.8     5.0    89.4    21.4    65.2   0.389   0.365   0.384 -99.000   0.484     6.5     6.8     6.8 -9999.0     8.2
23904 20240207  2.622  -91.78   35.82    16.1    -2.2     6.9     6.9     0.0    10.37 C    19.5    -3.2     6.5    90.2    35.8    67.7   0.378   0.338   0.343 -99.000   0.484     6.6     6.6     6.6 -9999.0     8.2
23904 20240208  2.622  -91.78   35.82    16.9    10.1    13.5    13.3     0.0     1.35 C    17.0     8.1    12.2    89.8    55.2    72.8   0.372   0.330   0.335 -99.000   0.485     8.2     7.6     7.4 -9999.0     8.2
23904 20240209  2.622  -91.78   35.82    22.9     9.9    16.4    16.7     0.0    10.44 C    26.2     8.0    16.2    95.0    28.9    70.6   0.366   0.323   0.327 -99.000   0.485    10.3     9.1     8.7 -9999.0     8.3
23904 20240210  2.622  -91.78   35.82    17.8     7.2    12.5    12.2     0.7     2.68 C    16.3     6.0    11.3    83.4    42.8    66.1   0.360   0.315   0.320 -99.000   0.485    10.2     9.8     9.5 -9999.0     8.6
23904 20240211  2.622  -91.78   35.82     9.0     2.4     5.7     7.0     0.8     3.39 C     9.6     1.0     6.6    75.7    47.0    61.2   0.361   0.310   0.315 -99.000   0.485     8.8     8.9     8.8 -9999.0     8.9
23904 20240212  2.622  -91.78   35.82     8.2     0.1     4.2     4.0    12.9     1.05 C     7.0    -1.2     3.5    84.4    47.9    75.6   0.377   0.337   0.328 -99.000   0.480     7.5     8.0     8.0 -9999.0     8.9
23904 20240213  2.622  -91.78   35.82    15.7    -3.1     6.3     5.4     0.0    15.89 C    22.5    -4.2     5.9    87.1    29.8    65.7   0.367   0.315   0.319 -99.000   0.479     7.1     7.2     7.2 -9999.0     8.9
23904 20240214  2.622  -91.78   35.82    18.4    -3.6     7.4     8.0     0.0    16.12 C    25.6    -4.8     8.1    90.9    22.9    60.4   0.356   0.303   0.307 -99.000   0.436     7.4     7.3     7.1 -9999.0     8.8
23904 20240215  2.622  -91.78   35.82    21.5     1.7    11.6    10.7     0.0    15.83 C    28.1     0.4    10.9    85.6    21.7    58.9   0.349   0.297   0.300 -99.000   0.391     8.5     8.1     7.7 -9999.0     8.8
23904 20240216  2.622  -91.78   35.82    19.4     0.1     9.7     7.2     0.2     6.86 C    24.6     0.0     7.8    82.1    47.1    66.6   0.345   0.294   0.295 -99.000   0.368     8.7     8.5     8.2 -9999.0     8.8
23904 20240217  2.622  -91.78   35.82     5.7    -7.6    -1.0    -0.5     0.0    16.39 C    12.5    -9.4     0.4    79.6    25.7    50.3   0.342   0.290   0.292 -99.000   0.363     6.5     7.0     6.9 -9999.0     8.9
23904 20240218  2.622  -91.78   35.82    13.2    -9.9     1.7     0.6     0.0    17.09 C    19.3   -11.0     1.2    82.8    14.5    53.1   0.338   0.287   0.289 -99.000   0.361     5.0     5.5     5.5 -9999.0     8.7
23904 20240219  2.622  -91.78   35.82    15.6    -8.1     3.8     5.0     0.0    15.24 C    22.2    -9.5     5.4    86.9    14.4    50.5   0.334   0.285   0.286 -99.000   0.361     5.6     5.6     5.4 -9999.0     8.4
23904 20240220  2.622  -91.78   35.82    20.3    -0.8     9.7     9.1     0.0    16.18 C    27.3    -2.8     9.8    87.7    23.3    55.4   0.328   0.282   0.283 -99.000   0.360     7.6     7.1     6.7 -9999.0     8.3
23904 20240221  2.622  -91.78   35.82    20.8     0.1    10.5    12.5     0.0    11.08 C    24.3    -0.6    11.8    85.4    45.6    67.6   0.323   0.279   0.280 -99.000   0.359     8.6     7.8     7.4 -9999.0     8.4
23904 20240222  2.622  -91.78   35.82    21.1     8.3    14.7    16.6     1.9     8.18 C    24.3     5.9    16.0    86.8    53.4    67.4   0.321   0.276   0.279 -99.000   0.287    11.1     9.8     9.4 -9999.0     8.6
23904 20240223  2.622  -91.78   35.82    18.7     3.9    11.3    11.4     0.0    17.16 C    23.5     2.0    10.7    82.8    18.9    50.7   0.322   0.276   0.279 -99.000   0.250    10.2     9.8     9.5 -9999.0     8.9
23904 20240224  2.622  -91.78   35.82    16.8    -0.1     8.4     8.0     0.0    16.94 C    23.2    -1.1     8.0    84.9    25.6    55.3   0.315   0.273   0.277 -99.000   0.245     8.9     8.8     8.7    13.7     9.1
23904 20240225  2.622  -91.78   35.82    25.6     1.6    13.6    15.2     0.0    12.34 C    27.1    -0.9    13.9    78.9    20.0    41.1   0.308   0.270   0.274 -99.000   0.244     9.6     9.0     8.8    13.6     9.2
23904 20240226  2.622  -91.78   35.82    22.5     4.7    13.6    15.7     0.0    14.50 C    26.8     3.7    15.5    78.3    41.8    60.6   0.300   0.267   0.270 -99.000   0.243    11.2    10.2     9.8    13.6     9.3
23904 20240227  2.622  -91.78   35.82    29.1    19.0    24.0    22.2     0.0    13.69 C    31.8    16.8    21.7    74.9    33.8    60.1   0.290   0.264   0.268 -99.000   0.241    14.2    12.4    11.9    13.4     9.6
23904 20240228  2.622  -91.78   35.82    20.8    -1.3     9.7     6.1     0.5    14.51 C    19.5    -2.6     6.5    79.0    19.3    50.8   0.283   0.261   0.265 -99.000   0.241    11.1    11.4    11.3    13.4    10.0
23904 20240229  2.622  -91.78   35.82    10.8    -6.0     2.4     3.4     2.0    13.51 C    19.3    -6.9     4.2    85.9    22.0    53.3   0.279   0.258   0.262 -99.000   0.240     8.2     8.8     8.9    13.3    10.1
23904 20240301  2.622  -91.78   35.82    11.3    -0.7     5.3     5.1     0.2     8.09 C    17.6    -1.8     5.8    93.0    56.7    77.6   0.288   0.259   0.263 -99.000   0.240     8.5     8.8     8.8    13.2    10.0
23904 20240302  2.622  -91.78   35.82    19.3    -1.7     8.8     8.4     0.0    14.67 C    23.5    -2.9     8.5    94.0    43.1    77.3   0.286   0.258   0.263 -99.000   0.239     8.7     8.5     8.6    13.1     9.9
23904 20240303  2.622  -91.78   35.82    22.9     3.0    12.9    15.2     0.0    12.51 C    26.9     2.2    14.8    88.2    42.1    69.1   0.280   0.256   0.261 -99.000   0.238    10.9     9.9     9.7    13.1     9.9
23904 20240304  2.622  -91.78   35.82    24.0    16.3    20.1    19.4     0.0     5.20 C    26.5    14.9    18.9    77.3    55.9    69.0   0.276   0.255   0.260 -99.000   0.237    13.2    11.9    11.6    13.1    10.1
23904 20240305  2.622  -91.78   35.82    25.2    12.3    18.7    18.0    12.9    10.84 C    32.4    11.0    18.0    85.3    33.1    61.5   0.335   0.289   0.298 -99.000   0.237    13.9    12.8    12.6    13.1    10.4
23904 20240306  2.622  -91.78   35.82    16.9     7.2    12.1    12.4     0.0     8.02 C    23.2     5.8    13.1    90.4    60.9    74.3   0.345   0.291   0.299 -99.000   0.236    13.2    12.7    12.6    13.7    10.8
23904 20240307  2.622  -91.78   35.82    15.0     5.9    10.5    11.9    15.6     2.36 C    15.3     5.1    11.4    91.6    85.8    88.6   0.366   0.313   0.318 -99.000   0.238    12.0    11.8    11.8    15.3    11.0
23904 20240308  2.622  -91.78   35.82    17.4    11.0    14.2    14.4    16.6     6.42 C    20.9     8.7    14.2    91.8    64.3    82.2   0.377   0.322   0.324 -99.000   0.263    13.1    12.5    12.4    16.5    11.2
23904 20240309  2.622  -91.78   35.82    13.8     0.0     6.9     8.4     1.8    14.48 C    18.4    -1.3     8.5    87.9    30.5    65.4   0.359   0.304   0.308 -99.000   0.259    12.0    11.9    11.9    15.4    11.3
23904 20240310  2.622  -91.78   35.82    16.9    -0.7     8.1     6.7     0.0    20.37 C    25.9    -2.0     8.3    89.4    19.9    61.1   0.347   0.296   0.299 -99.000   0.254    10.4    10.5    10.6    14.9    11.3
23904 20240311  2.622  -91.78   35.82    19.4    -2.0     8.7     8.8     0.0    19.40 C    25.1    -3.0     9.0    91.1    22.1    58.8   0.334   0.290   0.291 -99.000   0.252    10.2    10.1    10.3    14.7    11.1
23904 20240312  2.622  -91.78   35.82    22.0     0.2    11.1    12.4     0.0    17.86 C    27.3    -0.2    12.0    85.7    27.8    54.5   0.318   0.284   0.284 -99.000   0.250    11.0    10.6    10.6    14.4    11.1
23904 20240313  2.622  -91.78   35.82    24.7     8.3    16.5    18.4     0.0    18.23 C    29.8     6.8    18.3    78.8    45.6    59.0   0.304   0.277   0.278 -99.000   0.248    13.3    12.0    11.8    14.2    11.1
23904 20240314  2.622  -91.78   35.82    25.7    14.9    20.3    20.0    21.5     8.69 C    31.1    14.5    20.0    86.2    49.7    66.5   0.307   0.278   0.279 -99.000   0.246    15.4    13.9    13.6    14.0    11.3
23904 20240315  2.622  -91.78   35.82    16.1     4.4    10.3    12.6     9.5     5.18 C    18.7     3.0    12.1    87.8    55.5    77.9   0.369   0.316   0.320 -99.000   0.267    13.8    13.7    13.6    16.3    11.7
23904 20240316  2.622  -91.78   35.82    21.8     2.7    12.2    11.8     0.0    19.61 C    28.8     1.5    13.3    90.0    24.5    63.8   0.347   0.297   0.302 -99.000   0.257    12.9    12.5    12.6    15.2    11.9
23904 20240317  2.622  -91.78   35.82    17.1     5.5    11.3    12.3     0.0    17.86 C    25.4     3.7    13.0    78.7    23.9    42.7   0.331   0.290   0.292 -99.000   0.253    13.2    12.9    12.8    14.8    12.0
23904 20240318  2.622  -91.78   35.82     9.3    -3.7     2.8     3.8     0.0    22.11 C    17.4    -4.8     4.9    83.2    25.9    47.3   0.314   0.283   0.284 -99.000   0.251    10.7    11.2    11.3    14.4    12.0
23904 20240319  2.622  -91.78   35.82    18.2    -6.3     5.9     7.7     0.0    21.35 C    23.2    -7.5     8.1    87.6    24.5    49.6   0.301   0.276   0.277 -99.000   0.249     9.7     9.9    10.1    14.1    11.8
23904 20240320  2.622  -91.78   35.82    24.2     5.6    14.9    15.2     3.5    17.83 C    35.1     5.4    16.3    82.3    26.1    52.0   0.290   0.270   0.271 -99.000   0.247    12.3    11.4    11.3    13.9    11.6
23904 20240321  2.622  -91.78   35.82    17.1     3.1    10.1    10.7     0.0    12.61 C    23.9     1.8    11.3    87.6    38.8    64.6   0.299   0.269   0.270 -99.000   0.245    11.9    11.7    11.7    13.8    11.6
23904 20240322  2.622  -91.78   35.82    22.3     5.6    14.0    14.8     0.0    14.89 C    32.2     5.0    15.9    86.7    25.1    53.8   0.292   0.266   0.268 -99.000   0.244    13.1    12.3    12.2    13.6    11.7
23904 20240323  2.622  -91.78   35.82 -9999.0 -9999.0 -9999.0 -9999.0 -9999.0 -9999.00 U -9999.0 -9999.0 -9999.0 -9999.0 -9999.0 -9999.0 -99.000 -99.000 -99.000 -99.000 -99.000 -9999.0 -9999.0 -9999.0 -9999.0 -9999.0
23904 20240324  2.622  -91.78   35.82    16.7     2.2     9.5    10.0     0.0    16.92 C    24.0     0.3    10.5    82.4    33.2    55.2   0.191   0.248   0.242   0.256   0.253    11.4    11.5    11.5    12.0    11.9
23904 20240325  2.622  -91.78   35.82    19.8     6.8    13.3    14.2    24.4     1.36 C    20.3     5.4    13.5    88.3    49.6    73.4   0.221   0.272   0.262   0.262   0.256    12.3    12.2    12.1    12.1    12.0
23904 20240326  2.622  -91.78   35.82    12.0     0.7     6.3     7.0     0.0    22.02 C    20.5    -0.6     8.4    80.7    41.9    58.1   0.270   0.298   0.295   0.278   0.272    11.7    11.8    11.8    12.1    12.0
23904 20240327  2.622  -91.78   35.82    14.5    -2.9     5.8     5.2     0.0    23.89 C    25.5    -4.0     8.1    88.6    26.1    64.5   0.255   0.288   0.285   0.274   0.272    10.9    11.1    11.0    11.6    11.8
23904 20240328  2.622  -91.78   35.82    20.1    -0.6     9.7     9.0     0.0    23.78 C    31.2    -1.9    11.1    91.1    23.5    60.2   0.243   0.282   0.278   0.272   0.270    11.6    11.3    11.3    11.6    11.7
23904 20240329  2.622  -91.78   35.82    23.2     1.3    12.2    14.5     0.0    21.69 C    28.1     0.6    14.7    81.1    28.1    49.8   0.230   0.274   0.271   0.270   0.269    12.4    12.0    12.0    11.9    11.8
23904 20240330  2.622  -91.78   35.82    26.2     7.9    17.1    19.3     0.0    22.48 C    32.2     6.4    19.5    73.1    42.1    53.4   0.218   0.266   0.264   0.269   0.267    14.3    13.6    13.6    12.7    12.1
23904 20240331  2.622  -91.78   35.82    22.5    11.8    17.1    18.9     0.0     6.77 C    24.8    10.7    18.5    84.6    58.0    70.4   0.211   0.260   0.259   0.268   0.266    14.8    14.4    14.5    13.6    12.6
23904 20240401  2.622  -91.78   35.82    22.9    20.4    21.7    21.6     0.0     3.35 C    23.5    19.6    21.2    73.8    63.3    69.0   0.208   0.256   0.257   0.266   0.265    15.8    15.4    15.3    14.2    13.0
23904 20240402  2.622  -91.78   35.82    25.2     5.2    15.2    17.7     0.0    17.87 C    32.4     2.7    18.4    77.0    35.1    58.9   0.203   0.252   0.254   0.266   0.264    16.3    16.1    16.2    14.9    13.5
23904 20240403  2.622  -91.78   35.82    13.5    -0.7     6.4     7.7     0.0    18.15 C    20.4    -1.8     7.8    87.9    33.8    57.2   0.195   0.246   0.249   0.264   0.263    13.2    13.7    13.9    14.4    13.6
23904 20240404  2.622  -91.78   35.82    18.4    -0.2     9.1     8.9     0.0    25.23 C    25.7    -1.8     9.7    87.7    16.3    49.5   0.188   0.240   0.245   0.262   0.260    12.6    12.5    12.6    13.3    13.1
23904 20240405  2.622  -91.78   35.82    19.3    -2.1     8.6     8.9     0.0    24.58 C    29.3    -3.2    11.6    89.1    26.8    59.0   0.179   0.233   0.240   0.261   0.258    12.7    12.5    12.7    13.0    12.9
23904 20240406  2.622  -91.78   35.82    18.8     3.7    11.2    11.6     0.0    23.50 C    24.3     2.2    12.3    78.0    35.7    56.3   0.171   0.227   0.235   0.259   0.257    13.0    12.7    13.0    13.1    12.9
23904 20240407  2.622  -91.78   35.82    25.5     3.6    14.5    16.9     0.0    12.81 C    29.3     2.1    16.3    80.1    19.5    54.2   0.165   0.223   0.230   0.258   0.256    13.9    13.5    13.7    13.4    13.0
23904 20240408  2.622  -91.78   35.82    26.4     0.9    13.6    15.8     0.0    21.02 C    33.6    -0.2    16.9    86.3    18.4    55.1   0.159   0.219   0.225   0.257   0.255    14.0    13.4    13.7    13.5    13.0
23904 20240409  2.622  -91.78   35.82    20.2    14.6    17.4    17.4     0.7     4.95 C    23.7    14.0    17.5    86.8    61.2    75.1   0.154   0.216   0.222   0.256   0.253    15.0    14.6    14.8    14.1    13.3
23904 20240410  2.622  -91.78   35.82    20.9    12.0    16.4    16.3     5.9     6.55 C    26.4    11.4    16.7    90.2    68.2    85.0   0.154   0.215   0.222   0.255   0.252    15.2    14.8    14.9    14.3    13.5
23904 20240411  2.622  -91.78   35.82    20.3     7.4    13.9    14.0     3.3    19.89 C    24.6     4.7    13.9    83.6    25.7    55.6   0.171   0.227   0.222   0.254   0.251    14.5    14.6    14.6    14.4    13.7
23904 20240412  2.622  -91.78   35.82    22.9     0.3    11.6    12.0     0.0    26.08 C    29.3    -0.9    13.2    85.2    16.2    50.2   0.171   0.222   0.222   0.253   0.250    13.8    13.7    13.8    13.9    13.5
23904 20240413  2.622  -91.78   35.82    28.5     3.0    15.7    17.5     0.0    24.88 C    35.0     2.3    18.3    87.8    22.4    49.8   0.161   0.215   0.218   0.253   0.249    14.9    14.3    14.5    14.0    13.6
23904 20240414  2.622  -91.78   35.82    27.5    14.0    20.8    20.7     0.0    24.04 C    34.0    11.3    21.2    87.6    35.7    56.4   0.149   0.208   0.211   0.251   0.249    16.6    15.7    16.1    14.8    13.9
23904 20240415  2.622  -91.78   35.82    27.4    10.5    18.9    20.6     0.3    18.81 C    36.3     9.6    21.8    89.9    53.8    70.9   0.141   0.202   0.205   0.251   0.247    17.4    16.5    17.0    15.5    14.4
23904 20240416  2.622  -91.78   35.82    24.4    19.4    21.9    21.1     9.0     7.87 C    28.4    17.9    20.6    86.4    58.3    74.3   0.146   0.205   0.201   0.250   0.246    17.6    17.1    17.5    16.2    14.8
23904 20240417  2.622  -91.78   35.82    28.6    14.0    21.3    22.1     0.0    22.14 C    38.3    12.8    23.4    90.4    36.5    66.8   0.182   0.217   0.201   0.249   0.246    18.7    18.1    18.3    16.6    15.1
23904 20240418  2.622  -91.78   35.82    26.6    13.9    20.3    21.7    18.8    17.27 C    33.8    12.7    22.6    93.5    58.3    77.5   0.175   0.213   0.201   0.249   0.246    18.9    18.2    18.6    17.2    15.6
23904 20240419  2.622  -91.78   35.82    16.6    12.1    14.3    13.9     0.0     8.62 C    19.7    11.8    14.7    83.5    51.4    68.5   0.224   0.248   0.228   0.256   0.248    17.2    17.5    17.8    17.3    15.8
23904 20240420  2.622  -91.78   35.82    15.0     8.3    11.7    12.1     1.6    11.55 C    19.6     8.0    13.1    85.6    43.1    64.8   0.215   0.239   0.239   0.255   0.248    16.0    16.2    16.2    16.4    15.6
23904 20240421  2.622  -91.78   35.82    17.5     1.1     9.3    10.5     0.0    25.08 C    26.9     0.3    12.7    89.8    28.7    52.1   0.203   0.233   0.237   0.254   0.247    15.5    15.6    15.7    15.8    15.3
23904 20240422  2.622  -91.78   35.82    19.6    -1.3     9.2    10.1     0.0    27.38 C    29.1    -2.0    12.4    93.0    28.6    59.9   0.188   0.226   0.231   0.252   0.246    14.7    14.4    15.0    15.2    15.0
23904 20240423  2.622  -91.78   35.82    24.2     4.3    14.2    16.3     0.0    25.20 C    32.1     3.6    17.8    85.6    38.6    58.1   0.175   0.218   0.224   0.251   0.245    16.0    15.0    15.8    15.2    14.9
23904 20240424  2.622  -91.78   35.82    24.2     8.7    16.4    17.1     0.0    24.46 C    36.4     7.6    19.9    84.4    30.3    62.1   0.159   0.212   0.216   0.250   0.244    17.4    16.7    17.3    16.0    15.2
23904 20240425  2.622  -91.78   35.82    13.7     8.5    11.1    12.0     9.0     3.38 C    15.9     7.9    12.0    84.9    68.7    81.7   0.169   0.215   0.212   0.249   0.243    15.3    15.4    16.0    16.1    15.3
23904 20240426  2.622  -91.78   35.82    24.7     9.7    17.2    17.2     2.4     7.27 C    25.9     8.9    17.0    87.8    56.7    76.2   0.200   0.221   0.215   0.248   0.243    15.9    15.5    15.7    15.4    15.0
23904 20240427  2.622  -91.78   35.82    25.8    16.3    21.1    21.4     9.5    13.27 C    30.6    15.1    21.2    82.6    59.9    72.0   0.240   0.259   0.251   0.253   0.243    17.7    17.0    17.3    16.1    15.3
23904 20240428  2.622  -91.78   35.82    22.7    18.2    20.5    20.2     0.6     8.17 C    25.6    17.4    20.1    84.6    62.9    73.6   0.230   0.254   0.256   0.254   0.244    17.8    17.5    17.9    16.8    15.7
23904 20240429  2.622  -91.78   35.82    24.9    10.9    17.9    18.8     2.5    11.58 C    31.6    10.1    19.6    88.6    59.5    76.7   0.220   0.246   0.250   0.254   0.243    18.2    17.9    18.3    17.2    16.0
23904 20240430  2.622  -91.78   35.82    27.7     8.5    18.1    18.6     0.0    26.78 C    36.6     7.8    20.9    83.9    41.0    68.0   0.213   0.240   0.245   0.253   0.243    18.5    17.9    18.4    17.3    16.2
23904 20240501  2.622  -91.78   35.82    27.9    13.7    20.8    21.1     0.0    17.08 C    37.3    13.0    22.3    90.6    57.3    75.2   0.198   0.231   0.237   0.251   0.243    19.3    18.8    19.2    18.0    16.6
23904 20240502  2.622  -91.78   35.82    25.0    12.7    18.9    19.7     1.0    11.14 C    29.2    11.8    20.3    89.3    63.7    76.1   0.188   0.224   0.231   0.250   0.242    18.9    18.4    19.0    18.1    16.8
23904 20240503  2.622  -91.78   35.82    25.4    13.5    19.4    19.2     0.0    12.09 C    33.2    12.6    20.2    92.4    62.1    82.2   0.185   0.222   0.228   0.250   0.241    18.9    18.7    19.0    18.2    16.9
23904 20240504  2.622  -91.78   35.82    26.2    11.9    19.1    18.7     0.6    16.71 C    37.8    11.3    20.3    89.4    54.6    77.0   0.180   0.218   0.224   0.248   0.241    18.9    18.5    18.9    18.1    17.0
23904 20240505  2.622  -91.78   35.82    20.5    15.2    17.9    18.1    14.7     4.71 C    22.6    14.9    18.4    90.6    79.1    87.3   0.215   0.240   0.238   0.248   0.240    18.6    18.4    18.7    18.2    17.0
23904 20240506  2.622  -91.78   35.82    27.1    17.0    22.0    21.9     0.0    16.75 C    33.9    16.5    23.4    91.0    65.4    79.4   0.244   0.263   0.258   0.250   0.240    19.6    19.1    19.3    18.2    17.1
23904 20240507  2.622  -91.78   35.82    30.3    19.4    24.8    25.0     2.9    24.12 C    36.6    18.5    26.0    90.5    45.0    70.7   0.235   0.253   0.250   0.250   0.240    21.3    20.6    20.9    19.2    17.6
23904 20240508  2.622  -91.78   35.82    27.6    17.3    22.4    23.2     6.7     9.84 C    34.1    17.1    23.4    93.8    62.2    81.2   0.221   0.245   0.243   0.249   0.239    21.0    20.7    21.0    19.8    18.0
23904 20240509  2.622  -91.78   35.82    27.7    13.7    20.7    21.2     0.0    25.79 C    35.6    13.4    22.9    92.7    33.8    62.8   0.232   0.248   0.244   0.249   0.239    21.0    20.8    21.0    19.8    18.2
23904 20240510  2.622  -91.78   35.82    23.9     8.9    16.4    16.3     0.0    24.34 C    33.9     8.3    18.6    86.1    37.9    65.7   0.211   0.239   0.237   0.248   0.238    19.8    19.8    20.2    19.7    18.3
23904 20240511  2.622  -91.78   35.82    27.0     7.0    17.0    17.5     0.0    27.50 C    35.8     6.4    19.8    89.3    34.0    67.1   0.196   0.229   0.229   0.247   0.238    19.4    19.0    19.5    19.1    18.1
23904 20240512  2.622  -91.78   35.82    26.5    12.1    19.3    19.2     0.0    16.37 C    36.8    11.6    20.7    85.5    46.1    70.5   0.183   0.223   0.221   0.246   0.237    19.5    19.2    19.6    19.0    18.1
23904 20240513  2.622  -91.78   35.82    21.5    13.6    17.5    18.5     8.4     4.66 C    24.2    13.2    19.2    90.8    71.4    83.4   0.179   0.220   0.216   0.244   0.236    19.1    19.0    19.3    19.0    18.1
23904 20240514  2.622  -91.78   35.82    24.9    15.5    20.2    19.9     0.0    20.21 C    32.0    14.7    21.3    90.9    55.3    78.0   0.208   0.226   0.217   0.243   0.236    20.0    19.6    19.9    19.0    18.1
23904 20240515  2.622  -91.78   35.82    26.9    14.7    20.8    20.0     0.0    23.23 C    35.8    14.0    22.6    92.1    53.1    77.7   0.194   0.219   0.215   0.243   0.235    20.2    19.8    20.1    19.3    18.2
23904 20240516  2.622  -91.78   35.82    27.7    13.2    20.5    20.4    12.9    18.41 C    37.7    12.7    22.4    93.7    56.3    78.3   0.190   0.219   0.210   0.242   0.234    20.4    20.0    20.4    19.5    18.4
23904 20240517  2.622  -91.78   35.82    24.5    17.7    21.1    20.3     7.3    14.44 C    31.4    17.6    21.7    89.9    66.5    82.2   0.248   0.280   0.233   0.241   0.233    20.7    20.3    20.7    19.7    18.5
23904 20240518  2.622  -91.78   35.82    28.8    16.4    22.6    21.8     0.4    20.83 C    39.6    16.0    25.2    92.5    51.2    79.3   0.228   0.266   0.235   0.242   0.233    21.1    20.7    21.1    19.9    18.7
23904 20240519  2.622  -91.78   35.82    30.7    14.7    22.7    23.0     0.0    27.66 C    39.8    13.9    26.1    93.3    45.6    74.3   0.205   0.251   0.227   0.241   0.232    21.6    21.1    21.5    20.3    18.9
23904 20240520  2.622  -91.78   35.82    30.2    15.7    23.0    22.6     0.0    20.40 C    37.3    15.2    24.1    93.0    48.6    76.2   0.186   0.237   0.218   0.240   0.232    21.6    21.2    21.7    20.6    19.2
23904 20240521  2.622  -91.78   35.82    30.3    16.6    23.5    24.7     0.0    23.39 C    37.4    15.9    25.7    91.3    46.5    69.0   0.169   0.223   0.207   0.239   0.232    22.0    21.5    21.9    20.6    19.3
23904 20240522  2.622  -91.78   35.82    27.4    16.9    22.2    22.0     0.0     9.82 C    32.3    16.8    22.9    94.0    67.3    82.7   0.157   0.216   0.200   0.238   0.232    21.7    21.5    21.9    20.8    19.5
23904 20240523  2.622  -91.78   35.82    28.0    16.3    22.2    22.6     5.5    22.17 C    36.1    16.0    24.3    94.7    61.2    81.2   0.175   0.212   0.195   0.237   0.231    21.8    21.3    21.6    20.6    19.5
23904 20240524  2.622  -91.78   35.82    30.0    20.0    25.0    24.9     0.0    20.15 C    38.4    19.5    26.5    92.3    54.2    74.3   0.167   0.208   0.188   0.235   0.230    22.6    22.1    22.5    21.1    19.8
23904 20240525  2.622  -91.78   35.82    29.9    18.1    24.0    24.3     0.0    20.01 C    39.4    17.8    26.6    91.9    65.1    79.7   0.151   0.201   0.182   0.233   0.229    22.7    22.3    22.6    21.3    20.0
23904 20240526  2.622  -91.78   35.82    30.9    21.8    26.4    26.9     0.0    19.91 C    38.4    20.4    28.0    91.6    53.8    72.4   0.139   0.194   0.174   0.231   0.228    23.4    22.8    23.2    21.6    20.2
23904 20240527  2.622  -91.78   35.82    30.7    14.7    22.7    23.1     0.0    28.24 C    38.3    13.7    25.4    94.7    35.0    68.8   0.126   0.183   0.163   0.228   0.227    22.8    22.5    23.0    21.8    20.4
23904 20240528  2.622  -91.78   35.82    28.1    11.7    19.9    20.4     0.0    23.01 C    35.5    11.1    22.2    94.5    38.7    70.0   0.120   0.175   0.152   0.224   0.226    21.7    21.4    22.1    21.4    20.4
23904 20240529  2.622  -91.78   35.82    28.0    12.5    20.3    20.8     0.0    24.50 C    38.1    12.0    23.3    92.9    44.7    66.9   0.116   0.167   0.142   0.221   0.224    21.7    21.1    21.8    21.1    20.2
23904 20240530  2.622  -91.78   35.82    27.7    12.6    20.1    21.0     0.0    23.41 C    37.2    12.1    23.0    90.4    43.1    62.5   0.112   0.160   0.132   0.217   0.221    21.6    21.0    21.7    20.9    20.1
23904 20240531  2.622  -91.78   35.82    25.5    16.7    21.1    20.2    57.6     5.52 C    29.6    16.5    20.3    86.9    53.3    78.5   0.213   0.216   0.179   0.224   0.227    20.8    20.6    21.1    20.8    20.1
23904 20240601  2.622  -91.78   35.82    28.5    15.6    22.0    22.1     0.0    25.74 C    37.9    15.0    24.6    90.8    53.6    75.4   0.248   0.291   0.278   0.257   0.245    21.9    21.4    21.7    20.7    20.0
23904 20240602  2.622  -91.78   35.82    29.9    15.1    22.5    22.6     0.0    25.23 C    39.2    14.7    25.4    91.7    51.7    75.5   0.232   0.272   0.263   0.253   0.239    22.2    21.7    22.1    21.1    20.1
23904 20240603  2.622  -91.78   35.82    28.3    18.6    23.4    22.9     1.0    20.18 C    37.5    17.6    24.7    91.3    57.0    78.4   0.219   0.257   0.250   0.248   0.236    22.6    22.2    22.6    21.5    20.3
23904 20240604  2.622  -91.78   35.82    28.2    18.1    23.1    22.5     0.0    13.88 C    34.3    17.1    23.4    91.0    56.3    76.9   0.213   0.248   0.244   0.245   0.235    22.2    21.9    22.2    21.5    20.4
23904 20240605  2.622  -91.78   35.82    28.9    18.1    23.5    24.0     0.0    15.87 C    37.9    16.6    25.6    89.9    59.8    75.8   0.205   0.240   0.237   0.243   0.234    22.5    22.2    22.4    21.5    20.5
23904 20240606  2.622  -91.78   35.82    31.4    14.8    23.1    22.7     0.0    24.87 C    40.0    13.5    24.8    91.9    39.4    70.4   0.192   0.231   0.227   0.240   0.232    22.5    22.2    22.5    21.6    20.6
23904 20240607  2.622  -91.78   35.82    30.9    12.8    21.9    22.3     0.0    29.31 C    40.9    11.9    25.5    93.1    27.8    63.8   0.176   0.221   0.215   0.237   0.229    22.2    21.9    22.3    21.6    20.6
23904 20240608  2.622  -91.78   35.82    30.3    16.2    23.2    22.9     4.9    16.02 C    37.7    15.4    23.5    88.9    54.0    74.6   0.179   0.214   0.208   0.234   0.228    22.1    21.7    22.0    21.5    20.6
23904 20240609  2.622  -91.78   35.82    27.5    15.7    21.6    22.1     4.0    10.60 C    37.7    14.7    22.9    90.3    62.7    79.7   0.193   0.216   0.207   0.232   0.226    22.4    22.2    22.4    21.6    20.7
23904 20240610  2.622  -91.78   35.82    30.2    12.2    21.2    20.7     0.0    29.05 C    38.5    11.5    23.5    91.0    32.8    65.3   0.194   0.220   0.204   0.231   0.225    21.8    21.6    21.9    21.4    20.6
23904 20240611  2.622  -91.78   35.82    28.3    11.5    19.9    20.2     0.0    26.57 C    39.4    11.4    23.0    88.9    38.8    66.8   0.174   0.213   0.196   0.228   0.224    21.5    21.3    21.6    21.3    20.6
23904 20240612  2.622  -91.78   35.82    29.5    12.8    21.1    21.5     0.0    28.50 C    39.5    12.5    24.5    92.4    37.1    66.6   0.158   0.206   0.185   0.225   0.222    21.7    21.4    21.7    21.2    20.5
23904 20240613  2.622  -91.78   35.82    32.4    12.6    22.5    22.9     0.0    28.36 C    41.0    12.1    25.5    92.3    40.3    67.2   0.143   0.198   0.173   0.222   0.219    22.0    21.6    21.8    21.2    20.5
23904 20240614  2.622  -91.78   35.82    33.5    16.6    25.1    25.9     0.0    26.06 C    43.0    16.0    28.1    91.4    40.2    68.7   0.131   0.188   0.161   0.219   0.217    22.8    22.3    22.5    21.5    20.6
23904 20240615  2.622  -91.78   35.82    34.1    19.5    26.8    26.9     0.0    26.88 C    43.2    18.5    29.2    93.4    45.2    72.0   0.124   0.180   0.149   0.216   0.215    23.7    23.3    23.4    22.1    20.9
23904 20240616  2.622  -91.78   35.82    34.8    18.6    26.7    26.7     0.0    25.38 C    42.3    17.6    28.4    93.7    38.8    70.7   0.118   0.171   0.136   0.212   0.213    23.9    23.6    23.7    22.5    21.2
23904 20240617  2.622  -91.78   35.82    30.5    20.1    25.3    24.6     0.0    13.89 C    39.7    18.9    25.2    91.8    60.3    80.4   0.116   0.167   0.129   0.208   0.211    23.5    23.3    23.5    22.7    21.4
23904 20240618  2.622  -91.78   35.82    30.2    18.8    24.5    24.5     0.0    14.10 C    36.5    17.8    25.1    93.6    60.5    79.2   0.115   0.164   0.127   0.207   0.211    23.3    23.2    23.3    22.5    21.5
23904 20240619  2.622  -91.78   35.82    32.4    17.2    24.8    24.6     0.0    18.55 C    42.6    16.7    26.1    94.8    43.6    76.3   0.113   0.159   0.123   0.205   0.210    23.3    23.0    23.1    22.4    21.5
23904 20240620  2.622  -91.78   35.82    32.7    17.9    25.3    24.8     0.0    24.75 C    43.8    17.2    27.2    94.9    40.9    73.6   0.110   0.154   0.117   0.201   0.207    23.6    23.3    23.5    22.6    21.5
23904 20240621  2.622  -91.78   35.82    33.9    16.6    25.2    25.2     0.0    25.09 C    43.4    15.9    27.4    94.9    37.5    71.9   0.107   0.146   0.111   0.196   0.203    23.6    23.3    23.4    22.7    21.6
23904 20240622  2.622  -91.78   35.82    34.8    18.4    26.6    26.6     0.0    26.92 C    45.0    17.6    29.1    95.4    34.4    69.1   0.103   0.138   0.105   0.190   0.199    24.0    23.7    23.7    22.8    21.8
23904 20240623  2.622  -91.78   35.82    36.6    18.7    27.6    28.8     0.0    22.71 C    45.7    17.8    30.5    90.8    42.0    64.8   0.099   0.133   0.102   0.183   0.197    24.5    24.2    24.1    23.1    21.9
23904 20240624  2.622  -91.78   35.82    36.3    16.6    26.5    27.1     0.0    27.24 C    45.9    16.0    29.9    93.1    41.9    69.4   0.095   0.129   0.097   0.178   0.193    24.7    24.2    24.3    23.3    22.1
23904 20240625  2.622  -91.78   35.82    37.3    19.8    28.5    29.4     0.0    23.62 C    47.4    19.0    31.7    92.8    39.2    66.2   0.092   0.125   0.093   0.172   0.190    25.3    24.8    24.8    23.7    22.3
23904 20240626  2.622  -91.78   35.82    32.1    20.7    26.4    26.0    17.3    19.51 C    40.0    19.7    27.5    89.5    50.8    73.7   0.133   0.159   0.093   0.170   0.189    24.9    24.9    24.9    23.9    22.5
23904 20240627  2.622  -91.78   35.82    32.2    16.3    24.3    25.0     0.0    26.53 C    41.9    16.0    27.1    92.9    38.9    68.3   0.138   0.167   0.096   0.170   0.188    24.5    24.5    24.4    23.8    22.5
23904 20240628  2.622  -91.78   35.82    33.4    16.0    24.7    25.2     0.0    23.40 C    42.8    15.5    27.5    94.0    39.8    70.8   0.122   0.157   0.095   0.168   0.187    24.0    23.9    23.9    23.5    22.5
23904 20240629  2.622  -91.78   35.82    36.7    20.4    28.6    28.9     0.0    24.06 C    46.5    19.9    31.4    93.8    41.9    69.8   0.107   0.150   0.094   0.167   0.186    25.0    24.7    24.6    23.6    22.5
23904 20240630  2.622  -91.78   35.82    35.5    23.0    29.3    28.6     0.0    22.60 C    45.7    22.6    31.5    90.9    50.9    70.6   0.097   0.140   0.092   0.166   0.184    25.6    25.4    25.3    24.1    22.8
23904 20240701  2.622  -91.78   35.82    30.5    16.7    23.6    24.1     0.0    21.97 C    38.7    15.8    26.2    91.6    32.8    60.8   0.093   0.130   0.091   0.165   0.183    24.5    24.7    24.8    24.2    22.9
23904 20240702  2.622  -91.78   35.82 -9999.0 -9999.0 -9999.0 -9999.0 -9999.0 -9999.00 U -9999.0 -9999.0 -9999.0 -9999.0 -9999.0 -9999.0 -99.000 -99.000 -99.000 -99.000 -99.000 -9999.0 -9999.0 -9999.0 -9999.0 -9999.0
