94645 20240101  2.622  -67.88   46.96    -7.4   -11.6    -9.5    -8.5     0.2     1.61 C    -6.3   -15.1    -9.1    84.9    65.4    77.1 -99.000 -99.000 -99.000   0.208   0.158    -0.1    -0.1     0.2     0.8     0.9
94645 20240102  2.622  -67.88   46.96    -3.9   -11.2    -7.6    -6.9     0.0     4.39 C    -4.5   -13.0    -7.8    85.4    65.3    78.0 -99.000 -99.000 -99.000   0.207   0.157    -0.1    -0.1     0.2     0.8     0.9
94645 20240103  2.622  -67.88   46.96    -0.1    -4.9    -2.5    -2.3     0.0     3.05 C    -1.0    -7.5    -3.4    91.3    72.4    82.6 -99.000 -99.000 -99.000   0.207   0.157    -0.1    -0.1     0.1     0.8     0.9
94645 20240104  2.622  -67.88   46.96    -0.6   -11.9    -6.2    -4.7     3.9     1.04 C    -0.7   -13.2    -5.4    93.9    73.0    87.2 -99.000 -99.000 -99.000   0.205   0.156    -0.1     0.0     0.2     0.8     0.9
94645 20240105  2.622  -67.88   46.96   -10.6   -15.9   -13.3   -12.3     0.0     4.89 C   -10.6   -17.9   -13.0    83.2    56.4    69.1 -99.000 -99.000 -99.000   0.206   0.157    -0.1    -0.1     0.3     0.8     0.9
94645 20240106  2.622  -67.88   46.96   -10.6   -18.7   -14.6   -15.1     0.0     4.84 C   -10.8   -19.9   -16.5    85.4    50.6    74.2 -99.000 -99.000 -99.000   0.205   0.156    -0.2    -0.1     0.3     0.8     0.9
94645 20240107  2.622  -67.88   46.96    -8.9   -19.2   -14.0   -12.8     0.0     2.62 C    -8.5   -19.7   -13.2    85.2    58.0    72.6 -99.000 -99.000 -99.000   0.205   0.155    -0.3    -0.2     0.2     0.7     0.8
94645 20240108  2.622  -67.88   46.96    -5.1   -14.2    -9.7    -9.3     0.0     3.20 C    -5.4   -16.7   -11.1    88.3    62.3    73.8 -99.000 -99.000 -99.000   0.204   0.156    -0.4    -0.3     0.1     0.7     0.8
94645 20240109  2.622  -67.88   46.96    -8.9   -16.5   -12.7   -11.6     0.0     4.26 C    -8.9   -18.6   -13.3    87.4    52.2    70.5 -99.000 -99.000 -99.000   0.202   0.162    -0.6    -0.5    -0.1     0.6     0.7
94645 20240110  2.622  -67.88   46.96     3.5    -8.9    -2.7    -1.6    16.1     0.97 C     0.1    -8.9    -3.0    93.7    56.1    83.5 -99.000 -99.000 -99.000   0.202   0.161    -0.4    -0.4    -0.1     0.6     0.7
94645 20240111  2.622  -67.88   46.96     1.7    -7.9    -3.1    -2.0     0.0     2.06 C    -0.1   -10.1    -3.7    85.7    54.9    70.8 -99.000 -99.000 -99.000   0.201   0.161    -0.2    -0.2    -0.1     0.6     0.7
94645 20240112  2.622  -67.88   46.96    -5.7   -17.4   -11.5    -9.7     0.0     5.90 C    -8.1   -18.5   -12.0    86.3    44.1    68.3 -99.000 -99.000 -99.000   0.199   0.160    -0.1    -0.2    -0.1     0.6     0.7
94645 20240113  2.622  -67.88   46.96     2.0   -17.4    -7.7    -7.6    11.6     0.42 C     0.0   -18.5    -8.3    93.0    59.3    80.1 -99.000 -99.000 -99.000   0.199   0.161    -0.2    -0.2    -0.1     0.6     0.7
94645 20240114  2.622  -67.88   46.96    -0.8    -9.9    -5.3    -3.5     4.2     2.75 C    -1.1   -15.1    -5.6    92.1    55.1    77.6 -99.000 -99.000 -99.000   0.199   0.159    -0.1    -0.2    -0.1     0.6     0.7
94645 20240115  2.622  -67.88   46.96    -6.5   -15.9   -11.2   -10.5     0.0     4.39 C    -7.3   -17.8   -13.1    88.6    60.0    74.8 -99.000 -99.000 -99.000   0.198   0.157    -0.1    -0.1    -0.1     0.6     0.8
94645 20240116  2.622  -67.88   46.96    -6.5   -17.1   -11.8   -10.5    13.3     2.43 C    -6.9   -18.3   -11.2    89.1    62.1    82.3 -99.000 -99.000 -99.000   0.198   0.155    -0.1    -0.1    -0.1     0.6     0.8
94645 20240117  2.622  -67.88   46.96    -6.9   -12.3    -9.6    -9.0     1.2     4.63 C    -7.3   -14.6   -10.3    87.7    61.7    75.6 -99.000 -99.000 -99.000   0.199   0.154    -0.1    -0.1     0.0     0.7     0.8
94645 20240118  2.622  -67.88   46.96    -9.1   -17.6   -13.3   -12.9     0.0     5.00 C    -9.8   -18.6   -14.5    81.7    49.4    68.4 -99.000 -99.000 -99.000   0.198   0.153    -0.1    -0.1     0.0     0.7     0.8
94645 20240119  2.622  -67.88   46.96   -10.3   -20.8   -15.6   -15.0     0.0     6.97 C   -11.7   -20.4   -15.7    75.8    52.8    63.8 -99.000 -99.000 -99.000   0.198   0.154    -0.1    -0.1     0.0     0.7     0.8
94645 20240120  2.622  -67.88   46.96    -7.5   -16.6   -12.1   -10.4     0.0     3.13 C    -7.1   -17.5   -10.8    83.1    71.9    77.9 -99.000 -99.000 -99.000   0.198   0.154    -0.1    -0.1     0.0     0.7     0.8
94645 20240121  2.622  -67.88   46.96    -9.4   -17.7   -13.5   -11.8     0.4     3.68 C    -8.9   -18.8   -13.0    83.3    64.5    75.4 -99.000 -99.000 -99.000   0.198   0.153    -0.1    -0.1     0.0     0.7     0.8
94645 20240122  2.622  -67.88   46.96    -2.5   -21.5   -12.0    -9.3     0.0     3.40 C    -4.5   -21.2   -10.6    83.7    56.3    68.8 -99.000 -99.000 -99.000   0.198   0.153    -0.1     0.0     0.0     0.6     0.8
94645 20240123  2.622  -67.88   46.96    -2.8   -21.2   -12.0    -9.7     0.3     7.58 C    -4.4   -20.6   -11.9    81.7    33.0    59.2 -99.000 -99.000 -99.000 -99.000   0.153    -0.1    -0.1     0.0     0.5     0.8
94645 20240124  2.622  -67.88   46.96    -7.4   -24.1   -15.8   -14.7     0.0     3.96 C    -7.3   -23.7   -14.3    84.6    45.9    69.3 -99.000 -99.000 -99.000   0.198   0.154    -0.1    -0.1     0.0     0.6     0.8
94645 20240125  2.622  -67.88   46.96     0.6   -10.9    -5.2    -4.7     0.5     3.22 C    -1.4   -15.8    -7.6    89.2    60.0    79.0 -99.000 -99.000 -99.000   0.199   0.154    -0.1    -0.1     0.0     0.6     0.8
94645 20240126  2.622  -67.88   46.96    -4.2   -13.1    -8.6    -6.9     3.5     1.08 C    -4.5   -16.2    -7.7    91.5    74.2    86.5 -99.000 -99.000 -99.000   0.198   0.153    -0.1     0.0     0.0     0.6     0.8
94645 20240127  2.622  -67.88   46.96    -2.2    -5.9    -4.1    -4.2     0.0     3.07 C    -2.4   -11.3    -5.0    92.6    76.6    86.3 -99.000 -99.000 -99.000   0.198   0.153    -0.1    -0.1     0.0     0.6     0.7
94645 20240128  2.622  -67.88   46.96    -0.3    -2.7    -1.5    -1.6     0.0     2.19 C    -1.6    -3.7    -2.8    85.7    74.0    79.5 -99.000 -99.000 -99.000   0.199   0.153    -0.1     0.0     0.1     0.6     0.8
94645 20240129  2.622  -67.88   46.96    -1.8   -16.9    -9.3    -6.1     0.0     4.14 C    -3.5   -18.2    -7.2    83.4    58.0    70.6 -99.000 -99.000 -99.000   0.199   0.153    -0.1     0.0     0.2     0.6     0.8
94645 20240130  2.622  -67.88   46.96    -9.0   -24.7   -16.8   -17.5     0.0     8.51 C   -12.4   -22.8   -18.5    83.2    39.5    69.4 -99.000 -99.000 -99.000 -99.000   0.153    -0.1     0.0     0.2     0.5     0.8
94645 20240131  2.622  -67.88   46.96    -4.0   -25.5   -14.8   -13.3     0.0     3.76 C    -4.7   -25.7   -13.3    83.3    61.4    73.5 -99.000 -99.000 -99.000   0.199   0.153    -0.1     0.0     0.1     0.6     0.7
94645 20240201  2.622  -67.88   46.96    -1.6    -4.1    -2.9    -2.6     9.5     1.62 C    -1.8    -4.8    -3.1    93.5    81.9    88.7 -99.000 -99.000 -99.000   0.199   0.153    -0.1     0.0     0.1     0.6     0.7
94645 20240202  2.622  -67.88   46.96    -2.6    -7.8    -5.2    -4.4     4.3     2.06 C    -3.0    -8.2    -4.8    92.8    81.5    87.4 -99.000 -99.000 -99.000   0.199   0.153    -0.1     0.0     0.1     0.6     0.8
94645 20240203  2.622  -67.88   46.96    -4.8   -12.2    -8.5    -8.7     0.0     8.80 C    -7.1   -16.1   -11.6    84.8    58.6    74.2 -99.000 -99.000 -99.000   0.199   0.153     0.0     0.0     0.1     0.6     0.8
94645 20240204  2.622  -67.88   46.96    -3.2   -13.5    -8.3    -9.1     0.0     9.45 C    -8.4   -16.8   -12.8    79.2    44.2    62.2 -99.000 -99.000 -99.000   0.199   0.156     0.0     0.0     0.1     0.6     0.8
94645 20240205  2.622  -67.88   46.96    -2.2   -11.5    -6.8    -6.9     0.0     4.50 C    -3.4   -15.3    -9.0    76.8    61.5    68.5 -99.000 -99.000 -99.000   0.199   0.153     0.0     0.0     0.2     0.6     0.8
94645 20240206  2.622  -67.88   46.96     0.6    -8.1    -3.8    -4.7     0.0     9.31 C    -5.1   -14.5   -10.3    88.5    56.5    74.2 -99.000 -99.000 -99.000   0.199   0.153     0.0     0.0     0.1     0.6     0.8
94645 20240207  2.622  -67.88   46.96     0.9   -13.5    -6.3    -7.5     0.0     8.98 C    -7.6   -16.6   -13.7    90.6    50.3    79.0 -99.000 -99.000 -99.000   0.199   0.153     0.0     0.0     0.2     0.6     0.8
94645 20240208  2.622  -67.88   46.96     1.6   -14.1    -6.2    -7.0     0.0     9.57 C    -7.3   -17.5   -13.3    88.2    45.8    73.6 -99.000 -99.000 -99.000   0.199   0.153     0.0     0.0     0.2     0.6     0.7
94645 20240209  2.622  -67.88   46.96     2.4   -16.1    -6.9    -4.9     0.0     5.68 C    -1.2   -17.1    -8.8    88.2    46.6    70.1 -99.000 -99.000 -99.000   0.199   0.153     0.0     0.0     0.1     0.6     0.7
94645 20240210  2.622  -67.88   46.96     2.5    -1.0     0.8     0.9     1.9     2.44 C     0.0    -3.7    -0.5    96.5    79.5    92.2 -99.000 -99.000 -99.000   0.198   0.153     0.0     0.0     0.1     0.6     0.7
94645 20240211  2.622  -67.88   46.96     5.2    -1.3     2.0     1.9     0.5     4.75 C     0.0    -6.5    -1.3    96.7    62.0    84.6 -99.000 -99.000 -99.000 -99.000   0.179     0.0     0.0     0.2     0.5     0.8
94645 20240212  2.622  -67.88   46.96    -0.3    -8.6    -4.5    -2.6     0.4     3.43 C    -0.4   -13.7    -3.9    91.4    64.2    74.7 -99.000 -99.000 -99.000   0.198   0.243     0.0     0.0     0.2     0.6     0.9
94645 20240213  2.622  -67.88   46.96    -2.2   -13.5    -7.9    -7.4     0.0     8.15 C    -6.7   -16.3   -11.7    90.0    46.9    67.1 -99.000 -99.000 -99.000   0.199   0.272     0.0     0.0     0.1     0.6     0.9
94645 20240214  2.622  -67.88   46.96    -8.7   -13.5   -11.1   -10.8     0.7     5.94 C    -8.7   -15.2   -11.8    79.0    50.2    67.7 -99.000 -99.000 -99.000   0.200   0.269     0.0     0.0     0.1     0.6     0.9
94645 20240215  2.622  -67.88   46.96    -4.1   -17.0   -10.6    -9.1     0.0    11.02 C    -7.9   -18.1   -11.7    78.7    42.3    62.3 -99.000 -99.000 -99.000   0.202   0.217     0.0     0.0     0.1     0.6     0.9
94645 20240216  2.622  -67.88   46.96    -5.3   -17.2   -11.3   -10.8     0.0     7.79 C    -7.9   -18.1   -13.1    83.2    35.8    60.9 -99.000 -99.000 -99.000   0.204   0.203     0.0     0.0     0.1     0.6     0.9
94645 20240217  2.622  -67.88   46.96    -5.5   -17.6   -11.5   -10.7     0.0     6.70 C    -6.8   -18.1   -12.4    87.1    48.5    66.7 -99.000 -99.000 -99.000   0.205   0.199     0.0     0.0     0.1     0.6     0.9
94645 20240218  2.622  -67.88   46.96    -7.0   -17.2   -12.1   -11.8     0.0    10.94 C    -8.2   -18.3   -13.6    81.6    33.5    59.2 -99.000 -99.000 -99.000   0.206   0.198     0.0     0.0     0.1     0.6     0.8
94645 20240219  2.622  -67.88   46.96    -7.0   -15.4   -11.2    -9.9     0.8    11.03 C    -6.7   -17.6   -11.8    84.4    43.7    64.0 -99.000 -99.000 -99.000   0.205   0.196     0.0     0.0     0.1     0.6     0.8
94645 20240220  2.622  -67.88   46.96   -10.1   -22.2   -16.1   -15.4     0.0    12.43 C   -11.2   -21.5   -16.4    81.7    36.9    59.6 -99.000 -99.000 -99.000   0.205   0.197    -0.1     0.0     0.1     0.6     0.8
94645 20240221  2.622  -67.88   46.96    -3.8   -26.4   -15.1   -12.9     0.0    12.37 C    -8.5   -25.0   -15.3    78.3    32.9    56.0 -99.000 -99.000 -99.000 -99.000   0.202    -0.1     0.0     0.0     0.5     0.8
94645 20240222  2.622  -67.88   46.96    -1.2    -9.8    -5.5    -4.1     0.0     7.20 C    -2.2   -13.8    -6.6    89.1    61.4    72.3 -99.000 -99.000 -99.000 -99.000   0.205    -0.1     0.0     0.0     0.5     0.8
94645 20240223  2.622  -67.88   46.96     1.0    -2.7    -0.9    -0.9     0.0     1.58 C    -0.1    -5.5    -1.4    96.1    68.5    88.3 -99.000 -99.000 -99.000 -99.000   0.206    -0.1     0.0     0.1     0.4     0.8
94645 20240224  2.622  -67.88   46.96    -0.4   -17.0    -8.7   -10.9     0.0    11.92 C    -0.3   -17.9   -11.0    97.3    41.3    60.5 -99.000 -99.000 -99.000   0.204   0.205     0.0     0.0     0.0     0.5     0.8
94645 20240225  2.622  -67.88   46.96    -4.9   -22.1   -13.5   -12.0     0.0    13.06 C    -8.2   -21.3   -13.9    79.0    33.9    53.0 -99.000 -99.000 -99.000   0.203   0.204    -0.1     0.0     0.0     0.5     0.8
94645 20240226  2.622  -67.88   46.96     2.8    -8.5    -2.8    -3.9     0.0     6.54 C    -1.0   -13.4    -7.4    87.6    45.1    71.5 -99.000 -99.000 -99.000   0.202   0.203    -0.1     0.0     0.0     0.5     0.8
94645 20240227  2.622  -67.88   46.96     8.2   -11.5    -1.6     0.0     0.0    10.69 C    -0.3   -13.6    -6.3    92.5    38.0    65.7 -99.000 -99.000 -99.000   0.201   0.202    -0.1     0.0     0.0     0.5     0.7
94645 20240228  2.622  -67.88   46.96     8.2     3.1     5.7     6.7    13.4     1.04 C     0.1    -2.8    -1.1    95.4    92.2    93.9 -99.000 -99.000 -99.000   0.304   0.309    -0.1    -0.1     0.0     0.5     0.7
94645 20240229  2.622  -67.88   46.96     8.0   -16.4    -4.2    -9.6     5.5     9.81 C     0.0   -17.0    -9.6    94.9    44.3    62.4 -99.000 -99.000 -99.000   0.419   0.421    -0.1    -0.1     0.0     0.4     0.7
94645 20240301  2.622  -67.88   46.96    -7.7   -18.7   -13.2   -12.7     0.0    14.45 C    -7.3   -19.0   -13.0    65.2    27.1    46.6 -99.000 -99.000 -99.000 -99.000   0.423    -0.1     0.0     0.0     0.2     0.7
94645 20240302  2.622  -67.88   46.96     7.5    -9.0    -0.8    -0.1     1.6    13.37 C    -0.1    -9.4    -4.5    93.1    36.6    59.7 -99.000 -99.000 -99.000 -99.000   0.423    -0.1    -0.1    -0.1     0.2     0.6
94645 20240303  2.622  -67.88   46.96     7.6     1.3     4.4     3.6     2.6     5.04 C     0.2    -6.7    -1.8    97.2    79.3    92.6 -99.000 -99.000 -99.000 -99.000   0.425    -0.1    -0.1    -0.1     0.2     0.6
94645 20240304  2.622  -67.88   46.96     6.0    -1.9     2.0     1.8     0.0    12.26 C     0.0    -5.5    -2.2    87.8    44.0    63.9 -99.000 -99.000 -99.000 -99.000   0.425    -0.1    -0.1    -0.1     0.1     0.6
94645 20240305  2.622  -67.88   46.96     6.3    -1.1     2.6     2.5     7.6     8.76 C     4.9    -2.7     0.7    94.6    52.6    73.0 -99.000 -99.000 -99.000 -99.000   0.426    -0.1     0.1    -0.1     0.1     0.6
94645 20240306  2.622  -67.88   46.96     7.5     0.5     4.0     3.8     5.0     3.94 C     7.3    -0.1     2.3    96.5    67.4    88.6 -99.000   0.338 -99.000 -99.000   0.426     0.1     0.6    -0.1     0.1     0.7
94645 20240307  2.622  -67.88   46.96     0.5    -3.9    -1.7    -0.8     5.5     3.61 C    -0.1    -8.9    -2.5    95.3    78.2    90.2 -99.000   0.340 -99.000 -99.000   0.427     0.2     0.4    -0.1     0.1     0.7
94645 20240308  2.622  -67.88   46.96     3.7    -7.2    -1.8    -2.8     0.0    14.84 C     3.7   -10.1    -4.8    89.0    36.0    66.2 -99.000 -99.000 -99.000 -99.000   0.428     0.1     0.3    -0.1     0.1     0.7
94645 20240309  2.622  -67.88   46.96     3.2    -8.5    -2.6    -2.2     0.0    10.94 C     7.8    -8.7    -1.4    91.4    52.8    73.5 -99.000 -99.000 -99.000 -99.000   0.428     0.0     0.1     0.0     0.2     0.7
94645 20240310  2.622  -67.88   46.96     1.1    -1.6    -0.3    -0.2    11.8     1.27 C     0.6    -2.3    -0.5    93.9    73.8    85.7 -99.000 -99.000 -99.000 -99.000   0.428     0.0     0.0     0.0     0.2     0.7
94645 20240311  2.622  -67.88   46.96     1.8    -1.6     0.1    -0.4     4.3     6.34 C     0.1    -2.3    -1.0    94.3    72.9    87.6 -99.000 -99.000 -99.000 -99.000   0.428     0.0     0.0     0.0     0.1     0.6
94645 20240312  2.622  -67.88   46.96     0.9    -2.8    -0.9    -0.8     0.3     8.69 C     0.0    -3.4    -1.8    86.7    70.1    80.8 -99.000 -99.000 -99.000 -99.000   0.430     0.0     0.1     0.0     0.1     0.6
94645 20240313  2.622  -67.88   46.96     8.0    -2.4     2.8     2.0     0.0    15.64 C    -1.0    -6.2    -3.6    92.9    51.1    74.3 -99.000 -99.000 -99.000 -99.000   0.430     0.3     0.3     0.0     0.2     0.7
94645 20240314  2.622  -67.88   46.96     6.4    -3.5     1.4     1.8     0.0     9.80 C    11.2    -5.3     0.5    94.6    56.9    78.5 -99.000   0.344 -99.000 -99.000   0.428     0.8     0.6     0.4     0.3     0.8
94645 20240315  2.622  -67.88   46.96     8.6    -2.9     2.9     2.0     0.0    14.48 C    18.5    -5.1     1.3    93.7    35.7    67.3   0.272   0.295 -99.000   0.418   0.425     1.5     1.2     1.2     0.7     1.0
94645 20240316  2.622  -67.88   46.96     1.1    -2.3    -0.6    -0.9     0.0     7.51 C    10.3    -5.1     0.2    86.8    54.0    71.5   0.223   0.269   0.413   0.404   0.424     1.2     1.1     1.4     1.0     1.3
94645 20240317  2.622  -67.88   46.96     2.0    -3.0    -0.5     0.2    11.1     1.46 C     0.9    -4.3    -0.6    95.2    85.2    92.4   0.271   0.294   0.369   0.405   0.425     0.6     0.6     0.9     0.9     1.3
94645 20240318  2.622  -67.88   46.96     2.5    -1.2     0.7     0.1     3.6     7.44 C     8.2    -2.1     0.3    95.0    73.6    86.7   0.348   0.346   0.400   0.399   0.426     1.1     1.0     0.9     0.9     1.2
94645 20240319  2.622  -67.88   46.96     1.9    -2.2    -0.2    -0.5     1.2     6.83 C     8.7    -2.9     0.0    92.1    54.8    75.1   0.307   0.336   0.402   0.406   0.426     1.2     1.1     1.1     1.1     1.3
94645 20240320  2.622  -67.88   46.96     3.6    -5.4    -0.9    -0.8     1.0    12.10 C    18.5    -5.7     1.3    94.1    46.6    73.5   0.240   0.292   0.404   0.406   0.427     1.5     1.4     1.3     1.2     1.4
94645 20240321  2.622  -67.88   46.96     1.1    -8.7    -3.8    -2.6    14.0     7.15 C     0.3    -9.3    -3.3    94.5    75.1    86.4   0.243   0.296   0.405   0.406   0.426     1.2     1.2     1.3     1.3     1.6
94645 20240322  2.622  -67.88   46.96    -4.7   -14.7    -9.7    -8.6     0.0    18.80 C    -5.8   -17.3   -10.5    77.1    40.9    60.0   0.228   0.289   0.408   0.407   0.427     0.8     0.9     1.0     1.2     1.4
94645 20240323  2.622  -67.88   46.96    -7.9   -16.0   -11.9   -10.3    23.0     5.46 C    -7.2   -17.8   -10.4    88.1    44.0    71.4   0.206   0.244   0.332   0.407   0.428     0.5     0.5     0.6     1.0     1.3
94645 20240324  2.622  -67.88   46.96    -0.7   -14.1    -7.4    -6.2     8.5    19.89 C    -4.9   -17.2   -10.6    87.8    26.7    59.9   0.202   0.234   0.295   0.393   0.428     0.4     0.4     0.5     0.9     1.2
94645 20240325  2.622  -67.88   46.96     3.0   -16.9    -7.0    -5.3     0.0    19.14 C    -4.5   -18.3   -11.5    82.5    24.7    53.5   0.199   0.226   0.275   0.305   0.394     0.5     0.5     0.5     0.9     1.1
94645 20240326  2.622  -67.88   46.96     8.1    -7.0     0.5     0.7     0.0    10.77 C    -0.2   -13.0    -5.9    76.1    16.6    46.3   0.214   0.227   0.307   0.310   0.386     0.5     0.5     0.6     0.9     1.1
94645 20240327  2.622  -67.88   46.96     5.7    -0.3     2.7     2.8     4.6     5.77 C     0.0    -5.2    -0.9    96.8    76.4    92.6   0.256   0.311   0.423   0.394   0.432     0.5     0.4     0.5     0.8     1.1
94645 20240328  2.622  -67.88   46.96     6.6     1.9     4.2     4.6    11.1     2.39 C     0.2    -3.2    -0.8    97.2    96.1    96.6   0.349   0.376 -99.000   0.395   0.441     0.4     0.4     0.4     0.8     1.0
94645 20240329  2.622  -67.88   46.96     3.9     0.3     2.1     2.1    35.8     2.65 C     0.1    -0.5    -0.1    96.2    91.3    93.5   0.402   0.378 -99.000   0.400   0.441     0.5     0.5     0.4     0.7     1.0
94645 20240330  2.622  -67.88   46.96     0.3    -6.4    -3.0    -2.3    13.5     3.53 C    -0.1   -12.3    -4.2    93.9    69.6    80.8   0.369   0.378 -99.000   0.420   0.441     0.4     0.5     0.4     0.7     0.9
94645 20240331  2.622  -67.88   46.96     1.7    -8.7    -3.5    -3.4     0.0    20.34 C    -0.5   -14.5    -7.7    87.2    47.7    70.1   0.341   0.362 -99.000   0.414   0.442     0.4     0.4     0.3     0.7     0.9
94645 20240401  2.622  -67.88   46.96     5.9   -10.1    -2.1    -0.8     0.0    20.21 C    -1.0   -13.4    -7.9    90.2    35.3    63.5   0.256 -99.000 -99.000   0.421   0.443     0.3     0.3     0.2     0.7     0.9
94645 20240402  2.622  -67.88   46.96     7.1    -5.6     0.7     1.4     0.0    21.66 C    -1.4   -11.0    -7.0    88.5    33.5    57.9   0.294 -99.000 -99.000 -99.000   0.444     0.5     0.3     0.2     0.6     0.8
94645 20240403  2.622  -67.88   46.96     5.2    -2.8     1.2     1.0     0.0    16.30 C     0.4    -7.2    -3.0    81.8    39.6    57.4   0.316 -99.000 -99.000 -99.000   0.445     0.7     0.7     0.2     0.5     0.9
94645 20240404  2.622  -67.88   46.96     2.4    -2.7    -0.1    -0.2     7.2     4.38 C     0.7    -5.4    -1.3    91.2    50.4    74.1   0.273   0.344 -99.000   0.435   0.445     0.4     0.4     0.3     0.6     0.9
94645 20240405  2.622  -67.88   46.96     3.5    -0.5     1.5     1.2     2.6     5.95 C     0.0    -1.5    -0.6    90.2    61.8    79.8   0.300   0.352 -99.000   0.435   0.446     0.5     0.4     0.3     0.6     0.8
94645 20240406  2.622  -67.88   46.96     3.1    -0.7     1.2     0.7     0.3     7.42 C     1.0    -2.6    -0.8    81.1    59.8    73.2   0.290   0.372 -99.000   0.435   0.447     0.6     0.6     0.4     0.6     0.8
94645 20240407  2.622  -67.88   46.96     9.8    -1.0     4.4     3.4     0.0    19.43 C    13.6    -4.2     1.4    76.4    33.4    54.7   0.308   0.353 -99.000   0.423   0.448     1.3     1.6     1.1     0.7     1.1
94645 20240408  2.622  -67.88   46.96    15.3    -3.2     6.0     6.4     0.0    20.12 C    27.1    -5.0     3.7    74.6    12.7    38.2   0.278   0.327   0.439   0.404   0.448     2.6     2.7     1.7     1.3     1.7
94645 20240409  2.622  -67.88   46.96     8.8    -3.4     2.7     2.7     0.0    22.73 C    28.4    -5.9     4.5    69.2    22.7    46.1   0.210   0.284   0.388   0.404   0.448     3.5     3.4     2.5     2.0     2.5
94645 20240410  2.622  -67.88   46.96    12.4    -5.2     3.6     4.0     0.0    19.59 C    32.0    -6.7     6.9    84.0    32.2    56.8   0.185   0.264   0.288   0.375   0.436     4.0     3.7     2.9     2.5     2.9
94645 20240411  2.622  -67.88   46.96     7.6     2.4     5.0     4.4     5.6     2.96 C     9.8     2.7     4.9    94.7    51.0    85.3   0.196   0.270   0.333   0.382   0.425     4.2     4.0     3.6     3.0     3.5
94645 20240412  2.622  -67.88   46.96    13.8     5.3     9.5    10.6     2.2     4.05 C    21.2     4.7    10.2    95.3    85.1    91.7   0.219   0.288   0.421   0.398   0.430     6.0     5.5     4.8     3.6     4.0
94645 20240413  2.622  -67.88   46.96    16.7     5.4    11.0    10.7     2.8    16.21 C    37.3     4.0    12.5    91.2    49.8    76.9   0.212   0.286   0.386   0.398   0.430     8.3     7.7     6.4     5.1     5.3
94645 20240414  2.622  -67.88   46.96     8.9     0.3     4.6     5.0     0.0     9.12 C    21.0    -2.1     6.5    89.4    45.4    69.1   0.207   0.283   0.368   0.400   0.431     7.0     6.7     6.3     5.5     5.9
94645 20240415  2.622  -67.88   46.96     9.5    -1.3     4.1     4.2     3.2     7.18 C    20.9    -3.3     4.9    94.5    56.4    84.5   0.195   0.272   0.340   0.399   0.433     6.1     5.9     5.8     5.2     5.7
94645 20240416  2.622  -67.88   46.96     6.4    -2.2     2.1     2.5     0.8     7.71 C    19.8    -4.0     3.8    95.7    46.8    69.8   0.191   0.270   0.313   0.400   0.435     5.1     4.9     5.1     4.8     5.3
94645 20240417  2.622  -67.88   46.96     8.0    -1.1     3.5     3.3     0.0    15.05 C    30.8    -4.0     5.3    75.2    36.8    53.3   0.177   0.260   0.267   0.316   0.349     5.4     5.1     4.8     4.6     5.0
94645 20240418  2.622  -67.88   46.96    13.6    -3.2     5.2     5.4     0.0    22.75 C    41.5    -5.2     8.3    90.2    29.5    60.1   0.169   0.252   0.252   0.256   0.289     6.3     5.9     5.2     4.8     5.2
94645 20240419  2.622  -67.88   46.96    15.6    -1.7     7.0     8.1     0.0    22.96 C    38.7    -4.1    11.6    89.8    28.1    52.9   0.164   0.247   0.243   0.235   0.280     7.5     7.0     6.3     5.4     5.8
94645 20240420  2.622  -67.88   46.96     9.6     3.0     6.3     6.5     1.5     6.96 C    20.3    -2.8     6.2    87.3    45.9    66.7   0.162   0.246   0.241   0.225   0.274     7.0     6.9     7.0     5.9     6.4
94645 20240421  2.622  -67.88   46.96     9.8    -1.0     4.4     4.7     0.0    12.68 C    31.0    -3.9     5.7    81.3    36.4    57.9   0.161   0.244   0.240   0.221   0.248     6.2     6.0     5.8     5.5     6.0
94645 20240422  2.622  -67.88   46.96     3.2    -5.4    -1.1    -1.2     0.3    25.32 C    19.3    -7.0     2.8    75.9    25.7    44.9   0.157   0.240   0.235   0.213   0.200     5.7     5.5     5.6     5.3     5.8
94645 20240423  2.622  -67.88   46.96    16.0    -4.9     5.6     6.4     0.0    23.04 C    37.7    -7.1     8.9    61.3    21.9    38.8   0.153   0.236   0.229   0.209   0.176     6.0     5.7     5.3     5.1     5.5
94645 20240424  2.622  -67.88   46.96     4.0    -6.1    -1.1     0.9     7.2     2.75 C     7.3    -7.7     1.8    91.5    43.2    75.6   0.160   0.244   0.239   0.206   0.172     5.1     5.1     5.4     5.2     5.7
94645 20240425  2.622  -67.88   46.96     5.2    -7.5    -1.2    -1.3     0.0    22.66 C    18.8    -9.4     0.0    69.5    26.0    47.2   0.177   0.258   0.262   0.204   0.171     4.3     4.0     4.4     4.8     5.0
94645 20240426  2.622  -67.88   46.96     8.2    -4.6     1.8     1.6     0.0    26.36 C    29.2    -7.1     5.1    63.7    18.3    40.1   0.168   0.252   0.245   0.207   0.174     5.1     4.7     4.5     4.6     5.0
94645 20240427  2.622  -67.88   46.96    16.1    -5.9     5.1     7.0     0.0    25.52 C    41.8    -6.8    10.3    84.4    20.8    42.6   0.161   0.246   0.236   0.207   0.175     6.7     6.1     5.3     5.0     5.5
94645 20240428  2.622  -67.88   46.96    16.6     5.3    11.0     9.7     0.0     9.56 C    44.6     0.6    10.5    91.8    30.2    53.6   0.155   0.241   0.230   0.206   0.176     7.5     7.1     6.3     5.8     6.3
94645 20240429  2.622  -67.88   46.96     9.6     1.9     5.7     6.3     0.0    14.09 C    31.2    -3.4     8.5    91.8    50.0    65.6   0.152   0.238   0.226   0.204   0.172     7.8     7.4     6.8     6.3     6.8
94645 20240430  2.622  -67.88   46.96    14.6    -2.0     6.3     6.2     0.0    24.70 C    43.3    -5.3    12.3    72.9    30.0    49.2   0.148   0.233   0.222   0.201   0.169     8.2     7.6     6.8     6.4     6.8
94645 20240501  2.622  -67.88   46.96    15.8    -0.1     7.9     8.4     0.0    26.03 C    45.1    -3.4    13.8    74.1    31.0    50.2   0.143   0.228   0.218   0.199   0.167     9.7     9.0     7.8     7.1     7.6
94645 20240502  2.622  -67.88   46.96    17.3     1.4     9.4    10.0     0.0    18.37 C    52.5    -1.9    14.8    88.2    35.5    60.5   0.139   0.223   0.214   0.198   0.165    10.1     9.5     8.4     7.6     8.2
94645 20240503  2.622  -67.88   46.96    16.5     6.2    11.4    10.8     0.0    23.19 C    46.2     6.8    18.3    79.9    40.6    59.1   0.136   0.219   0.210   0.195   0.164    11.4    10.7     9.3     8.3     8.9
94645 20240504  2.622  -67.88   46.96    15.7     4.7    10.2    10.0     0.0    14.83 C    45.7     3.4    15.7    81.2    49.1    64.7   0.132   0.213   0.206   0.194   0.162    11.4    10.8     9.8     8.9     9.6
94645 20240505  2.622  -67.88   46.96    15.9     4.5    10.2     9.0     7.5    13.38 C    38.6     1.9    13.6    92.7    48.0    76.0   0.129   0.212   0.202   0.192   0.161    10.9    10.5     9.7     9.0     9.7
94645 20240506  2.622  -67.88   46.96    18.1     6.1    12.1    10.8     0.5    12.82 C    38.3     1.2    13.5    95.1    45.5    79.7   0.147   0.241   0.217   0.192   0.160    11.3    10.8     9.9     9.1     9.7
94645 20240507  2.622  -67.88   46.96    16.0     2.4     9.2     9.3     0.0    18.54 C    39.9    -1.4    11.0    84.7    31.6    58.6   0.148   0.236   0.222   0.192   0.160    11.0    10.6    10.0     9.3     9.9
94645 20240508  2.622  -67.88   46.96    15.3     1.3     8.3     8.7     1.3    20.91 C    45.4    -2.1    14.0    86.4    29.9    60.0   0.143   0.229   0.218   0.191   0.159    11.0    10.5     9.7     9.2     9.8
94645 20240509  2.622  -67.88   46.96    11.6     3.6     7.6     6.9     0.4     8.83 C    24.2    -1.3     7.8    87.8    40.0    63.0   0.142   0.229   0.216   0.191   0.159     9.8     9.7     9.5     9.1     9.8
94645 20240510  2.622  -67.88   46.96    13.7    -1.6     6.1     7.0     0.0    16.24 C    44.2    -3.6     9.2    89.3    33.3    57.9   0.140   0.224   0.214   0.190   0.158     9.6     9.2     8.9     8.7     9.3
94645 20240511  2.622  -67.88   46.96    14.3    -1.9     6.2     8.1     0.0    17.76 C    46.8    -3.2    11.7    93.2    31.7    58.6   0.136   0.219   0.211   0.189   0.158    10.0     9.6     9.0     8.7     9.2
94645 20240512  2.622  -67.88   46.96    16.8    -1.0     7.9     9.4     0.0    23.29 C    49.1    -3.7    14.1    90.0    25.1    50.8   0.132   0.213   0.207   0.189   0.157    10.9    10.4     9.5     9.0     9.5
94645 20240513  2.622  -67.88   46.96    19.4     5.2    12.3    12.8     0.0    16.94 C    49.5    -1.3    14.9    78.3    21.9    46.1   0.128   0.206   0.203   0.185   0.156    11.7    11.2    10.2     9.7    10.1
94645 20240514  2.622  -67.88   46.96    15.7    10.0    12.8    12.8     0.9     6.65 C    24.5     2.8    11.9    80.4    43.7    60.7   0.125   0.201   0.198   0.181   0.156    11.3    11.0    10.3    10.1    10.3
94645 20240515  2.622  -67.88   46.96    22.0     9.0    15.5    16.0     2.3    21.19 C    55.7     2.9    20.8    93.7    49.1    71.0   0.124   0.201   0.195   0.186   0.155    13.8    12.9    11.6    10.3    10.7
94645 20240516  2.622  -67.88   46.96    18.1     8.6    13.3    13.4     6.3     9.81 C    35.6     5.1    14.7    96.2    68.2    88.7   0.135   0.232   0.204   0.185   0.155    13.8    13.4    13.1    11.2    11.8
94645 20240517  2.622  -67.88   46.96    24.6     6.7    15.7    16.4     0.0    23.72 C    49.1     4.7    19.3    96.0    28.8    59.6   0.142   0.232   0.218   0.186   0.154    14.9    14.2    13.6    11.6    12.1
94645 20240518  2.622  -67.88   46.96    21.1    10.1    15.6    15.9     9.2    15.01 C    45.8     7.4    18.8    94.6    46.2    63.8   0.141   0.231   0.220   0.189   0.159    15.1    14.6    14.2    12.2    12.8
94645 20240519  2.622  -67.88   46.96    19.2    10.5    14.9    14.2     0.0    11.63 C    30.9     5.0    15.5    94.7    60.1    81.8   0.170   0.266   0.266   0.209   0.179    14.9    14.5    13.6    12.5    13.1
94645 20240520  2.622  -67.88   46.96    24.4     8.9    16.6    17.4     0.0    25.63 C    46.8     5.6    21.2    95.5    44.4    69.2   0.158   0.250   0.243   0.199   0.165    16.1    15.4    14.5    12.8    13.4
94645 20240521  2.622  -67.88   46.96    27.7    13.7    20.7    20.4     0.0    17.02 C    57.0     8.4    21.5    88.7    31.1    60.6   0.148   0.236   0.229   0.194   0.160    17.2    16.5    15.9    13.6    14.2
94645 20240522  2.622  -67.88   46.96    27.4    14.2    20.8    20.8     0.0    20.79 C    50.7     7.1    22.3    84.2    34.5    61.4   0.139   0.223   0.220   0.186   0.158    17.9    17.2    16.3    15.0    14.8
94645 20240523  2.622  -67.88   46.96    25.1    12.7    18.9    18.5     7.8    15.25 C    42.3     8.4    18.9    94.6    60.8    83.0   0.142   0.236   0.228   0.197   0.175    17.9    17.4    16.1    16.7    15.2
94645 20240524  2.622  -67.88   46.96    22.1    10.0    16.0    14.2     1.5    15.32 C    42.8     6.5    15.3    89.5    32.5    70.0   0.148   0.241   0.235   0.186   0.162    16.3    16.1    15.7    16.1    15.3
94645 20240525  2.622  -67.88   46.96    19.1     6.3    12.7    13.4     0.0    27.09 C    50.1     4.2    18.1    85.7    37.2    61.0   0.143   0.232   0.230   0.191   0.158    16.2    15.8    15.1    14.3    14.8
94645 20240526  2.622  -67.88   46.96    20.4     6.8    13.6    13.3     0.0    16.01 C    51.6     4.3    16.7    89.5    38.9    67.3   0.137   0.220   0.221   0.190   0.156    15.7    15.3    15.3    14.2    14.8
94645 20240527  2.622  -67.88   46.96    16.3     7.8    12.0    12.8     0.4    10.21 C    33.1     4.2    15.5    92.1    58.7    75.8   0.133   0.212   0.215   0.188   0.156    15.1    14.8    14.5    14.0    14.6
94645 20240528  2.622  -67.88   46.96    18.7    12.7    15.7    15.8    19.9     5.95 C    24.8    11.6    15.9    94.4    73.5    89.1   0.181   0.267   0.324   0.277   0.285    15.1    14.8    14.6    13.7    14.3
94645 20240529  2.622  -67.88   46.96    16.4     4.6    10.5    12.0     0.0    18.19 C    37.6     2.9    15.3    93.7    53.0    72.9   0.178   0.266   0.306   0.356   0.428    15.4    15.1    14.6    14.9    14.3
94645 20240530  2.622  -67.88   46.96    16.7     1.6     9.2    10.1     0.0    26.26 C    44.3     0.9    16.1    96.1    33.6    59.3   0.162   0.247   0.250   0.214   0.320    15.0    14.5    14.2    14.7    14.2
94645 20240531  2.622  -67.88   46.96    19.0     3.4    11.2    11.1     0.0    25.44 C    47.9     1.6    17.3    86.5    29.8    58.3   0.152   0.234   0.235   0.194   0.269    15.1    14.6    14.2    14.7    14.2
94645 20240601  2.622  -67.88   46.96    20.8     4.0    12.4    13.1     0.0    29.73 C    52.6     0.6    18.5    88.3    26.6    54.0   0.142   0.221   0.225   0.184   0.222    15.7    15.1    14.5    15.2    14.4
94645 20240602  2.622  -67.88   46.96    26.8     3.3    15.0    15.9     0.0    29.38 C    53.8    -0.1    19.4    93.8    18.5    51.3   0.132   0.205   0.217   0.177   0.172    16.5    15.8    15.0    15.7    14.8
94645 20240603  2.622  -67.88   46.96    22.8     5.2    14.0    15.3     0.0    18.31 C    50.6     3.8    19.0    88.3    44.4    66.3   0.123   0.189   0.207   0.180   0.163    16.4    15.8    15.5    15.3    15.1
94645 20240604  2.622  -67.88   46.96    24.8    10.6    17.7    17.5     0.0    27.36 C    56.7     7.8    24.2    90.2    33.8    64.9   0.116   0.177   0.197   0.191   0.158    18.2    17.3    16.3    15.1    15.6
94645 20240605  2.622  -67.88   46.96    26.8    10.1    18.4    18.9     0.0    27.83 C    58.7     7.3    24.5    93.3    33.8    64.9   0.108   0.163   0.186   0.185   0.154    19.1    18.2    17.0    15.7    16.4
94645 20240606  2.622  -67.88   46.96    27.1    11.4    19.2    19.9     0.0    27.86 C    60.1     7.3    25.2    92.2    35.8    63.5   0.101   0.149   0.174   0.180   0.151    19.8    19.0    17.8    16.3    17.0
94645 20240607  2.622  -67.88   46.96    24.8    12.1    18.4    18.3     0.0    18.96 C    61.0     8.5    24.6    86.3    44.8    68.7   0.095   0.140   0.164   0.176   0.147    19.5    18.9    18.0    16.6    17.3
94645 20240608  2.622  -67.88   46.96    17.1    12.1    14.6    14.3    32.2     3.99 C    29.0    11.7    16.7    96.0    66.2    89.3   0.140   0.201   0.232   0.237   0.232    17.5    17.3    17.3    16.3    17.2
94645 20240609  2.622  -67.88   46.96    19.3    12.0    15.7    14.6    12.3    10.07 C    32.4    12.2    17.6    96.0    63.3    87.9   0.251   0.310   0.445   0.389   0.410    17.1    16.8    16.5    15.8    16.4
94645 20240610  2.622  -67.88   46.96    15.3    10.1    12.7    13.0     8.3     8.35 C    27.8     7.8    15.3    94.7    78.3    89.3   0.297   0.341   0.447   0.389   0.415    16.3    16.1    16.1    16.0    16.1
94645 20240611  2.622  -67.88   46.96    23.0     8.3    15.6    15.8     0.0    20.88 C    46.9     7.2    20.6    96.3    45.4    78.0   0.207   0.281   0.406   0.386   0.419    17.5    17.0    16.2    16.5    16.0
94645 20240612  2.622  -67.88   46.96    23.7    12.0    17.9    18.0     0.9    25.10 C    50.6     9.8    22.6    95.1    44.3    74.8   0.172   0.252   0.278   0.299   0.386    19.2    18.5    17.5    18.0    16.9
94645 20240613  2.622  -67.88   46.96    23.5    11.5    17.5    18.4     0.0    23.94 C    46.1    10.1    21.7    94.7    45.9    68.7   0.159   0.237   0.248   0.205   0.303    19.3    18.8    17.9    18.4    17.4
94645 20240614  2.622  -67.88   46.96    23.4    13.3    18.4    18.3     2.4    13.65 C    44.6    11.5    19.6    88.7    46.4    74.2   0.152   0.230   0.238   0.188   0.264    18.9    18.6    18.0    18.4    17.6
94645 20240615  2.622  -67.88   46.96    17.8     7.3    12.5    13.1     0.0    23.03 C    45.4     5.0    18.5    84.6    35.5    60.9   0.147   0.224   0.233   0.181   0.225    18.2    17.9    17.7    18.1    17.4
94645 20240616  2.622  -67.88   46.96    22.1     5.5    13.8    14.6     0.0    30.17 C    52.3     3.4    20.4    83.2    27.9    54.5   0.137   0.210   0.220   0.175   0.173    18.1    17.7    17.2    17.7    17.1
94645 20240617  2.622  -67.88   46.96    23.7     8.0    15.8    16.4     0.0    18.73 C    49.4     6.4    19.9    90.3    35.4    65.9   0.128   0.193   0.210   0.170   0.162    18.1    17.7    17.3    17.8    17.2
94645 20240618  2.622  -67.88   46.96    31.7    12.6    22.2    22.9     0.0    22.69 C    56.5    10.4    27.1    94.6    49.2    72.9   0.121   0.179   0.202   0.165   0.157    20.3    19.5    18.0    18.6    17.6
94645 20240619  2.622  -67.88   46.96    34.8    20.8    27.8    28.3     0.0    24.68 C    61.1    15.8    30.9    91.9    41.0    64.7   0.110   0.163   0.190   0.158   0.154    23.0    22.1    19.9    20.6    18.9
94645 20240620  2.622  -67.88   46.96    30.8    19.4    25.1    25.6     0.0    21.97 C    58.0    13.8    27.3    83.0    37.1    60.5   0.100   0.147   0.175   0.151   0.150    23.1    22.5    20.9    21.5    19.9
94645 20240621  2.622  -67.88   46.96    22.2    11.6    16.9    16.8     0.0    15.67 C    49.4     7.2    19.2    87.9    32.2    61.7   0.093   0.136   0.163   0.148   0.147    20.3    20.1    20.0    20.4    19.7
94645 20240622  2.622  -67.88   46.96    25.9     8.1    17.0    18.7     0.0    26.79 C    59.2     5.9    25.5    93.7    32.0    63.8   0.089   0.130   0.153   0.143   0.143    20.8    20.2    19.4    19.9    19.1
94645 20240623  2.622  -67.88   46.96    16.6    13.2    14.9    15.0    41.1     2.89 C    21.6    10.6    16.7    95.0    81.3    91.3   0.148   0.208   0.247   0.231   0.228    18.7    18.6    18.9    19.3    19.0
94645 20240624  2.622  -67.88   46.96    22.8    13.0    17.9    17.0     1.6    18.53 C    45.7    11.6    20.9    94.5    53.5    81.0   0.251   0.309   0.449   0.384   0.445    19.1    18.7    18.2    18.6    18.2
94645 20240625  2.622  -67.88   46.96    28.3    10.7    19.5    20.2     0.0    25.25 C    48.0     9.8    21.6    95.7    29.3    65.8   0.177   0.253   0.323   0.348   0.434    20.4    19.8    19.0    19.4    18.6
94645 20240626  2.622  -67.88   46.96    26.0    14.2    20.1    19.6     0.0    14.19 C    46.5    11.2    21.4    88.2    50.2    72.2   0.159   0.234   0.250   0.211   0.291    20.2    19.8    19.3    19.8    19.0
94645 20240627  2.622  -67.88   46.96    19.2    10.6    14.9    14.6    10.1     9.04 C    32.5    11.7    18.1    94.4    66.2    89.0   0.182   0.254   0.382   0.293   0.356    19.1    18.9    18.9    19.3    18.9
94645 20240628  2.622  -67.88   46.96    20.1     9.5    14.8    14.0     0.0    25.02 C    42.9     8.4    19.0    92.5    37.2    69.7   0.176   0.259   0.308   0.307   0.403    18.8    18.5    18.4    18.7    18.4
94645 20240629  2.622  -67.88   46.96    23.0    10.1    16.6    14.3     3.0    15.17 C    45.4    11.8    18.7    93.7    42.7    74.0   0.160   0.240   0.245   0.197   0.320    18.4    18.2    18.2    18.5    18.2
94645 20240630  2.622  -67.88   46.96    25.0    12.6    18.8    18.0    30.0    14.63 C    34.1    11.2    19.3    94.4    58.4    84.7   0.258   0.302   0.380   0.303   0.395    19.0    18.7    18.2    18.6    18.1
94645 20240701  2.622  -67.88   46.96    24.3    11.0    17.6    18.4     0.0    28.04 C    46.7     9.0    20.5    94.8    31.5    60.2   0.208   0.275   0.387   0.386   0.440    19.8    19.4    18.8    18.7    18.5
94645 20240702  2.622  -67.88   46.96 -9999.0 -9999.0 -9999.0 -9999.0 -9999.0 -9999.00 U -9999.0 -9999.0 -9999.0 -9999.0 -9999.0 -9999.0 -99.000 -99.000 -99.000 -99.000 -99.000 -9999.0 -9999.0 -9999.0 -9999.0 -9999.0
