63831 20240101  2.622  -89.07   32.34    11.5     0.2     5.8     4.9     0.0    11.82 C    16.8    -2.1     4.8    95.4    36.2    67.8   0.263   0.298   0.325   0.341   0.366     8.1     8.5     9.4    10.4    11.7
63831 20240102  2.622  -89.07   32.34    11.2    -6.2     2.5     1.3     0.0    12.61 C    18.2    -4.7     3.0    95.9    35.6    74.1   0.260   0.295   0.323   0.340   0.365     7.0     7.6     8.7    10.0    11.5
63831 20240103  2.622  -89.07   32.34     9.0    -3.0     3.0     2.2     0.0     3.48 C    12.8    -2.8     2.8    95.4    51.7    80.7   0.258   0.292   0.322   0.339   0.364     6.8     7.4     8.4     9.7    11.2
63831 20240104  2.622  -89.07   32.34    12.1    -5.4     3.3     2.9     0.0    12.44 C    17.6    -4.2     3.2    96.6    41.7    74.5   0.256   0.291   0.321   0.338   0.362     6.5     6.9     7.9     9.2    10.9
63831 20240105  2.622  -89.07   32.34    12.5    -4.2     4.1     5.7    11.9     5.28 C    11.9    -3.5     5.0    96.1    56.3    82.5   0.274   0.301   0.324   0.338   0.361     6.8     7.0     7.9     9.0    10.6
63831 20240106  2.622  -89.07   32.34    11.0     5.0     8.0     6.9     0.0     2.03 C     9.9     4.8     7.3    95.8    81.3    86.6   0.299   0.329   0.338   0.342   0.363     8.5     8.6     8.9     9.4    10.5
63831 20240107  2.622  -89.07   32.34    12.6    -0.4     6.1     5.8     0.0    11.73 C    18.2     0.5     6.9    96.9    40.3    77.8   0.286   0.318   0.335   0.343   0.364     8.6     8.7     9.2     9.6    10.6
63831 20240108  2.622  -89.07   32.34    12.8    -0.3     6.3     7.9    82.6     5.40 C    14.1     0.5     7.2    95.5    48.4    74.1   0.298   0.325   0.335   0.351   0.373     8.2     8.4     9.0     9.6    10.7
63831 20240109  2.622  -89.07   32.34    15.6     2.3     9.0     7.7    29.7     4.49 C    14.6    -0.9     6.7    96.5    53.4    71.4   0.331   0.352   0.353   0.381   0.419     9.4     9.6    10.0    10.1    10.5
63831 20240110  2.622  -89.07   32.34    12.7    -2.5     5.1     4.4     0.0    12.90 C    16.0    -2.2     4.0    89.3    24.2    63.0   0.296   0.327   0.343   0.356   0.394     7.3     7.7     8.6     9.6    10.6
63831 20240111  2.622  -89.07   32.34    19.2    -0.1     9.5    10.8     0.0     9.26 C    21.0    -0.3     9.1    94.8    52.1    71.0   0.288   0.319   0.337   0.353   0.386     8.8     8.5     8.8     9.4    10.5
63831 20240112  2.622  -89.07   32.34    20.4     1.5    10.9    12.9    16.3     6.89 C    18.7    -0.6    10.8    92.6    34.5    68.5   0.316   0.338   0.344   0.370   0.406    11.7    11.5    11.3    10.8    10.8
63831 20240113  2.622  -89.07   32.34    11.7    -3.0     4.3     3.8     0.0    13.34 C    17.2    -2.6     4.5    82.6    21.5    54.1   0.299   0.328   0.344   0.358   0.396     8.4     8.8     9.8    10.6    11.1
63831 20240114  2.622  -89.07   32.34    13.8    -2.8     5.5     4.9     0.0    12.17 C    19.6    -1.9     6.1    91.0    35.3    65.9   0.290   0.319   0.338   0.355   0.388     8.3     8.5     9.2     9.9    10.9
63831 20240115  2.622  -89.07   32.34     6.5    -4.6     0.9     0.6     1.4     7.14 C    13.5    -1.4     3.4    91.9    55.1    70.9   0.284   0.314   0.335   0.353   0.386     7.7     8.1     9.1     9.8    10.8
63831 20240116  2.622  -89.07   32.34    -2.2   -10.0    -6.1    -6.4     0.5    11.99 C     3.1    -6.6    -2.8    89.3    47.1    68.9   0.286   0.316   0.334   0.351   0.383     4.5     5.5     7.2     9.0    10.5
63831 20240117  2.622  -89.07   32.34     4.2   -12.6    -4.2    -5.5     0.0    13.86 C    10.4    -8.1    -1.6    85.7    22.1    59.5   0.284   0.314   0.334   0.350   0.383     3.3     4.0     5.6     7.6     9.8
63831 20240118  2.622  -89.07   32.34     9.5    -6.0     1.7     3.2     0.7     3.15 C     9.3    -4.0     3.0    95.6    48.5    74.5   0.282   0.313   0.333   0.350   0.383     4.3     4.6     5.5     7.0     9.1
63831 20240119  2.622  -89.07   32.34     9.2    -3.3     2.9     3.4     0.0    13.35 C    13.0    -3.3     3.5    95.3    38.5    67.8   0.280   0.311   0.332   0.349   0.382     6.1     6.3     6.9     7.5     8.9
63831 20240120  2.622  -89.07   32.34     1.7    -6.9    -2.6    -3.1     0.0    13.58 C     9.2    -5.4    -1.1    70.5    32.3    49.4   0.277   0.308   0.331   0.347   0.381     4.1     4.7     6.0     7.3     8.9
63831 20240121  2.622  -89.07   32.34     6.1    -8.7    -1.3    -2.2     0.0    13.32 C    12.0    -6.8    -0.4    67.8    21.2    45.6   0.274   0.305   0.330   0.347   0.380     3.6     4.1     5.2     6.7     8.5
63831 20240122  2.622  -89.07   32.34    11.9    -4.6     3.6     5.3     0.0     9.01 C    16.9    -3.2     4.9    76.7    42.6    60.3   0.272   0.304   0.328   0.346   0.381     5.2     5.1     5.6     6.6     8.2
63831 20240123  2.622  -89.07   32.34    17.6     9.5    13.5    13.6     2.1     3.02 C    16.7     8.2    12.1    94.7    63.5    86.1   0.280   0.310   0.328   0.345   0.380     8.9     8.3     7.8     7.5     8.4
63831 20240124  2.622  -89.07   32.34    17.9    16.0    17.0    17.0    87.6     0.08 C    16.6    14.6    15.7    96.9    92.9    95.4   0.331   0.348   0.342   0.376   0.406    13.0    12.2    11.4    10.8    10.0
63831 20240125  2.622  -89.07   32.34    20.5    15.7    18.1    17.7    20.4     1.51 C    19.6    15.1    16.8    97.2    85.0    93.9   0.355   0.366   0.354   0.390   0.422    15.2    14.6    13.8    13.3    12.1
63831 20240126  2.622  -89.07   32.34    17.3    14.4    15.9    16.1     0.5     2.63 C    18.2    13.8    16.0    97.2    91.2    95.0   0.311   0.334   0.347   0.358   0.395    14.6    14.2    13.8    12.8    11.9
63831 20240127  2.622  -89.07   32.34    21.3     7.7    14.5    14.9    22.8     5.99 C    23.0     6.9    14.8    96.2    67.3    85.8   0.344   0.354   0.352   0.382   0.419    15.0    14.7    14.4    13.5    12.5
63831 20240128  2.622  -89.07   32.34     8.3     0.6     4.5     6.8     0.0     4.68 C    11.0     1.0     7.3    96.0    66.9    79.6   0.309   0.329   0.345   0.358   0.398    11.2    11.8    12.7    13.0    12.7
63831 20240129  2.622  -89.07   32.34    14.2    -2.0     6.1     4.7     0.0    15.03 C    18.2    -1.1     6.1   100.0    40.5    79.8   0.300   0.321   0.340   0.354   0.393     9.6    10.0    10.9    11.7    12.3
63831 20240130  2.622  -89.07   32.34    21.6    -1.1    10.3     9.1     0.0    14.57 C    22.4     0.0     8.8    97.1    33.2    72.3   0.293   0.316   0.337   0.352   0.391    10.2    10.2    10.6    11.1    11.8
63831 20240131  2.622  -89.07   32.34    16.1     1.0     8.6     7.5     0.0    15.19 C    20.5     0.7     8.0    98.5    38.8    75.0   0.288   0.312   0.335   0.349   0.388    10.2    10.4    11.0    11.2    11.7
63831 20240201  2.622  -89.07   32.34    18.1    -1.8     8.1     7.3     0.0    14.01 C    23.1    -0.6     8.6    97.0    32.3    73.9   0.284   0.308   0.333   0.348   0.386    10.1    10.2    10.7    11.0    11.6
63831 20240202  2.622  -89.07   32.34    21.3     1.2    11.2    10.2     0.0    14.20 C    24.6     1.8    10.6    97.0    31.8    72.6   0.280   0.305   0.330   0.346   0.384    11.2    11.1    11.3    11.2    11.6
63831 20240203  2.622  -89.07   32.34    16.3     3.2     9.8    10.9     2.3     3.85 C    14.8     4.0     9.7    95.9    47.5    74.3   0.278   0.303   0.329   0.345   0.382    10.7    10.9    11.4    11.4    11.7
63831 20240204  2.622  -89.07   32.34    12.9     6.1     9.5    10.1    12.2     2.63 C    15.2     7.3    10.3    93.7    64.3    87.4   0.313   0.332   0.337   0.345   0.381    11.1    11.2    11.6    11.5    11.8
63831 20240205  2.622  -89.07   32.34    16.2     6.1    11.1    10.0     0.8     9.85 C    19.1     5.2    10.2    93.9    53.0    77.2   0.320   0.339   0.348   0.360   0.389    11.0    11.0    11.4    11.5    11.8
63831 20240206  2.622  -89.07   32.34    19.1     1.7    10.4     8.8     0.0    16.14 C    21.2     1.2     8.9    97.4    29.6    70.4   0.301   0.323   0.340   0.354   0.390    10.8    10.9    11.3    11.5    11.8
63831 20240207  2.622  -89.07   32.34    20.1    -1.0     9.6     9.6     0.0    13.50 C    21.2     0.2     8.5    96.6    27.5    65.9   0.293   0.315   0.337   0.351   0.388    10.3    10.5    11.1    11.3    11.8
63831 20240208  2.622  -89.07   32.34    19.4     4.8    12.1    12.9     0.0     9.57 C    21.0     3.7    11.3    93.0    54.7    73.2   0.288   0.311   0.334   0.349   0.387    11.2    11.1    11.4    11.4    11.8
63831 20240209  2.622  -89.07   32.34    24.2    14.2    19.2    17.8     0.0     8.21 C    26.2    12.8    16.4    92.4    52.7    77.3   0.284   0.308   0.332   0.347   0.386    14.0    13.5    13.0    12.1    12.0
63831 20240210  2.622  -89.07   32.34    21.4    14.8    18.1    18.5     0.0     4.30 C    21.6    12.7    17.1    94.9    68.9    84.5   0.281   0.306   0.330   0.346   0.385    15.1    14.6    14.2    13.1    12.5
63831 20240211  2.622  -89.07   32.34    22.4    14.0    18.2    16.4    60.3     6.05 C    24.8    14.3    17.0    96.8    73.4    90.2   0.337   0.346   0.345   0.372   0.407    15.9    15.5    15.2    14.2    13.4
63831 20240212  2.622  -89.07   32.34    16.1     6.9    11.5    12.2    10.0     5.72 C    19.4     7.2    13.1    96.9    58.2    85.5   0.344   0.354   0.352   0.379   0.416    14.5    14.7    15.0    14.6    14.1
63831 20240213  2.622  -89.07   32.34    14.1     1.3     7.7     7.3     0.0    17.06 C    20.1     2.8     9.4    96.1    37.7    70.6   0.309   0.327   0.344   0.357   0.394    12.4    12.7    13.5    13.8    13.8
63831 20240214  2.622  -89.07   32.34    18.0    -1.3     8.3     7.1     0.0    17.21 C    23.1     0.4     9.1    98.5    26.6    71.1   0.299   0.318   0.339   0.354   0.391    11.6    11.9    12.6    13.1    13.5
63831 20240215  2.622  -89.07   32.34    20.7     0.5    10.6    10.5     0.0    15.96 C    25.8     2.0    11.8    97.2    33.3    71.9   0.292   0.312   0.336   0.352   0.389    12.5    12.4    12.7    12.8    13.2
63831 20240216  2.622  -89.07   32.34    20.1     6.8    13.4    13.6     0.0     8.42 C    22.2     7.6    13.4    95.2    53.4    76.7   0.288   0.309   0.333   0.350   0.388    13.4    13.4    13.5    13.1    13.2
63831 20240217  2.622  -89.07   32.34    14.2     2.1     8.1     5.3     0.0     6.98 C    13.3     1.8     6.9    91.0    42.9    66.8   0.284   0.306   0.331   0.349   0.386    11.1    11.9    12.9    13.2    13.3
63831 20240218  2.622  -89.07   32.34    11.3    -2.4     4.5     3.2     0.0    17.31 C    19.8    -1.7     5.7    83.4    23.0    49.0   0.279   0.303   0.330   0.348   0.384     9.5    10.0    11.1    12.1    13.0
63831 20240219  2.622  -89.07   32.34    15.3    -5.4     5.0     4.0     0.0    18.35 C    23.4    -4.1     6.6    94.6    18.6    62.2   0.274   0.298   0.328   0.347   0.383     9.4     9.8    10.6    11.4    12.5
63831 20240220  2.622  -89.07   32.34    19.3    -2.0     8.6     7.8     0.0    16.99 C    25.9    -0.5     9.5    94.2    31.8    68.9   0.270   0.293   0.327   0.346   0.382    10.6    10.6    11.1    11.4    12.2
63831 20240221  2.622  -89.07   32.34    23.0     0.9    12.0    13.0     0.0    17.17 C    27.8     2.0    13.0    95.7    40.6    68.7   0.265   0.288   0.325   0.344   0.381    12.2    11.9    12.0    11.7    12.2
63831 20240222  2.622  -89.07   32.34    23.0    10.7    16.8    17.3     0.0    11.56 C    28.2     7.8    15.5    91.4    47.8    67.8   0.259   0.284   0.323   0.343   0.380    13.7    13.4    13.2    12.5    12.5
63831 20240223  2.622  -89.07   32.34    21.0     4.8    12.9    14.7     3.7    16.38 C    25.3     4.6    14.2    97.4    30.2    67.8   0.270   0.290   0.322   0.342   0.378    14.4    14.3    14.2    13.3    12.9
63831 20240224  2.622  -89.07   32.34    20.8     2.1    11.5    11.0     0.0    18.25 C    24.6     2.3    10.7    97.0    22.5    59.2   0.262   0.285   0.322   0.341   0.378    12.3    12.7    13.3    13.2    13.2
63831 20240225  2.622  -89.07   32.34    23.2    -0.6    11.3    12.3     0.0    18.35 C    28.2     0.5    12.1    96.5    21.4    54.8   0.254   0.279   0.320   0.340   0.377    12.3    12.4    12.8    12.8    13.1
63831 20240226  2.622  -89.07   32.34    25.3     6.3    15.8    17.1     0.0    16.34 C    31.4     5.5    16.2    94.3    42.1    67.0   0.246   0.273   0.319   0.340   0.376    14.2    13.8    13.6    13.1    13.1
63831 20240227  2.622  -89.07   32.34    26.1    16.7    21.4    21.1     0.0    12.90 C    31.6    13.9    19.8    85.3    46.2    68.1   0.240   0.267   0.317   0.338   0.375    16.5    15.9    15.3    14.0    13.5
63831 20240228  2.622  -89.07   32.34    25.4     8.0    16.7    16.6     1.6     6.63 C    30.0     6.4    15.8    85.2    35.3    63.2   0.239   0.264   0.315   0.337   0.374    16.1    16.2    16.1    15.0    14.1
63831 20240229  2.622  -89.07   32.34     9.7     5.6     7.7     7.7     0.0     6.69 C    15.2     4.9     8.8    51.5    31.2    42.4   0.238   0.263   0.314   0.337   0.373    12.0    12.7    13.9    14.4    14.3
63831 20240301  2.622  -89.07   32.34    10.1     6.3     8.2     8.6    26.2     1.72 C    12.2     7.4     9.7    97.2    50.2    86.0   0.311   0.317   0.332   0.358   0.401    11.2    11.6    12.5    13.2    13.9
63831 20240302  2.622  -89.07   32.34    14.7     9.0    11.8    11.4     0.0     6.30 C    20.9     9.1    12.8    97.3    77.3    92.2   0.313   0.330   0.342   0.356   0.391    12.9    12.8    12.9    13.0    13.5
63831 20240303  2.622  -89.07   32.34    24.0    11.0    17.5    16.3     0.0    11.41 C    30.2    11.8    17.3    97.7    59.9    88.2   0.301   0.320   0.338   0.352   0.388    15.3    14.8    14.3    13.5    13.5
63831 20240304  2.622  -89.07   32.34    20.2    11.4    15.8    17.0     3.4     6.78 C    22.8    10.7    16.8    97.7    80.6    91.9   0.297   0.315   0.335   0.350   0.387    15.7    15.5    15.3    14.4    14.0
63831 20240305  2.622  -89.07   32.34    18.7    15.1    16.9    16.9    10.5     2.98 C    20.1    14.7    17.0    96.7    87.0    93.1   0.326   0.338   0.342   0.365   0.403    16.4    16.3    16.1    15.1    14.5
63831 20240306  2.622  -89.07   32.34    23.7    11.5    17.6    17.6     0.0    15.91 C    29.0    11.8    18.4    96.8    53.4    81.8   0.314   0.331   0.345   0.359   0.402    17.4    17.0    16.6    15.5    14.8
63831 20240307  2.622  -89.07   32.34    23.5     9.2    16.4    15.8     0.0    13.19 C    29.0    10.5    17.1    97.8    46.1    80.5   0.300   0.316   0.338   0.354   0.391    17.1    17.0    16.8    15.9    15.2
63831 20240308  2.622  -89.07   32.34    17.3    14.3    15.8    15.6   109.6     0.54 C    16.2    13.6    15.0    96.7    64.7    87.5   0.343   0.345   0.351   0.377 -99.000    15.8    16.0    16.4    15.9    15.5
63831 20240309  2.622  -89.07   32.34    19.1     7.7    13.4    14.2     0.0     9.68 C    23.4     7.0    14.9    96.9    62.6    80.4   0.327   0.338   0.362   0.356   0.364    15.8    15.9    16.1    15.7    15.5
63831 20240310  2.622  -89.07   32.34    17.5     2.4     9.9     9.4     0.0    21.14 C    24.7     3.2    11.3    98.5    27.7    65.6   0.304   0.318   0.354   0.345   0.351    14.1    14.5    15.2    15.3    15.4
63831 20240311  2.622  -89.07   32.34    19.3     3.1    11.2    10.3     0.0    19.02 C    28.6     3.8    12.9    88.3    21.3    57.0   0.294   0.310   0.350   0.342   0.346    14.3    14.5    14.9    14.9    15.1
63831 20240312  2.622  -89.07   32.34    22.5     2.1    12.3    12.3     0.0    19.20 C    29.7     3.4    14.0    96.5    27.7    65.3   0.285   0.303   0.346   0.339   0.343    14.9    15.0    15.3    15.0    15.0
63831 20240313  2.622  -89.07   32.34    24.7     9.4    17.1    17.4     0.0    13.99 C    31.9     9.4    17.6    95.3    54.1    75.2   0.278   0.297   0.343   0.336   0.337    16.5    16.3    16.1    15.3    15.1
63831 20240314  2.622  -89.07   32.34    25.3    11.4    18.4    19.3     8.9     8.95 C    29.0    10.2    18.6    96.6    67.5    85.3   0.271   0.293   0.341   0.335   0.334    17.4    17.1    16.9    15.9    15.4
63831 20240315  2.622  -89.07   32.34    21.9    13.7    17.8    18.8     6.2     5.38 C    27.2    14.0    18.8    96.5    68.1    89.5   0.287   0.305   0.340   0.333   0.331    18.4    18.2    17.9    16.6    15.8
63831 20240316  2.622  -89.07   32.34    20.3    11.2    15.8    15.7     1.2    10.16 C    28.5    12.2    17.5    97.7    65.4    88.2   0.293   0.312   0.343   0.332   0.331    17.8    17.7    17.6    16.8    16.2
63831 20240317  2.622  -89.07   32.34    15.5    12.3    13.9    13.6    38.2     3.44 C    21.7    12.5    15.0    97.3    83.1    92.8   0.357   0.353   0.360   0.372   0.362    16.5    16.7    17.0    16.5    16.2
63831 20240318  2.622  -89.07   32.34    14.7     1.4     8.1    10.0     0.0    20.89 C    22.1     2.0    11.6    88.8    27.5    54.9   0.318   0.331   0.358   0.349   0.355    15.1    15.7    16.4    16.3    16.2
63831 20240319  2.622  -89.07   32.34    15.6    -2.5     6.5     6.0     0.0    23.03 C    26.2    -0.7    10.1    93.4    22.9    61.4   0.301   0.315   0.352   0.344   0.348    13.8    14.3    15.1    15.5    15.9
63831 20240320  2.622  -89.07   32.34    22.6     0.4    11.5    11.5     0.0    21.54 C    30.4     1.7    14.1    96.6    19.8    62.5   0.291   0.308   0.348   0.340   0.343    15.1    15.1    15.4    15.3    15.6
63831 20240321  2.622  -89.07   32.34    22.7     5.8    14.3    14.7     0.0    12.87 C    28.5     6.5    15.3    94.8    28.9    62.4   0.283   0.302   0.345   0.338   0.339    15.9    16.1    16.2    15.7    15.6
63831 20240322  2.622  -89.07   32.34    20.7    11.3    16.0    15.1     3.5     8.78 C    28.0    10.9    15.9    93.6    59.6    77.8   0.281   0.299   0.342   0.336   0.336    16.3    16.4    16.5    16.0    15.8
63831 20240323  2.622  -89.07   32.34    19.4     5.7    12.6    14.4     2.1    19.80 C    25.1     5.9    15.4    94.8    45.0    70.0   0.291   0.307   0.342   0.334   0.334    16.6    16.7    16.8    16.2    15.9
63831 20240324  2.622  -89.07   32.34    19.8     2.6    11.2    12.1     0.0    15.84 C    24.5     3.9    12.4    96.3    32.0    62.4   0.280   0.300   0.341   0.334   0.334    15.0    15.5    16.1    16.0    16.0
63831 20240325  2.622  -89.07   32.34    20.3    10.6    15.4    16.9    29.4     3.67 C    18.9     9.3    15.8    93.3    69.3    78.0   0.278   0.295   0.340   0.334   0.333    15.5    15.6    15.9    15.9    15.9
63831 20240326  2.622  -89.07   32.34    21.3     9.2    15.2    14.4    27.5    15.34 C    28.9     9.4    16.4    96.4    45.2    81.7   0.352   0.353   0.362   0.369   0.368    16.5    16.4    16.2    15.4    15.4
63831 20240327  2.622  -89.07   32.34    17.1     6.1    11.6    11.5     0.0    14.86 C    23.9     6.2    12.8    95.0    46.4    71.0   0.311   0.324   0.355   0.345   0.350    15.6    16.0    16.4    16.1    15.9
63831 20240328  2.622  -89.07   32.34    20.2     4.0    12.1    11.5     0.0    24.18 C    27.1     3.4    12.9    90.0    21.1    55.7   0.298   0.313   0.349   0.342   0.346    15.4    15.7    16.1    15.9    15.9
63831 20240329  2.622  -89.07   32.34    23.1     1.9    12.5    13.2     0.0    23.88 C    31.0     2.9    14.8    96.8    22.2    58.4   0.285   0.304   0.346   0.339   0.340    16.1    16.2    16.3    15.9    15.9
63831 20240330  2.622  -89.07   32.34    25.4     6.9    16.1    17.4     0.0    20.59 C    32.4     7.2    18.0    93.2    39.5    63.9   0.274   0.294   0.342   0.336   0.337    17.6    17.5    17.2    16.4    16.1
63831 20240331  2.622  -89.07   32.34    24.0    12.9    18.4    19.4     0.0     9.43 C    28.0    12.4    19.2    96.6    61.0    80.6   0.268   0.287   0.339   0.333   0.332    18.4    18.2    18.0    17.0    16.4
63831 20240401  2.622  -89.07   32.34    25.8    19.5    22.6    22.2     0.0     8.71 C    28.0    17.6    21.3    90.7    64.8    79.6   0.264   0.283   0.336   0.332   0.331    19.6    19.3    18.8    17.6    16.8
63831 20240402  2.622  -89.07   32.34    28.5    15.0    21.7    22.6    35.0    14.01 C    34.0    13.2    22.5    93.1    48.0    77.2   0.283   0.297   0.340   0.341   0.339    20.7    20.4    19.9    18.5    17.5
63831 20240403  2.622  -89.07   32.34    19.2     4.9    12.0    13.0     0.0    24.36 C    24.0     5.6    13.9    91.2    23.7    55.9   0.311   0.322   0.353   0.343   0.346    17.8    18.4    19.1    18.7    17.9
63831 20240404  2.622  -89.07   32.34    20.9     2.0    11.5    11.4     0.0    25.22 C    26.5     2.6    12.8    97.1    19.7    58.9   0.290   0.307   0.347   0.338   0.340    16.2    16.6    17.4    17.6    17.6
63831 20240405  2.622  -89.07   32.34    21.5     2.4    11.9    11.8     0.0    25.18 C    31.2     2.8    14.5    96.5    23.8    63.3   0.276   0.296   0.343   0.335   0.335    16.7    16.9    17.2    17.1    17.2
63831 20240406  2.622  -89.07   32.34    20.7     5.5    13.1    12.8     0.0    19.64 C    31.3     5.9    15.1    93.2    32.4    65.1   0.266   0.287   0.340   0.334   0.333    16.9    17.2    17.5    17.1    17.1
63831 20240407  2.622  -89.07   32.34    26.1     6.5    16.3    17.6     0.0    20.34 C    33.9     7.3    18.7    96.0    38.5    70.7   0.257   0.279   0.336   0.331   0.332    18.1    18.1    18.0    17.3    17.1
63831 20240408  2.622  -89.07   32.34    20.9    15.3    18.1    17.8     5.7     5.10 C    25.6    15.5    18.3    95.4    75.6    88.1   0.255   0.276   0.333   0.330   0.329    18.6    18.7    18.8    17.9    17.3
63831 20240409  2.622  -89.07   32.34    19.8    15.6    17.7    17.3     4.9     3.71 C    20.3    15.9    17.7    95.6    84.0    92.4   0.293   0.302   0.334   0.329   0.328    18.1    18.2    18.4    17.9    17.5
63831 20240410  2.622  -89.07   32.34    20.0    17.4    18.7    18.4    21.1     2.42 C    19.9    17.3    18.2    95.1    85.8    91.5   0.334   0.335   0.348   0.351   0.352    18.3    18.3    18.4    18.0    17.7
63831 20240411  2.622  -89.07   32.34    20.6     8.7    14.6    15.4    11.7    12.56 C    22.1     8.0    15.4    95.6    43.9    79.5   0.344   0.347   0.360   0.361   0.367    17.4    17.7    18.1    17.9    17.7
63831 20240412  2.622  -89.07   32.34    23.6     5.5    14.5    14.1     0.0    26.03 C    26.9     5.2    14.5    97.6    19.5    61.1   0.308   0.321   0.352   0.343   0.349    17.0    17.2    17.5    17.4    17.5
63831 20240413  2.622  -89.07   32.34    27.6     5.8    16.7    16.8     0.0    25.28 C    33.2     6.3    18.2    96.5    25.6    64.9   0.292   0.308   0.347   0.339   0.343    18.7    18.5    18.3    17.5    17.4
63831 20240414  2.622  -89.07   32.34    27.0     9.5    18.3    18.3     0.0    20.72 C    34.1    10.1    18.9    95.3    29.8    65.4   0.279   0.297   0.343   0.336   0.338    19.5    19.5    19.4    18.3    17.7
63831 20240415  2.622  -89.07   32.34    27.4    10.4    18.9    19.5     0.0    23.02 C    34.7    10.3    21.0    97.2    38.8    71.5   0.267   0.287   0.339   0.335   0.337    20.6    20.5    20.0    18.8    18.0
63831 20240416  2.622  -89.07   32.34    28.3    17.3    22.8    22.3     0.0    19.77 C    34.1    16.5    23.0    92.5    42.6    71.3   0.255   0.278   0.336   0.333   0.333    21.8    21.6    21.1    19.6    18.5
63831 20240417  2.622  -89.07   32.34    24.9    19.5    22.2    21.7     0.0     7.83 C    30.3    18.5    22.3    95.4    68.9    84.5   0.249   0.271   0.333   0.330   0.329    21.7    21.6    21.3    20.1    18.9
63831 20240418  2.622  -89.07   32.34    25.9    17.8    21.8    21.7     0.6    10.24 C    33.9    16.7    22.5    95.8    61.6    85.3   0.246   0.268   0.330   0.329   0.328    22.2    21.9    21.6    20.3    19.3
63831 20240419  2.622  -89.07   32.34    28.2    17.0    22.6    22.7     0.0    15.77 C    37.1    16.3    24.3    97.1    53.9    82.6   0.242   0.265   0.329   0.327   0.325    23.1    22.7    22.1    20.7    19.5
63831 20240420  2.622  -89.07   32.34    20.8    11.6    16.2    16.3     2.5     3.99 C    21.4    13.2    18.1    94.6    84.0    90.7   0.241   0.263   0.327   0.326   0.323    21.1    21.4    21.9    21.1    19.9
63831 20240421  2.622  -89.07   32.34    18.8     7.2    13.0    13.1    22.9    20.32 C    26.3     7.1    15.5    93.7    42.3    68.6   0.329   0.330   0.351   0.355   0.358    18.4    18.7    19.3    19.4    19.4
63831 20240422  2.622  -89.07   32.34    19.8     3.2    11.5    11.1     0.0    27.21 C    29.8     4.1    14.8    96.1    30.0    66.5   0.300   0.314   0.349   0.339   0.341    18.5    18.8    19.2    19.2    19.2
63831 20240423  2.622  -89.07   32.34    23.5     3.0    13.3    14.1     0.0    27.07 C    32.2     4.5    17.0    98.0    30.3    66.7   0.285   0.302   0.344   0.335   0.337    19.1    19.3    19.5    19.1    19.0
63831 20240424  2.622  -89.07   32.34    25.8    10.3    18.1    18.3     0.0    20.44 C    34.9    11.0    20.9    96.2    54.4    77.8   0.272   0.291   0.341   0.334   0.333    20.9    20.7    20.4    19.5    19.1
63831 20240425  2.622  -89.07   32.34    27.1    13.1    20.1    20.4     0.0    19.46 C    37.9    13.5    22.6    96.7    52.6    78.5   0.262   0.282   0.338   0.331   0.330    22.1    21.9    21.5    20.2    19.4
63831 20240426  2.622  -89.07   32.34    27.8    13.0    20.4    21.0     0.0    21.43 C    36.0    13.4    22.3    96.6    44.3    72.6   0.251   0.273   0.335   0.330   0.329    22.4    22.3    22.1    20.8    19.8
63831 20240427  2.622  -89.07   32.34    28.0    15.4    21.7    21.7     0.0    20.86 C    36.7    14.8    22.6    96.3    52.5    72.6   0.239   0.263   0.331   0.328   0.325    22.4    22.5    22.3    21.1    20.1
63831 20240428  2.622  -89.07   32.34    27.0    14.7    20.8    21.1     0.0    16.77 C    36.7    14.3    22.0    88.2    59.9    75.1   0.229   0.255   0.327   0.327   0.325    22.0    22.1    22.0    21.1    20.3
63831 20240429  2.622  -89.07   32.34    24.2    17.3    20.8    20.5     0.5     8.39 C    28.6    16.9    21.3    95.9    69.6    87.5   0.226   0.251   0.324   0.326   0.323    21.9    21.9    21.9    21.2    20.4
63831 20240430  2.622  -89.07   32.34    27.6    14.2    20.9    20.3     0.0    24.27 C    39.8    14.7    24.0    97.5    49.2    81.2   0.223   0.249   0.323   0.324   0.321    23.5    23.1    22.5    21.3    20.4
63831 20240501  2.622  -89.07   32.34    30.1    13.1    21.6    21.5     0.0    25.71 C    44.3    13.3    25.8    97.4    35.2    73.7   0.208   0.240   0.323   0.322   0.319    24.3    24.0    23.5    22.0    20.8
63831 20240502  2.622  -89.07   32.34    28.8    14.5    21.7    21.3     0.0    16.32 C    41.8    15.0    24.1    96.9    40.5    81.3   0.196   0.232   0.319   0.321   0.318    23.9    23.9    23.7    22.4    21.2
63831 20240503  2.622  -89.07   32.34    26.9    17.3    22.1    21.0     5.4    12.49 C    40.1    17.5    23.7    97.2    63.8    88.9   0.199   0.229   0.318   0.321   0.317    23.7    23.7    23.6    22.5    21.4
63831 20240504  2.622  -89.07   32.34    29.3    15.4    22.3    21.6     0.0    24.55 C    40.0    16.6    25.4    97.4    50.0    81.4   0.205   0.231   0.316   0.320   0.316    24.8    24.4    23.8    22.5    21.5
63831 20240505  2.622  -89.07   32.34    28.1    16.6    22.4    22.0     0.0    16.06 C    39.7    17.1    24.6    96.9    55.3    85.4   0.194   0.227   0.315   0.318   0.316    24.7    24.6    24.3    23.1    21.8
63831 20240506  2.622  -89.07   32.34    30.7    16.3    23.5    23.6     0.0    20.15 C    43.1    16.6    26.6    97.4    52.9    80.0   0.184   0.223   0.313   0.319   0.316    25.2    24.9    24.5    23.2    22.0
63831 20240507  2.622  -89.07   32.34    28.8    21.2    25.0    24.9     0.0     9.51 C    34.9    20.2    25.8    92.8    67.4    81.2   0.175   0.219   0.312   0.318   0.315    25.0    24.9    24.7    23.5    22.3
63831 20240508  2.622  -89.07   32.34    30.4    23.7    27.1    26.4     0.0    15.14 C    40.8    22.6    27.7    88.2    60.4    76.3   0.167   0.215   0.309   0.317   0.314    25.6    25.3    24.8    23.6    22.4
63831 20240509  2.622  -89.07   32.34    31.1    19.2    25.2    26.4    32.5    15.95 C    41.8    18.7    28.5    94.2    62.7    81.5   0.166   0.213   0.308   0.318   0.316    26.2    25.9    25.3    23.9    22.7
63831 20240510  2.622  -89.07   32.34    27.9    15.5    21.7    22.4     0.9    26.95 C    36.0    15.4    24.2    96.5    36.1    67.2   0.280   0.286   0.319   0.333   0.333    25.0    25.2    25.2    24.1    22.9
63831 20240511  2.622  -89.07   32.34    26.0    11.7    18.9    19.1     0.0    26.93 C    39.5    12.4    23.6    94.9    36.3    67.5   0.247   0.267   0.319   0.325   0.317    24.3    24.4    24.5    23.8    22.9
63831 20240512  2.622  -89.07   32.34    24.3    14.9    19.6    18.9     6.3     9.24 C    30.4    15.7    21.1    95.6    55.9    84.3   0.239   0.260   0.316   0.323   0.314    23.1    23.4    23.8    23.5    22.9
63831 20240513  2.622  -89.07   32.34    24.5    17.0    20.7    19.7    28.8    11.19 C    31.0    17.3    21.1    94.6    69.9    86.2   0.335   0.332   0.346   0.349   0.351    22.1    22.3    22.6    22.6    22.6
63831 20240514  2.622  -89.07   32.34    26.3    17.0    21.6    21.1     0.0    15.66 C    34.4    17.6    22.8    96.6    61.3    82.6   0.314   0.323   0.354   0.339   0.336    23.3    23.2    23.1    22.6    22.3
63831 20240515  2.622  -89.07   32.34    28.1    15.0    21.6    21.4     0.0    24.88 C    35.3    15.2    23.4    97.2    46.7    75.3   0.296   0.306   0.350   0.336   0.331    23.8    23.8    23.6    22.8    22.3
63831 20240516  2.622  -89.07   32.34    29.6    14.2    21.9    22.3     6.4    23.85 C    39.8    15.1    25.5    96.7    47.8    77.0   0.281   0.293   0.345   0.333   0.329    24.7    24.5    24.1    23.1    22.4
63831 20240517  2.622  -89.07   32.34    22.9    18.8    20.8    20.8    26.8     6.03 C    28.2    19.6    22.3    96.0    84.7    91.4   0.346   0.338   0.355   0.353   0.352    23.6    23.8    24.0    23.4    22.8
63831 20240518  2.622  -89.07   32.34    28.9    18.6    23.8    23.2     0.2    19.04 C    37.6    19.4    25.6    97.2    51.6    81.7   0.321   0.326   0.356   0.344   0.348    24.9    24.7    24.3    23.3    22.7
63831 20240519  2.622  -89.07   32.34    30.1    16.0    23.1    22.9     0.0    25.92 C    39.4    16.8    26.1    97.3    42.4    75.6   0.306   0.308   0.352   0.340   0.342    25.6    25.5    25.1    23.8    22.9
63831 20240520  2.622  -89.07   32.34    31.1    16.0    23.6    23.7     0.0    24.49 C    41.5    17.1    26.9    96.7    37.7    72.3   0.291   0.295   0.348   0.337   0.339    26.0    26.0    25.6    24.2    23.2
63831 20240521  2.622  -89.07   32.34    29.9    17.8    23.8    23.8     0.0    25.18 C    40.4    18.6    27.0    96.3    45.5    75.0   0.275   0.282   0.346   0.335   0.333    26.0    26.2    25.9    24.6    23.4
63831 20240522  2.622  -89.07   32.34    30.4    18.7    24.6    24.8     0.0    23.88 C    41.9    19.1    27.9    95.8    51.1    74.4   0.259   0.270   0.342   0.332   0.330    26.4    26.4    26.1    24.8    23.6
63831 20240523  2.622  -89.07   32.34    30.1    20.5    25.3    25.1     1.6    23.03 C    43.0    20.8    28.2    93.9    48.3    72.4   0.249   0.262   0.339   0.331   0.327    27.0    26.9    26.5    25.1    23.9
63831 20240524  2.622  -89.07   32.34    31.4    21.1    26.2    26.1     0.0    20.67 C    43.4    21.3    29.0    94.7    52.3    75.8   0.238   0.253   0.329   0.329   0.326    27.4    27.3    26.8    25.4    24.1
63831 20240525  2.622  -89.07   32.34    32.6    23.1    27.9    27.3     0.0    23.29 C    44.1    23.4    30.4    92.1    52.6    75.7   0.223   0.244   0.302   0.326   0.323    28.1    28.0    27.0    25.8    24.4
63831 20240526  2.622  -89.07   32.34    31.7    21.8    26.7    27.0     0.0    24.25 C    42.5    21.5    29.8    96.2    48.9    73.0   0.205   0.234   0.298   0.325   0.323    27.8    27.9    27.2    26.1    24.7
63831 20240527  2.622  -89.07   32.34    32.4    20.1    26.3    26.8     2.7    24.33 C    43.3    20.2    29.4    95.6    43.3    75.7   0.197   0.227   0.294   0.323   0.321    28.4    28.3    27.4    26.3    24.9
63831 20240528  2.622  -89.07   32.34    32.4    17.5    24.9    24.7     0.0    26.21 C    44.6    17.9    28.1    96.9    31.0    67.2   0.181   0.220   0.290   0.322   0.318    27.7    27.8    27.2    26.4    25.1
63831 20240529  2.622  -89.07   32.34    29.7    15.6    22.6    22.4     0.2    16.60 C    41.7    16.2    25.7    96.0    40.5    75.8   0.166   0.213   0.286   0.320   0.314    26.5    26.7    26.6    26.1    25.1
63831 20240530  2.622  -89.07   32.34    27.1    19.1    23.1    22.3     5.5    13.63 C    36.0    19.8    24.4    94.7    59.8    82.6   0.178   0.210   0.284   0.319   0.311    26.0    26.2    26.1    25.8    25.0
63831 20240531  2.622  -89.07   32.34    27.8    19.0    23.4    22.0    19.2     7.23 C    32.6    19.3    22.9    96.2    60.1    87.5   0.217   0.226   0.288   0.320   0.311    24.7    25.0    25.2    25.3    24.8
63831 20240601  2.622  -89.07   32.34    29.4    20.6    25.0    24.4     5.1    20.93 C    36.9    20.4    26.5    95.1    54.1    80.5   0.281   0.278   0.301   0.322   0.314    26.1    25.8    25.2    24.9    24.5
63831 20240602  2.622  -89.07   32.34    29.7    20.2    25.0    24.8     0.0    22.04 C    40.5    20.8    27.3    95.0    51.6    76.7   0.253   0.265   0.301   0.320   0.310    27.2    27.0    26.2    25.4    24.5
63831 20240603  2.622  -89.07   32.34    30.2    19.8    25.0    23.6    13.6    14.95 C    39.4    20.9    26.0    95.8    63.6    87.8   0.259   0.265   0.299   0.319   0.309    26.7    26.7    26.3    25.7    24.8
63831 20240604  2.622  -89.07   32.34    31.0    18.3    24.7    23.5     9.1    21.26 C    36.6    18.8    25.8    95.2    56.8    81.5   0.301   0.300   0.305   0.319   0.307    26.6    26.5    26.1    25.6    24.8
63831 20240605  2.622  -89.07   32.34    30.9    18.8    24.8    23.1     2.2    20.09 C    36.3    19.6    25.2    96.1    57.6    84.4   0.303   0.307   0.312   0.319   0.307    26.5    26.5    26.1    25.7    24.8
63831 20240606  2.622  -89.07   32.34    30.9    19.0    25.0    24.7     0.0    21.69 C    38.3    19.5    26.9    97.2    56.2    81.1   0.290   0.296   0.311   0.319   0.307    27.1    27.0    26.3    25.7    24.9
63831 20240607  2.622  -89.07   32.34    31.2    16.3    23.7    24.3     0.0    28.43 C    39.3    17.3    27.0    97.0    32.8    68.1   0.271   0.281   0.307   0.318   0.307    27.3    27.3    26.6    26.0    25.0
63831 20240608  2.622  -89.07   32.34    31.1    14.0    22.6    23.1     0.0    28.17 C    43.2    15.0    27.5    96.6    35.2    69.9   0.250   0.265   0.302   0.318   0.307    26.9    26.9    26.4    25.9    25.1
63831 20240609  2.622  -89.07   32.34    33.7    18.1    25.9    26.5     0.0    24.42 C    47.4    19.3    31.0    95.6    48.1    78.2   0.232   0.251   0.296   0.317   0.308    28.3    28.0    27.0    26.2    25.2
63831 20240610  2.622  -89.07   32.34    30.3    18.4    24.3    25.1     0.0    24.05 C    45.8    19.9    30.3    96.1    50.5    77.0   0.217   0.240   0.292   0.316   0.307    28.6    28.5    27.8    26.8    25.5
63831 20240611  2.622  -89.07   32.34    29.3    16.4    22.8    22.7     0.0    26.98 C    46.5    17.2    28.2    95.7    38.4    66.7   0.199   0.228   0.287   0.315   0.305    27.2    27.4    27.1    26.7    25.7
63831 20240612  2.622  -89.07   32.34    29.6    14.2    21.9    21.8     0.0    25.93 C    48.7    15.5    28.1    96.0    37.7    70.7   0.175   0.217   0.281   0.313   0.303    26.7    26.9    26.6    26.4    25.7
63831 20240613  2.622  -89.07   32.34    31.4    14.5    22.9    23.3     0.0    28.01 C    48.8    15.6    29.7    96.8    37.3    69.7   0.154   0.206   0.275   0.312   0.304    27.0    27.1    26.6    26.2    25.5
63831 20240614  2.622  -89.07   32.34    33.0    15.8    24.4    25.2     0.0    27.64 C    50.0    16.9    31.5    96.5    40.3    70.8   0.134   0.192   0.266   0.310   0.303    27.7    27.6    26.9    26.3    25.6
63831 20240615  2.622  -89.07   32.34    34.3    19.0    26.7    27.2     0.0    24.90 C    51.1    20.2    32.8    96.7    42.2    71.2   0.114   0.179   0.253   0.308   0.302    28.5    28.3    27.4    26.7    25.7
63831 20240616  2.622  -89.07   32.34    33.8    19.9    26.8    25.9     0.0    20.44 C    50.2    20.6    30.6    97.0    46.4    78.3   0.102   0.168   0.240   0.305   0.300    28.1    28.1    27.5    26.9    25.9
63831 20240617  2.622  -89.07   32.34    31.1    22.2    26.7    25.5    10.9    18.09 C    47.7    23.6    30.2    95.7    56.5    80.9   0.106   0.165   0.231   0.307   0.307    27.7    27.7    27.2    26.8    26.0
63831 20240618  2.622  -89.07   32.34    27.7    22.0    24.8    24.5     0.0    11.38 C    32.4    22.7    25.9    95.8    68.3    82.8   0.137   0.182   0.248   0.315   0.311    26.8    26.8    26.6    26.5    25.9
63831 20240619  2.622  -89.07   32.34    29.1    22.3    25.7    25.6     0.0    17.24 C    38.6    21.5    27.4    92.0    66.0    74.9   0.133   0.184   0.251   0.312   0.305    27.0    26.9    26.5    26.3    25.7
63831 20240620  2.622  -89.07   32.34    30.5    20.3    25.4    25.0     0.0    25.01 C    46.6    19.9    29.0    93.9    46.2    70.7   0.121   0.179   0.249   0.308   0.302    27.1    27.1    26.5    26.3    25.7
63831 20240621  2.622  -89.07   32.34    33.1    20.0    26.5    26.2     0.0    26.15 C    50.8    20.6    31.9    95.4    38.1    69.8   0.105   0.170   0.244   0.306   0.297    27.8    27.7    26.8    26.4    25.7
63831 20240622  2.622  -89.07   32.34    34.0    17.9    25.9    26.1     0.0    27.90 C    53.3    18.7    32.8    96.6    36.3    69.7   0.094   0.158   0.235   0.303   0.296    28.3    28.2    27.3    26.7    25.8
63831 20240623  2.622  -89.07   32.34    34.5    19.8    27.2    27.3     0.0    27.26 C    53.8    20.5    33.8    96.2    41.4    72.0   0.087   0.144   0.220   0.300   0.295    28.8    28.8    27.8    27.0    26.0
63831 20240624  2.622  -89.07   32.34    32.2    22.1    27.2    26.4     3.9    17.17 C    48.2    23.6    30.2    95.2    63.3    83.4   0.092   0.138   0.207   0.297   0.294    28.8    28.7    28.0    27.3    26.2
63831 20240625  2.622  -89.07   32.34    35.5    21.1    28.3    28.0     0.0    26.23 C    52.9    21.7    33.6    97.0    42.9    74.2   0.093   0.136   0.200   0.295   0.293    29.7    29.5    28.4    27.5    26.4
63831 20240626  2.622  -89.07   32.34    34.1    22.8    28.5    26.8     6.3    19.39 C    51.0    23.7    31.7    95.6    49.4    81.2   0.086   0.131   0.190   0.291   0.292    29.3    29.3    28.6    27.8    26.7
63831 20240627  2.622  -89.07   32.34    30.6    22.9    26.7    25.4     4.5    18.26 C    41.2    23.3    28.5    96.6    59.8    86.9   0.113   0.134   0.187   0.289   0.292    28.7    28.7    28.2    27.7    26.7
63831 20240628  2.622  -89.07   32.34    32.9    22.0    27.5    26.9     0.0    22.23 C    43.8    23.2    30.7    97.4    53.6    80.4   0.116   0.134   0.188   0.288   0.289    29.4    29.2    28.3    27.7    26.7
63831 20240629  2.622  -89.07   32.34    30.5    24.1    27.3    26.1    18.0    11.52 C    39.1    24.8    28.1    96.1    74.9    89.6   0.160   0.167   0.202   0.303   0.308    28.8    28.7    28.3    27.8    26.9
63831 20240630  2.622  -89.07   32.34    34.2    23.2    28.7    27.7    33.4    23.50 C    42.3    23.7    30.3    96.5    54.2    81.2   0.212   0.225   0.231   0.315   0.308    29.1    28.9    28.4    27.8    26.9
63831 20240701  2.622  -89.07   32.34    33.5    21.1    27.3    27.3     0.0    25.49 C    40.7    21.9    30.2    96.6    50.9    78.5   0.255   0.275   0.270   0.324   0.321    29.3    29.3    28.6    27.9    27.0
63831 20240702  2.622  -89.07   32.34 -9999.0 -9999.0 -9999.0 -9999.0 -9999.0 -9999.00 U -9999.0 -9999.0 -9999.0 -9999.0 -9999.0 -9999.0 -99.000 -99.000 -99.000 -99.000 -99.000 -9999.0 -9999.0 -9999.0 -9999.0 -9999.0
