63894 20240101  7.001  -87.64   34.77     4.8     1.5     3.1     3.2     0.0 -9999.00 U -9999.0 -9999.0 -9999.0    75.9    52.6    63.7 -99.000 -99.000 -99.000 -99.000 -99.000 -9999.0 -9999.0 -9999.0 -9999.0 -9999.0
63894 20240102  7.001  -87.64   34.77     7.7    -3.6     2.0     2.6     0.0 -9999.00 U -9999.0 -9999.0 -9999.0    95.6    47.2    68.0 -99.000 -99.000 -99.000 -99.000 -99.000 -9999.0 -9999.0 -9999.0 -9999.0 -9999.0
63894 20240103  7.001  -87.64   34.77     4.6    -4.0     0.3     0.3     0.0 -9999.00 U -9999.0 -9999.0 -9999.0    97.4    65.4    85.4 -99.000 -99.000 -99.000 -99.000 -99.000 -9999.0 -9999.0 -9999.0 -9999.0 -9999.0
63894 20240104  7.001  -87.64   34.77     4.5    -4.9    -0.2     0.4     0.0 -9999.00 U -9999.0 -9999.0 -9999.0    97.9    60.8    82.1 -99.000 -99.000 -99.000 -99.000 -99.000 -9999.0 -9999.0 -9999.0 -9999.0 -9999.0
63894 20240105  7.001  -87.64   34.77    10.0    -6.9     1.6     2.6     4.8 -9999.00 U -9999.0 -9999.0 -9999.0    96.2    49.1    75.6 -99.000 -99.000 -99.000 -99.000 -99.000 -9999.0 -9999.0 -9999.0 -9999.0 -9999.0
63894 20240106  7.001  -87.64   34.77     7.1     4.1     5.6     5.7     3.9 -9999.00 U -9999.0 -9999.0 -9999.0    97.1    84.6    92.0 -99.000 -99.000 -99.000 -99.000 -99.000 -9999.0 -9999.0 -9999.0 -9999.0 -9999.0
63894 20240107  7.001  -87.64   34.77     9.8    -2.1     3.8     4.5     0.0 -9999.00 U -9999.0 -9999.0 -9999.0    96.6    45.1    77.1 -99.000 -99.000 -99.000 -99.000 -99.000 -9999.0 -9999.0 -9999.0 -9999.0 -9999.0
63894 20240108  7.001  -87.64   34.77    12.8    -3.0     4.9     5.6    27.5 -9999.00 U -9999.0 -9999.0 -9999.0    97.1    31.2    71.7 -99.000 -99.000 -99.000 -99.000 -99.000 -9999.0 -9999.0 -9999.0 -9999.0 -9999.0
63894 20240109  7.001  -87.64   34.77    10.4     2.7     6.5     6.8    21.7 -9999.00 U -9999.0 -9999.0 -9999.0    97.4    57.3    79.5 -99.000 -99.000 -99.000 -99.000 -99.000 -9999.0 -9999.0 -9999.0 -9999.0 -9999.0
63894 20240110  7.001  -87.64   34.77     9.7     1.8     5.8     4.7     0.0 -9999.00 U -9999.0 -9999.0 -9999.0    75.0    36.8    60.0 -99.000 -99.000 -99.000 -99.000 -99.000 -9999.0 -9999.0 -9999.0 -9999.0 -9999.0
63894 20240111  7.001  -87.64   34.77    16.8     1.9     9.3    10.1     0.0 -9999.00 U -9999.0 -9999.0 -9999.0    84.0    48.6    63.9 -99.000 -99.000 -99.000 -99.000 -99.000 -9999.0 -9999.0 -9999.0 -9999.0 -9999.0
63894 20240112  7.001  -87.64   34.77    15.1    -0.9     7.1     9.6    17.9 -9999.00 U -9999.0 -9999.0 -9999.0    94.6    59.2    73.3 -99.000 -99.000 -99.000 -99.000 -99.000 -9999.0 -9999.0 -9999.0 -9999.0 -9999.0
63894 20240113  7.001  -87.64   34.77     6.9    -3.0     1.9     0.9     0.0 -9999.00 U -9999.0 -9999.0 -9999.0    87.4    41.3    61.3 -99.000 -99.000 -99.000 -99.000 -99.000 -9999.0 -9999.0 -9999.0 -9999.0 -9999.0
63894 20240114  7.001  -87.64   34.77     0.4    -5.0    -2.3    -1.9     3.4 -9999.00 U -9999.0 -9999.0 -9999.0    91.2    46.7    70.8 -99.000 -99.000 -99.000 -99.000 -99.000 -9999.0 -9999.0 -9999.0 -9999.0 -9999.0
63894 20240115  7.001  -87.64   34.77    -5.0   -10.0    -7.5    -7.3    13.5 -9999.00 U -9999.0 -9999.0 -9999.0    87.8    75.0    83.2 -99.000 -99.000 -99.000 -99.000 -99.000 -9999.0 -9999.0 -9999.0 -9999.0 -9999.0
63894 20240116  7.001  -87.64   34.77    -6.9   -13.0    -9.9   -10.2     0.0 -9999.00 U -9999.0 -9999.0 -9999.0    79.2    52.6    66.6 -99.000 -99.000 -99.000 -99.000 -99.000 -9999.0 -9999.0 -9999.0 -9999.0 -9999.0
63894 20240117  7.001  -87.64   34.77    -1.4   -17.8    -9.6    -9.2     0.0 -9999.00 U -9999.0 -9999.0 -9999.0    91.3    29.6    63.9 -99.000 -99.000 -99.000 -99.000 -99.000 -9999.0 -9999.0 -9999.0 -9999.0 -9999.0
63894 20240118  7.001  -87.64   34.77     2.3   -10.1    -3.9    -1.8     3.7 -9999.00 U -9999.0 -9999.0 -9999.0    98.2    51.4    83.4 -99.000 -99.000 -99.000 -99.000 -99.000 -9999.0 -9999.0 -9999.0 -9999.0 -9999.0
63894 20240119  7.001  -87.64   34.77     1.7    -8.1    -3.2    -2.1     0.0 -9999.00 U -9999.0 -9999.0 -9999.0    94.4    57.0    74.1 -99.000 -99.000 -99.000 -99.000 -99.000 -9999.0 -9999.0 -9999.0 -9999.0 -9999.0
63894 20240120  7.001  -87.64   34.77    -6.2   -11.5    -8.8    -9.0     0.0 -9999.00 U -9999.0 -9999.0 -9999.0    75.7    51.9    64.4 -99.000 -99.000 -99.000 -99.000 -99.000 -9999.0 -9999.0 -9999.0 -9999.0 -9999.0
63894 20240121  7.001  -87.64   34.77    -0.9   -12.1    -6.5    -6.4     0.0 -9999.00 U -9999.0 -9999.0 -9999.0    79.4    45.0    63.2 -99.000 -99.000 -99.000 -99.000 -99.000 -9999.0 -9999.0 -9999.0 -9999.0 -9999.0
63894 20240122  7.001  -87.64   34.77     9.8    -5.9     2.0     2.7     0.0 -9999.00 U -9999.0 -9999.0 -9999.0    80.9    36.5    60.0 -99.000 -99.000 -99.000 -99.000 -99.000 -9999.0 -9999.0 -9999.0 -9999.0 -9999.0
63894 20240123  7.001  -87.64   34.77    12.6     5.8     9.2     9.5     1.3 -9999.00 U -9999.0 -9999.0 -9999.0    90.8    65.4    81.7 -99.000 -99.000 -99.000 -99.000 -99.000 -9999.0 -9999.0 -9999.0 -9999.0 -9999.0
63894 20240124  7.001  -87.64   34.77    15.0    11.9    13.5    13.8    52.2 -9999.00 U -9999.0 -9999.0 -9999.0    98.4    85.7    94.4 -99.000 -99.000 -99.000 -99.000 -99.000 -9999.0 -9999.0 -9999.0 -9999.0 -9999.0
63894 20240125  7.001  -87.64   34.77    17.6    13.4    15.5    15.4    29.8 -9999.00 U -9999.0 -9999.0 -9999.0    98.8    89.2    95.5 -99.000 -99.000 -99.000 -99.000 -99.000 -9999.0 -9999.0 -9999.0 -9999.0 -9999.0
63894 20240126  7.001  -87.64   34.77    18.3     9.2    13.7    13.9     0.0 -9999.00 U -9999.0 -9999.0 -9999.0    99.0    64.3    87.0 -99.000 -99.000 -99.000 -99.000 -99.000 -9999.0 -9999.0 -9999.0 -9999.0 -9999.0
63894 20240127  7.001  -87.64   34.77    18.6     6.0    12.3    10.9    27.9 -9999.00 U -9999.0 -9999.0 -9999.0    97.3    75.5    89.5 -99.000 -99.000 -99.000 -99.000 -99.000 -9999.0 -9999.0 -9999.0 -9999.0 -9999.0
63894 20240128  7.001  -87.64   34.77     7.6     4.9     6.2     6.0     0.0 -9999.00 U -9999.0 -9999.0 -9999.0    93.8    76.0    84.5 -99.000 -99.000 -99.000 -99.000 -99.000 -9999.0 -9999.0 -9999.0 -9999.0 -9999.0
63894 20240129  7.001  -87.64   34.77     8.7    -1.2     3.7     4.5     0.0 -9999.00 U -9999.0 -9999.0 -9999.0    98.2    58.2    78.9 -99.000 -99.000 -99.000 -99.000 -99.000 -9999.0 -9999.0 -9999.0 -9999.0 -9999.0
63894 20240130  7.001  -87.64   34.77    18.3    -2.8     7.7     7.5     0.3 -9999.00 U -9999.0 -9999.0 -9999.0    98.7    42.8    72.9 -99.000 -99.000 -99.000 -99.000 -99.000 -9999.0 -9999.0 -9999.0 -9999.0 -9999.0
63894 20240131  7.001  -87.64   34.77    11.2    -0.1     5.6     5.8     0.0 -9999.00 U -9999.0 -9999.0 -9999.0    97.2    46.0    70.9 -99.000 -99.000 -99.000 -99.000 -99.000 -9999.0 -9999.0 -9999.0 -9999.0 -9999.0
63894 20240201  7.001  -87.64   34.77    15.6    -3.2     6.2     6.0     0.3 -9999.00 U -9999.0 -9999.0 -9999.0    98.5    36.5    73.3 -99.000 -99.000 -99.000 -99.000 -99.000 -9999.0 -9999.0 -9999.0 -9999.0 -9999.0
63894 20240202  7.001  -87.64   34.77    20.4     0.6    10.5    10.2     0.0 -9999.00 U -9999.0 -9999.0 -9999.0    98.3    40.5    72.1 -99.000 -99.000 -99.000 -99.000 -99.000 -9999.0 -9999.0 -9999.0 -9999.0 -9999.0
63894 20240203  7.001  -87.64   34.77    20.3     2.5    11.4    12.1     0.0 -9999.00 U -9999.0 -9999.0 -9999.0    98.7    40.9    66.8 -99.000 -99.000 -99.000 -99.000 -99.000 -9999.0 -9999.0 -9999.0 -9999.0 -9999.0
63894 20240204  7.001  -87.64   34.77    13.1     3.1     8.1     7.8    31.2 -9999.00 U -9999.0 -9999.0 -9999.0    98.3    52.9    80.2 -99.000 -99.000 -99.000 -99.000 -99.000 -9999.0 -9999.0 -9999.0 -9999.0 -9999.0
63894 20240205  7.001  -87.64   34.77    18.7     3.6    11.2    11.4     0.0 -9999.00 U -9999.0 -9999.0 -9999.0    98.6    22.0    52.4 -99.000 -99.000 -99.000 -99.000 -99.000 -9999.0 -9999.0 -9999.0 -9999.0 -9999.0
63894 20240206  7.001  -87.64   34.77    18.6     0.6     9.6     9.2     0.0 -9999.00 U -9999.0 -9999.0 -9999.0    86.4    22.1    54.7 -99.000 -99.000 -99.000 -99.000 -99.000 -9999.0 -9999.0 -9999.0 -9999.0 -9999.0
63894 20240207  7.001  -87.64   34.77    20.2    -1.0     9.6    10.0     0.0 -9999.00 U -9999.0 -9999.0 -9999.0    98.1    26.4    59.2 -99.000 -99.000 -99.000 -99.000 -99.000 -9999.0 -9999.0 -9999.0 -9999.0 -9999.0
63894 20240208  7.001  -87.64   34.77    15.6     6.2    10.9    11.9     0.0 -9999.00 U -9999.0 -9999.0 -9999.0    65.9    37.8    49.7 -99.000 -99.000 -99.000 -99.000 -99.000 -9999.0 -9999.0 -9999.0 -9999.0 -9999.0
63894 20240209  7.001  -87.64   34.77    19.0    12.2    15.6    15.2     1.5 -9999.00 U -9999.0 -9999.0 -9999.0    94.2    52.0    81.5 -99.000 -99.000 -99.000 -99.000 -99.000 -9999.0 -9999.0 -9999.0 -9999.0 -9999.0
63894 20240210  7.001  -87.64   34.77    17.4    12.0    14.7    14.9    50.8 -9999.00 U -9999.0 -9999.0 -9999.0    97.1    87.3    92.1 -99.000 -99.000 -99.000 -99.000 -99.000 -9999.0 -9999.0 -9999.0 -9999.0 -9999.0
63894 20240211  7.001  -87.64   34.77    12.8    10.7    11.7    11.8    14.8 -9999.00 U -9999.0 -9999.0 -9999.0    96.6    86.3    92.5 -99.000 -99.000 -99.000 -99.000 -99.000 -9999.0 -9999.0 -9999.0 -9999.0 -9999.0
63894 20240212  7.001  -87.64   34.77    13.8     3.2     8.5     9.9    11.3 -9999.00 U -9999.0 -9999.0 -9999.0    97.9    85.0    92.7 -99.000 -99.000 -99.000 -99.000 -99.000 -9999.0 -9999.0 -9999.0 -9999.0 -9999.0
63894 20240213  7.001  -87.64   34.77    11.9     1.1     6.5     5.4     0.0 -9999.00 U -9999.0 -9999.0 -9999.0    97.0    37.2    74.4 -99.000 -99.000 -99.000 -99.000 -99.000 -9999.0 -9999.0 -9999.0 -9999.0 -9999.0
63894 20240214  7.001  -87.64   34.77    17.2    -1.6     7.8     7.7     0.0 -9999.00 U -9999.0 -9999.0 -9999.0    99.1    29.6    69.6 -99.000 -99.000 -99.000 -99.000 -99.000 -9999.0 -9999.0 -9999.0 -9999.0 -9999.0
63894 20240215  7.001  -87.64   34.77    19.6     1.1    10.4    11.0     0.0 -9999.00 U -9999.0 -9999.0 -9999.0    97.0    41.1    70.9 -99.000 -99.000 -99.000 -99.000 -99.000 -9999.0 -9999.0 -9999.0 -9999.0 -9999.0
63894 20240216  7.001  -87.64   34.77    19.4     3.2    11.3    12.6     1.1 -9999.00 U -9999.0 -9999.0 -9999.0    95.2    51.4    73.7 -99.000 -99.000 -99.000 -99.000 -99.000 -9999.0 -9999.0 -9999.0 -9999.0 -9999.0
63894 20240217  7.001  -87.64   34.77     4.9    -1.1     1.9     1.5     0.0 -9999.00 U -9999.0 -9999.0 -9999.0    82.8    35.9    56.5 -99.000 -99.000 -99.000 -99.000 -99.000 -9999.0 -9999.0 -9999.0 -9999.0 -9999.0
63894 20240218  7.001  -87.64   34.77     9.6    -6.1     1.7     1.7     0.0 -9999.00 U -9999.0 -9999.0 -9999.0    86.4    23.9    48.9 -99.000 -99.000 -99.000 -99.000 -99.000 -9999.0 -9999.0 -9999.0 -9999.0 -9999.0
63894 20240219  7.001  -87.64   34.77    13.6    -4.8     4.4     4.2     0.0 -9999.00 U -9999.0 -9999.0 -9999.0    96.3    23.5    59.7 -99.000 -99.000 -99.000 -99.000 -99.000 -9999.0 -9999.0 -9999.0 -9999.0 -9999.0
63894 20240220  7.001  -87.64   34.77    17.1     2.3     9.7     8.8     0.0 -9999.00 U -9999.0 -9999.0 -9999.0    88.7    24.8    57.9 -99.000 -99.000 -99.000 -99.000 -99.000 -9999.0 -9999.0 -9999.0 -9999.0 -9999.0
63894 20240221  7.001  -87.64   34.77    22.1     1.4    11.7    13.0     0.0 -9999.00 U -9999.0 -9999.0 -9999.0    91.4    33.0    58.0 -99.000 -99.000 -99.000 -99.000 -99.000 -9999.0 -9999.0 -9999.0 -9999.0 -9999.0
63894 20240222  7.001  -87.64   34.77    17.3    12.0    14.6    15.0     9.3 -9999.00 U -9999.0 -9999.0 -9999.0    92.3    61.9    74.5 -99.000 -99.000 -99.000 -99.000 -99.000 -9999.0 -9999.0 -9999.0 -9999.0 -9999.0
63894 20240223  7.001  -87.64   34.77    18.8     5.1    11.9    12.8     2.6 -9999.00 U -9999.0 -9999.0 -9999.0    97.2    32.1    66.2 -99.000 -99.000 -99.000 -99.000 -99.000 -9999.0 -9999.0 -9999.0 -9999.0 -9999.0
63894 20240224  7.001  -87.64   34.77    14.9     0.6     7.7     9.8     0.0 -9999.00 U -9999.0 -9999.0 -9999.0    85.1    31.6    51.6 -99.000 -99.000 -99.000 -99.000 -99.000 -9999.0 -9999.0 -9999.0 -9999.0 -9999.0
63894 20240225  7.001  -87.64   34.77    21.6    -1.6    10.0    11.3     0.0 -9999.00 U -9999.0 -9999.0 -9999.0    95.9    22.9    52.2 -99.000 -99.000 -99.000 -99.000 -99.000 -9999.0 -9999.0 -9999.0 -9999.0 -9999.0
63894 20240226  7.003  -87.64   34.77    23.3     9.7    16.5    17.8 -9999.0 -9999.00 U -9999.0 -9999.0 -9999.0    65.5    38.1    53.4 -99.000 -99.000 -99.000 -99.000 -99.000 -9999.0 -9999.0 -9999.0 -9999.0 -9999.0
63894 20240227  7.003  -87.64   34.77    24.2    17.3    20.7    20.5     0.0 -9999.00 U -9999.0 -9999.0 -9999.0    78.0    52.1    64.9   0.101   0.103   0.195   0.207 -99.000    16.3    15.2    13.8    11.9    11.9
63894 20240228  7.003  -87.64   34.77    22.1     3.3    12.7    12.7     5.7 -9999.00 U -9999.0 -9999.0 -9999.0    87.0    23.1    56.6   0.115   0.102   0.191   0.203 -99.000    12.8    13.7    14.0    12.8    12.8
63894 20240229  7.003  -87.64   34.77     9.1     1.6     5.4     5.7     0.0 -9999.00 U -9999.0 -9999.0 -9999.0    56.4    25.9    40.8   0.117   0.101   0.190   0.200 -99.000     6.9     8.2     9.9    12.2    12.2
63894 20240301  7.003  -87.64   34.77    10.6     5.3     8.0     8.2     4.0 -9999.00 U -9999.0 -9999.0 -9999.0    97.8    43.7    85.4   0.128   0.103   0.192   0.199 -99.000     8.7     9.0     9.6    11.3    11.3
63894 20240302  7.003  -87.64   34.77    16.5     6.0    11.3    10.8     0.3 -9999.00 U -9999.0 -9999.0 -9999.0    98.1    61.4    87.4   0.137   0.106   0.192   0.199 -99.000    12.1    11.7    11.0    11.1    11.1
63894 20240303  7.003  -87.64   34.77    20.3     4.4    12.4    13.4     0.0 -9999.00 U -9999.0 -9999.0 -9999.0    99.0    71.4    90.6   0.131   0.106   0.192   0.199 -99.000    12.3    11.9    11.6    11.5    11.5
63894 20240304  7.003  -87.64   34.77    23.3    11.1    17.2    17.0     0.0 -9999.00 U -9999.0 -9999.0 -9999.0    98.8    60.9    85.5   0.126   0.104   0.191   0.199 -99.000    14.6    13.9    12.9    11.9    11.9
63894 20240305  7.003  -87.64   34.77    19.4    14.2    16.8    16.5    24.1 -9999.00 U -9999.0 -9999.0 -9999.0    97.2    80.8    93.1   0.160   0.120   0.209   0.209 -99.000    16.0    15.4    14.4    12.6    12.6
63894 20240306  7.003  -87.64   34.77    20.6    10.8    15.7    16.1     1.7 -9999.00 U -9999.0 -9999.0 -9999.0    97.3    62.3    83.0   0.149   0.118   0.218   0.252 -99.000    16.2    15.7    15.0    13.4    13.4
63894 20240307  7.003  -87.64   34.77    20.9     8.2    14.5    15.0     0.0 -9999.00 U -9999.0 -9999.0 -9999.0    99.0    56.2    79.6   0.136   0.110   0.205   0.225 -99.000    16.2    15.6    14.9    13.7    13.7
63894 20240308  7.003  -87.64   34.77    19.3    13.9    16.6    15.6     2.5 -9999.00 U -9999.0 -9999.0 -9999.0    97.1    63.7    79.2   0.132   0.108   0.198   0.216 -99.000    15.2    15.3    15.1    14.1    14.1
63894 20240309  7.003  -87.64   34.77    14.1     4.8     9.5    11.1     1.8 -9999.00 U -9999.0 -9999.0 -9999.0    97.1    72.7    86.2   0.148   0.112   0.197   0.211 -99.000    13.3    13.9    14.3    14.1    14.1
63894 20240310  7.003  -87.64   34.77    14.2     2.5     8.3     8.4     0.0 -9999.00 U -9999.0 -9999.0 -9999.0    98.0    20.1    54.0   0.137   0.110   0.199   0.207 -99.000    11.3    11.7    12.3    13.5    13.5
63894 20240311  7.003  -87.64   34.77    15.9    -1.1     7.4     7.8     0.0 -9999.00 U -9999.0 -9999.0 -9999.0    91.6    21.3    55.5   0.125   0.107   0.197   0.202 -99.000    11.1    11.3    11.7    12.9    12.9
63894 20240312  7.003  -87.64   34.77    22.0     0.3    11.1    11.5     0.0 -9999.00 U -9999.0 -9999.0 -9999.0    97.8    20.8    57.2   0.115   0.105   0.194   0.200 -99.000    13.3    12.7    12.3    12.6    12.6
63894 20240313  7.003  -87.64   34.77    23.9     5.5    14.7    15.7     0.0 -9999.00 U -9999.0 -9999.0 -9999.0    90.9    41.9    65.9   0.104   0.102   0.191   0.198 -99.000    14.7    14.0    13.3    12.9    12.8
63894 20240314  7.003  -87.64   34.77    27.6    11.9    19.8    20.0     7.7 -9999.00 U -9999.0 -9999.0 -9999.0    97.0    46.2    73.9   0.102   0.100   0.189   0.196 -99.000    18.3    16.8    15.1    13.4    13.4
63894 20240315  7.003  -87.64   34.77    21.1    11.8    16.4    16.7    37.1 -9999.00 U -9999.0 -9999.0 -9999.0    96.3    77.6    88.4   0.155   0.122   0.299 -99.000 -99.000    17.2    17.0    16.4    15.0    15.0
63894 20240316  7.003  -87.64   34.77    18.4     9.6    14.0    12.9     0.0 -9999.00 U -9999.0 -9999.0 -9999.0    97.1    48.5    78.1   0.144   0.118   0.257 -99.000 -99.000    16.7    16.4    15.9    15.1    15.1
63894 20240317  7.003  -87.64   34.77    16.8     7.7    12.2    13.4     0.2 -9999.00 U -9999.0 -9999.0 -9999.0    91.7    38.7    65.2   0.135   0.112   0.218 -99.000 -99.000    15.1    15.4    15.5    15.0    15.0
63894 20240318  7.003  -87.64   34.77     9.7     2.0     5.9     6.3     0.0 -9999.00 U -9999.0 -9999.0 -9999.0    58.0    31.4    44.4   0.124   0.108   0.206 -99.000 -99.000    11.8    12.7    13.6    14.6    14.6
63894 20240319  7.003  -87.64   34.77    14.2    -3.8     5.2     6.4     0.0 -9999.00 U -9999.0 -9999.0 -9999.0    92.9    24.0    49.2   0.112   0.105   0.201   0.234 -99.000    11.4    11.4    12.0    13.7    13.7
63894 20240320  7.003  -87.64   34.77    23.0     3.8    13.4    13.8     0.0 -9999.00 U -9999.0 -9999.0 -9999.0    83.5    31.6    52.9   0.102   0.103   0.196   0.217 -99.000    14.7    13.8    13.0    13.2    13.2
63894 20240321  7.003  -87.64   34.77    22.7     5.5    14.1    15.8     0.0 -9999.00 U -9999.0 -9999.0 -9999.0    86.4    33.5    52.2   0.089   0.099   0.193   0.207 -99.000    16.2    15.2    14.3    13.6    13.6
63894 20240322  7.003  -87.64   34.77    19.2    12.3    15.8    14.8    18.1 -9999.00 U -9999.0 -9999.0 -9999.0    95.2    48.1    73.5   0.107   0.101   0.192   0.204 -99.000    14.9    14.9    14.8    14.1    14.1
63894 20240323  7.003  -87.64   34.77    16.8     8.1    12.4    12.2     0.3 -9999.00 U -9999.0 -9999.0 -9999.0    94.4    29.8    59.5   0.138   0.114   0.209   0.209 -99.000    15.4    15.2    14.7    14.2    14.2
63894 20240324  7.003  -87.64   34.77    21.0     4.4    12.7    12.9     0.0 -9999.00 U -9999.0 -9999.0 -9999.0    62.3    32.3    49.3   0.121   0.107   0.201   0.207 -99.000    13.9    13.8    13.8    14.1    14.1
63894 20240325  7.003  -87.64   34.77    20.4    12.6    16.5    16.6     5.1 -9999.00 U -9999.0 -9999.0 -9999.0    88.4    51.1    57.6   0.109   0.104   0.196   0.204 -99.000    15.2    14.8    14.5    14.1    14.1
63894 20240326  7.003  -87.64   34.77    19.9    10.7    15.3    15.1    41.7 -9999.00 U -9999.0 -9999.0 -9999.0    96.6    47.8    74.3 -99.000 -99.000 -99.000 -99.000 -99.000    15.7    15.4    15.0    14.5    14.5
63894 20240327  7.003  -87.64   34.77    17.1     5.5    11.3    11.4     0.0 -9999.00 U -9999.0 -9999.0 -9999.0    77.5    29.9    53.2   0.161   0.137 -99.000 -99.000 -99.000    15.0    14.9    14.7    14.6    14.6
63894 20240328  7.003  -87.64   34.77    18.5     4.8    11.7    11.2     0.0 -9999.00 U -9999.0 -9999.0 -9999.0    79.0    21.0    48.2   0.139   0.119   0.225 -99.000 -99.000    14.8    14.6    14.5    14.4    14.4
63894 20240329  7.003  -87.64   34.77    22.2     2.1    12.2    13.2     0.0 -9999.00 U -9999.0 -9999.0 -9999.0    97.4    19.3    53.5   0.123   0.112   0.210 -99.000 -99.000    15.7    15.1    14.6    14.4    14.4
63894 20240330  7.003  -87.64   34.77    24.4    12.0    18.2    18.0     0.0 -9999.00 U -9999.0 -9999.0 -9999.0    74.1    38.8    53.8   0.108   0.107   0.203   0.247 -99.000    18.1    17.0    15.8    14.6    14.6
63894 20240331  7.003  -87.64   34.77    23.9    11.5    17.7    19.0     0.0 -9999.00 U -9999.0 -9999.0 -9999.0    93.1    53.9    72.3   0.096   0.103   0.197   0.219 -99.000    17.8    17.2    16.4    15.1    15.1
63894 20240401  7.003  -87.64   34.77    23.3    19.4    21.4    21.1     0.0 -9999.00 U -9999.0 -9999.0 -9999.0    85.4    71.6    79.7   0.091   0.100   0.194   0.211 -99.000    18.8    18.1    17.2    15.6    15.6
63894 20240402  7.003  -87.64   34.77    24.7    12.4    18.5    20.7    35.6 -9999.00 U -9999.0 -9999.0 -9999.0    96.3    63.8    80.7   0.119   0.112   0.217 -99.000 -99.000    18.9    18.5    17.7    16.2    16.2
63894 20240403  7.003  -87.64   34.77    15.1     6.2    10.7    10.6     0.0 -9999.00 U -9999.0 -9999.0 -9999.0    76.9    37.5    56.0   0.144   0.123   0.252 -99.000 -99.000    14.4    15.4    16.3    16.4    16.4
63894 20240404  7.003  -87.64   34.77    16.1     5.7    10.9    10.7     0.0 -9999.00 U -9999.0 -9999.0 -9999.0    76.1    31.3    49.8   0.126   0.114   0.215 -99.000 -99.000    13.7    13.9    14.5    15.6    15.6
63894 20240405  7.003  -87.64   34.77    15.7     2.6     9.1     9.9     0.0 -9999.00 U -9999.0 -9999.0 -9999.0    89.1    37.5    56.7   0.112   0.108   0.206   0.248 -99.000    15.1    14.7    14.5    15.0    15.0
63894 20240406  7.003  -87.64   34.77    16.2     0.8     8.5     9.1     0.0 -9999.00 U -9999.0 -9999.0 -9999.0    94.2    38.4    66.4   0.101   0.103   0.199   0.220 -99.000    14.5    14.4    14.5    14.9    14.9
63894 20240407  7.003  -87.64   34.77    25.6     4.1    14.9    16.6     0.0 -9999.00 U -9999.0 -9999.0 -9999.0    96.6    31.1    56.2   0.087   0.097   0.193   0.210 -99.000    16.5    15.6    15.0    14.8    14.8
63894 20240408  7.003  -87.64   34.77    23.6    14.3    18.9    18.3     5.4 -9999.00 U -9999.0 -9999.0 -9999.0    95.2    54.0    76.5   0.100   0.095   0.189   0.206 -99.000    17.9    17.3    16.5    15.2    15.2
63894 20240409  7.003  -87.64   34.77    17.0    13.1    15.1    15.2    29.0 -9999.00 U -9999.0 -9999.0 -9999.0    96.8    74.3    92.0   0.154   0.123   0.218 -99.000 -99.000    15.8    15.9    16.0    15.6    15.6
63894 20240410  7.003  -87.64   34.77    20.1    13.4    16.7    17.5     2.8 -9999.00 U -9999.0 -9999.0 -9999.0    97.3    79.2    86.8   0.154   0.125   0.258 -99.000 -99.000    17.0    16.7    16.2    15.6    15.6
63894 20240411  7.003  -87.64   34.77    19.5    11.7    15.6    14.9    10.8 -9999.00 U -9999.0 -9999.0 -9999.0    97.1    61.6    85.4   0.180 -99.000 -99.000 -99.000 -99.000    16.1    16.2    16.2    15.9    15.8
63894 20240412  7.003  -87.64   34.77    19.8     6.5    13.1    13.7     0.0 -9999.00 U -9999.0 -9999.0 -9999.0    88.2    24.0    50.3   0.152   0.134 -99.000 -99.000 -99.000    15.1    15.2    15.4    15.6    15.6
63894 20240413  7.003  -87.64   34.77    25.4     4.5    15.0    15.5     0.0 -9999.00 U -9999.0 -9999.0 -9999.0    97.4    26.8    61.5   0.130   0.115   0.218 -99.000 -99.000    17.0    16.3    15.6    15.4    15.4
63894 20240414  7.003  -87.64   34.77    27.5    10.1    18.8    19.5     0.0 -9999.00 U -9999.0 -9999.0 -9999.0    97.0    26.4    57.6   0.115   0.109   0.206   0.336 -99.000    18.1    17.5    16.8    15.7    15.7
63894 20240415  7.003  -87.64   34.77    27.9    11.6    19.8    20.3     0.0 -9999.00 U -9999.0 -9999.0 -9999.0    92.4    43.3    67.3   0.101   0.103   0.198   0.235 -99.000    20.6    19.4    17.9    16.2    16.2
63894 20240416  7.003  -87.64   34.77    26.7    16.2    21.4    21.8     0.0 -9999.00 U -9999.0 -9999.0 -9999.0    87.1    44.3    66.2   0.086   0.096   0.190   0.217 -99.000    21.4    20.4    19.0    16.9    16.9
63894 20240417  7.003  -87.64   34.77    23.4    17.0    20.2    20.5     2.8 -9999.00 U -9999.0 -9999.0 -9999.0    98.2    60.8    84.0   0.079   0.091   0.186   0.210 -99.000    20.3    19.9    19.2    17.4    17.4
63894 20240418  7.003  -87.64   34.77    25.8    19.4    22.6    21.7     0.0 -9999.00 U -9999.0 -9999.0 -9999.0    95.7    68.3    83.4   0.080   0.087   0.183   0.205 -99.000    21.8    20.9    19.7    17.7    17.7
63894 20240419  7.003  -87.64   34.77    22.5    14.7    18.6    18.8     2.3 -9999.00 U -9999.0 -9999.0 -9999.0    95.5    74.5    85.6   0.081   0.084   0.179   0.202 -99.000    20.2    20.1    19.6    18.1    18.1
63894 20240420  7.003  -87.64   34.77    17.6     9.4    13.5    14.4     2.1 -9999.00 U -9999.0 -9999.0 -9999.0    88.6    41.8    59.8   0.085   0.082   0.175   0.199 -99.000    17.0    17.6    18.2    18.0    18.0
63894 20240421  7.003  -87.64   34.77    16.5     7.4    11.9    12.1     0.0 -9999.00 U -9999.0 -9999.0 -9999.0    65.4    34.3    48.2   0.083   0.078   0.171   0.197 -99.000    16.3    16.6    17.0    17.4    17.4
63894 20240422  7.003  -87.64   34.77    18.2     4.6    11.4    10.9     0.0 -9999.00 U -9999.0 -9999.0 -9999.0    90.8    28.4    57.1   0.073   0.074   0.164   0.194 -99.000    17.1    16.8    16.7    16.9    16.9
63894 20240423  7.003  -87.64   34.77    23.2     3.1    13.1    14.6     0.0 -9999.00 U -9999.0 -9999.0 -9999.0    97.7    25.8    57.6   0.062   0.069   0.158   0.191 -99.000    18.2    17.5    17.0    16.8    16.8
63894 20240424  7.003  -87.64   34.77    25.2    11.5    18.4    18.7     0.0 -9999.00 U -9999.0 -9999.0 -9999.0    83.4    24.9    54.1   0.051   0.063   0.150   0.187 -99.000    21.2    19.9    18.5    17.0    17.0
63894 20240425  7.003  -87.64   34.77    21.2     7.5    14.4    16.5     0.0 -9999.00 U -9999.0 -9999.0 -9999.0    91.3    35.2    61.4   0.044   0.057   0.143   0.184 -99.000    19.0    18.7    18.5    17.5    17.5
63894 20240426  7.003  -87.64   34.77    28.6    13.7    21.1    22.0     0.0 -9999.00 U -9999.0 -9999.0 -9999.0    79.2    45.3    60.4   0.040   0.054   0.136   0.179 -99.000    22.3    20.7    19.2    17.6    17.6
63894 20240427  7.003  -87.64   34.77    27.1    17.4    22.2    22.3     0.0 -9999.00 U -9999.0 -9999.0 -9999.0    84.5    52.3    64.5   0.036   0.049   0.127   0.172 -99.000    23.4    22.1    20.6    18.2    18.2
63894 20240428  7.003  -87.64   34.77    25.5    15.7    20.6    21.2     0.0 -9999.00 U -9999.0 -9999.0 -9999.0    93.2    59.9    73.1   0.034   0.046   0.119   0.167 -99.000    23.0    22.0    20.8    18.7    18.7
63894 20240429  7.003  -87.64   34.77    24.6    16.5    20.6    20.6    16.4 -9999.00 U -9999.0 -9999.0 -9999.0    94.2    58.2    74.8   0.036   0.044   0.113   0.161 -99.000    21.8    21.2    20.5    19.0    19.0
63894 20240430  7.003  -87.64   34.77    25.9    14.0    19.9    19.6    19.7 -9999.00 U -9999.0 -9999.0 -9999.0    98.1    48.2    82.6   0.139   0.100   0.175   0.209 -99.000    22.4    21.7    20.7    19.0    19.0
63894 20240501  7.003  -87.64   34.77    28.1    12.3    20.2    20.6     0.0 -9999.00 U -9999.0 -9999.0 -9999.0    98.9    41.6    75.9   0.115   0.089   0.165   0.186 -99.000    22.9    22.2    21.2    19.3    19.3
63894 20240502  7.003  -87.64   34.77    29.0    13.6    21.3    22.1     0.0 -9999.00 U -9999.0 -9999.0 -9999.0    98.7    43.7    73.5   0.097   0.081   0.156   0.177 -99.000    23.1    22.4    21.5    19.6    19.6
63894 20240503  7.003  -87.64   34.77    25.8    19.1    22.4    22.1    13.9 -9999.00 U -9999.0 -9999.0 -9999.0    97.3    70.0    87.3   0.134   0.092   0.153   0.172 -99.000    23.6    23.0    22.1    19.9    19.9
63894 20240504  7.003  -87.64   34.77    26.3    16.8    21.6    21.1     0.0 -9999.00 U -9999.0 -9999.0 -9999.0    98.0    61.3    84.2   0.129   0.094   0.158   0.170 -99.000    23.2    22.8    22.1    20.2    20.2
63894 20240505  7.003  -87.64   34.77    28.3    15.2    21.7    21.1    12.4 -9999.00 U -9999.0 -9999.0 -9999.0    99.0    53.7    85.9   0.128   0.093   0.158   0.166 -99.000    23.1    22.6    21.9    20.3    20.3
63894 20240506  7.003  -87.64   34.77    28.2    16.8    22.5    21.9     4.8 -9999.00 U -9999.0 -9999.0 -9999.0    97.9    56.5    82.8   0.142   0.102   0.181   0.166 -99.000    23.5    23.0    22.2    20.4    20.4
63894 20240507  7.003  -87.64   34.77    27.4    18.0    22.7    23.4     0.2 -9999.00 U -9999.0 -9999.0 -9999.0    97.9    70.4    85.7   0.129   0.095   0.176   0.166 -99.000    23.3    23.0    22.3    20.6    20.6
63894 20240508  7.003  -87.64   34.77    28.7    22.4    25.6    25.3     0.4 -9999.00 U -9999.0 -9999.0 -9999.0    93.9    66.9    82.6   0.120   0.092   0.171   0.167 -99.000    24.7    24.0    22.8    20.8    20.8
63894 20240509  7.003  -87.64   34.77    29.7    17.7    23.7    23.2    27.1 -9999.00 U -9999.0 -9999.0 -9999.0    97.2    40.8    77.9   0.138   0.100   0.187   0.215 -99.000    25.1    24.5    23.4    21.2    21.2
63894 20240510  7.003  -87.64   34.77    24.0    11.6    17.8    19.6     0.0 -9999.00 U -9999.0 -9999.0 -9999.0    96.8    47.8    67.5   0.122   0.096   0.180   0.203 -99.000    23.9    23.7    23.2    21.5    21.5
63894 20240511  7.003  -87.64   34.77    25.7     9.1    17.4    18.5     0.0 -9999.00 U -9999.0 -9999.0 -9999.0    98.6    41.1    67.9   0.106   0.090   0.173   0.194 -99.000    22.5    22.4    22.2    21.3    21.3
63894 20240512  7.003  -87.64   34.77    25.5    10.9    18.2    18.9     0.0 -9999.00 U -9999.0 -9999.0 -9999.0    97.5    35.4    69.9   0.092   0.084   0.166   0.188 -99.000    22.6    22.3    22.0    21.1    21.1
63894 20240513  7.003  -87.64   34.77    20.4    16.3    18.4    18.3     3.3 -9999.00 U -9999.0 -9999.0 -9999.0    96.2    78.5    86.9   0.091   0.081   0.162   0.185 -99.000    20.3    20.8    21.3    21.0    21.0
63894 20240514  7.003  -87.64   34.77    25.1    15.5    20.3    19.1     9.4 -9999.00 U -9999.0 -9999.0 -9999.0    98.3    63.4    86.4   0.122   0.090   0.164   0.184 -99.000    20.7    20.7    20.7    20.6    20.6
63894 20240515  7.003  -87.64   34.77    25.6    15.3    20.4    19.9     0.0 -9999.00 U -9999.0 -9999.0 -9999.0    98.7    58.2    82.4   0.145   0.100   0.170   0.183 -99.000    21.5    21.2    20.8    20.3    20.3
63894 20240516  7.003  -87.64   34.77    27.6    13.3    20.4    21.1     0.0 -9999.00 U -9999.0 -9999.0 -9999.0    98.9    46.8    76.2   0.131   0.097   0.169   0.182 -99.000    23.3    22.6    21.6    20.3    20.3
63894 20240517  7.003  -87.64   34.77    22.6    18.8    20.7    20.4     1.1 -9999.00 U -9999.0 -9999.0 -9999.0    97.4    80.3    90.4   0.125   0.094   0.167   0.181 -99.000    22.2    22.3    22.1    20.8    20.8
63894 20240518  7.003  -87.64   34.77    24.1    17.8    21.0    20.7     9.0 -9999.00 U -9999.0 -9999.0 -9999.0    98.4    67.4    89.0   0.145   0.100   0.168   0.181 -99.000    22.4    22.2    21.8    20.8    20.8
63894 20240519  7.003  -87.64   34.77    29.4    17.0    23.2    22.9     0.0 -9999.00 U -9999.0 -9999.0 -9999.0    98.8    43.3    74.4   0.148   0.102   0.174   0.181 -99.000    24.4    23.7    22.5    20.9    20.9
63894 20240520  7.003  -87.64   34.77    30.3    16.1    23.2    23.4     0.0 -9999.00 U -9999.0 -9999.0 -9999.0    99.1    47.1    76.4   0.135   0.099   0.174   0.181 -99.000    24.8    24.3    23.5    21.4    21.4
63894 20240521  7.003  -87.64   34.77    30.6    17.1    23.9    24.6     0.0 -9999.00 U -9999.0 -9999.0 -9999.0    96.9    42.7    66.0   0.125   0.095   0.172   0.180 -99.000    25.4    25.0    24.0    21.8    21.8
63894 20240522  7.003  -87.64   34.77    29.2    19.5    24.4    24.4     0.0 -9999.00 U -9999.0 -9999.0 -9999.0    93.4    54.1    72.1   0.115   0.094   0.171   0.180 -99.000    24.9    24.6    24.0    22.2    22.2
63894 20240523  7.003  -87.64   34.77    28.6    19.3    24.0    23.8     0.3 -9999.00 U -9999.0 -9999.0 -9999.0    94.1    53.5    74.9   0.108   0.092   0.170   0.180 -99.000    24.8    24.5    23.9    22.3    22.3
63894 20240524  7.003  -87.64   34.77    26.8    18.4    22.6    21.6    11.1 -9999.00 U -9999.0 -9999.0 -9999.0    96.6    63.3    86.8   0.141   0.101   0.171   0.180 -99.000    23.1    23.2    23.1    22.2    22.2
63894 20240525  7.003  -87.64   34.77    30.6    19.9    25.2    24.7     6.0 -9999.00 U -9999.0 -9999.0 -9999.0    97.5    52.1    79.1   0.161   0.111   0.195   0.187 -99.000    26.1    25.2    23.9    22.1    22.1
63894 20240526  7.003  -87.64   34.77    31.0    20.7    25.8    26.1     1.0 -9999.00 U -9999.0 -9999.0 -9999.0    97.5    53.5    74.9   0.141   0.102   0.187   0.191 -99.000    26.0    25.6    24.7    22.6    22.6
63894 20240527  7.003  -87.64   34.77    29.8    18.8    24.3    24.2     5.4 -9999.00 U -9999.0 -9999.0 -9999.0    96.9    47.4    74.7   0.162   0.110   0.189   0.191 -99.000    26.2    25.7    24.9    22.9    22.9
63894 20240528  7.003  -87.64   34.77    29.1    15.6    22.4    22.8     0.0 -9999.00 U -9999.0 -9999.0 -9999.0    98.9    32.4    67.5   0.141   0.102   0.187   0.190 -99.000    25.0    24.9    24.6    23.1    23.1
63894 20240529  7.003  -87.64   34.77    28.7    13.9    21.3    22.5     0.0 -9999.00 U -9999.0 -9999.0 -9999.0    98.5    32.9    61.4   0.129   0.099   0.183   0.189 -99.000    24.9    24.5    24.1    23.0    23.0
63894 20240530  7.003  -87.64   34.77    27.2    13.6    20.4    21.6     0.0 -9999.00 U -9999.0 -9999.0 -9999.0    90.2    34.2    57.1   0.115   0.097   0.180   0.189 -99.000    25.5    25.0    24.3    22.9    22.9
63894 20240531  7.003  -87.64   34.77    28.8    16.8    22.8    23.0     1.2 -9999.00 U -9999.0 -9999.0 -9999.0    88.1    46.2    63.5   0.102   0.094   0.179   0.188 -99.000    24.8    24.6    24.3    23.0    23.0
63894 20240601  7.003  -87.64   34.77    20.9    17.4    19.1    19.3    25.2 -9999.00 U -9999.0 -9999.0 -9999.0    96.1    83.0    91.0   0.170   0.114   0.200   0.215 -99.000    21.3    22.0    22.7    22.9    22.9
63894 20240602  7.003  -87.64   34.77    29.4    19.5    24.4    23.7     0.2 -9999.00 U -9999.0 -9999.0 -9999.0    98.2    53.1    82.4   0.164   0.112   0.197   0.208 -99.000    25.2    24.4    23.2    22.3    22.3
63894 20240603  7.003  -87.64   34.77    29.2    18.6    23.9    23.8     0.0 -9999.00 U -9999.0 -9999.0 -9999.0    98.0    61.7    84.1   0.146   0.104   0.190   0.204 -99.000    25.5    25.1    24.3    22.7    22.7
63894 20240604  7.003  -87.64   34.77    28.2    21.2    24.7    24.3     0.0 -9999.00 U -9999.0 -9999.0 -9999.0    94.5    59.2    78.0   0.136   0.105   0.186   0.201 -99.000    25.4    25.1    24.5    23.0    23.0
63894 20240605  7.003  -87.64   34.77    30.1    20.6    25.3    24.2    13.8 -9999.00 U -9999.0 -9999.0 -9999.0    95.6    56.7    80.5   0.145   0.104   0.188   0.198 -99.000    25.9    25.5    24.8    23.2    23.2
63894 20240606  7.003  -87.64   34.77    29.4    19.1    24.3    23.8     0.0 -9999.00 U -9999.0 -9999.0 -9999.0    97.7    49.8    80.9   0.160   0.108   0.196   0.213 -99.000    26.3    25.9    25.0    23.4    23.4
63894 20240607  7.003  -87.64   34.77    29.3    14.9    22.1    23.5     0.0 -9999.00 U -9999.0 -9999.0 -9999.0    94.4    24.9    58.3   0.143   0.101   0.189   0.205 -99.000    26.4    26.1    25.4    23.6    23.6
63894 20240608  7.003  -87.64   34.77    29.0    13.7    21.4    22.1     0.0 -9999.00 U -9999.0 -9999.0 -9999.0    98.9    39.4    71.3   0.128   0.099   0.184   0.200 -99.000    25.2    25.0    24.7    23.6    23.6
63894 20240609  7.003  -87.64   34.77    30.9    19.2    25.0    25.0     1.9 -9999.00 U -9999.0 -9999.0 -9999.0    93.6    59.3    75.1   0.117   0.096   0.181   0.196 -99.000    27.1    26.3    25.3    23.6    23.6
63894 20240610  7.003  -87.64   34.77    28.9    17.5    23.2    22.9     0.0 -9999.00 U -9999.0 -9999.0 -9999.0    90.3    31.0    58.0   0.113   0.093   0.178   0.195 -99.000    27.0    26.5    25.7    23.9    23.9
63894 20240611  7.003  -87.64   34.77    26.4    14.6    20.5    21.4     0.0 -9999.00 U -9999.0 -9999.0 -9999.0    85.8    35.4    57.7   0.098   0.093   0.175   0.192 -99.000    26.4    26.1    25.4    23.9    23.9
63894 20240612  7.003  -87.64   34.77    28.8    12.2    20.5    21.4     0.0 -9999.00 U -9999.0 -9999.0 -9999.0    97.7    40.4    67.6   0.085   0.088   0.173   0.190 -99.000    25.9    25.6    25.0    23.9    23.9
63894 20240613  7.003  -87.64   34.77    32.1    14.9    23.5    24.0     0.0 -9999.00 U -9999.0 -9999.0 -9999.0    98.7    34.4    69.6   0.075   0.086   0.170   0.189 -99.000    27.8    26.9    25.7    23.9    23.9
63894 20240614  7.003  -87.64   34.77    33.6    18.0    25.8    26.2     0.0 -9999.00 U -9999.0 -9999.0 -9999.0    98.5    39.0    69.2   0.065   0.083   0.165   0.187 -99.000    29.5    28.4    26.9    24.3    24.3
63894 20240615  7.003  -87.64   34.77    34.5    19.2    26.9    27.1     0.0 -9999.00 U -9999.0 -9999.0 -9999.0    98.7    43.6    71.4   0.056   0.079   0.165   0.185 -99.000    30.4    29.3    27.8    24.9    24.9
63894 20240616  7.003  -87.64   34.77    35.7    21.0    28.4    28.7     0.0 -9999.00 U -9999.0 -9999.0 -9999.0    97.8    39.0    67.9   0.049   0.077   0.164   0.183 -99.000    31.1    30.0    28.5    25.4    25.4
63894 20240617  7.003  -87.64   34.77    33.5    22.8    28.1    27.1     0.0 -9999.00 U -9999.0 -9999.0 -9999.0    91.7    49.3    72.4   0.043   0.073   0.160   0.182 -99.000    30.4    29.7    28.6    25.9    25.8
63894 20240618  7.003  -87.64   34.77    32.0    23.6    27.8    27.2     0.0 -9999.00 U -9999.0 -9999.0 -9999.0    90.0    46.2    64.9   0.043   0.071   0.158   0.180 -99.000    29.4    28.9    28.2    26.0    26.0
63894 20240619  7.003  -87.64   34.77    29.6    19.7    24.7    25.7     0.0 -9999.00 U -9999.0 -9999.0 -9999.0    91.9    47.7    63.9   0.042   0.069   0.155   0.178 -99.000    27.8    27.7    27.4    25.9    25.9
63894 20240620  7.003  -87.64   34.77    33.2    17.9    25.6    26.0     0.0 -9999.00 U -9999.0 -9999.0 -9999.0    96.4    37.9    67.4   0.039   0.066   0.152   0.177 -99.000    29.3    28.4    27.3    25.6    25.6
63894 20240621  7.003  -87.64   34.77    34.4    18.8    26.6    26.9     0.0 -9999.00 U -9999.0 -9999.0 -9999.0    98.4    34.8    66.9   0.036   0.064   0.148   0.177 -99.000    31.2    29.9    28.5    25.9    25.9
63894 20240622  7.003  -87.64   34.77    35.3    20.4    27.9    27.7     0.0 -9999.00 U -9999.0 -9999.0 -9999.0    97.8    33.6    65.0   0.032   0.060   0.144   0.175 -99.000    31.6    30.5    29.2    26.4    26.4
63894 20240623  7.003  -87.64   34.77    34.7    19.3    27.0    28.1     0.4 -9999.00 U -9999.0 -9999.0 -9999.0    96.3    46.3    68.5   0.030   0.056   0.139   0.173 -99.000    31.1    30.2    29.2    26.7    26.7
63894 20240624  7.003  -87.64   34.77    35.5    21.2    28.3    28.7     0.0 -9999.00 U -9999.0 -9999.0 -9999.0    96.7    34.2    62.7   0.029   0.052   0.133   0.173 -99.000    32.9    31.5    29.9    26.9    26.9
63894 20240625  7.003  -87.64   34.77    36.8    18.9    27.9    28.3     0.0 -9999.00 U -9999.0 -9999.0 -9999.0    97.8    32.9    62.3   0.026   0.048   0.128   0.171 -99.000    33.3    31.9    30.4    27.3    27.3
63894 20240626  7.003  -87.64   34.77    35.7    20.9    28.3    26.2     7.5 -9999.00 U -9999.0 -9999.0 -9999.0    97.4    42.5    78.3   0.043   0.044   0.124   0.170 -99.000    31.3    30.9    30.3    27.6    27.6
63894 20240627  7.003  -87.64   34.77    30.6    22.6    26.6    26.4     2.2 -9999.00 U -9999.0 -9999.0 -9999.0    97.8    61.2    80.9   0.074   0.046   0.122   0.168 -99.000    29.1    29.1    28.9    27.4    27.4
63894 20240628  7.003  -87.64   34.77    32.5    23.1    27.8    27.5     0.0 -9999.00 U -9999.0 -9999.0 -9999.0    92.9    53.6    76.5   0.071   0.047   0.122   0.168 -99.000    28.9    28.7    28.3    27.0    27.0
63894 20240629  7.003  -87.64   34.77    35.2    22.9    29.1    29.2     0.0 -9999.00 U -9999.0 -9999.0 -9999.0    97.1    42.0    70.8   0.062   0.047   0.121   0.165 -99.000    30.6    29.8    28.7    26.8    26.8
63894 20240630  7.003  -87.64   34.77    34.6    24.7    29.7    28.5     2.4 -9999.00 U -9999.0 -9999.0 -9999.0    95.6    48.8    77.9   0.055   0.046   0.120   0.165 -99.000    30.0    29.6    28.9    27.0    27.0
63894 20240701  7.003  -87.64   34.77    32.4    22.3    27.4    27.0     0.0 -9999.00 U -9999.0 -9999.0 -9999.0    78.3    26.6    53.3   0.054   0.046   0.117   0.164 -99.000    30.2    29.7    28.9    27.0    27.0
63894 20240702  7.003  -87.64   34.77 -9999.0 -9999.0 -9999.0 -9999.0 -9999.0 -9999.00 U -9999.0 -9999.0 -9999.0 -9999.0 -9999.0 -9999.0 -99.000 -99.000 -99.000 -99.000 -99.000 -9999.0 -9999.0 -9999.0 -9999.0 -9999.0
