04125 20240101  2.622 -119.65   44.56     8.2    -3.6     2.3     1.1     0.0     5.93 C     9.8    -6.9    -0.7    88.6    52.8    75.9   0.112   0.099   0.164   0.125   0.142     4.8     4.9     3.4     4.1     4.1
04125 20240102  2.622 -119.65   44.56     8.7    -4.0     2.3     0.7     1.0     2.02 C     5.4    -6.7    -0.2    89.9    48.7    81.4   0.112   0.099   0.165   0.124   0.143     4.3     4.4     2.9     3.5     3.8
04125 20240103  2.622 -119.65   44.56     6.1    -2.6     1.8     2.1     0.2     2.97 C    12.7    -6.4     1.5    90.3    74.4    86.2   0.112   0.098   0.163   0.124   0.141     4.6     4.5     3.7     4.0     4.1
04125 20240104  2.622 -119.65   44.56     3.8    -2.6     0.6     1.7     3.5     1.89 C     8.3    -5.5     1.1    87.3    78.7    83.4   0.112   0.099   0.163   0.126   0.143     4.4     4.4     3.2     3.7     4.0
04125 20240105  2.622 -119.65   44.56     6.9    -3.9     1.5     2.5     0.0     4.42 C     9.4    -7.0    -0.2    88.8    47.1    66.0   0.113   0.100   0.165   0.132   0.148     4.3     4.3     3.1     3.6     3.8
04125 20240106  2.622 -119.65   44.56     7.5     0.0     3.8     4.0     0.3     2.63 C     8.0    -4.4     1.7    84.3    25.0    50.4   0.114   0.101   0.168   0.135   0.149     4.3     4.3     3.3     3.7     3.8
04125 20240107  2.622 -119.65   44.56     3.0    -2.3     0.3     0.0     1.6     3.94 C     9.9    -5.6    -1.4    88.0    62.8    76.2   0.114   0.101   0.167   0.138   0.148     4.1     4.2     3.0     3.4     3.6
04125 20240108  2.622 -119.65   44.56     6.7    -1.9     2.4     1.0     3.0     1.37 C     3.3    -2.7    -0.1    84.4    58.8    71.3   0.116   0.104   0.172   0.145   0.150     3.8     3.9     2.4     3.0     3.3
04125 20240109  2.622 -119.65   44.56     9.3     0.7     5.0     5.3     0.7     3.04 C     9.1    -4.1     2.7    71.9    38.6    50.0   0.119   0.108   0.177   0.155   0.153     4.1     4.0     3.3     3.6     3.7
04125 20240110  2.622 -119.65   44.56     2.7    -3.2    -0.2     0.7     1.3     2.93 C     6.2    -7.5    -0.7    87.6    45.9    63.5   0.120   0.111   0.184   0.153   0.154     4.0     4.0     2.9     3.3     3.6
04125 20240111  2.622 -119.65   44.56     5.6    -2.4     1.6     1.8     0.4     3.24 C     8.6    -4.6     0.2    74.4    34.1    55.4   0.121   0.111   0.186   0.153   0.153     3.7     3.7     2.4     3.0     3.2
04125 20240112  2.622 -119.65   44.56     4.1   -11.4    -3.7    -3.2     2.6     1.65 C     0.9   -10.0    -3.1    80.5    49.8    68.5   0.121   0.111   0.185   0.155   0.157     3.5     3.5     2.3     2.8     3.0
04125 20240113  2.622 -119.65   44.56   -11.3   -15.5   -13.4   -13.1    13.2     1.33 C    -9.9   -15.4   -12.4    75.2    60.9    69.2   0.122   0.113   0.186   0.152   0.131     3.0     3.1     1.4     2.1     2.4
04125 20240114  2.622 -119.65   44.56   -10.8   -15.9   -13.3   -13.1     0.6     3.77 C    -7.7   -15.3   -12.0    83.2    61.3    75.1   0.122   0.112   0.184   0.152   0.154     2.8     2.8     1.2     1.8     2.2
04125 20240115  2.622 -119.65   44.56    -9.9   -14.7   -12.3   -11.8     0.0     3.78 C    -8.4   -19.4   -12.2    82.6    67.0    75.3   0.121   0.112   0.184   0.154   0.156     2.6     2.6     1.2     1.8     2.1
04125 20240116  2.622 -119.65   44.56    -7.0   -14.6   -10.8   -10.7     3.8     6.45 C    -6.3   -18.0   -11.5    80.4    61.6    72.7   0.121   0.112   0.184   0.155   0.156     2.5     2.5     1.1     1.7     2.1
04125 20240117  2.622 -119.65   44.56     9.5    -8.9     0.3    -1.2     1.5     2.75 C     0.5   -12.3    -2.6    89.1    50.4    78.1   0.122   0.112   0.182   0.160   0.158     2.5     2.4     1.2     1.8     2.0
04125 20240118  2.622 -119.65   44.56     3.9    -2.9     0.5     1.3     5.9     2.27 C     0.4    -1.3    -0.1    89.3    81.4    86.4   0.132   0.115   0.207   0.176   0.166     2.4     2.4     1.2     1.8     2.0
04125 20240119  2.622 -119.65   44.56    -2.3    -4.7    -3.5    -3.5     0.0     2.76 C    -1.3    -4.6    -3.2    81.5    74.7    78.3   0.145   0.127   0.227   0.181   0.189     2.4     2.4     1.4     1.9     2.1
04125 20240120  2.622 -119.65   44.56     9.9    -4.2     2.8    -0.5     0.2     4.78 C     0.4    -6.3    -1.9    82.9    52.7    77.7   0.149   0.128   0.219   0.182   0.189     2.4     2.4     1.4     1.9     2.1
04125 20240121  2.622 -119.65   44.56    10.6     6.2     8.4     8.7     1.1     2.72 C     8.5     0.2     4.0    73.8    51.6    60.0   0.183   0.153   0.242   0.204   0.202     2.8     2.6     1.9     2.5     2.2
04125 20240122  2.622 -119.65   44.56    13.7     6.7    10.2     9.5     0.0     5.97 C    16.3     3.4     7.2    69.8    42.9    58.6   0.200   0.175   0.230   0.204   0.204     3.9     3.6     4.0     3.9     3.6
04125 20240123  2.622 -119.65   44.56    12.9     0.2     6.5     6.0     0.0     7.48 C    15.5    -3.8     3.2    84.7    40.0    65.1   0.194   0.170   0.218   0.198   0.200     4.4     4.3     4.4     4.3     4.1
04125 20240124  2.622 -119.65   44.56    11.6     2.6     7.1     6.6     3.7     5.50 C    14.2    -1.4     5.0    80.5    49.2    66.0   0.191   0.170   0.212   0.197   0.197     4.5     4.4     4.2     4.3     4.3
04125 20240125  2.622 -119.65   44.56     8.4     1.5     5.0     4.2     0.0     7.00 C    12.7    -1.8     3.0    86.6    61.7    76.5   0.193   0.170   0.217   0.200   0.200     4.7     4.7     4.5     4.5     4.5
04125 20240126  2.622 -119.65   44.56     8.2     1.1     4.6     6.0     3.7     2.86 C     9.4    -1.9     4.1    80.4    47.9    67.4   0.190   0.168   0.212   0.198   0.198     4.6     4.6     4.2     4.4     4.5
04125 20240127  2.622 -119.65   44.56    16.5     7.6    12.0    12.3     4.3     4.89 C    19.3     5.8     9.9    75.9    47.7    61.2   0.199   0.176   0.224   0.210   0.207     5.6     5.3     6.1     5.8     5.6
04125 20240128  2.622 -119.65   44.56    18.4    10.2    14.3    14.3     0.0     6.56 C    19.9     6.0    11.4    64.1    43.9    53.8   0.197   0.174   0.220   0.202   0.205     6.8     6.4     7.8     7.2     6.8
04125 20240129  2.622 -119.65   44.56    20.2     5.5    12.8    13.0     0.0     8.46 C    18.9     1.2     9.4    77.9    31.7    51.5   0.192   0.170   0.212   0.197   0.201     7.2     7.0     7.7     7.5     7.1
04125 20240130  2.622 -119.65   44.56    17.5     2.6    10.1    10.6     0.0     6.00 C    16.9     0.1     7.7    84.1    34.5    57.1   0.188   0.167   0.208   0.191   0.195     7.2     7.1     7.3     7.3     7.0
04125 20240131  2.622 -119.65   44.56    17.5    12.8    15.2    15.4     0.0     2.13 C    15.2     7.9    11.6    49.1    26.0    34.3   0.186   0.165   0.205   0.188   0.195     7.6     7.3     7.9     7.7     7.5
04125 20240201  2.622 -119.65   44.56    14.0     5.0     9.5     9.8     0.8     2.49 C    12.1     0.9     7.5    84.2    41.0    62.2   0.184   0.163   0.201   0.185   0.196     7.8     7.6     8.1     7.8     7.8
04125 20240202  2.622 -119.65   44.56    10.7     1.5     6.1     4.9     5.7     7.04 C    14.9    -0.9     4.2    85.9    42.1    70.2   0.182   0.161   0.199   0.184   0.197     7.2     7.3     6.8     7.0     7.0
04125 20240203  2.622 -119.65   44.56     6.8    -1.0     2.9     2.4     2.1     5.29 C    12.3    -4.0     2.8    87.9    56.8    76.2   0.188   0.167   0.209   0.202   0.206     6.8     6.9     6.2     6.5     6.6
04125 20240204  2.622 -119.65   44.56     7.5    -2.5     2.5     2.2     0.9     6.73 C    11.5    -5.0     1.9    77.1    39.3    64.5   0.187   0.167   0.209   0.199   0.205     6.1     6.2     4.9     5.5     5.7
04125 20240205  2.622 -119.65   44.56    13.1     2.7     7.9     9.3     0.8     3.24 C    13.1     0.2     6.2    70.1    30.8    47.6   0.186   0.166   0.209   0.200   0.204     6.2     6.1     5.6     5.8     6.0
04125 20240206  2.622 -119.65   44.56     9.9     2.0     6.0     6.0     0.0     6.05 C    16.2    -2.4     4.5    74.9    44.7    59.1   0.186   0.165   0.204   0.196   0.201     6.3     6.2     5.9     6.0     6.1
04125 20240207  2.622 -119.65   44.56     7.2    -0.5     3.3     3.4     0.5     6.42 C    14.8    -2.6     3.5    87.8    43.1    72.4   0.184   0.165   0.203   0.194   0.196     6.4     6.3     5.9     6.0     6.1
04125 20240208  2.622 -119.65   44.56     6.1     0.9     3.5     3.2     0.0     3.02 C    10.0    -0.5     3.1    87.4    46.7    71.5   0.184   0.165   0.203   0.193   0.198     6.2     6.2     5.5     5.8     5.9
04125 20240209  2.622 -119.65   44.56     5.6    -1.7     1.9     2.3     0.3     4.41 C    10.3    -4.7     2.6    86.3    51.6    71.2   0.182   0.164   0.203   0.192   0.194     6.0     6.0     5.3     5.6     5.7
04125 20240210  2.622 -119.65   44.56     8.5    -4.3     2.1     1.2     0.0    10.59 C    11.8    -7.5    -0.3    84.3    38.1    63.7   0.180   0.161   0.200   0.189   0.194     5.5     5.6     4.2     4.8     5.0
04125 20240211  2.622 -119.65   44.56    12.7     0.2     6.4     6.0     0.0     8.85 C    14.8    -3.7     4.0    65.8    28.9    49.4   0.178   0.160   0.196   0.186   0.192     5.4     5.3     4.4     4.9     5.0
04125 20240212  2.622 -119.65   44.56    11.7    -2.0     4.8     4.6     0.0     8.83 C    17.5    -5.1     3.0    82.4    33.7    60.6   0.176   0.159   0.194   0.184   0.193     5.7     5.6     5.1     5.3     5.3
04125 20240213  2.622 -119.65   44.56     9.5    -5.1     2.2     1.0     0.0    11.37 C    14.0    -8.4    -0.5    85.3    32.9    64.7   0.175   0.157   0.191   0.181   0.185     5.3     5.4     4.1     4.6     4.7
04125 20240214  2.622 -119.65   44.56     3.1    -4.6    -0.8    -0.5     2.7     3.28 C     7.8    -8.1    -1.0    89.9    53.5    77.0   0.174   0.158   0.192   0.181   0.189     4.6     4.8     3.1     3.8     4.2
04125 20240215  2.622 -119.65   44.56     9.1     0.4     4.8     3.7     7.4     4.90 C    15.0     0.1     4.3    89.4    58.0    80.7   0.176   0.157   0.193   0.185   0.191     4.9     4.7     4.1     4.5     4.6
04125 20240216  2.622 -119.65   44.56     3.9    -1.6     1.2     0.7     1.0     7.58 C     9.8    -3.4     1.9    85.8    60.2    73.3   0.186   0.168   0.212   0.205   0.204     5.2     5.1     4.6     4.8     4.9
04125 20240217  2.622 -119.65   44.56     8.5    -3.9     2.3     2.9     0.0     5.99 C    15.4    -5.7     2.4    86.4    36.2    59.3   0.187   0.169   0.210   0.201   0.203     5.0     4.9     4.0     4.5     4.7
04125 20240218  2.622 -119.65   44.56    11.1     2.2     6.6     6.7     0.0     7.79 C    17.6     2.0     6.4    84.3    50.5    63.1   0.185   0.167   0.207   0.197   0.200     5.5     5.2     5.2     5.3     5.3
04125 20240219  2.622 -119.65   44.56    14.8     4.2     9.5     9.9     0.0     6.72 C    20.2     1.4     7.8    72.4    37.0    50.8   0.183   0.166   0.203   0.192   0.193     6.2     5.9     6.2     6.1     6.0
04125 20240220  2.622 -119.65   44.56    14.0     4.6     9.3     9.5     0.0     4.15 C    19.0     0.8     7.1    75.1    36.7    52.4   0.182   0.164   0.199   0.190   0.193     6.6     6.4     6.7     6.5     6.5
04125 20240221  2.622 -119.65   44.56    12.3     2.9     7.6     7.7     0.0     6.62 C    17.4    -1.7     6.0    76.8    37.6    56.6   0.180   0.162   0.198   0.187   0.191     6.6     6.4     6.4     6.4     6.4
04125 20240222  2.622 -119.65   44.56    12.9    -1.3     5.8     4.6     0.0    10.38 C    18.5    -4.8     3.3    85.7    37.6    67.0   0.179   0.160   0.195   0.184   0.191     6.5     6.4     6.0     6.3     6.1
04125 20240223  2.622 -119.65   44.56    15.9    -0.3     7.8     6.0     0.0    12.46 C    19.9    -3.2     4.7    78.2    28.6    58.6   0.177   0.159   0.192   0.182   0.188     6.4     6.3     5.7     6.1     6.0
04125 20240224  2.622 -119.65   44.56    15.3     0.5     7.9     7.0     0.0    13.11 C    20.2    -2.0     5.2    74.4    29.8    53.3   0.174   0.157   0.190   0.178   0.187     6.6     6.4     6.0     6.3     6.1
04125 20240225  2.622 -119.65   44.56    16.2     3.2     9.7     9.8     0.0     7.23 C    23.2    -2.1     7.7    65.6    30.3    46.0   0.173   0.155   0.189   0.175   0.187     6.8     6.6     6.5     6.6     6.6
04125 20240226  2.622 -119.65   44.56    12.4    -0.8     5.8     3.8     1.5     6.90 C    13.3    -3.8     3.8    80.5    36.0    58.1   0.172   0.154   0.187   0.173   0.186     6.9     6.9     6.7     6.7     6.7
04125 20240227  2.622 -119.65   44.56     6.0    -2.0     2.0     2.3     0.0     5.93 C    11.1    -4.6     2.5    73.4    39.3    57.3   0.171   0.154   0.187   0.174   0.185     6.2     6.2     5.3     5.7     5.9
04125 20240228  2.622 -119.65   44.56    13.7     4.4     9.0     9.9     0.0     3.07 C    10.8     2.7     7.5    53.4    31.5    40.9   0.169   0.153   0.185   0.170   0.183     6.3     6.2     5.7     5.9     6.1
04125 20240229  2.622 -119.65   44.56    13.5     0.8     7.1     7.5     2.5     4.38 C    14.6    -1.3     5.6    80.9    31.3    51.2   0.167   0.151   0.183   0.166   0.180     6.7     6.5     6.5     6.4     6.4
04125 20240301  2.622 -119.65   44.56     8.7    -1.0     3.9     3.3     2.7     7.36 C    13.8    -2.9     2.0    83.5    37.0    60.8   0.167   0.150   0.184   0.169   0.180     6.1     6.1     5.3     5.6     5.8
04125 20240302  2.622 -119.65   44.56     5.3    -4.2     0.6     2.1     0.0     7.19 C    14.4    -7.3     0.7    72.6    32.4    51.4   0.166   0.151   0.183   0.172   0.183     5.8     5.8     4.9     5.2     5.4
04125 20240303  2.622 -119.65   44.56     7.8    -3.7     2.1     1.4     0.5    13.86 C    18.6    -8.6     2.4    85.5    25.5    55.3   0.166   0.150   0.182   0.171   0.177     5.5     5.4     4.3     4.9     5.0
04125 20240304  2.622 -119.65   44.56     5.9    -6.3    -0.2     0.4     0.0     9.00 C    16.0   -12.2    -0.4    85.2    26.9    58.2   0.165   0.149   0.181   0.170   0.176     5.4     5.4     4.3     4.8     5.0
04125 20240305  2.622 -119.65   44.56     5.6    -2.5     1.5     1.5     0.6     7.45 C    17.0    -6.5     2.0    87.9    35.6    65.6   0.166   0.150   0.182   0.169   0.177     5.5     5.4     4.7     5.0     5.2
04125 20240306  2.622 -119.65   44.56     7.4    -4.7     1.4     0.2     0.0    15.35 C    17.0    -9.0     0.1    73.0    18.5    52.2   0.164   0.149   0.179   0.168   0.174     5.3     5.3     4.1     4.6     4.7
04125 20240307  2.622 -119.65   44.56     8.4    -6.4     1.0     0.4     0.0    15.86 C    17.3    -9.7     0.2    78.1    31.2    55.6   0.162   0.147   0.177   0.165   0.171     5.1     5.1     3.7     4.4     4.3
04125 20240308  2.622 -119.65   44.56    15.2    -3.2     6.0     5.8     0.0    16.10 C    20.6    -5.7     4.6    68.0    16.8    40.6   0.160   0.145   0.174   0.161   0.169     5.2     5.1     4.0     4.6     4.6
04125 20240309  2.622 -119.65   44.56    12.3     4.0     8.1     8.2     0.0     8.59 C    19.6    -2.3     5.8    48.8    27.2    35.6   0.158   0.144   0.171   0.159   0.167     5.5     5.4     4.9     5.2     5.2
04125 20240310  2.622 -119.65   44.56    13.7     2.8     8.3     9.4     0.0     5.69 C    15.9    -1.7     6.7    62.1    29.1    39.3   0.157   0.141   0.169   0.154   0.165     6.0     5.8     5.8     5.8     5.8
04125 20240311  2.622 -119.65   44.56    11.6     0.2     5.9     7.1     0.0     6.58 C    14.7    -4.0     5.5    71.9    29.5    50.4   0.155   0.140   0.167   0.154   0.164     6.0     5.9     5.7     5.8     5.9
04125 20240312  2.622 -119.65   44.56    12.7     0.8     6.7     7.4     0.7    13.30 C    21.4    -0.9     7.0    79.0    20.6    53.1   0.153   0.138   0.164   0.150   0.163     6.6     6.3     6.5     6.5     6.3
04125 20240313  2.622 -119.65   44.56     9.0    -2.5     3.2     3.0     0.0    10.42 C    21.0    -6.5     2.1    78.4    31.8    55.0   0.151   0.137   0.161   0.150   0.162     6.4     6.4     5.9     6.1     6.1
04125 20240314  2.622 -119.65   44.56    13.8    -5.9     3.9     3.7     0.0    17.46 C    22.7    -9.6     3.6    84.9    20.6    55.3   0.149   0.134   0.158   0.148   0.158     6.2     6.1     5.2     5.7     5.6
04125 20240315  2.622 -119.65   44.56    16.4    -3.2     6.6     6.1     0.0    17.49 C    25.0    -7.1     5.8    84.4    24.1    55.9   0.146   0.131   0.154   0.146   0.154     6.6     6.3     5.9     6.2     6.0
04125 20240316  2.622 -119.65   44.56    20.1    -0.3     9.9     8.5     0.0    17.90 C    26.6    -4.8     7.6    78.2    15.8    51.2   0.142   0.129   0.148   0.143   0.152     7.1     6.8     6.8     6.9     6.6
04125 20240317  2.622 -119.65   44.56    21.3     1.9    11.6    10.4     0.0    17.71 C    27.4    -3.1     8.9    75.7    17.1    47.3   0.137   0.126   0.141   0.141   0.149     7.7     7.3     7.5     7.6     7.2
04125 20240318  2.622 -119.65   44.56    23.6     3.6    13.6    12.3     0.0    17.81 C    30.6     1.5    11.7    67.9    14.8    43.0   0.133   0.123   0.134   0.139   0.146     8.3     7.9     8.4     8.4     8.0
04125 20240319  2.622 -119.65   44.56    24.3     4.1    14.2    12.8     0.0    17.78 C    31.3     1.2    12.0    62.8    14.9    41.2   0.127   0.119   0.130   0.137   0.140     8.9     8.5     9.1     9.1     8.6
04125 20240320  2.622 -119.65   44.56    22.8     5.0    13.9    13.3     0.0    15.99 C    31.2     0.6    12.8    65.4    15.3    40.5   0.122   0.117   0.124   0.135   0.135     9.4     9.0     9.6     9.5     9.1
04125 20240321  2.622 -119.65   44.56    16.0     1.5     8.8     9.8     0.0    13.84 C    27.8    -2.6     9.0    77.4    31.6    50.9   0.118   0.114   0.121   0.133   0.131     9.6     9.3     9.8     9.7     9.4
04125 20240322  2.622 -119.65   44.56    19.8     3.1    11.5    11.1     0.7     9.16 C    27.0    -1.7    10.0    78.0    13.3    47.3   0.116   0.111   0.118   0.132   0.126     9.4     9.2     9.3     9.3     9.2
04125 20240323  2.622 -119.65   44.56    15.3     5.8    10.5    10.3     1.1    14.23 C    27.2     5.1    10.8    83.9    24.0    46.5   0.114   0.108   0.114   0.130   0.124     9.7     9.4     9.8     9.7     9.5
04125 20240324  2.622 -119.65   44.56    12.2     3.1     7.7     7.2     0.6     8.47 C    17.2    -2.0     7.5    86.0    33.3    62.9   0.112   0.107   0.113   0.129   0.123     9.5     9.3     9.4     9.4     9.4
04125 20240325  2.622 -119.65   44.56    12.2     2.4     7.3     7.0     0.9     9.55 C    21.6    -1.7     7.1    79.5    27.9    55.8   0.111   0.105   0.110   0.129   0.122     9.2     9.1     8.8     9.0     9.0
04125 20240326  2.622 -119.65   44.56    12.1     1.9     7.0     6.9     0.5    13.82 C    23.7    -0.4     7.1    85.5    30.5    57.6   0.110   0.105   0.109   0.127   0.120     9.1     8.9     8.6     8.8     8.8
04125 20240327  2.622 -119.65   44.56    12.3     1.8     7.1     6.7     2.0     5.08 C    13.3    -0.6     5.7    83.5    50.7    64.7   0.110   0.104   0.109   0.128   0.119     8.7     8.7     8.3     8.4     8.6
04125 20240328  2.622 -119.65   44.56    10.4     0.9     5.6     5.9     0.0     7.25 C    14.5    -1.4     4.5    84.0    35.4    57.8   0.109   0.103   0.108   0.128   0.118     8.2     8.3     7.5     7.8     8.0
04125 20240329  2.622 -119.65   44.56    12.6    -1.5     5.5     6.6     0.0    14.83 C    26.0    -4.0     7.6    82.4    30.6    55.5   0.109   0.103   0.107   0.127   0.117     8.4     8.2     7.8     8.1     8.0
04125 20240330  2.622 -119.65   44.56    14.9    -1.6     6.7     6.5     0.0    17.60 C    26.2    -4.5     6.8    85.3    27.0    53.8   0.108   0.102   0.105   0.125   0.115     8.9     8.6     8.3     8.6     8.3
04125 20240331  2.622 -119.65   44.56    12.6    -2.5     5.1     5.4     0.0    19.90 C    24.4    -5.6     6.0    79.2    22.9    48.1   0.106   0.101   0.103   0.123   0.112     8.7     8.6     7.9     8.4     8.1
04125 20240401  2.622 -119.65   44.56    20.0    -1.7     9.1     9.2     0.0    20.19 C    30.1    -5.7     9.7    72.7    27.8    46.8   0.104   0.098   0.101   0.121   0.110     8.9     8.6     8.2     8.7     8.3
04125 20240402  2.622 -119.65   44.56    25.7     4.2    14.9    14.8     0.0    20.14 C    34.5     0.0    15.0    77.5    19.8    48.7   0.102   0.097   0.099   0.118   0.107     9.9     9.4    10.1    10.1     9.5
04125 20240403  2.622 -119.65   44.56    11.8     4.5     8.1     7.7     4.8     4.05 C    12.2     2.0     7.0    83.7    48.4    68.7   0.101   0.097   0.100   0.117   0.106     9.9     9.9    10.1    10.0     9.9
04125 20240404  2.622 -119.65   44.56     9.0     1.7     5.3     4.8     3.8    10.25 C    18.3     1.9     6.5    85.5    41.2    64.8   0.104   0.096   0.100   0.130   0.111     9.4     9.4     9.0     9.3     9.3
04125 20240405  2.622 -119.65   44.56     9.1     3.0     6.1     5.5     0.0    11.34 C    22.1     0.3     6.7    69.4    31.7    49.2   0.107   0.096   0.099   0.133   0.120     9.3     9.2     8.7     9.0     9.0
04125 20240406  2.622 -119.65   44.56    11.0     1.2     6.1     6.5     0.0    12.04 C    23.6    -1.9     7.1    68.7    27.2    49.9   0.107   0.095   0.098   0.129   0.120     9.2     9.1     8.6     8.9     8.9
04125 20240407  2.622 -119.65   44.56    12.7    -0.6     6.1     6.4     0.0    13.85 C    23.9    -3.6     6.8    83.0    23.2    53.5   0.105   0.095   0.099   0.125   0.118     9.4     9.1     8.8     9.1     9.0
04125 20240408  2.622 -119.65   44.56    15.5    -1.2     7.1     7.9     0.0    16.21 C    28.0    -5.0     8.5    80.5    29.2    52.4   0.104   0.095   0.099   0.120   0.114     9.4     9.2     8.7     9.1     9.0
04125 20240409  2.622 -119.65   44.56    18.1     3.9    11.0    11.4     0.0    20.56 C    29.5     0.2    12.3    65.2    21.6    44.0   0.103   0.094   0.098   0.115   0.109    10.3     9.8    10.2    10.2     9.8
04125 20240410  2.622 -119.65   44.56    19.1    -0.6     9.2     9.6     0.0    22.37 C    30.7    -4.3    10.9    81.9    17.1    48.3   0.101   0.093   0.096   0.112   0.103    10.6    10.2    10.4    10.5    10.1
04125 20240411  2.622 -119.65   44.56    18.9     3.6    11.2    10.7     0.0    13.41 C    29.1    -1.6    10.6    69.9    26.2    46.3   0.099   0.092   0.096   0.108   0.100    10.6    10.4    10.6    10.6    10.3
04125 20240412  2.622 -119.65   44.56    16.8     3.1     9.9     9.6     0.7     9.39 C    21.6     0.2     9.2    86.7    43.4    65.3   0.098   0.091   0.095   0.107   0.098    10.6    10.4    10.6    10.6    10.4
04125 20240413  2.622 -119.65   44.56    22.2     4.7    13.4    12.5     1.7    11.75 C    29.1     1.1    12.7    85.6    30.3    61.2   0.097   0.090   0.094   0.105   0.097    10.7    10.5    10.9    10.9    10.6
04125 20240414  2.622 -119.65   44.56    22.7     6.1    14.4    15.2     0.0    18.93 C    32.8     3.0    15.7    86.8    26.0    51.8   0.096   0.089   0.095   0.103   0.096    11.5    11.0    12.1    11.9    11.4
04125 20240415  2.622 -119.65   44.56    16.8     3.6    10.2    10.3     0.0    21.17 C    30.4    -0.4    11.8    79.7    23.8    44.9   0.096   0.089   0.096   0.103   0.096    11.9    11.6    12.4    12.1    11.6
04125 20240416  2.622 -119.65   44.56    14.5     0.9     7.7     7.6     0.0    23.22 C    29.8    -1.9    11.2    76.5    20.2    44.2   0.096   0.088   0.097   0.101   0.094    11.8    11.5    11.8    11.9    11.4
04125 20240417  2.622 -119.65   44.56    13.0    -2.1     5.5     6.2     0.0    24.62 C    31.7    -5.6     9.8    72.5    18.2    39.3   0.093   0.086   0.094   0.097   0.091    11.8    11.5    11.6    11.8    11.4
04125 20240418  2.622 -119.65   44.56    16.5    -1.6     7.4     7.8     0.0    24.54 C    32.7    -5.5    11.0    62.8    11.3    33.2   0.091   0.084   0.091   0.095   0.089    11.7    11.4    11.4    11.6    11.2
04125 20240419  2.622 -119.65   44.56    19.9    -2.8     8.6     9.3     0.0    24.39 C    35.1    -6.3    12.1    67.3    13.5    37.2   0.090   0.084   0.089   0.092   0.088    11.9    11.6    11.8    11.9    11.5
04125 20240420  2.622 -119.65   44.56    24.9     1.4    13.1    13.2     0.0    22.14 C    38.2    -2.7    16.1    70.6    13.8    38.6   0.090   0.083   0.088   0.088   0.087    12.5    12.0    12.7    12.7    12.2
04125 20240421  2.622 -119.65   44.56    15.7     1.7     8.7     9.7     0.0    23.83 C    31.8    -2.3    13.7    61.2    17.0    35.7   0.089   0.082   0.087   0.086   0.086    13.2    12.7    13.8    13.6    12.9
04125 20240422  2.622 -119.65   44.56    19.9    -1.8     9.1     9.8     0.0    24.33 C    34.4    -5.3    12.9    66.7    12.5    36.7   0.088   0.081   0.086   0.084   0.085    12.9    12.6    13.1    13.1    12.7
04125 20240423  2.622 -119.65   44.56    24.3     0.0    12.1    12.9     0.0    23.56 C    38.1    -2.7    16.3    74.0    16.7    38.3   0.088   0.080   0.085   0.082   0.084    13.3    12.9    13.8    13.7    13.1
04125 20240424  2.622 -119.65   44.56    20.4     2.0    11.2    12.5     0.0    22.02 C    37.2    -1.6    15.1    73.5    14.9    38.9   0.087   0.080   0.085   0.081   0.083    13.8    13.4    14.5    14.2    13.6
04125 20240425  2.622 -119.65   44.56    16.5     2.0     9.3     9.7     2.7    10.90 C    27.9    -0.6    10.9    87.8    33.8    66.7   0.087   0.078   0.084   0.080   0.084    13.5    13.4    13.8    13.5    13.5
04125 20240426  2.622 -119.65   44.56    14.8     6.7    10.8    10.2     0.9    13.32 C    24.4     3.2    11.3    88.1    38.4    65.1   0.086   0.078   0.083   0.080   0.083    13.2    13.1    13.2    13.3    13.2
04125 20240427  2.622 -119.65   44.56    16.0     1.3     8.6     9.8     0.0    15.15 C    31.4    -1.0    11.3    85.7    26.5    52.9   0.086   0.077   0.083   0.080   0.082    13.1    12.9    12.7    12.8    12.9
04125 20240428  2.622 -119.65   44.56    18.4     4.4    11.4    11.6     0.0    19.25 C    31.1     0.5    14.1    67.3    21.6    43.6   0.086   0.077   0.083   0.080   0.082    13.3    12.9    13.2    13.2    13.0
04125 20240429  2.622 -119.65   44.56    11.9     2.0     6.9     7.5     0.3    17.22 C    26.0    -2.6     9.5    72.9    23.9    47.0   0.085   0.077   0.084   0.080   0.082    13.1    12.9    12.8    12.9    12.8
04125 20240430  2.622 -119.65   44.56    12.5     0.2     6.4     6.0     2.3    17.27 C    31.4    -3.8     9.2    85.0    23.9    51.7   0.085   0.076   0.083   0.079   0.082    12.6    12.5    11.9    12.3    12.3
04125 20240501  2.622 -119.65   44.56    14.0     2.8     8.4     8.6     0.0    21.33 C    29.6     0.8    12.2    79.2    24.6    46.2   0.084   0.076   0.082   0.079   0.081    12.7    12.4    12.2    12.5    12.3
04125 20240502  2.622 -119.65   44.56    12.1     3.8     7.9     7.3     7.6    10.05 C    19.2     1.5     8.4    84.5    37.3    70.2   0.084   0.076   0.083   0.084   0.082    12.6    12.5    12.2    12.4    12.3
04125 20240503  2.622 -119.65   44.56    20.3     0.4    10.4    12.3     0.0    23.97 C    31.6    -1.2    14.0    87.3    17.1    45.9   0.086   0.076   0.082   0.089   0.083    12.7    12.3    12.1    12.4    12.4
04125 20240504  2.622 -119.65   44.56    17.0     5.0    11.0    12.5    12.4     6.41 C    23.2     5.3    12.0    82.8    22.9    50.3   0.087   0.076   0.083   0.095   0.086    12.9    12.8    12.9    12.8    12.8
04125 20240505  2.622 -119.65   44.56     7.3     1.0     4.1     4.4    22.3     4.51 C     9.4     0.8     5.6    87.0    57.3    80.1   0.121   0.109   0.185   0.146   0.142    11.6    11.8    10.5    11.2    11.5
04125 20240506  2.622 -119.65   44.56    12.4     2.6     7.5     7.5     2.9    13.13 C    22.1     0.9     8.0    83.6    37.8    61.8   0.132   0.128   0.219   0.153   0.155    11.2    11.1    10.4    10.8    10.9
04125 20240507  2.622 -119.65   44.56    12.8     3.1     8.0     7.7     0.0    14.59 C    20.3    -0.2     7.6    72.9    27.9    45.3   0.133   0.125   0.210   0.152   0.168    11.2    11.1    10.5    10.8    10.8
04125 20240508  2.622 -119.65   44.56    16.7     1.2     8.9     9.8     0.0    27.41 C    29.2    -0.9    12.4    80.3    24.0    47.3   0.130   0.121   0.194   0.147   0.166    11.8    11.4    11.3    11.5    11.4
04125 20240509  2.622 -119.65   44.56    23.7     1.2    12.4    13.4     0.0    26.93 C    33.4    -0.5    15.3    82.7    26.1    48.6   0.128   0.118   0.183   0.146   0.162    12.7    12.2    12.5    12.5    12.3
04125 20240510  2.622 -119.65   44.56    26.3     7.4    16.9    17.0     0.0    27.00 C    36.4     4.4    18.1    78.8    18.7    47.1   0.124   0.115   0.173   0.141   0.156    13.9    13.3    14.3    14.0    13.7
04125 20240511  2.622 -119.65   44.56    28.7    10.0    19.3    19.4     0.0    26.35 C    38.7     8.3    20.3    65.8    18.4    40.5   0.119   0.110   0.159   0.135   0.147    15.0    14.4    15.6    15.2    14.9
04125 20240512  2.622 -119.65   44.56    28.8    11.1    20.0    19.7     0.0    27.32 C    40.5     7.6    20.7    67.8    13.8    37.1   0.114   0.104   0.148   0.127   0.138    15.9    15.3    16.6    16.2    15.8
04125 20240513  2.622 -119.65   44.56    25.4     7.3    16.3    17.9     0.0    26.59 C    39.4     4.2    19.8    70.9    19.1    37.2   0.109   0.099   0.133   0.119   0.126    16.4    15.9    17.0    16.7    16.3
04125 20240514  2.622 -119.65   44.56    24.1     5.6    14.8    15.5     0.0    27.04 C    39.0     3.0    18.3    78.5    21.5    44.2   0.104   0.094   0.122   0.112   0.118    16.7    16.2    17.1    16.9    16.6
04125 20240515  2.622 -119.65   44.56    27.6     7.0    17.3    17.7     0.0    26.46 C    41.8     4.2    20.3    75.4    18.5    42.6   0.099   0.090   0.115   0.107   0.111    16.9    16.4    17.3    17.2    16.8
04125 20240516  2.622 -119.65   44.56    27.9    11.0    19.4    19.4     0.0    27.66 C    43.0     8.0    22.3    68.8    14.9    37.0   0.097   0.088   0.109   0.103   0.104    17.6    16.9    18.4    18.1    17.5
04125 20240517  2.622 -119.65   44.56    20.3     6.6    13.4    14.8     0.0    28.41 C    37.0     3.3    18.7    59.5     7.6    28.3   0.094   0.085   0.104   0.098   0.100    17.9    17.4    18.6    18.3    17.8
04125 20240518  2.622 -119.65   44.56    21.6     1.9    11.8    12.3     0.0    27.89 C    38.5    -0.8    17.5    69.2    12.5    34.0   0.092   0.083   0.099   0.093   0.095    17.5    17.1    17.6    17.7    17.4
04125 20240519  2.622 -119.65   44.56    15.6     4.0     9.8    10.4     0.0    19.75 C    35.1     1.8    14.8    63.1    21.9    38.3   0.091   0.082   0.097   0.090   0.091    17.2    17.0    17.2    17.2    17.1
04125 20240520  2.622 -119.65   44.56    19.1     3.3    11.2    12.2     0.0    23.24 C    38.3     1.5    16.1    74.7    16.5    38.6   0.090   0.081   0.096   0.088   0.090    17.0    16.7    16.9    17.0    16.9
04125 20240521  2.622 -119.65   44.56    19.8     2.6    11.2    11.7     5.2    16.41 C    39.6     0.0    14.9    86.4    24.1    57.2   0.089   0.080   0.094   0.086   0.089    16.8    16.6    16.6    16.6    16.6
04125 20240522  2.622 -119.65   44.56    14.7     6.5    10.6    10.2     2.3    22.22 C    31.3     7.0    13.3    87.1    23.1    60.6   0.088   0.080   0.093   0.086   0.089    16.7    16.4    16.1    16.4    16.4
04125 20240523  2.622 -119.65   44.56    19.1     7.3    13.2    12.1     0.0    23.33 C    36.5     4.9    15.3    79.0    30.2    53.0   0.088   0.080   0.092   0.086   0.088    16.3    16.1    15.8    16.2    16.1
04125 20240524  2.622 -119.65   44.56    20.3     6.0    13.2    13.1     3.3    19.05 C    36.7     5.2    15.8    77.7    25.4    55.8   0.088   0.080   0.092   0.087   0.088    16.2    16.0    15.9    16.1    16.1
04125 20240525  2.622 -119.65   44.56    18.2     6.4    12.3    12.8     0.0    22.73 C    34.9     3.8    16.2    77.9    22.3    47.7   0.088   0.080   0.093   0.086   0.088    16.5    16.1    16.3    16.4    16.2
04125 20240526  2.622 -119.65   44.56    23.2     4.0    13.6    14.2     0.0    27.93 C    38.7     1.8    18.3    73.4    22.8    43.3   0.088   0.080   0.090   0.086   0.088    16.6    16.2    16.4    16.6    16.3
04125 20240527  2.622 -119.65   44.56    29.8     6.2    18.0    18.6     0.0    26.02 C    45.2     3.8    22.6    80.4    16.0    44.0   0.089   0.080   0.091   0.085   0.088    17.4    16.8    17.9    17.7    17.3
04125 20240528  2.622 -119.65   44.56    24.6     9.9    17.3    17.5     0.0    23.32 C    42.4     8.1    21.9    81.2    25.9    45.6   0.090   0.080   0.091   0.085   0.089    18.3    17.7    19.2    18.6    18.2
04125 20240529  2.622 -119.65   44.56    20.4     8.3    14.3    14.1     0.6    24.64 C    38.8     5.7    18.6    77.7    17.8    40.1   0.089   0.080   0.090   0.085   0.088    18.2    17.9    18.8    18.6    18.3
04125 20240530  2.622 -119.65   44.56    22.1     2.7    12.4    13.3     0.0    28.69 C    39.6     0.8    18.6    77.0    13.2    36.8   0.089   0.080   0.088   0.085   0.087    18.2    17.7    18.4    18.3    18.1
04125 20240531  2.622 -119.65   44.56    25.6     2.9    14.3    15.4     0.0    28.91 C    44.3     0.4    20.4    71.3    10.7    32.5   0.089   0.080   0.087   0.084   0.087    18.4    17.9    18.8    18.7    18.3
04125 20240601  2.622 -119.65   44.56    26.3     6.6    16.5    17.3     0.0    22.26 C    47.1     4.3    21.7    70.7    17.4    37.5   0.089   0.080   0.087   0.082   0.087    18.8    18.3    19.5    19.2    18.8
04125 20240602  2.622 -119.65   44.56    24.7    12.9    18.8    17.6     1.2    13.14 C    43.6    12.6    20.6    82.4    21.2    53.1   0.089   0.080   0.089   0.081   0.088    19.0    18.6    19.9    19.4    19.1
04125 20240603  2.622 -119.65   44.56    21.8    14.1    17.9    17.8     0.0    19.87 C    38.0    14.0    21.4    61.6    19.9    37.1   0.089   0.080   0.089   0.083   0.088    19.0    18.7    19.6    19.3    19.1
04125 20240604  2.622 -119.65   44.56    27.7    13.9    20.8    20.0     0.0    17.62 C    48.9    11.2    23.8    56.3    25.0    37.2   0.089   0.080   0.089   0.081   0.087    19.4    18.8    20.1    19.7    19.3
04125 20240605  2.622 -119.65   44.56    29.3     9.3    19.3    20.2     0.0    29.45 C    48.7     7.3    26.2    76.4    14.0    37.4   0.090   0.080   0.088   0.080   0.087    20.1    19.4    21.2    20.7    20.1
04125 20240606  2.622 -119.65   44.56    33.6     9.1    21.3    22.2     0.0    28.76 C    53.6     7.2    27.7    69.9    12.1    32.0   0.090   0.081   0.089   0.080   0.088    20.9    20.2    22.4    21.8    21.0
04125 20240607  2.622 -119.65   44.56    33.0     9.9    21.4    22.7     0.0    28.87 C    54.7     7.3    28.5    64.7    12.3    32.3   0.091   0.082   0.089   0.080   0.089    21.7    20.9    23.3    22.6    21.9
04125 20240608  2.622 -119.65   44.56    33.2    10.8    22.0    23.6     0.0    25.67 C    54.2     9.1    29.0    70.5    14.0    32.1   0.091   0.082   0.090   0.080   0.089    22.2    21.6    24.0    23.2    22.5
04125 20240609  2.622 -119.65   44.56    27.6    14.4    21.0    21.3     0.0    14.47 C    44.6    11.7    23.7    55.7    24.8    36.5   0.090   0.083   0.089   0.080   0.090    22.1    21.8    23.5    22.8    22.5
04125 20240610  2.622 -119.65   44.56    30.0     9.4    19.7    20.8     0.0    29.22 C    52.4     6.7    26.8    66.4     9.9    31.8   0.090   0.082   0.088   0.080   0.088    22.2    21.6    23.4    22.9    22.4
04125 20240611  2.622 -119.65   44.56    31.9    13.1    22.5    22.4     0.0    29.15 C    54.4    10.3    29.1    45.4    10.7    27.2   0.090   0.083   0.089   0.078   0.088    22.9    22.2    24.5    23.8    23.1
04125 20240612  2.622 -119.65   44.56    28.1     7.0    17.6    18.8     0.0    30.03 C    50.3     5.1    25.4    65.3     7.4    26.1   0.090   0.083   0.087   0.078   0.087    23.1    22.6    24.4    23.9    23.4
04125 20240613  2.622 -119.65   44.56    32.3     6.0    19.2    20.5     0.0    29.56 C    53.8     3.7    26.8    46.3     8.6    20.2   0.089   0.083   0.087   0.078   0.087    23.2    22.6    24.2    23.9    23.3
04125 20240614  2.622 -119.65   44.56    24.5     9.2    16.9    17.9     0.0    24.39 C    45.5     7.7    23.6    58.3    14.1    28.9   0.088   0.083   0.086   0.078   0.086    23.4    22.9    24.4    23.8    23.5
04125 20240615  2.622 -119.65   44.56    20.2     9.5    14.9    14.3     0.0    25.04 C    46.1     7.5    20.9    55.6    12.5    32.3   0.087   0.082   0.086   0.076   0.084    22.8    22.5    23.2    23.1    22.9
04125 20240616  2.622 -119.65   44.56    16.8     4.6    10.7    10.6     4.0    14.39 C    33.2     2.6    15.6    82.7    23.7    46.1   0.086   0.082   0.085   0.077   0.083    21.9    21.9    21.7    21.7    21.9
04125 20240617  2.622 -119.65   44.56    18.6     6.0    12.3    11.4     0.0    12.87 C    31.1     5.0    14.0    79.8    27.8    52.2   0.085   0.081   0.084   0.079   0.083    20.5    20.7    19.5    19.9    20.4
04125 20240618  2.622 -119.65   44.56    24.1     2.4    13.2    14.5     0.0    27.56 C    46.0     1.2    20.0    82.2    13.8    41.1   0.085   0.080   0.083   0.077   0.082    20.4    20.0    19.3    19.7    19.9
04125 20240619  2.622 -119.65   44.56    30.1     7.2    18.7    19.6     0.0    28.20 C    52.9     4.2    25.0    65.6     7.4    28.9   0.085   0.081   0.085   0.078   0.083    21.1    20.3    20.8    20.8    20.6
04125 20240620  2.622 -119.65   44.56    31.4     8.1    19.8    21.1     0.0    27.37 C    52.4     4.9    26.1    55.6     7.5    26.5   0.086   0.081   0.084   0.079   0.083    21.8    21.0    22.3    22.0    21.6
04125 20240621  2.622 -119.65   44.56    33.3    10.0    21.7    23.1     0.0    28.80 C    54.6     7.1    28.5    58.2     9.8    25.8   0.087   0.082   0.084   0.079   0.084    22.6    21.8    23.7    23.1    22.6
04125 20240622  2.622 -119.65   44.56    36.8    13.0    24.9    25.5     0.0    28.73 C    57.6    10.2    31.1    48.5     9.0    23.0   0.089   0.082   0.085   0.078   0.085    23.5    22.7    25.1    24.4    23.7
04125 20240623  2.622 -119.65   44.56    32.6    11.6    22.1    22.9     0.0    28.83 C    55.7     9.1    29.3    53.3     9.7    27.3   0.089   0.083   0.085   0.077   0.085    24.2    23.5    25.9    25.1    24.5
04125 20240624  2.622 -119.65   44.56    31.9     9.3    20.6    21.5     0.0    29.44 C    54.0     7.7    28.5    65.0    10.2    29.4   0.089   0.083   0.085   0.078   0.086    24.5    23.9    26.0    25.4    24.9
04125 20240625  2.622 -119.65   44.56    38.4    10.8    24.6    25.1     0.0    28.96 C    57.8     8.7    31.5    51.8     5.0    25.0   0.089   0.084   0.084   0.077   0.085    25.0    24.3    26.6    26.0    25.4
04125 20240626  2.622 -119.65   44.56    35.1    16.7    25.9    23.8     0.0    19.38 C    59.4    13.6    29.4    42.9     9.0    26.3   0.089   0.084   0.085   0.079   0.086    25.4    24.8    27.2    26.4    25.8
04125 20240627  2.622 -119.65   44.56    25.5    12.5    19.0    18.8     0.0    26.95 C    49.5    10.5    26.4    55.1    18.3    34.6   0.088   0.084   0.084   0.079   0.085    25.4    24.8    26.6    26.1    25.7
04125 20240628  2.622 -119.65   44.56    28.7     7.5    18.1    19.8     0.0    28.36 C    51.3     6.8    27.1    72.4    11.6    35.1   0.087   0.083   0.082   0.078   0.084    25.3    24.7    26.3    25.9    25.5
04125 20240629  2.622 -119.65   44.56    27.9    13.9    20.9    20.7     0.0    12.60 C    51.2    13.0    24.5    54.8    24.5    36.7   0.086   0.084   0.082   0.079   0.085    25.0    24.7    26.0    25.5    25.3
04125 20240630  2.622 -119.65   44.56    28.9    12.0    20.5    21.0     0.0    21.69 C    50.2    10.3    26.2    70.3    18.3    39.9   0.085   0.083   0.082   0.078   0.083    24.7    24.3    25.5    25.3    25.0
04125 20240701  2.622 -119.65   44.56    29.2     9.4    19.3    20.8     0.0    26.30 C    50.9     8.6    27.3    73.3    15.3    37.1   0.084   0.083   0.082   0.079   0.082    25.0    24.4    26.0    25.6    25.2
04125 20240702  2.622 -119.65   44.56 -9999.0 -9999.0 -9999.0 -9999.0 -9999.0 -9999.00 U -9999.0 -9999.0 -9999.0 -9999.0 -9999.0 -9999.0 -99.000 -99.000 -99.000 -99.000 -99.000 -9999.0 -9999.0 -9999.0 -9999.0 -9999.0
