26656 20240101  2.515 -164.08   61.35    -4.8   -10.8    -7.8    -7.2     0.2     0.01 C    -5.1   -11.1    -7.5    90.3    80.1    85.5 -99.000 -99.000 -99.000 -99.000 -99.000 -9999.0 -9999.0 -9999.0 -9999.0 -9999.0
26656 20240102  2.515 -164.08   61.35    -5.4    -8.5    -6.9    -6.9     0.0     0.78 C    -5.5    -9.4    -7.5    86.7    72.3    77.8 -99.000 -99.000 -99.000 -99.000 -99.000 -9999.0 -9999.0 -9999.0 -9999.0 -9999.0
26656 20240103  2.515 -164.08   61.35    -5.3   -12.0    -8.7    -8.3     0.0     0.76 C    -6.6   -12.7    -8.9    79.1    70.5    75.7 -99.000 -99.000 -99.000 -99.000 -99.000 -9999.0 -9999.0 -9999.0 -9999.0 -9999.0
26656 20240104  2.515 -164.08   61.35   -11.4   -14.1   -12.8   -12.7     0.0     0.63 C   -11.5   -14.8   -13.2    83.1    69.2    77.1 -99.000 -99.000 -99.000 -99.000 -99.000 -9999.0 -9999.0 -9999.0 -9999.0 -9999.0
26656 20240105  2.515 -164.08   61.35    -8.6   -12.1   -10.3    -9.7     0.0     0.08 C    -8.6   -12.5    -9.9    94.6    79.0    87.7 -99.000 -99.000 -99.000 -99.000 -99.000 -9999.0 -9999.0 -9999.0 -9999.0 -9999.0
26656 20240106  2.515 -164.08   61.35     1.3   -12.7    -5.7    -4.4     1.8     0.27 C     0.4   -13.1    -4.7    97.9    84.5    92.4 -99.000 -99.000 -99.000 -99.000 -99.000 -9999.0 -9999.0 -9999.0 -9999.0 -9999.0
26656 20240107  2.515 -164.08   61.35     1.9     0.2     1.1     0.7     0.0     0.05 C     0.7    -0.6     0.0    96.5    75.8    88.5 -99.000 -99.000 -99.000 -99.000 -99.000 -9999.0 -9999.0 -9999.0 -9999.0 -9999.0
26656 20240108  2.515 -164.08   61.35     0.2    -9.1    -4.4    -3.9     0.0     0.45 C    -0.1   -12.0    -5.1    97.3    93.1    94.7 -99.000 -99.000 -99.000 -99.000 -99.000 -9999.0 -9999.0 -9999.0 -9999.0 -9999.0
26656 20240109  2.515 -164.08   61.35    -6.9   -12.0    -9.4    -9.5     0.0     0.17 C    -7.7   -13.1   -10.6    94.8    85.0    89.5 -99.000 -99.000 -99.000 -99.000 -99.000 -9999.0 -9999.0 -9999.0 -9999.0 -9999.0
26656 20240110  2.515 -164.08   61.35    -0.7   -10.2    -5.4    -6.0     2.8     0.00 C    -0.8   -10.3    -6.1    96.1    87.3    91.1 -99.000 -99.000 -99.000 -99.000 -99.000 -9999.0 -9999.0 -9999.0 -9999.0 -9999.0
26656 20240111  2.515 -164.08   61.35     1.5    -1.2     0.1     0.5    14.7     0.07 C     1.0    -1.2     0.3    97.2    91.3    94.6 -99.000 -99.000 -99.000 -99.000 -99.000 -9999.0 -9999.0 -9999.0 -9999.0 -9999.0
26656 20240112  2.515 -164.08   61.35 -9999.0    -0.1 -9999.0     0.6     3.0     0.00 C     0.9    -0.4     0.1    99.9    85.5    95.4 -99.000 -99.000 -99.000 -99.000 -99.000 -9999.0 -9999.0 -9999.0 -9999.0 -9999.0
26656 20240113  2.515 -164.08   61.35     2.1     0.3     1.2     1.3     3.4     0.51 C     1.2    -0.1     0.4    99.9    82.1    90.0 -99.000 -99.000 -99.000 -99.000 -99.000 -9999.0 -9999.0 -9999.0 -9999.0 -9999.0
26656 20240114  2.515 -164.08   61.35     0.6    -6.1    -2.7    -2.8     2.1     0.24 C     0.2    -7.5    -3.2    97.9    72.8    89.2 -99.000 -99.000 -99.000 -99.000 -99.000 -9999.0 -9999.0 -9999.0 -9999.0 -9999.0
26656 20240115  2.515 -164.08   61.35     1.3     0.4     0.9     0.8     0.2     0.06 C     0.4     0.1     0.2    98.3    88.8    93.3 -99.000 -99.000 -99.000 -99.000 -99.000 -9999.0 -9999.0 -9999.0 -9999.0 -9999.0
26656 20240116  2.515 -164.08   61.35     0.8    -5.0    -2.1    -2.0     0.0     1.41 C     0.2    -6.3    -2.9    98.6    70.4    90.0 -99.000 -99.000 -99.000 -99.000 -99.000 -9999.0 -9999.0 -9999.0 -9999.0 -9999.0
26656 20240117  2.515 -164.08   61.35    -3.0    -7.2    -5.1    -4.9     0.0     1.26 C    -4.6    -8.6    -6.4    85.4    46.8    64.1 -99.000 -99.000 -99.000 -99.000 -99.000 -9999.0 -9999.0 -9999.0 -9999.0 -9999.0
26656 20240118  2.515 -164.08   61.35    -3.1    -8.3    -5.7    -5.9     0.0     1.44 C    -5.1    -9.3    -7.4    77.7    43.4    63.9 -99.000 -99.000 -99.000 -99.000 -99.000 -9999.0 -9999.0 -9999.0 -9999.0 -9999.0
26656 20240119  2.515 -164.08   61.35    -4.8   -11.0    -7.9    -8.0     0.0     1.56 C    -7.1   -11.1    -9.0    88.4    57.3    76.0 -99.000 -99.000 -99.000 -99.000 -99.000 -9999.0 -9999.0 -9999.0 -9999.0 -9999.0
26656 20240120  2.515 -164.08   61.35    -8.5   -15.4   -12.0   -11.2     0.0     1.71 C    -9.5   -16.2   -12.1    87.3    66.3    74.8 -99.000 -99.000 -99.000 -99.000 -99.000 -9999.0 -9999.0 -9999.0 -9999.0 -9999.0
26656 20240121  2.515 -164.08   61.35   -15.1   -19.2   -17.1   -17.1     0.0     1.88 C   -16.1   -19.9   -17.9    69.8    58.7    64.2 -99.000 -99.000 -99.000 -99.000 -99.000 -9999.0 -9999.0 -9999.0 -9999.0 -9999.0
26656 20240122  2.515 -164.08   61.35   -16.5   -20.4   -18.5   -18.8     0.0     1.87 C   -16.6   -20.8   -19.4    76.8    50.2    65.4 -99.000 -99.000 -99.000 -99.000 -99.000 -9999.0 -9999.0 -9999.0 -9999.0 -9999.0
26656 20240123  2.515 -164.08   61.35   -13.8   -18.9   -16.3   -16.2     0.0     0.57 C   -13.3   -20.0   -16.8    91.7    47.5    76.1 -99.000 -99.000 -99.000 -99.000 -99.000 -9999.0 -9999.0 -9999.0 -9999.0 -9999.0
26656 20240124  2.515 -164.08   61.35   -14.0   -20.1   -17.1   -16.7     0.0     1.92 C   -14.5   -21.3   -17.8    84.5    64.2    76.1 -99.000 -99.000 -99.000 -99.000 -99.000 -9999.0 -9999.0 -9999.0 -9999.0 -9999.0
26656 20240125  2.515 -164.08   61.35   -14.6   -23.6   -19.1   -18.7     0.0     2.34 C   -15.0   -24.2   -19.3    88.5    75.5    81.5 -99.000 -99.000 -99.000 -99.000 -99.000 -9999.0 -9999.0 -9999.0 -9999.0 -9999.0
26656 20240126  2.515 -164.08   61.35   -23.3   -26.9   -25.1   -24.9     0.0     2.28 C   -23.5   -27.4   -25.2    80.4    71.8    75.4 -99.000 -99.000 -99.000 -99.000 -99.000 -9999.0 -9999.0 -9999.0 -9999.0 -9999.0
26656 20240127  2.515 -164.08   61.35   -25.1   -29.5   -27.3   -27.5     0.0     2.32 C   -24.1   -30.0   -27.9    81.3    76.2    78.2 -99.000 -99.000 -99.000 -99.000 -99.000 -9999.0 -9999.0 -9999.0 -9999.0 -9999.0
26656 20240128  2.515 -164.08   61.35   -27.4   -31.4   -29.4   -29.0     0.0     2.36 C   -26.9   -31.7   -29.4    82.1    72.8    75.8 -99.000 -99.000 -99.000 -99.000 -99.000 -9999.0 -9999.0 -9999.0 -9999.0 -9999.0
26656 20240129  2.515 -164.08   61.35   -24.7   -31.4   -28.0   -28.4     0.0     2.43 C   -24.4   -32.0   -29.2    78.5    74.4    76.4 -99.000 -99.000 -99.000 -99.000 -99.000 -9999.0 -9999.0 -9999.0 -9999.0 -9999.0
26656 20240130  2.515 -164.08   61.35   -22.2   -31.3   -26.8   -27.6     0.0     1.61 C   -22.4   -33.0   -28.7    79.5    72.7    76.3 -99.000 -99.000 -99.000 -99.000 -99.000 -9999.0 -9999.0 -9999.0 -9999.0 -9999.0
26656 20240131  2.515 -164.08   61.35   -12.2   -24.9   -18.6   -20.4     0.0     2.67 C   -12.4   -25.1   -20.2    90.5    78.2    81.5 -99.000 -99.000 -99.000 -99.000 -99.000 -9999.0 -9999.0 -9999.0 -9999.0 -9999.0
26656 20240201  2.515 -164.08   61.35   -19.5   -23.2   -21.4   -20.9     0.0     2.22 C   -19.5   -23.7   -21.0    86.0    58.4    77.7 -99.000 -99.000 -99.000 -99.000 -99.000 -9999.0 -9999.0 -9999.0 -9999.0 -9999.0
26656 20240202  2.515 -164.08   61.35   -19.6   -23.0   -21.3   -21.6     0.0     2.09 C   -19.5   -23.5   -22.0    68.3    52.6    59.6 -99.000 -99.000 -99.000 -99.000 -99.000 -9999.0 -9999.0 -9999.0 -9999.0 -9999.0
26656 20240203  2.515 -164.08   61.35   -17.3   -22.1   -19.7   -19.6     0.0     0.41 C   -17.5   -22.8   -19.9    81.2    50.9    65.0 -99.000 -99.000 -99.000 -99.000 -99.000 -9999.0 -9999.0 -9999.0 -9999.0 -9999.0
26656 20240204  2.515 -164.08   61.35    -9.1   -17.7   -13.4   -14.4     0.0     0.99 C    -9.2   -17.8   -14.4    92.0    77.6    83.6 -99.000 -99.000 -99.000 -99.000 -99.000 -9999.0 -9999.0 -9999.0 -9999.0 -9999.0
26656 20240205  2.515 -164.08   61.35    -1.0   -12.1    -6.5    -6.4     0.2     1.25 C    -1.1   -12.4    -6.6    97.3    81.4    89.8 -99.000 -99.000 -99.000 -99.000 -99.000 -9999.0 -9999.0 -9999.0 -9999.0 -9999.0
26656 20240206  2.515 -164.08   61.35     0.0    -6.8    -3.4    -2.2     0.0     1.61 C    -0.2    -7.2    -2.4    98.5    78.8    92.9 -99.000 -99.000 -99.000 -99.000 -99.000 -9999.0 -9999.0 -9999.0 -9999.0 -9999.0
26656 20240207  2.515 -164.08   61.35     0.5    -2.2    -0.9    -0.7     0.0     1.13 C     0.1    -3.1    -1.2    97.8    78.9    90.0 -99.000 -99.000 -99.000 -99.000 -99.000 -9999.0 -9999.0 -9999.0 -9999.0 -9999.0
26656 20240208  2.515 -164.08   61.35     0.5    -3.3    -1.4    -1.1     0.0     2.14 C    -0.2    -4.8    -2.0    95.6    71.5    87.6 -99.000 -99.000 -99.000 -99.000 -99.000 -9999.0 -9999.0 -9999.0 -9999.0 -9999.0
26656 20240209  2.515 -164.08   61.35    -1.1    -5.7    -3.4    -3.5     0.0     2.08 C    -1.9    -5.9    -4.0    93.8    79.0    85.8 -99.000 -99.000 -99.000 -99.000 -99.000 -9999.0 -9999.0 -9999.0 -9999.0 -9999.0
26656 20240210  2.515 -164.08   61.35    -4.9    -6.5    -5.7    -6.0     2.3     1.94 C    -3.3    -7.7    -6.0    95.0    83.3    90.7 -99.000 -99.000 -99.000 -99.000 -99.000 -9999.0 -9999.0 -9999.0 -9999.0 -9999.0
26656 20240211  2.515 -164.08   61.35    -4.0    -8.8    -6.4    -5.8     0.0     1.85 C    -3.5   -10.1    -6.2    96.4    82.2    89.3 -99.000 -99.000 -99.000 -99.000 -99.000 -9999.0 -9999.0 -9999.0 -9999.0 -9999.0
26656 20240212  2.515 -164.08   61.35    -0.8    -6.5    -3.7    -4.7     1.2     1.99 C    -1.3    -7.0    -5.2    97.8    77.9    91.5 -99.000 -99.000 -99.000 -99.000 -99.000 -9999.0 -9999.0 -9999.0 -9999.0 -9999.0
26656 20240213  2.515 -164.08   61.35    -0.9   -10.4    -5.7    -7.1     0.3     1.64 C    -1.4   -11.6    -7.1    96.3    85.2    92.2 -99.000 -99.000 -99.000 -99.000 -99.000 -9999.0 -9999.0 -9999.0 -9999.0 -9999.0
26656 20240214  2.515 -164.08   61.35   -10.0   -17.7   -13.9   -12.6     0.0     2.85 C   -10.4   -20.4   -13.4    91.4    70.8    81.8 -99.000 -99.000 -99.000 -99.000 -99.000 -9999.0 -9999.0 -9999.0 -9999.0 -9999.0
26656 20240215  2.515 -164.08   61.35    -8.2   -12.5   -10.4    -9.8     0.0     2.30 C    -8.3   -12.9   -10.0    88.9    77.9    85.0 -99.000 -99.000 -99.000 -99.000 -99.000 -9999.0 -9999.0 -9999.0 -9999.0 -9999.0
26656 20240216  2.515 -164.08   61.35     1.3    -8.2    -3.4    -2.1     2.3     2.10 C     0.4    -8.3    -2.5    97.8    79.6    93.4 -99.000 -99.000 -99.000 -99.000 -99.000 -9999.0 -9999.0 -9999.0 -9999.0 -9999.0
26656 20240217  2.515 -164.08   61.35     1.1    -1.7    -0.3    -0.6     0.0     2.36 C     0.3    -2.4    -1.4    95.9    67.6    80.9 -99.000 -99.000 -99.000 -99.000 -99.000 -9999.0 -9999.0 -9999.0 -9999.0 -9999.0
26656 20240218  2.515 -164.08   61.35    -0.3    -3.4    -1.9    -1.8     0.3     2.74 C    -0.4    -3.4    -1.9    98.5    89.9    95.5 -99.000 -99.000 -99.000 -99.000 -99.000 -9999.0 -9999.0 -9999.0 -9999.0 -9999.0
26656 20240219  2.515 -164.08   61.35    -2.1    -8.8    -5.4    -4.5     1.7     3.08 C    -2.2   -10.0    -4.6    97.6    93.0    94.9 -99.000 -99.000 -99.000 -99.000 -99.000 -9999.0 -9999.0 -9999.0 -9999.0 -9999.0
26656 20240220  2.515 -164.08   61.35    -5.2   -12.6    -8.9    -7.4     0.0     4.27 C    -4.9   -14.8    -7.5    95.0    86.8    91.7 -99.000 -99.000 -99.000 -99.000 -99.000 -9999.0 -9999.0 -9999.0 -9999.0 -9999.0
26656 20240221  2.515 -164.08   61.35    -1.0    -8.8    -4.9    -4.9     0.3     5.12 C    -0.2    -8.9    -4.7    97.6    88.6    93.1 -99.000 -99.000 -99.000 -99.000 -99.000 -9999.0 -9999.0 -9999.0 -9999.0 -9999.0
26656 20240222  2.515 -164.08   61.35    -1.2   -11.6    -6.4    -6.1     0.3     2.82 C    -1.2   -11.7    -6.1    96.9    89.7    93.3 -99.000 -99.000 -99.000 -99.000 -99.000 -9999.0 -9999.0 -9999.0 -9999.0 -9999.0
26656 20240223  2.515 -164.08   61.35    -1.9    -8.6    -5.2    -4.2     0.8     3.74 C    -0.7   -10.2    -4.4    98.6    91.4    94.9 -99.000 -99.000 -99.000 -99.000 -99.000 -9999.0 -9999.0 -9999.0 -9999.0 -9999.0
26656 20240224  2.515 -164.08   61.35    -4.0   -10.6    -7.3    -8.3     0.2     3.68 C    -4.3   -10.7    -8.4    95.8    82.5    87.9 -99.000 -99.000 -99.000 -99.000 -99.000 -9999.0 -9999.0 -9999.0 -9999.0 -9999.0
26656 20240225  2.515 -164.08   61.35   -10.5   -18.5   -14.5   -13.1     0.0     5.55 C   -10.7   -20.5   -13.5    88.9    76.0    81.8 -99.000 -99.000 -99.000 -99.000 -99.000 -9999.0 -9999.0 -9999.0 -9999.0 -9999.0
26656 20240226  2.515 -164.08   61.35   -11.4   -15.2   -13.3   -13.2     0.0     5.58 C   -11.8   -16.5   -13.8    83.9    73.1    79.9 -99.000 -99.000 -99.000 -99.000 -99.000 -9999.0 -9999.0 -9999.0 -9999.0 -9999.0
26656 20240227  2.515 -164.08   61.35   -14.8   -21.7   -18.2   -17.7     0.0     7.59 C   -16.0   -23.1   -18.5    87.7    71.9    80.0 -99.000 -99.000 -99.000 -99.000 -99.000 -9999.0 -9999.0 -9999.0 -9999.0 -9999.0
26656 20240228  2.515 -164.08   61.35   -14.8   -26.2   -20.5   -19.5     0.0     7.05 C   -14.9   -27.3   -20.1    87.0    70.7    80.5 -99.000 -99.000 -99.000 -99.000 -99.000 -9999.0 -9999.0 -9999.0 -9999.0 -9999.0
26656 20240229  2.515 -164.08   61.35   -21.2   -28.6   -24.9   -25.0     0.0     8.31 C   -20.6   -29.6   -25.6    82.2    77.7    79.8 -99.000 -99.000 -99.000 -99.000 -99.000 -9999.0 -9999.0 -9999.0 -9999.0 -9999.0
26656 20240301  2.515 -164.08   61.35   -17.2   -24.1   -20.7   -20.9     0.0     8.28 C   -18.5   -25.3   -21.8    84.3    55.8    70.6 -99.000 -99.000 -99.000 -99.000 -99.000 -9999.0 -9999.0 -9999.0 -9999.0 -9999.0
26656 20240302  2.515 -164.08   61.35   -10.0   -19.4   -14.7   -15.7     0.0     4.41 C   -10.4   -20.3   -16.0    88.8    57.0    68.2 -99.000 -99.000 -99.000 -99.000 -99.000 -9999.0 -9999.0 -9999.0 -9999.0 -9999.0
26656 20240303  2.515 -164.08   61.35    -0.6   -10.8    -5.7    -3.2     1.7     3.47 C    -0.5   -11.2    -3.3    96.4    86.3    94.5 -99.000 -99.000 -99.000 -99.000 -99.000 -9999.0 -9999.0 -9999.0 -9999.0 -9999.0
26656 20240304  2.515 -164.08   61.35    -0.6    -8.0    -4.3    -3.4     0.6     6.61 C    -0.6    -9.4    -3.8    98.0    89.2    94.9 -99.000 -99.000 -99.000 -99.000 -99.000 -9999.0 -9999.0 -9999.0 -9999.0 -9999.0
26656 20240305  2.515 -164.08   61.35    -1.7    -5.2    -3.4    -2.9     1.1     5.46 C    -0.7    -5.4    -2.8    97.6    95.6    96.8 -99.000 -99.000 -99.000 -99.000 -99.000 -9999.0 -9999.0 -9999.0 -9999.0 -9999.0
26656 20240306  2.515 -164.08   61.35    -2.4    -8.1    -5.3    -4.4     0.5     7.17 C    -2.7    -8.7    -4.6    96.8    89.7    93.3 -99.000 -99.000 -99.000 -99.000 -99.000 -9999.0 -9999.0 -9999.0 -9999.0 -9999.0
26656 20240307  2.515 -164.08   61.35    -7.7   -15.0   -11.3   -10.1     0.0     8.20 C    -7.7   -15.3   -10.5    91.3    81.7    87.5 -99.000 -99.000 -99.000 -99.000 -99.000 -9999.0 -9999.0 -9999.0 -9999.0 -9999.0
26656 20240308  2.515 -164.08   61.35   -13.9   -20.7   -17.3   -16.3     0.0     9.12 C   -12.7   -22.5   -16.9    89.5    71.0    81.7 -99.000 -99.000 -99.000 -99.000 -99.000 -9999.0 -9999.0 -9999.0 -9999.0 -9999.0
26656 20240309  2.515 -164.08   61.35   -17.8   -23.1   -20.5   -20.3     0.0    10.51 C   -17.3   -24.8   -21.1    83.0    72.1    77.0 -99.000 -99.000 -99.000 -99.000 -99.000 -9999.0 -9999.0 -9999.0 -9999.0 -9999.0
26656 20240310  2.515 -164.08   61.35   -19.4   -25.9   -22.6   -22.6     0.0    10.73 C   -19.3   -27.0   -23.5    80.8    66.8    74.4 -99.000 -99.000 -99.000 -99.000 -99.000 -9999.0 -9999.0 -9999.0 -9999.0 -9999.0
26656 20240311  2.515 -164.08   61.35   -20.0   -29.1   -24.5   -24.4     0.2    11.38 C   -18.7   -31.1   -25.1    80.9    69.8    75.4 -99.000 -99.000 -99.000 -99.000 -99.000 -9999.0 -9999.0 -9999.0 -9999.0 -9999.0
26656 20240312  2.515 -164.08   61.35   -19.3   -28.0   -23.6   -22.9     0.0    11.42 C   -18.7   -30.2   -23.8    78.7    63.9    72.9 -99.000 -99.000 -99.000 -99.000 -99.000 -9999.0 -9999.0 -9999.0 -9999.0 -9999.0
26656 20240313  2.515 -164.08   61.35   -17.6   -24.6   -21.1   -21.1     0.0    11.58 C   -17.3   -25.7   -21.8    83.9    70.0    75.1 -99.000 -99.000 -99.000 -99.000 -99.000 -9999.0 -9999.0 -9999.0 -9999.0 -9999.0
26656 20240314  2.515 -164.08   61.35   -17.7   -24.0   -20.9   -21.1     0.0    12.06 C   -17.3   -24.8   -21.7    80.1    67.3    74.6 -99.000 -99.000 -99.000 -99.000 -99.000 -9999.0 -9999.0 -9999.0 -9999.0 -9999.0
26656 20240315  2.515 -164.08   61.35   -16.9   -26.4   -21.7   -20.9     0.0    12.05 C   -16.1   -27.5   -21.7    78.2    64.5    69.6 -99.000 -99.000 -99.000 -99.000 -99.000 -9999.0 -9999.0 -9999.0 -9999.0 -9999.0
26656 20240316  2.515 -164.08   61.35   -16.6   -23.5   -20.1   -19.9     0.0    12.41 C   -16.0   -24.4   -20.7    82.4    68.7    73.9 -99.000 -99.000 -99.000 -99.000 -99.000 -9999.0 -9999.0 -9999.0 -9999.0 -9999.0
26656 20240317  2.515 -164.08   61.35   -12.6   -21.0   -16.8   -17.2     0.0    10.02 C    -8.5   -23.3   -16.5    84.6    61.6    76.2 -99.000 -99.000 -99.000 -99.000 -99.000 -9999.0 -9999.0 -9999.0 -9999.0 -9999.0
26656 20240318  2.515 -164.08   61.35    -3.8   -20.9   -12.3   -13.1     0.6     6.58 C    -3.8   -22.6   -13.3    94.1    73.8    83.1 -99.000 -99.000 -99.000 -99.000 -99.000 -9999.0 -9999.0 -9999.0 -9999.0 -9999.0
26656 20240319  2.515 -164.08   61.35     1.4    -3.7    -1.2    -0.6     0.2     6.89 C     0.4    -3.9    -1.0    94.8    83.7    90.0 -99.000 -99.000 -99.000 -99.000 -99.000 -9999.0 -9999.0 -9999.0 -9999.0 -9999.0
26656 20240320  2.515 -164.08   61.35     0.9    -0.4     0.3     0.4     0.7     5.67 C     0.7    -1.1     0.0    97.4    88.1    93.1 -99.000 -99.000 -99.000 -99.000 -99.000 -9999.0 -9999.0 -9999.0 -9999.0 -9999.0
26656 20240321  2.515 -164.08   61.35     1.4     0.2     0.8     0.7     5.3     3.99 C     0.5     0.0     0.2    97.4    89.9    94.5 -99.000 -99.000 -99.000 -99.000 -99.000 -9999.0 -9999.0 -9999.0 -9999.0 -9999.0
26656 20240322  2.515 -164.08   61.35     1.4    -6.3    -2.5    -2.6     1.1     9.01 C     0.4    -9.2    -2.8    98.9    76.9    90.2 -99.000 -99.000 -99.000 -99.000 -99.000 -9999.0 -9999.0 -9999.0 -9999.0 -9999.0
26656 20240323  2.515 -164.08   61.35 -9999.0 -9999.0 -9999.0 -9999.0     0.2 -9999.00 U -9999.0 -9999.0 -9999.0 -9999.0 -9999.0 -9999.0 -99.000 -99.000 -99.000 -99.000 -99.000 -9999.0 -9999.0 -9999.0 -9999.0 -9999.0
26656 20240324  2.515 -164.08   61.35 -9999.0 -9999.0 -9999.0 -9999.0     2.2 -9999.00 U -9999.0 -9999.0 -9999.0 -9999.0 -9999.0 -9999.0 -99.000 -99.000 -99.000 -99.000 -99.000 -9999.0 -9999.0 -9999.0 -9999.0 -9999.0
26656 20240325  2.515 -164.08   61.35 -9999.0 -9999.0 -9999.0 -9999.0     0.0 -9999.00 U -9999.0 -9999.0 -9999.0 -9999.0 -9999.0 -9999.0 -99.000 -99.000 -99.000 -99.000 -99.000 -9999.0 -9999.0 -9999.0 -9999.0 -9999.0
26656 20240326  2.515 -164.08   61.35 -9999.0 -9999.0 -9999.0 -9999.0     0.0 -9999.00 U -9999.0 -9999.0 -9999.0 -9999.0 -9999.0 -9999.0 -99.000 -99.000 -99.000 -99.000 -99.000 -9999.0 -9999.0 -9999.0 -9999.0 -9999.0
26656 20240327  2.515 -164.08   61.35 -9999.0 -9999.0 -9999.0 -9999.0     0.0 -9999.00 U -9999.0 -9999.0 -9999.0 -9999.0 -9999.0 -9999.0 -99.000 -99.000 -99.000 -99.000 -99.000 -9999.0 -9999.0 -9999.0 -9999.0 -9999.0
26656 20240328  2.515 -164.08   61.35 -9999.0 -9999.0 -9999.0 -9999.0     0.0 -9999.00 U -9999.0 -9999.0 -9999.0 -9999.0 -9999.0 -9999.0 -99.000 -99.000 -99.000 -99.000 -99.000 -9999.0 -9999.0 -9999.0 -9999.0 -9999.0
26656 20240329  2.515 -164.08   61.35 -9999.0 -9999.0 -9999.0 -9999.0     0.5 -9999.00 U -9999.0 -9999.0 -9999.0 -9999.0 -9999.0 -9999.0 -99.000 -99.000 -99.000 -99.000 -99.000 -9999.0 -9999.0 -9999.0 -9999.0 -9999.0
26656 20240330  2.515 -164.08   61.35 -9999.0 -9999.0 -9999.0 -9999.0     0.0 -9999.00 U -9999.0 -9999.0 -9999.0 -9999.0 -9999.0 -9999.0 -99.000 -99.000 -99.000 -99.000 -99.000 -9999.0 -9999.0 -9999.0 -9999.0 -9999.0
26656 20240331  2.515 -164.08   61.35 -9999.0 -9999.0 -9999.0 -9999.0     0.0 -9999.00 U -9999.0 -9999.0 -9999.0 -9999.0 -9999.0 -9999.0 -99.000 -99.000 -99.000 -99.000 -99.000 -9999.0 -9999.0 -9999.0 -9999.0 -9999.0
26656 20240401  2.515 -164.08   61.35 -9999.0 -9999.0 -9999.0 -9999.0     0.0 -9999.00 U -9999.0 -9999.0 -9999.0 -9999.0 -9999.0 -9999.0 -99.000 -99.000 -99.000 -99.000 -99.000 -9999.0 -9999.0 -9999.0 -9999.0 -9999.0
26656 20240402  2.515 -164.08   61.35    -4.2   -22.4   -13.3 -9999.0     1.6    10.34 C    -4.5   -23.5   -15.8    93.9    68.6    81.9 -99.000 -99.000 -99.000 -99.000 -99.000 -9999.0 -9999.0 -9999.0 -9999.0 -9999.0
26656 20240403  2.515 -164.08   61.35     0.3    -4.2    -1.9    -1.1     0.5    13.40 C     1.2    -4.5    -0.9    98.6    88.7    95.0 -99.000 -99.000 -99.000 -99.000 -99.000 -9999.0 -9999.0 -9999.0 -9999.0 -9999.0
26656 20240404  2.515 -164.08   61.35     0.8    -1.2    -0.2     0.1     0.3    12.16 C     0.8    -1.4    -0.1    97.5    86.3    92.3 -99.000 -99.000 -99.000 -99.000 -99.000 -9999.0 -9999.0 -9999.0 -9999.0 -9999.0
26656 20240405  2.515 -164.08   61.35 -9999.0 -9999.0 -9999.0 -9999.0     0.2 -9999.00 U -9999.0 -9999.0 -9999.0 -9999.0 -9999.0 -9999.0 -99.000 -99.000 -99.000 -99.000 -99.000 -9999.0 -9999.0 -9999.0 -9999.0 -9999.0
26656 20240406  2.515 -164.08   61.35     0.9    -5.8    -2.5    -2.9     0.0    16.55 C     0.0    -6.6    -3.4    94.7    69.3    85.9 -99.000 -99.000 -99.000 -99.000 -99.000 -9999.0 -9999.0 -9999.0 -9999.0 -9999.0
26656 20240407  2.515 -164.08   61.35    -4.6   -12.4    -8.5    -8.2     0.0    17.53 C    -5.9   -13.3    -8.7    91.1    70.4    81.5 -99.000 -99.000 -99.000 -99.000 -99.000 -9999.0 -9999.0 -9999.0 -9999.0 -9999.0
26656 20240408  2.515 -164.08   61.35   -12.1   -19.1   -15.6   -14.9     0.2    17.35 C   -12.5   -20.2   -15.1    84.3    70.9    79.1 -99.000 -99.000 -99.000 -99.000 -99.000 -9999.0 -9999.0 -9999.0 -9999.0 -9999.0
26656 20240409  2.515 -164.08   61.35   -12.4   -22.4   -17.4   -17.6     0.0    18.63 C   -11.1   -23.3   -17.6    82.0    64.6    75.9 -99.000 -99.000 -99.000 -99.000 -99.000 -9999.0 -9999.0 -9999.0 -9999.0 -9999.0
26656 20240410  2.515 -164.08   61.35 -9999.0 -9999.0 -9999.0 -9999.0     2.1 -9999.00 U -9999.0 -9999.0 -9999.0 -9999.0 -9999.0 -9999.0 -99.000 -99.000 -99.000 -99.000 -99.000 -9999.0 -9999.0 -9999.0 -9999.0 -9999.0
26656 20240411  2.515 -164.08   61.35 -9999.0 -9999.0 -9999.0 -9999.0     0.0 -9999.00 U -9999.0 -9999.0 -9999.0 -9999.0 -9999.0 -9999.0 -99.000 -99.000 -99.000 -99.000 -99.000 -9999.0 -9999.0 -9999.0 -9999.0 -9999.0
26656 20240412  2.515 -164.08   61.35 -9999.0 -9999.0 -9999.0 -9999.0     0.0 -9999.00 U -9999.0 -9999.0 -9999.0 -9999.0 -9999.0 -9999.0 -99.000 -99.000 -99.000 -99.000 -99.000 -9999.0 -9999.0 -9999.0 -9999.0 -9999.0
26656 20240413  2.515 -164.08   61.35 -9999.0 -9999.0 -9999.0 -9999.0     0.0 -9999.00 U -9999.0 -9999.0 -9999.0 -9999.0 -9999.0 -9999.0 -99.000 -99.000 -99.000 -99.000 -99.000 -9999.0 -9999.0 -9999.0 -9999.0 -9999.0
26656 20240414  2.515 -164.08   61.35 -9999.0 -9999.0 -9999.0 -9999.0     0.0 -9999.00 U -9999.0 -9999.0 -9999.0 -9999.0 -9999.0 -9999.0 -99.000 -99.000 -99.000 -99.000 -99.000 -9999.0 -9999.0 -9999.0 -9999.0 -9999.0
26656 20240415  2.515 -164.08   61.35     0.5    -3.0    -1.3    -1.4     1.0     8.79 C     0.1    -3.4    -1.8    98.2    82.0    91.0 -99.000 -99.000 -99.000 -99.000 -99.000 -9999.0 -9999.0 -9999.0 -9999.0 -9999.0
26656 20240416  2.515 -164.08   61.35 -9999.0 -9999.0 -9999.0 -9999.0     0.7 -9999.00 U -9999.0 -9999.0 -9999.0 -9999.0 -9999.0 -9999.0 -99.000 -99.000 -99.000 -99.000 -99.000 -9999.0 -9999.0 -9999.0 -9999.0 -9999.0
26656 20240417  2.515 -164.08   61.35     1.0    -3.2    -1.1     0.2     0.9    10.92 C     1.4    -1.5     0.3 -9999.0 -9999.0 -9999.0 -99.000 -99.000 -99.000 -99.000 -99.000 -9999.0 -9999.0 -9999.0 -9999.0 -9999.0
26656 20240418  2.515 -164.08   61.35    -6.7    -9.3    -8.0    -8.3     0.9    14.66 C    -6.1    -9.3    -7.9    90.0    81.1    85.7 -99.000 -99.000 -99.000 -99.000 -99.000 -9999.0 -9999.0 -9999.0 -9999.0 -9999.0
26656 20240419  2.515 -164.08   61.35 -9999.0 -9999.0 -9999.0 -9999.0     0.0 -9999.00 U -9999.0 -9999.0 -9999.0 -9999.0 -9999.0 -9999.0 -99.000 -99.000 -99.000 -99.000 -99.000 -9999.0 -9999.0 -9999.0 -9999.0 -9999.0
26656 20240420  2.515 -164.08   61.35     5.3     1.2     3.3     3.0     0.0    11.02 C     7.4     0.9     1.9    89.0    68.1    77.8 -99.000 -99.000 -99.000 -99.000 -99.000 -9999.0 -9999.0 -9999.0 -9999.0 -9999.0
26656 20240421  2.515 -164.08   61.35     5.1    -3.6     0.7     0.2     0.0    21.19 C     5.7    -4.8     0.8    98.1    76.6    91.2 -99.000 -99.000 -99.000 -99.000 -99.000 -9999.0 -9999.0 -9999.0 -9999.0 -9999.0
26656 20240422  2.515 -164.08   61.35 -9999.0 -9999.0 -9999.0 -9999.0     0.6 -9999.00 U -9999.0 -9999.0 -9999.0 -9999.0 -9999.0 -9999.0 -99.000 -99.000 -99.000 -99.000 -99.000 -9999.0 -9999.0 -9999.0 -9999.0 -9999.0
26656 20240423  2.515 -164.08   61.35     2.1    -2.1     0.0     0.2     2.4    13.61 C     1.6    -3.0    -0.3    98.6    82.1    89.4 -99.000 -99.000 -99.000 -99.000 -99.000 -9999.0 -9999.0 -9999.0 -9999.0 -9999.0
26656 20240424  2.515 -164.08   61.35     1.3     0.3     0.8     0.8     0.3    14.22 C     1.6    -0.6     0.6    98.5    93.3    97.1 -99.000 -99.000 -99.000 -99.000 -99.000 -9999.0 -9999.0 -9999.0 -9999.0 -9999.0
26656 20240425  2.515 -164.08   61.35     3.3    -1.5     0.9     1.1     0.5    16.26 C     3.1    -2.4     0.7    99.5    84.2    94.4 -99.000 -99.000 -99.000 -99.000 -99.000 -9999.0 -9999.0 -9999.0 -9999.0 -9999.0
26656 20240426  2.515 -164.08   61.35     2.2    -1.1     0.6     0.9     0.0    18.95 C     4.1    -1.6     1.1    98.8    80.1    91.3 -99.000 -99.000 -99.000 -99.000 -99.000 -9999.0 -9999.0 -9999.0 -9999.0 -9999.0
26656 20240427  2.515 -164.08   61.35     1.2    -2.7    -0.8    -0.8     0.0    19.87 C     2.0    -2.6    -0.4    98.5    89.2    96.3 -99.000 -99.000 -99.000 -99.000 -99.000 -9999.0 -9999.0 -9999.0 -9999.0 -9999.0
26656 20240428  2.515 -164.08   61.35     0.3    -2.3    -1.0    -1.1     0.0    14.46 C     1.4    -2.5    -0.6    99.2    52.8    84.0 -99.000 -99.000 -99.000 -99.000 -99.000 -9999.0 -9999.0 -9999.0 -9999.0 -9999.0
26656 20240429  2.515 -164.08   61.35     1.2    -2.0    -0.4    -0.7     0.0    17.41 C     1.6    -1.8    -0.3    98.3    52.6    80.6 -99.000 -99.000 -99.000 -99.000 -99.000 -9999.0 -9999.0 -9999.0 -9999.0 -9999.0
26656 20240430  2.515 -164.08   61.35     3.6    -3.9    -0.1    -0.3     0.0    21.44 C     3.7    -4.0     0.0    98.0    78.3    90.2 -99.000 -99.000 -99.000 -99.000 -99.000 -9999.0 -9999.0 -9999.0 -9999.0 -9999.0
26656 20240501  2.515 -164.08   61.35     7.6     0.5     4.0     4.3     1.0    20.29 C     4.9     0.1     2.4    96.8    65.7    81.7 -99.000 -99.000 -99.000 -99.000 -99.000 -9999.0 -9999.0 -9999.0 -9999.0 -9999.0
26656 20240502  2.515 -164.08   61.35    10.0     1.8     5.9     5.2     0.0    23.04 C    13.7     1.0     4.9    88.6    56.5    73.6 -99.000 -99.000 -99.000 -99.000 -99.000 -9999.0 -9999.0 -9999.0 -9999.0 -9999.0
26656 20240503  2.515 -164.08   61.35     6.4     2.0     4.2     4.1     0.4    13.26 C     9.0     1.4     4.2    88.4    71.2    81.7 -99.000 -99.000 -99.000 -99.000 -99.000 -9999.0 -9999.0 -9999.0 -9999.0 -9999.0
26656 20240504  2.515 -164.08   61.35     5.5    -0.3     2.6     2.4     0.2    14.35 C    14.1    -0.6     4.3    97.0    70.2    86.0 -99.000 -99.000 -99.000 -99.000 -99.000 -9999.0 -9999.0 -9999.0 -9999.0 -9999.0
26656 20240505  2.515 -164.08   61.35     2.5    -6.6    -2.1    -0.8     0.0    16.85 C     8.8    -6.8     0.6    97.5    63.0    79.1 -99.000 -99.000 -99.000 -99.000 -99.000 -9999.0 -9999.0 -9999.0 -9999.0 -9999.0
26656 20240506  2.515 -164.08   61.35    -5.6    -8.3    -7.0    -7.0     0.0    16.06 C     0.4    -8.1    -4.9    83.3    61.5    70.7 -99.000 -99.000 -99.000 -99.000 -99.000 -9999.0 -9999.0 -9999.0 -9999.0 -9999.0
26656 20240507  2.515 -164.08   61.35    -2.9    -8.7    -5.8    -5.9     0.0    12.14 C     2.4    -8.7    -3.7    85.6    60.4    72.2 -99.000 -99.000 -99.000 -99.000 -99.000 -9999.0 -9999.0 -9999.0 -9999.0 -9999.0
26656 20240508  2.515 -164.08   61.35    -2.1    -6.2    -4.1    -4.0     0.0    10.12 C     1.5    -5.9    -2.8    93.1    74.8    85.2 -99.000 -99.000 -99.000 -99.000 -99.000 -9999.0 -9999.0 -9999.0 -9999.0 -9999.0
26656 20240509  2.515 -164.08   61.35     0.3    -8.1    -3.9    -2.6     0.0    23.06 C     8.7    -9.4    -0.2    91.2    61.2    76.6 -99.000 -99.000 -99.000 -99.000 -99.000 -9999.0 -9999.0 -9999.0 -9999.0 -9999.0
26656 20240510  2.515 -164.08   61.35     6.5    -3.9     1.3     1.2     0.3    25.02 C    12.7    -4.6     3.0    88.1    42.9    65.0 -99.000 -99.000 -99.000 -99.000 -99.000 -9999.0 -9999.0 -9999.0 -9999.0 -9999.0
26656 20240511  2.515 -164.08   61.35     5.6    -3.4     1.1     1.9     0.6    25.17 C    11.2    -3.2     3.6    92.4    58.3    77.7 -99.000 -99.000 -99.000 -99.000 -99.000 -9999.0 -9999.0 -9999.0 -9999.0 -9999.0
26656 20240512  2.515 -164.08   61.35     2.4    -4.9    -1.2    -1.8     0.0    22.97 C     8.6    -5.3     0.4    92.7    59.6    78.6 -99.000 -99.000 -99.000 -99.000 -99.000 -9999.0 -9999.0 -9999.0 -9999.0 -9999.0
26656 20240513  2.515 -164.08   61.35     0.4    -3.8    -1.7    -2.1     0.0    10.60 C     8.4    -3.4    -0.7    89.6    63.1    80.2 -99.000 -99.000 -99.000 -99.000 -99.000 -9999.0 -9999.0 -9999.0 -9999.0 -9999.0
26656 20240514  2.515 -164.08   61.35     0.4    -2.3    -0.9    -0.7     0.0     5.69 C     1.7    -1.8    -0.4    93.8    72.0    84.6 -99.000 -99.000 -99.000 -99.000 -99.000 -9999.0 -9999.0 -9999.0 -9999.0 -9999.0
26656 20240515  2.515 -164.08   61.35     3.9     0.4     2.2     1.6     0.0     9.56 C     7.0     0.0     2.0    89.8    72.5    84.3 -99.000 -99.000 -99.000 -99.000 -99.000 -9999.0 -9999.0 -9999.0 -9999.0 -9999.0
26656 20240516  2.515 -164.08   61.35     4.4    -2.4     1.0     0.8     0.0    14.43 C    12.5    -2.1     2.8    93.1    70.0    83.5 -99.000 -99.000 -99.000 -99.000 -99.000 -9999.0 -9999.0 -9999.0 -9999.0 -9999.0
26656 20240517  2.515 -164.08   61.35     4.2    -5.4    -0.6    -0.3     0.0    11.62 C     7.4    -5.1     1.0    93.6    54.4    78.3 -99.000 -99.000 -99.000 -99.000 -99.000 -9999.0 -9999.0 -9999.0 -9999.0 -9999.0
26656 20240518  2.515 -164.08   61.35     7.2     0.5     3.9     3.7     0.7     9.98 C    13.1    -0.2     4.3    89.5    56.4    70.7 -99.000 -99.000 -99.000 -99.000 -99.000 -9999.0 -9999.0 -9999.0 -9999.0 -9999.0
26656 20240519  2.515 -164.08   61.35    10.8     1.0     5.9     5.1     1.0    22.89 C    25.2     0.1     7.7    92.0    40.5    68.3 -99.000 -99.000 -99.000 -99.000 -99.000 -9999.0 -9999.0 -9999.0 -9999.0 -9999.0
26656 20240520  2.515 -164.08   61.35     7.3     0.1     3.7     2.8     2.1    11.33 C    11.2     0.1     3.8    75.8    40.2    57.2 -99.000 -99.000 -99.000 -99.000 -99.000 -9999.0 -9999.0 -9999.0 -9999.0 -9999.0
26656 20240521  2.515 -164.08   61.35     4.7     0.9     2.8     3.0     8.8     8.53 C     6.5     1.1     3.6    71.8    57.6    65.3 -99.000 -99.000 -99.000 -99.000 -99.000 -9999.0 -9999.0 -9999.0 -9999.0 -9999.0
26656 20240522  2.515 -164.08   61.35     7.3     1.2     4.2     3.3     0.6    17.50 C    20.1     0.8     5.9    76.8    46.6    60.7 -99.000 -99.000 -99.000 -99.000 -99.000 -9999.0 -9999.0 -9999.0 -9999.0 -9999.0
26656 20240523  2.515 -164.08   61.35     3.9    -0.2     1.8     1.8     3.2     7.92 C     6.1     0.0     2.3    85.3    55.7    66.0 -99.000 -99.000 -99.000 -99.000 -99.000 -9999.0 -9999.0 -9999.0 -9999.0 -9999.0
26656 20240524  2.515 -164.08   61.35     7.9     1.5     4.7     4.0     3.7    14.82 C    13.0     1.3     5.5    93.5    48.8    62.0 -99.000 -99.000 -99.000 -99.000 -99.000 -9999.0 -9999.0 -9999.0 -9999.0 -9999.0
26656 20240525  2.515 -164.08   61.35     9.9     0.2     5.0     5.0     0.0    25.94 C    14.3    -0.4     6.7    80.2    39.3    54.9 -99.000 -99.000 -99.000 -99.000 -99.000 -9999.0 -9999.0 -9999.0 -9999.0 -9999.0
26656 20240526  2.515 -164.08   61.35     8.9    -0.4     4.2     4.0     0.0    27.63 C    15.8    -1.4     6.2    63.1    31.0    45.5 -99.000 -99.000 -99.000 -99.000 -99.000 -9999.0 -9999.0 -9999.0 -9999.0 -9999.0
26656 20240527  2.515 -164.08   61.35     6.9    -2.4     2.2     1.9     0.0    25.34 C    18.5    -3.3     6.0    77.1    30.7    53.1 -99.000 -99.000 -99.000 -99.000 -99.000 -9999.0 -9999.0 -9999.0 -9999.0 -9999.0
26656 20240528  2.515 -164.08   61.35    16.4    -0.6     7.9     7.1     0.0    21.95 C    26.2    -1.1     9.1    87.2    28.1    55.4 -99.000 -99.000 -99.000 -99.000 -99.000 -9999.0 -9999.0 -9999.0 -9999.0 -9999.0
26656 20240529  2.515 -164.08   61.35    14.4     4.0     9.2     9.6     2.0    21.74 C    21.1     3.6    11.2    96.0    47.0    70.6 -99.000 -99.000 -99.000 -99.000 -99.000 -9999.0 -9999.0 -9999.0 -9999.0 -9999.0
26656 20240530  2.515 -164.08   61.35    14.4     4.8     9.6     9.1     2.3    22.95 C    27.0     3.3    11.2    87.7    42.5    66.7 -99.000 -99.000 -99.000 -99.000 -99.000 -9999.0 -9999.0 -9999.0 -9999.0 -9999.0
26656 20240531  2.515 -164.08   61.35    14.2     4.5     9.3     8.9     0.0    19.47 C    21.9     3.4    10.4    88.2    49.9    72.4 -99.000 -99.000 -99.000 -99.000 -99.000 -9999.0 -9999.0 -9999.0 -9999.0 -9999.0
26656 20240601  2.515 -164.08   61.35    16.2     3.7    10.0    10.2     0.3    10.87 C    22.3     2.8    10.6    95.5    44.6    71.6 -99.000 -99.000 -99.000 -99.000 -99.000 -9999.0 -9999.0 -9999.0 -9999.0 -9999.0
26656 20240602  2.515 -164.08   61.35    17.4     3.5    10.5    10.3     0.0    25.70 C    22.6     2.4    11.7    96.0    40.9    67.6 -99.000 -99.000 -99.000 -99.000 -99.000 -9999.0 -9999.0 -9999.0 -9999.0 -9999.0
26656 20240603  2.515 -164.08   61.35     7.6     0.8     4.2     4.3     0.0    24.19 C    12.3     0.6     5.6    88.5    57.3    74.9 -99.000 -99.000 -99.000 -99.000 -99.000 -9999.0 -9999.0 -9999.0 -9999.0 -9999.0
26656 20240604  2.515 -164.08   61.35     2.3    -0.8     0.8     0.7     0.0    11.33 C     5.9    -1.1     1.7    91.0    68.3    77.8 -99.000 -99.000 -99.000 -99.000 -99.000 -9999.0 -9999.0 -9999.0 -9999.0 -9999.0
26656 20240605  2.515 -164.08   61.35    10.0    -2.1     4.0     4.4     0.0    17.51 C    20.5    -3.8     7.4    93.9    46.2    67.3 -99.000 -99.000 -99.000 -99.000 -99.000 -9999.0 -9999.0 -9999.0 -9999.0 -9999.0
26656 20240606  2.515 -164.08   61.35    14.2     4.1     9.1     9.2     0.0    23.83 C    23.3     3.5    11.9    93.2    44.3    66.8 -99.000 -99.000 -99.000 -99.000 -99.000 -9999.0 -9999.0 -9999.0 -9999.0 -9999.0
26656 20240607  2.515 -164.08   61.35    13.5     5.4     9.5    10.1     0.8    15.70 C    21.7     3.3    10.8    87.2    50.2    64.5 -99.000 -99.000 -99.000 -99.000 -99.000 -9999.0 -9999.0 -9999.0 -9999.0 -9999.0
26656 20240608  2.515 -164.08   61.35    16.3     6.7    11.5    11.6     0.6    14.78 C    23.0     4.6    12.4    92.1    42.1    64.9 -99.000 -99.000 -99.000 -99.000 -99.000 -9999.0 -9999.0 -9999.0 -9999.0 -9999.0
26656 20240609  2.515 -164.08   61.35    19.5    10.4    15.0    15.0     0.0    22.26 C    28.3     9.6    16.4    75.1    39.0    54.0 -99.000 -99.000 -99.000 -99.000 -99.000 -9999.0 -9999.0 -9999.0 -9999.0 -9999.0
26656 20240610  2.515 -164.08   61.35    16.8     8.2    12.5    13.3     0.0    13.93 C    22.2     7.8    14.4    91.5    57.9    73.1 -99.000 -99.000 -99.000 -99.000 -99.000 -9999.0 -9999.0 -9999.0 -9999.0 -9999.0
26656 20240611  2.515 -164.08   61.35    11.5     3.7     7.6     7.4     0.0    23.85 C    19.0     3.2     9.8    99.8    66.9    85.6 -99.000 -99.000 -99.000 -99.000 -99.000 -9999.0 -9999.0 -9999.0 -9999.0 -9999.0
26656 20240612  2.515 -164.08   61.35    11.6     3.5     7.5     6.8     0.0    13.71 C    20.4     3.7     9.0    99.2    60.4    83.4 -99.000 -99.000 -99.000 -99.000 -99.000 -9999.0 -9999.0 -9999.0 -9999.0 -9999.0
26656 20240613  2.515 -164.08   61.35    13.8     1.0     7.4     8.0     0.0    20.23 C    22.9     0.1    10.3    99.6    54.2    78.6 -99.000 -99.000 -99.000 -99.000 -99.000 -9999.0 -9999.0 -9999.0 -9999.0 -9999.0
26656 20240614  2.515 -164.08   61.35    18.6     4.6    11.6    11.7     0.0    21.58 C    30.4     3.2    14.9    94.7    42.2    67.9 -99.000 -99.000 -99.000 -99.000 -99.000 -9999.0 -9999.0 -9999.0 -9999.0 -9999.0
26656 20240615  2.515 -164.08   61.35    20.6     8.4    14.5    14.8     0.0    28.40 C    29.7     7.3    17.7    83.1    33.3    55.3 -99.000 -99.000 -99.000 -99.000 -99.000 -9999.0 -9999.0 -9999.0 -9999.0 -9999.0
26656 20240616  2.515 -164.08   61.35    22.8     7.4    15.1    15.2     0.0    28.54 C    33.4     6.5    17.9    88.7    33.8    59.2 -99.000 -99.000 -99.000 -99.000 -99.000 -9999.0 -9999.0 -9999.0 -9999.0 -9999.0
26656 20240617  2.515 -164.08   61.35    21.0     7.9    14.4    14.7     0.0    28.67 C    29.6     7.2    17.3    84.0    32.4    56.4 -99.000 -99.000 -99.000 -99.000 -99.000 -9999.0 -9999.0 -9999.0 -9999.0 -9999.0
26656 20240618  2.515 -164.08   61.35    16.5     7.4    11.9    12.9     0.0    25.79 C    24.3     6.8    15.4    89.8    48.2    67.1 -99.000 -99.000 -99.000 -99.000 -99.000 -9999.0 -9999.0 -9999.0 -9999.0 -9999.0
26656 20240619  2.515 -164.08   61.35    13.2     8.4    10.8    11.0     3.6     8.18 C    17.1     7.1    11.3    95.0    73.4    86.3 -99.000 -99.000 -99.000 -99.000 -99.000 -9999.0 -9999.0 -9999.0 -9999.0 -9999.0
26656 20240620  2.515 -164.08   61.35    16.5     9.2    12.8    12.7     0.0    14.08 C    24.1     8.8    14.3    96.1    59.3    78.5 -99.000 -99.000 -99.000 -99.000 -99.000 -9999.0 -9999.0 -9999.0 -9999.0 -9999.0
26656 20240621  2.515 -164.08   61.35    17.9    10.1    14.0    13.5     0.0    10.90 C    23.8     9.1    14.0    95.6    63.2    81.9 -99.000 -99.000 -99.000 -99.000 -99.000 -9999.0 -9999.0 -9999.0 -9999.0 -9999.0
26656 20240622  2.515 -164.08   61.35    12.9     6.8     9.9    10.2     0.0    10.90 C    16.0     5.8    11.1    97.8    71.8    82.8 -99.000 -99.000 -99.000 -99.000 -99.000 -9999.0 -9999.0 -9999.0 -9999.0 -9999.0
26656 20240623  2.515 -164.08   61.35    17.3     6.5    11.9    11.2     0.0    25.07 C    24.0     6.7    13.5    93.3    54.9    76.0 -99.000 -99.000 -99.000 -99.000 -99.000 -9999.0 -9999.0 -9999.0 -9999.0 -9999.0
26656 20240624  2.515 -164.08   61.35    21.6     5.3    13.4    13.5     0.0    27.86 C    32.0     4.8    16.4    99.6    44.1    72.1 -99.000 -99.000 -99.000 -99.000 -99.000 -9999.0 -9999.0 -9999.0 -9999.0 -9999.0
26656 20240625  2.515 -164.08   61.35    21.7    11.3    16.5    16.1     0.0    20.48 C    26.3     8.2    16.6    98.1    40.6    68.6 -99.000 -99.000 -99.000 -99.000 -99.000 -9999.0 -9999.0 -9999.0 -9999.0 -9999.0
26656 20240626  2.515 -164.08   61.35    14.4     9.8    12.1    12.2     4.5     7.75 C    14.6     9.0    11.8    95.1    65.7    83.3 -99.000 -99.000 -99.000 -99.000 -99.000 -9999.0 -9999.0 -9999.0 -9999.0 -9999.0
26656 20240627  2.515 -164.08   61.35     9.9     8.3     9.1     9.1     5.7     3.55 C    10.1     7.8     8.9    97.4    83.8    91.1 -99.000 -99.000 -99.000 -99.000 -99.000 -9999.0 -9999.0 -9999.0 -9999.0 -9999.0
26656 20240628  2.515 -164.08   61.35    11.1     7.8     9.5     9.0     2.6     6.73 C    12.9     7.4     8.9    94.4    75.3    87.3 -99.000 -99.000 -99.000 -99.000 -99.000 -9999.0 -9999.0 -9999.0 -9999.0 -9999.0
26656 20240629  2.515 -164.08   61.35    17.3     5.9    11.6    12.5     0.0    13.45 C    24.3     4.3    13.7    93.9    56.6    77.2 -99.000 -99.000 -99.000 -99.000 -99.000 -9999.0 -9999.0 -9999.0 -9999.0 -9999.0
26656 20240630  2.515 -164.08   61.35    18.9    11.9    15.4    15.6     0.0    13.15 C    25.4    10.7    16.4    84.7    51.5    67.5 -99.000 -99.000 -99.000 -99.000 -99.000 -9999.0 -9999.0 -9999.0 -9999.0 -9999.0
26656 20240701  2.515 -164.08   61.35    23.1    11.1    17.1    17.2     0.0    28.11 C    33.1     9.6    20.4    94.4    38.0    65.4 -99.000 -99.000 -99.000 -99.000 -99.000 -9999.0 -9999.0 -9999.0 -9999.0 -9999.0
26656 20240702  2.515 -164.08   61.35 -9999.0 -9999.0 -9999.0 -9999.0 -9999.0 -9999.00 U -9999.0 -9999.0 -9999.0 -9999.0 -9999.0 -9999.0 -99.000 -99.000 -99.000 -99.000 -99.000 -9999.0 -9999.0 -9999.0 -9999.0 -9999.0
