53961 20240101  2.622  -92.12   32.88    10.3    -1.1     4.6     5.0     0.0    12.12 C    18.1    -1.9     6.7    92.9    42.7    66.3   0.268   0.336   0.256 -99.000 -99.000     7.3     9.2    10.1    11.2    12.9
53961 20240102  2.622  -92.12   32.88    10.9    -4.6     3.1     2.1     0.0    11.51 C    19.3    -6.2     3.6    99.9    42.2    79.4   0.262   0.338   0.260 -99.000 -99.000     6.0     8.3     9.6    11.0    12.8
53961 20240103  2.622  -92.12   32.88    14.3    -0.1     7.1     6.4     0.0     9.63 C    22.0    -1.3     8.2    99.1    36.1    70.3   0.258   0.338   0.263 -99.000 -99.000     8.2     8.9     9.6    10.8    12.6
53961 20240104  2.622  -92.12   32.88    13.5    -3.2     5.2     4.1     0.0    11.90 C    20.7    -4.5     5.7   100.0    46.4    79.5   0.254   0.337   0.265 -99.000 -99.000     6.9     8.8     9.7    10.8    12.4
53961 20240105  2.622  -92.12   32.88     4.8     0.0     2.4     3.3    26.1     0.03 C     4.6    -0.8     3.1   100.0    77.7    96.3   0.345   0.336   0.271 -99.000 -99.000     5.9     8.2     9.4    10.7    12.4
53961 20240106  2.622  -92.12   32.88     7.2     4.5     5.9     5.7     0.0     1.60 C     8.0     3.7     5.7   100.0    86.8    95.9   0.418   0.338   0.275 -99.000 -99.000     7.4     8.3     9.2    10.4    12.2
53961 20240107  2.622  -92.12   32.88    14.9    -1.2     6.8     5.4     0.0    12.00 C    22.8    -2.4     7.2   100.0    38.9    84.5   0.411   0.338   0.269 -99.000 -99.000     7.6     8.6     9.4    10.4    12.1
53961 20240108  2.622  -92.12   32.88    14.6    -0.9     6.9     8.3    29.4     1.53 C    14.1    -2.1     7.8   100.0    63.1    92.8   0.404   0.341   0.273 -99.000 -99.000     7.8     8.6     9.4    10.4    12.0
53961 20240109  2.622  -92.12   32.88    10.0    -0.9     4.5     4.6     5.0     5.17 C    11.1    -2.1     4.6   100.0    55.4    79.7   0.424   0.342   0.276 -99.000 -99.000     7.6     9.2     9.8    10.6    12.0
53961 20240110  2.622  -92.12   32.88    15.8    -3.6     6.1     6.2     0.0    12.64 C    20.0    -4.7     6.9   100.0    27.1    66.6   0.422   0.342   0.274 -99.000 -99.000     6.3     7.9     9.1    10.4    11.9
53961 20240111  2.622  -92.12   32.88    21.2     3.7    12.4    13.5     0.0     9.28 C    25.0     2.5    14.1   100.0    64.1    82.1   0.394   0.343   0.274 -99.000 -99.000     9.6     9.0     9.3    10.2    11.8
53961 20240112  2.622  -92.12   32.88    17.9    -0.1     8.9     9.1    35.6    10.99 C    18.8    -1.0    10.0   100.0    52.7    76.8   0.416   0.341   0.292 -99.000 -99.000    11.6    11.4    10.9    10.9    11.8
53961 20240113  2.622  -92.12   32.88    12.5    -4.5     4.0     2.8     0.0    12.26 C    17.7    -5.9     3.8    99.9    25.6    67.9   0.426   0.337   0.274 -99.000 -99.000     7.0     9.1    10.3    11.2    12.1
53961 20240114  2.622  -92.12   32.88     2.3    -7.3    -2.5    -2.1     0.5     1.96 C     1.3    -7.2    -1.7    90.3    55.8    69.0   0.401   0.328   0.276 -99.000 -99.000     4.8     7.9     9.4    10.7    12.1
53961 20240115  2.622  -92.12   32.88    -7.1    -8.9    -8.0    -8.0    10.2     0.92 C    -6.4    -9.4    -7.7    95.3    68.3    86.3   0.400   0.316   0.277 -99.000 -99.000     2.2     5.8     8.0     9.9    11.8
53961 20240116  2.622  -92.12   32.88    -2.0   -11.4    -6.7    -7.3     0.0    12.64 C     5.6   -12.2    -5.4    95.1    37.2    62.7   0.377   0.317   0.268 -99.000 -99.000     1.3     4.3     6.6     8.8    11.3
53961 20240117  2.622  -92.12   32.88     3.1   -12.9    -4.9    -4.7     0.0    13.19 C     9.7   -13.9    -3.3    94.7    32.5    63.2   0.390   0.325   0.274 -99.000 -99.000     0.9     3.6     5.7     8.0    10.7
53961 20240118  2.622  -92.12   32.88     8.6    -3.3     2.6     3.6     0.0     1.54 C     9.5    -4.0     3.8   100.0    47.4    83.6   0.422   0.327   0.276 -99.000 -99.000     1.9     3.6     5.4     7.4    10.1
53961 20240119  2.622  -92.12   32.88     6.8    -3.3     1.7     2.0     0.0    12.90 C    14.1    -4.4     4.1   100.0    38.8    71.3   0.424   0.328   0.275 -99.000 -99.000     5.1     5.4     6.2     7.5     9.8
53961 20240120  2.622  -92.12   32.88     1.7    -6.1    -2.2    -3.1     0.0    13.41 C     9.0    -6.6    -1.1    75.7    36.9    54.9   0.402   0.317   0.271 -99.000 -99.000     3.1     5.1     6.4     7.8     9.8
53961 20240121  2.622  -92.12   32.88     4.3    -8.1    -1.9    -1.8     0.0    11.42 C    11.4    -8.6     0.0    77.3    31.8    56.9   0.344   0.325   0.277 -99.000 -99.000     2.7     4.5     5.9     7.6     9.7
53961 20240122  2.622  -92.12   32.88    12.6     1.3     7.0     5.2    10.3     0.74 C    12.0     1.2     4.8   100.0    44.8    88.7   0.402   0.330   0.275 -99.000 -99.000     5.0     5.4     6.3     7.5     9.5
53961 20240123  2.622  -92.12   32.88    17.1    11.4    14.3    15.0    69.5     0.79 C    17.4    11.5    14.8   100.0    99.0   100.0   0.424   0.344   0.273 -99.000 -99.000     9.8     7.9     7.4     7.9     9.5
53961 20240124  2.622  -92.12   32.88    17.5    14.3    15.9    16.0    33.7     1.01 C    17.9    14.3    15.9   100.0   100.0   100.0   0.423   0.346   0.288 -99.000 -99.000    12.3    10.5     9.5     9.1     9.8
53961 20240125  2.622  -92.12   32.88    19.6     8.5    14.0    14.8    24.1     4.62 C    25.1     7.4    15.3   100.0    79.2    97.8   0.420   0.343   0.296 -99.000 -99.000    13.3    11.9    10.8    10.3    10.4
53961 20240126  2.622  -92.12   32.88    16.3     6.1    11.2    11.0    13.5     3.99 C    19.0     5.5    11.5   100.0    86.0    98.2   0.421   0.341   0.307 -99.000 -99.000    11.9    11.7    11.3    11.0    11.1
53961 20240127  2.622  -92.12   32.88    12.7     7.6    10.1    10.5    24.8     3.25 C    14.3     7.0    10.7   100.0    83.7    97.9   0.420   0.341   0.302 -99.000 -99.000    12.3    12.1    11.7    11.4    11.5
53961 20240128  2.622  -92.12   32.88    13.7     1.9     7.8     6.9     0.0    10.57 C    20.8     0.6     8.4   100.0    54.1    88.5   0.420   0.343   0.312 -99.000 -99.000    11.2    11.7    11.6    11.6    11.8
53961 20240129  2.622  -92.12   32.88    17.0    -1.0     8.0     6.7     0.0    14.55 C    26.1    -2.2     9.1   100.0    39.9    83.6   0.418   0.344   0.306 -99.000 -99.000    10.0    10.8    11.1    11.5    11.9
53961 20240130  2.622  -92.12   32.88    24.8     2.8    13.8    11.9     0.0    14.41 C    30.1     1.7    13.4   100.0    31.6    75.4   0.385   0.346   0.303 -99.000 -99.000    11.1    11.0    11.1    11.4    11.9
53961 20240131  2.622  -92.12   32.88    16.9     1.7     9.3     8.2     0.0    15.20 C    25.6     0.6    10.6   100.0    38.3    80.9   0.337   0.343   0.301 -99.000 -99.000    10.7    11.2    11.3    11.5    12.0
53961 20240201  2.622  -92.12   32.88    21.3    -0.1    10.6     8.8     0.0    12.42 C    28.0    -1.1    10.0   100.0    37.2    79.9   0.309   0.342   0.296 -99.000 -99.000    10.5    10.8    11.1    11.5    12.0
53961 20240202  2.622  -92.12   32.88    22.4     4.7    13.6    12.2     0.0    14.48 C    28.5     3.7    13.8   100.0    34.2    73.7   0.296   0.347   0.300 -99.000 -99.000    11.7    11.4    11.3    11.5    12.0
53961 20240203  2.622  -92.12   32.88    13.2     8.9    11.1    11.1    26.0     1.78 C    14.7     8.3    11.1   100.0    73.2    97.2   0.338   0.347   0.299 -99.000 -99.000    11.7    11.8    11.8    11.8    12.1
53961 20240204  2.622  -92.12   32.88    12.8     9.4    11.1    11.0     0.0     2.65 C    13.8     7.1    10.7   100.0    89.6    97.9   0.416   0.347   0.295 -99.000 -99.000    12.1    12.0    11.9    12.0    12.3
53961 20240205  2.622  -92.12   32.88    17.1     3.8    10.4    10.6     0.0    15.43 C    22.6     2.5    11.2   100.0    45.5    79.4   0.413   0.345   0.296 -99.000 -99.000    12.5    12.3    12.1    12.1    12.4
53961 20240206  2.622  -92.12   32.88    17.5    -0.2     8.7     7.6     0.0    16.20 C    25.6    -1.5     9.7   100.0    26.7    73.1   0.382   0.345   0.305 -99.000 -99.000    10.9    11.6    11.9    12.2    12.5
53961 20240207  2.622  -92.12   32.88    20.0     2.0    11.0    10.1     0.0    12.14 C    25.2     1.2    11.1   100.0    38.5    73.4   0.334   0.342   0.300 -99.000 -99.000    11.0    11.4    11.7    12.0    12.5
53961 20240208  2.622  -92.12   32.88    18.9     8.2    13.5    15.1     0.0     3.79 C    19.9     6.8    14.3    96.1    74.7    85.7   0.316   0.351   0.289 -99.000 -99.000    12.6    11.9    11.9    12.0    12.5
53961 20240209  2.622  -92.12   32.88    21.2    16.6    18.9    18.3     0.0     2.85 C    21.0    15.7    17.6   100.0    84.2    94.5   0.311   0.355   0.295 -99.000 -99.000    15.2    13.6    12.8    12.4    12.6
53961 20240210  2.622  -92.12   32.88    18.2    12.6    15.4    15.7    48.5     0.55 C    16.9     9.4    13.4   100.0    96.5    99.8   0.364   0.356   0.299 -99.000 -99.000    14.8    14.3    13.6    13.1    12.9
53961 20240211  2.622  -92.12   32.88    12.7     9.7    11.2    11.1    24.5     1.33 C    11.3     8.3     9.5   100.0    97.4    99.9   0.411   0.349   0.300 -99.000 -99.000    13.1    13.6    13.6    13.4    13.2
53961 20240212  2.622  -92.12   32.88     9.9     4.3     7.1     7.7     1.2     3.30 C     9.7     1.8     6.4   100.0    86.6    95.4   0.411   0.345   0.308 -99.000 -99.000    11.6    12.8    13.1    13.2    13.3
53961 20240213  2.622  -92.12   32.88    16.0    -0.9     7.5     6.4     0.0    16.58 C    20.4    -3.6     6.8   100.0    42.5    82.7   0.410   0.346   0.307 -99.000 -99.000    11.1    11.7    12.3    12.8    13.3
53961 20240214  2.622  -92.12   32.88    17.4    -0.1     8.6     8.0     0.0    15.36 C    20.8    -3.5     7.5   100.0    39.2    77.6   0.389   0.347   0.307 -99.000 -99.000    11.1    11.7    12.1    12.6    13.1
53961 20240215  2.622  -92.12   32.88    22.5     4.0    13.3    12.7     0.0    12.89 C    30.5     1.1    12.5   100.0    56.7    85.8   0.337   0.349   0.306 -99.000 -99.000    12.7    12.1    12.1    12.4    13.0
53961 20240216  2.622  -92.12   32.88    21.1     6.2    13.7    14.5     1.8     6.12 C    22.0     4.2    13.2   100.0    58.6    84.4   0.325   0.353   0.300 -99.000 -99.000    13.7    13.3    12.9    12.8    13.0
53961 20240217  2.622  -92.12   32.88     6.2     1.8     4.0     4.0     0.0     9.35 C     9.8    -2.3     2.8    84.1    47.1    62.1   0.327   0.341   0.319 -99.000 -99.000    10.1    12.2    12.8    13.0    13.2
53961 20240218  2.622  -92.12   32.88    10.4    -1.9     4.3     3.6     0.0    16.75 C    17.0    -3.8     4.3   100.0    39.5    68.4   0.312   0.344   0.317 -99.000 -99.000     9.7    10.8    11.7    12.5    13.2
53961 20240219  2.622  -92.12   32.88    16.7    -3.8     6.4     5.6     0.0    17.42 C    22.6    -5.7     6.6   100.0    26.4    69.4   0.301   0.342   0.305 -99.000 -99.000     9.4    10.4    11.2    12.1    13.0
53961 20240220  2.622  -92.12   32.88    22.9     3.0    13.0    11.3     0.0    17.06 C    29.5     0.4    11.7   100.0    32.1    75.7   0.292   0.348   0.305 -99.000 -99.000    11.7    11.1    11.3    11.9    12.7
53961 20240221  2.622  -92.12   32.88    23.8     6.6    15.2    15.8     0.0    10.47 C    28.8     3.3    14.9   100.0    55.8    80.4   0.286   0.348   0.302 -99.000 -99.000    13.4    12.3    12.0    12.1    12.7
53961 20240222  2.622  -92.12   32.88    25.0    15.1    20.1    19.0     0.0     9.45 C    29.8    13.7    19.0    89.7    52.5    75.7   0.279   0.353   0.297 -99.000 -99.000    15.6    13.9    13.1    12.7    12.8
53961 20240223  2.622  -92.12   32.88    22.9     6.4    14.6    15.7     0.0    17.18 C    30.4     3.2    16.6   100.0    24.9    61.1   0.273   0.352   0.305 -99.000 -99.000    15.2    14.6    13.9    13.3    13.2
53961 20240224  2.622  -92.12   32.88    22.5     5.0    13.8    12.3     0.0    17.52 C    29.9     1.6    12.9    91.8    22.4    57.3   0.264   0.345   0.311 -99.000 -99.000    13.4    13.8    13.8    13.6    13.5
53961 20240225  2.622  -92.12   32.88    27.2     4.8    16.0    16.7     0.0    17.31 C    32.3     2.1    16.9    91.9    23.9    51.3   0.257   0.347   0.308 -99.000 -99.000    13.7    13.6    13.6    13.6    13.6
53961 20240226  2.622  -92.12   32.88    26.8    14.0    20.4    19.9     0.0    10.72 C    30.1    13.3    20.1    88.5    55.0    74.3   0.252   0.350   0.302 -99.000 -99.000    16.6    14.8    14.1    13.8    13.7
53961 20240227  2.622  -92.12   32.88    29.3    18.9    24.1    23.3     0.0    12.55 C    33.9    17.6    23.1    89.7    40.8    68.9   0.249   0.352   0.306 -99.000 -99.000    18.5    16.4    15.2    14.4    13.9
53961 20240228  2.622  -92.12   32.88    22.8     8.3    15.5    15.5     0.0     5.11 C    20.6     5.3    14.3    89.6    31.7    56.1   0.246   0.349   0.304 -99.000 -99.000    16.0    16.7    16.0    15.2    14.3
53961 20240229  2.622  -92.12   32.88    10.7     4.6     7.6     7.6    13.1     4.96 C    11.6     0.8     4.9   100.0    32.3    54.5   0.255   0.337   0.312 -99.000 -99.000    11.3    13.9    14.8    15.0    14.7
53961 20240301  2.622  -92.12   32.88    13.6     4.2     8.9     7.7     4.7     8.60 C    20.8     0.6     6.0   100.0    72.2    93.6   0.403   0.341   0.311 -99.000 -99.000    12.5    13.0    13.7    14.2    14.5
53961 20240302  2.622  -92.12   32.88    19.4     3.6    11.5    10.5     0.0    11.26 C    25.0    -0.1     9.4   100.0    65.6    94.2   0.386   0.347   0.309 -99.000 -99.000    13.5    13.3    13.5    13.9    14.3
53961 20240303  2.622  -92.12   32.88    23.7     8.4    16.0    16.2     0.0     5.73 C    26.9     4.8    15.8   100.0    70.7    93.9   0.330   0.350   0.303 -99.000 -99.000    15.0    14.2    13.9    13.9    14.2
53961 20240304  2.622  -92.12   32.88    26.1    14.7    20.4    19.4    13.6     6.42 C    30.7    13.7    19.7   100.0    68.0    94.7   0.347   0.348   0.300 -99.000 -99.000    17.1    15.6    14.8    14.3    14.2
53961 20240305  2.622  -92.12   32.88    21.3    11.4    16.3    16.4    13.7     8.43 C    27.7    10.9    17.4   100.0    72.2    95.3   0.400   0.348   0.305 -99.000 -99.000    17.5    16.5    15.6    14.9    14.5
53961 20240306  2.622  -92.12   32.88    17.2     9.7    13.4    13.9     0.0     4.08 C    20.4     9.3    14.7   100.0    91.5    98.1   0.400   0.346   0.309 -99.000 -99.000    15.7    15.9    15.6    15.3    14.8
53961 20240307  2.622  -92.12   32.88    19.9    13.5    16.7    16.0     0.0     5.60 C    25.8    13.7    17.1   100.0    78.1    95.1   0.396   0.346   0.305 -99.000 -99.000    16.7    16.1    15.6    15.3    14.9
53961 20240308  2.622  -92.12   32.88    17.8    14.5    16.2    16.0    57.9     4.11 C    22.2    13.8    16.4   100.0    92.1    99.3   0.395   0.346   0.304 -99.000 -99.000    16.8    16.4    15.9    15.5    15.1
53961 20240309  2.622  -92.12   32.88    14.5     4.7     9.6    11.4     0.3     5.14 C    18.0     3.7    11.8   100.0    70.8    92.7   0.395   0.344   0.311 -99.000 -99.000    15.2    16.0    15.9    15.6    15.2
53961 20240310  2.622  -92.12   32.88    17.4     2.2     9.8     9.0     0.0    19.29 C    26.6     1.2    11.8   100.0    32.2    75.2   0.387   0.343   0.314 -99.000 -99.000    14.1    14.6    15.0    15.3    15.2
53961 20240311  2.622  -92.12   32.88    18.9     3.9    11.4    10.3     0.0    13.67 C    28.2     3.1    12.1   100.0    28.2    70.8   0.337   0.346   0.316 -99.000 -99.000    14.0    14.4    14.7    15.0    15.1
53961 20240312  2.622  -92.12   32.88    23.3     3.3    13.3    13.2     0.0    18.75 C    29.3     2.3    15.2   100.0    42.2    77.8   0.301   0.345   0.319 -99.000 -99.000    14.9    14.5    14.5    14.8    15.0
53961 20240313  2.622  -92.12   32.88    26.7    12.3    19.5    20.3     0.0    11.65 C    32.2    11.4    21.6    99.9    57.0    82.3   0.286   0.348   0.312 -99.000 -99.000    17.9    16.1    15.3    15.0    14.9
53961 20240314  2.622  -92.12   32.88    29.1    17.6    23.4    23.0     0.0     6.78 C    32.7    18.3    24.2    99.9    58.9    82.7   0.279   0.345   0.307 -99.000 -99.000    19.6    17.5    16.4    15.6    15.2
53961 20240315  2.622  -92.12   32.88    24.5    14.5    19.5    17.7    52.3     1.96 C    24.8    14.9    18.4   100.0    79.7    97.3   0.369   0.345   0.308 -99.000 -99.000    18.2    17.9    17.1    16.3    15.5
53961 20240316  2.622  -92.12   32.88    20.8    13.3    17.1    15.8     7.6    14.21 C    29.6    13.5    18.6   100.0    49.9    83.9   0.395   0.345   0.308 -99.000 -99.000    18.9    17.8    17.1    16.4    15.8
53961 20240317  2.622  -92.12   32.88    18.5    11.0    14.8    14.9     1.0     4.24 C    22.3    11.2    16.0   100.0    64.6    91.2   0.396   0.344   0.310 -99.000 -99.000    17.6    17.7    17.2    16.7    16.0
53961 20240318  2.622  -92.12   32.88    15.4     2.2     8.8    10.9     0.0    21.35 C    23.9     1.6    13.8    99.7    23.9    51.0   0.383   0.342   0.318 -99.000 -99.000    16.2    16.7    16.7    16.6    16.1
53961 20240319  2.622  -92.12   32.88    17.5    -1.1     8.2     7.8     0.0    21.79 C    26.3    -1.8    10.5   100.0    28.1    68.8   0.320   0.343   0.318 -99.000 -99.000    14.4    15.2    15.8    16.2    16.1
53961 20240320  2.622  -92.12   32.88    22.5     3.1    12.8    12.2     0.0    17.28 C    31.3     2.1    14.5   100.0    27.7    70.6   0.295   0.344   0.317 -99.000 -99.000    15.2    15.1    15.4    15.7    15.9
53961 20240321  2.622  -92.12   32.88    21.8     7.8    14.8    15.2     0.0     9.43 C    27.3     7.4    16.8   100.0    41.3    75.3   0.282   0.344   0.314 -99.000 -99.000    16.4    15.9    15.7    15.7    15.8
53961 20240322  2.622  -92.12   32.88    14.9    10.5    12.7    12.5    32.4     1.82 C    15.6     9.9    12.9   100.0    73.5    96.7   0.352   0.340   0.317 -99.000 -99.000    15.2    15.9    15.9    15.8    15.8
53961 20240323  2.622  -92.12   32.88    17.7     9.4    13.6    12.3     0.0    21.25 C    26.5     8.0    15.0   100.0    53.4    75.5   0.395   0.341   0.315 -99.000 -99.000    16.2    15.6    15.5    15.6    15.7
53961 20240324  2.622  -92.12   32.88    19.4     7.9    13.7    13.8     0.0    10.02 C    24.3     7.7    14.9    84.5    51.6    66.5   0.362   0.343   0.311 -99.000 -99.000    15.0    15.4    15.6    15.7    15.7
53961 20240325  2.622  -92.12   32.88    21.2    10.9    16.1    16.4    46.5     1.99 C    24.1    10.3    16.6   100.0    72.2    91.3   0.354   0.342   0.313 -99.000 -99.000    16.0    15.9    15.7    15.6    15.7
53961 20240326  2.622  -92.12   32.88    19.1     7.1    13.1    11.8     0.0    20.49 C    28.2     6.6    14.3   100.0    39.5    74.0   0.396   0.341   0.314 -99.000 -99.000    16.8    16.1    15.8    15.7    15.7
53961 20240327  2.622  -92.12   32.88    17.1     5.2    11.1    10.5     0.0    21.26 C    26.2     4.6    13.2    98.3    39.4    67.7   0.361   0.341   0.319 -99.000 -99.000    16.1    15.9    15.8    15.8    15.8
53961 20240328  2.622  -92.12   32.88    20.4     2.2    11.3    11.2     0.0    22.69 C    29.9     1.3    14.4   100.0    28.9    71.4   0.305   0.342   0.324 -99.000 -99.000    16.1    15.9    15.8    15.8    15.8
53961 20240329  2.622  -92.12   32.88    24.7     5.1    14.9    15.9     0.0    21.66 C    30.6     4.1    17.7   100.0    30.1    62.9   0.287   0.342   0.314 -99.000 -99.000    16.8    16.1    15.9    15.8    15.8
53961 20240330  2.622  -92.12   32.88    26.0    10.8    18.4    18.7     0.0    17.15 C    32.5     9.8    20.4   100.0    50.0    76.2   0.270   0.342   0.313 -99.000 -99.000    18.3    17.1    16.5    16.0    15.8
53961 20240331  2.622  -92.12   32.88    24.2    14.2    19.2    20.2     0.0     8.55 C    27.4    14.1    20.8   100.0    74.8    87.9   0.263   0.341   0.317 -99.000 -99.000    19.2    18.0    17.2    16.5    16.0
53961 20240401  2.622  -92.12   32.88    27.0    18.9    22.9    23.1     0.0    10.89 C    32.2    18.8    24.2   100.0    62.7    82.8   0.258   0.339   0.321 -99.000 -99.000    21.0    19.0    17.9    17.0    16.3
53961 20240402  2.622  -92.12   32.88    27.7    12.6    20.1    21.4     3.4    13.93 C    34.2    12.8    22.7   100.0    35.6    74.0   0.260   0.341   0.321 -99.000 -99.000    21.5    20.1    18.8    17.6    16.6
53961 20240403  2.622  -92.12   32.88    20.8     5.4    13.1    13.5     0.0    22.94 C    28.5     4.6    15.6   100.0    20.7    53.6   0.252   0.340   0.310 -99.000 -99.000    17.9    18.7    18.5    18.0    17.0
53961 20240404  2.622  -92.12   32.88    24.3     3.5    13.9    13.8     0.0    23.58 C    31.9     2.4    16.1    94.2    22.6    57.4   0.241   0.339   0.316 -99.000 -99.000    17.1    17.5    17.7    17.6    17.1
53961 20240405  2.622  -92.12   32.88    23.5     5.1    14.3    14.6     0.0    22.90 C    33.0     4.1    17.5   100.0    29.2    58.4   0.231   0.335   0.311 -99.000 -99.000    17.6    17.5    17.4    17.4    17.0
53961 20240406  2.622  -92.12   32.88    25.4    10.6    18.0    17.0     0.0    16.66 C    31.7     9.9    18.6    89.3    37.8    60.0   0.223   0.334   0.308 -99.000 -99.000    18.0    17.7    17.5    17.3    17.0
53961 20240407  2.622  -92.12   32.88    27.9    14.8    21.3    21.6     0.0    10.95 C    32.8    15.0    22.6    96.2    60.4    79.2   0.217   0.331   0.300 -99.000 -99.000    20.0    18.5    17.8    17.4    17.0
53961 20240408  2.622  -92.12   32.88    23.9    17.2    20.6    20.8    18.1     4.28 C    27.9    17.1    21.3   100.0    87.5    96.7   0.229   0.331   0.313 -99.000 -99.000    20.5    19.5    18.6    17.8    17.1
53961 20240409  2.622  -92.12   32.88    18.8    14.6    16.7    16.5    92.4     2.31 C    20.4    14.5    16.5   100.0    98.4    99.9   0.393   0.344   0.430 -99.000 -99.000    18.2    18.7    18.5    18.1    17.4
53961 20240410  2.622  -92.12   32.88    23.4    16.2    19.8    18.2    41.8    12.09 C    32.0    16.2    19.6   100.0    65.6    94.3   0.394   0.341   0.437 -99.000 -99.000    20.0    18.7    18.2    17.9    17.4
53961 20240411  2.622  -92.12   32.88    24.4     9.8    17.1    16.6     0.3    21.09 C    31.7     8.7    18.4   100.0    32.5    70.7   0.389   0.346   0.438 -99.000 -99.000    20.8    19.7    18.8    18.1    17.5
53961 20240412  2.622  -92.12   32.88    25.4     5.8    15.6    15.5     0.0    24.23 C    35.0     4.7    18.7   100.0    24.1    68.0   0.325   0.343   0.434 -99.000 -99.000    19.6    19.1    18.7    18.3    17.6
53961 20240413  2.622  -92.12   32.88    28.6     8.6    18.6    18.5     0.0    22.54 C    35.8     7.8    20.7   100.0    27.2    66.4   0.277   0.346   0.440 -99.000 -99.000    20.2    19.3    18.8    18.3    17.7
53961 20240414  2.622  -92.12   32.88    28.5    13.4    20.9    21.3     0.0    21.39 C    34.4    12.7    23.1    99.4    45.5    70.9   0.258   0.346   0.449 -99.000 -99.000    21.6    20.1    19.2    18.5    17.8
53961 20240415  2.622  -92.12   32.88    26.8    16.5    21.7    21.3     0.0    13.39 C    32.5    15.9    22.8   100.0    59.3    84.4   0.247   0.347   0.450 -99.000 -99.000    22.1    20.8    19.8    18.9    18.0
53961 20240416  2.622  -92.12   32.88    29.0    17.9    23.5    24.0     0.0    17.17 C    34.2    17.5    25.3   100.0    53.4    76.1   0.238   0.346   0.448 -99.000 -99.000    23.1    21.4    20.3    19.3    18.3
53961 20240417  2.622  -92.12   32.88    26.5    20.8    23.7    23.0     2.5     8.45 C    31.6    20.7    23.9   100.0    78.8    93.2   0.240   0.342   0.440 -99.000 -99.000    23.3    21.9    20.8    19.8    18.6
53961 20240418  2.622  -92.12   32.88    24.6    20.4    22.5    21.7    50.8     1.94 C    25.4    20.0    21.7   100.0    96.1    99.7   0.335   0.344   0.440 -99.000 -99.000    21.9    21.6    20.9    20.1    18.9
53961 20240419  2.622  -92.12   32.88    21.7    15.3    18.5    18.2     0.8     3.44 C    22.7    15.3    18.6   100.0    93.6    99.3   0.396   0.345   0.441 -99.000 -99.000    20.9    21.0    20.6    20.0    19.0
53961 20240420  2.622  -92.12   32.88    15.3     9.8    12.6    12.4    34.3     1.40 C    15.3     9.7    12.4   100.0    81.7    95.5   0.398   0.343   0.439 -99.000 -99.000    17.6    19.3    19.8    19.7    19.0
53961 20240421  2.622  -92.12   32.88    18.4     7.0    12.7    13.2     0.0    24.17 C    27.0     6.0    15.8   100.0    45.1    75.6   0.397   0.345   0.439 -99.000 -99.000    19.3    18.7    18.7    18.9    18.8
53961 20240422  2.622  -92.12   32.88    20.2     4.2    12.2    12.1     0.0    25.54 C    29.4     2.9    14.9   100.0    34.1    74.4   0.341   0.345   0.438 -99.000 -99.000    18.9    18.7    18.7    18.7    18.6
53961 20240423  2.622  -92.12   32.88    25.2     6.2    15.7    16.4     0.0    24.69 C    31.5     5.0    18.2   100.0    35.4    69.4   0.290   0.346   0.438 -99.000 -99.000    19.5    18.8    18.7    18.6    18.4
53961 20240424  2.622  -92.12   32.88    25.6    15.7    20.6    20.7     0.0    10.68 C    34.8    15.7    22.7   100.0    66.1    85.0   0.269   0.346   0.440 -99.000 -99.000    21.3    20.0    19.3    18.8    18.4
53961 20240425  2.622  -92.12   32.88    29.3    16.6    22.9    22.2     0.0    18.43 C    36.1    16.3    24.4   100.0    51.4    81.8   0.257   0.345   0.440 -99.000 -99.000    22.8    21.0    19.9    19.2    18.5
53961 20240426  2.622  -92.12   32.88    28.2    15.9    22.1    22.4     2.6    15.52 C    32.9    15.5    23.8   100.0    58.3    83.2   0.248   0.349   0.437 -99.000 -99.000    22.9    21.6    20.6    19.7    18.8
53961 20240427  2.622  -92.12   32.88    29.5    18.6    24.1    24.5     0.0    18.01 C    34.8    18.7    25.9   100.0    50.5    75.1   0.246   0.344   0.437 -99.000 -99.000    23.9    22.3    21.1    20.1    19.1
53961 20240428  2.622  -92.12   32.88    28.8    17.9    23.3    23.3    30.9    12.66 C    34.2    18.0    25.0   100.0    59.5    79.0   0.243   0.343   0.442 -99.000 -99.000    23.7    22.5    21.6    20.5    19.4
53961 20240429  2.622  -92.12   32.88    23.8    17.1    20.5    19.4    22.5     9.47 C    33.5    16.7    21.1   100.0    73.7    95.5   0.394   0.345   0.441 -99.000 -99.000    22.3    22.0    21.4    20.7    19.6
53961 20240430  2.622  -92.12   32.88    28.2    14.9    21.5    20.9     0.0    22.58 C    37.7    14.6    24.1   100.0    58.2    87.2   0.357   0.345   0.440 -99.000 -99.000    23.9    22.3    21.4    20.6    19.7
53961 20240501  2.622  -92.12   32.88    29.9    14.7    22.3    22.1     0.0    22.03 C    37.8    14.0    24.6   100.0    48.6    82.7   0.291   0.344   0.444 -99.000 -99.000    24.4    23.0    21.8    20.9    19.8
53961 20240502  2.622  -92.12   32.88    25.5    18.0    21.7    21.2     1.8     5.65 C    28.0    17.4    21.3   100.0    77.7    95.1   0.282   0.347   0.440 -99.000 -99.000    22.7    22.6    22.0    21.2    20.0
53961 20240503  2.622  -92.12   32.88    23.3    16.5    19.9    19.4    11.6     7.49 C    30.8    16.0    20.1   100.0    82.2    97.6   0.354   0.345   0.439 -99.000 -99.000    21.9    21.9    21.5    21.1    20.1
53961 20240504  2.622  -92.12   32.88    29.3    15.9    22.6    22.3     0.0    20.94 C    39.2    15.3    25.3   100.0    61.0    87.5   0.370   0.341   0.443 -99.000 -99.000    24.1    22.4    21.5    20.9    20.1
53961 20240505  2.622  -92.12   32.88    26.8    18.7    22.7    21.6     5.4     9.21 C    30.7    18.1    21.9   100.0    72.2    94.4   0.364   0.345   0.441 -99.000 -99.000    23.4    22.8    22.0    21.2    20.2
53961 20240506  2.622  -92.12   32.88    29.2    19.5    24.3    24.0     0.0    15.78 C    35.7    18.7    25.3   100.0    65.5    88.0   0.362   0.345   0.440 -99.000 -99.000    24.8    23.2    22.1    21.3    20.3
53961 20240507  2.622  -92.12   32.88    30.9    22.5    26.7    26.0     0.0    14.21 C    36.3    22.0    27.3   100.0    68.0    87.4   0.295   0.348   0.443 -99.000 -99.000    25.9    24.2    22.8    21.7    20.5
53961 20240508  2.622  -92.12   32.88    30.3    22.9    26.6    25.8     0.0     8.43 C    35.0    22.2    26.6   100.0    73.5    90.9   0.280   0.345   0.441 -99.000 -99.000    25.6    24.5    23.3    22.1    20.8
53961 20240509  2.622  -92.12   32.88    31.7    20.0    25.8    26.1     0.0    15.67 C    40.9    19.8    28.7   100.0    54.9    82.9   0.269   0.345   0.437 -99.000 -99.000    26.6    24.8    23.5    22.4    21.0
53961 20240510  2.622  -92.12   32.88    28.4    17.0    22.7    22.4     0.0    25.18 C    37.7    16.0    25.2   100.0    40.2    67.8   0.251   0.342   0.441 -99.000 -99.000    25.8    24.9    23.8    22.7    21.2
53961 20240511  2.622  -92.12   32.88    27.6    13.5    20.6    20.7     0.0    23.50 C    36.4    12.7    23.9   100.0    39.4    74.9   0.234   0.341   0.440 -99.000 -99.000    24.7    24.3    23.6    22.7    21.4
53961 20240512  2.622  -92.12   32.88    23.7    17.0    20.3    19.2    27.6     6.63 C    29.8    16.5    19.7   100.0    64.2    91.6   0.261   0.341   0.438 -99.000 -99.000    22.7    23.5    23.2    22.6    21.5
53961 20240513  2.622  -92.12   32.88    25.9    17.2    21.6    21.0     1.4    11.97 C    32.7    16.9    22.2   100.0    79.6    95.0   0.392   0.344   0.438 -99.000 -99.000    23.4    22.7    22.4    22.2    21.5
53961 20240514  2.622  -92.12   32.88    28.5    17.3    22.9    22.2     0.0    20.36 C    35.6    16.3    24.1   100.0    49.5    84.3   0.352   0.343   0.438 -99.000 -99.000    25.3    23.8    22.8    22.1    21.4
53961 20240515  2.622  -92.12   32.88    29.9    15.1    22.5    22.1     0.0    24.83 C    39.6    14.2    25.3   100.0    42.5    78.8   0.280   0.346   0.437 -99.000 -99.000    25.2    24.1    23.2    22.4    21.4
53961 20240516  2.622  -92.12   32.88    27.3    16.1    21.7    21.3    14.2    10.58 C    33.5    15.6    22.7   100.0    66.1    91.6   0.285   0.348   0.438 -99.000 -99.000    23.9    23.8    23.2    22.5    21.5
53961 20240517  2.622  -92.12   32.88    27.3    18.7    23.0    21.8     0.0    14.83 C    37.6    18.4    24.1   100.0    67.7    91.9   0.382   0.346   0.437 -99.000 -99.000    24.6    23.7    23.0    22.4    21.5
53961 20240518  2.622  -92.12   32.88    31.1    17.0    24.1    23.3     0.0    20.79 C    39.9    16.7    26.1   100.0    53.1    85.9   0.317   0.347   0.436 -99.000 -99.000    25.7    24.3    23.3    22.5    21.6
53961 20240519  2.622  -92.12   32.88    31.4    17.3    24.3    23.8     0.0    24.83 C    41.8    16.8    27.2   100.0    49.5    81.3   0.271   0.346   0.437 -99.000 -99.000    26.3    24.9    23.8    22.8    21.7
53961 20240520  2.622  -92.12   32.88    32.6    16.6    24.6    24.7     0.0    23.63 C    41.1    16.2    27.7   100.0    44.0    79.4   0.253   0.345   0.440 -99.000 -99.000    26.6    25.2    24.1    23.1    21.9
53961 20240521  2.622  -92.12   32.88    30.9    19.5    25.2    25.8     0.0    22.34 C    37.0    19.2    27.8   100.0    52.1    77.8   0.235   0.346   0.444 -99.000 -99.000    27.1    25.7    24.5    23.4    22.1
53961 20240522  2.622  -92.12   32.88    31.4    21.0    26.2    25.6    20.6    16.43 C    38.7    20.7    27.3   100.0    64.7    87.1   0.247   0.339   0.437 -99.000 -99.000    27.3    26.1    24.9    23.7    22.3
53961 20240523  2.622  -92.12   32.88    28.0    19.6    23.8    23.9     0.0    11.16 C    35.5    19.2    25.4   100.0    79.3    95.1   0.383   0.345   0.417 -99.000 -99.000    26.1    25.5    24.8    23.9    22.5
53961 20240524  2.622  -92.12   32.88    32.0    22.7    27.4    27.0     0.0    20.08 C    37.6    22.3    28.9   100.0    63.5    86.2   0.303   0.339   0.426 -99.000 -99.000    28.1    26.2    24.9    23.9    22.6
53961 20240525  2.622  -92.12   32.88    32.5    20.9    26.7    27.1     0.0    20.04 C    39.7    20.5    29.4   100.0    63.8    86.6   0.265   0.338   0.427 -99.000 -99.000    28.8    27.0    25.6    24.3    22.8
53961 20240526  2.622  -92.12   32.88    32.3    24.6    28.5    27.8     0.0    17.91 C    37.5    24.4    29.2    97.9    62.9    82.8   0.248   0.345   0.427 -99.000 -99.000    29.0    27.4    26.1    24.7    23.1
53961 20240527  2.622  -92.12   32.88    34.3    19.6    26.9    27.4     0.0    24.45 C    43.6    18.8    30.5   100.0    42.7    78.6   0.231   0.341   0.424 -99.000 -99.000    29.4    27.8    26.4    25.0    23.3
53961 20240528  2.622  -92.12   32.88    28.2    17.2    22.7    22.1     0.0    10.57 C    35.5    16.4    23.3   100.0    64.6    90.6   0.218   0.335   0.419 -99.000 -99.000    25.7    26.5    26.1    25.2    23.6
53961 20240529  2.622  -92.12   32.88    29.7    17.1    23.4    22.3     1.2    11.59 C    37.7    16.6    23.8   100.0    52.1    90.6   0.213   0.333   0.414 -99.000 -99.000    25.0    25.3    25.1    24.7    23.6
53961 20240530  2.622  -92.12   32.88    29.3    18.5    23.9    23.5     2.6    16.91 C    35.5    18.0    25.5   100.0    66.8    88.9   0.208   0.331   0.406 -99.000 -99.000    26.1    25.3    24.8    24.3    23.4
53961 20240531  2.622  -92.12   32.88    26.1    19.7    22.9    22.5    13.6    11.55 C    32.5    19.4    23.9   100.0    72.8    93.8   0.238   0.333   0.407 -99.000 -99.000    25.4    25.3    24.9    24.3    23.3
53961 20240601  2.622  -92.12   32.88    30.9    19.2    25.0    24.2     0.0    20.31 C    41.5    18.6    27.1   100.0    59.3    87.2   0.253   0.343   0.423 -99.000 -99.000    27.0    25.5    24.8    24.1    23.3
53961 20240602  2.622  -92.12   32.88    30.9    17.1    24.0    24.4     0.4    22.67 C    38.9    16.7    27.3   100.0    59.8    84.9   0.234   0.344   0.421 -99.000 -99.000    27.0    25.9    25.1    24.3    23.3
53961 20240603  2.622  -92.12   32.88    31.5    19.4    25.4    24.0    80.4    21.35 C    39.1    19.2    26.2   100.0    63.9    87.6   0.259   0.344   0.423 -99.000 -99.000    27.3    26.3    25.4    24.5    23.4
53961 20240604  2.622  -92.12   32.88    23.8    18.1    21.0    20.3    11.5     4.83 C    29.0    17.9    20.9   100.0    88.0    99.4   0.392   0.352   0.419 -99.000 -99.000    24.0    24.8    25.0    24.5    23.5
53961 20240605  2.622  -92.12   32.88    28.4    18.9    23.6    22.8     0.4    14.35 C    36.0    18.5    24.4   100.0    68.7    93.1   0.388   0.345   0.422 -99.000 -99.000    25.1    24.4    24.2    24.0    23.4
53961 20240606  2.622  -92.12   32.88    32.5    18.8    25.6    25.2     0.0    26.26 C    42.9    18.5    28.9   100.0    45.7    81.2   0.322   0.342   0.423 -99.000 -99.000    27.1    25.5    24.6    23.9    23.3
53961 20240607  2.622  -92.12   32.88    32.1    19.2    25.6    25.0     0.0    25.64 C    42.2    19.0    28.6   100.0    39.3    76.4   0.264   0.345   0.417 -99.000 -99.000    27.4    26.1    25.1    24.3    23.3
53961 20240608  2.622  -92.12   32.88    33.4    18.4    25.9    26.0     0.0    25.48 C    41.9    17.8    28.6   100.0    51.0    78.7   0.244   0.343   0.420 -99.000 -99.000    27.8    26.4    25.4    24.5    23.4
53961 20240609  2.622  -92.12   32.88    34.3    22.0    28.2    27.5     0.0    24.64 C    43.7    21.7    30.6   100.0    47.2    80.7   0.224   0.343   0.423 -99.000 -99.000    28.7    27.1    25.9    24.8    23.6
53961 20240610  2.622  -92.12   32.88    28.6    19.6    24.1    23.8     0.0    17.28 C    37.0    19.0    26.4   100.0    51.2    86.1   0.201   0.337   0.416 -99.000 -99.000    27.2    26.9    26.1    25.1    23.8
53961 20240611  2.622  -92.12   32.88    30.5    18.1    24.3    23.9     0.0    25.24 C    39.2    17.0    27.0   100.0    42.7    72.9   0.179   0.332   0.407 -99.000 -99.000    27.0    26.4    25.8    25.0    23.9
53961 20240612  2.622  -92.12   32.88    29.6    16.8    23.2    22.6     0.0    26.01 C    38.9    16.2    26.0   100.0    41.3    76.8   0.161   0.329   0.401 -99.000 -99.000    26.7    26.2    25.6    25.0    23.9
53961 20240613  2.622  -92.12   32.88    31.0    14.3    22.6    22.7     0.0    26.59 C    40.9    13.4    26.4   100.0    39.4    77.1   0.144   0.323   0.410 -99.000 -99.000    26.5    25.9    25.4    24.8    23.9
53961 20240614  2.622  -92.12   32.88    32.8    16.4    24.6    24.7     0.0    25.49 C    41.9    15.9    28.2   100.0    43.6    78.8   0.130   0.323   0.400 -99.000 -99.000    27.3    26.2    25.4    24.8    23.9
53961 20240615  2.622  -92.12   32.88    34.3    18.9    26.6    26.6     0.0    24.46 C    42.5    18.5    29.7   100.0    48.2    79.7   0.117   0.317   0.397 -99.000 -99.000    28.2    26.8    25.7    24.9    23.9
53961 20240616  2.622  -92.12   32.88    34.7    21.4    28.0    27.6     0.0    24.63 C    42.6    21.1    30.3   100.0    48.2    77.3   0.123   0.313   0.387 -99.000 -99.000    29.0    27.4    26.2    25.2    24.0
53961 20240617  2.622  -92.12   32.88    31.4    22.1    26.7    25.7     0.0    12.13 C    38.3    22.0    27.1   100.0    69.2    92.1   0.132   0.310   0.394 -99.000 -99.000    27.9    27.3    26.4    25.5    24.2
53961 20240618  2.622  -92.12   32.88    30.4    23.2    26.8    25.8     0.0    10.42 C    35.4    23.2    27.3   100.0    74.4    91.2   0.124   0.306   0.387 -99.000 -99.000    27.3    26.8    26.2    25.5    24.3
53961 20240619  2.622  -92.12   32.88    31.7    23.6    27.6    26.8     0.0    16.37 C    40.4    23.7    29.2   100.0    65.3    84.7   0.116   0.302   0.388 -99.000 -99.000    28.1    26.9    26.1    25.4    24.3
53961 20240620  2.622  -92.12   32.88    33.5    21.6    27.6    26.9     0.0    23.18 C    41.5    21.4    29.9   100.0    49.1    78.7   0.103   0.298   0.368 -99.000 -99.000    28.8    27.4    26.4    25.5    24.4
53961 20240621  2.622  -92.12   32.88    33.2    19.1    26.1    26.4     0.0    20.50 C    42.2    19.1    29.7   100.0    47.0    81.0   0.089   0.289   0.374 -99.000 -99.000    28.3    27.3    26.5    25.7    24.5
53961 20240622  2.622  -92.12   32.88    35.3    21.0    28.2    27.9     0.0    22.79 C    44.8    21.2    31.1   100.0    47.4    79.1   0.078   0.278   0.382 -99.000 -99.000    29.3    27.7    26.6    25.7    24.6
53961 20240623  2.622  -92.12   32.88    35.5    22.3    28.9    28.7     0.0    21.18 C    44.1    22.5    31.8   100.0    49.6    80.9   0.068   0.266   0.387 -99.000 -99.000    29.8    28.1    26.9    25.9    24.7
53961 20240624  2.622  -92.12   32.88    36.7    23.9    30.3    29.8     0.0    23.47 C    45.4    23.9    33.4   100.0    49.2    77.0   0.061   0.252   0.375 -99.000 -99.000    30.7    28.6    27.3    26.2    24.8
53961 20240625  2.622  -92.12   32.88    36.1    23.0    29.6    29.5     0.0    22.78 C    44.5    23.2    32.6   100.0    52.5    80.6   0.055   0.241   0.353 -99.000 -99.000    30.9    28.9    27.7    26.5    25.0
53961 20240626  2.622  -92.12   32.88    34.4    22.2    28.3    27.0     1.0    15.77 C    41.8    22.3    29.0   100.0    59.9    89.9   0.051   0.229   0.339 -99.000 -99.000    29.6    28.8    27.8    26.7    25.2
53961 20240627  2.622  -92.12   32.88    31.9    21.2    26.5    25.6     0.0    16.55 C    40.6    21.3    28.3   100.0    58.9    85.8   0.050   0.221   0.327 -99.000 -99.000    28.5    27.8    27.3    26.6    25.4
53961 20240628  2.622  -92.12   32.88    34.9    20.0    27.4    27.1     0.0    23.48 C    44.1    20.1    30.3   100.0    47.9    80.5   0.048   0.212   0.323 -99.000 -99.000    29.6    28.0    27.2    26.4    25.4
53961 20240629  2.622  -92.12   32.88    35.7    23.4    29.5    29.1     0.0    19.05 C    43.7    23.6    31.7   100.0    53.2    83.2   0.046   0.202   0.327 -99.000 -99.000    30.4    28.5    27.4    26.5    25.4
53961 20240630  2.622  -92.12   32.88    36.2    23.8    30.0    27.8     0.2    17.97 C    44.0    23.9    30.3   100.0    50.9    86.3   0.044   0.193   0.334 -99.000 -99.000    30.4    28.8    27.7    26.7    25.4
53961 20240701  2.622  -92.12   32.88    33.8    22.9    28.3    27.2     0.0    13.64 C    41.9    23.0    29.6   100.0    65.4    89.3   0.042   0.188   0.333 -99.000 -99.000    29.5    28.4    27.7    26.8    25.5
53961 20240702  2.622  -92.12   32.88 -9999.0 -9999.0 -9999.0 -9999.0 -9999.0 -9999.00 U -9999.0 -9999.0 -9999.0 -9999.0 -9999.0 -9999.0 -99.000 -99.000 -99.000 -99.000 -99.000 -9999.0 -9999.0 -9999.0 -9999.0 -9999.0
