04128 20240101  2.622 -119.69   43.47    -0.4    -6.6    -3.5    -2.8     0.0     2.26 C     1.0    -6.7    -2.3    94.9    89.6    92.7 -99.000   0.192   0.149   0.135   0.138    -0.3     0.5     1.2     2.8     2.8
04128 20240102  2.622 -119.69   43.47    -0.1    -4.1    -2.1    -1.9     3.4     1.44 C    -0.3    -2.6    -1.4    94.4    90.7    92.8 -99.000   0.189   0.147   0.136   0.138    -0.2     0.5     1.2     2.8     2.8
04128 20240103  2.622 -119.69   43.47     2.2    -6.0    -1.9    -0.9     0.2     4.90 C     2.2    -6.8    -1.8    94.4    83.2    91.7 -99.000   0.190   0.147   0.136   0.138    -0.1     0.5     1.2     2.7     2.8
04128 20240104  2.622 -119.69   43.47     2.9    -4.8    -1.0     0.0     1.2     3.44 C     2.6    -5.6    -0.9    92.4    74.4    86.5 -99.000   0.190   0.147   0.136   0.139    -0.2     0.5     1.2     2.7     2.7
04128 20240105  2.622 -119.69   43.47     3.0    -4.3    -0.6    -0.5     0.0     7.03 C     2.7    -4.7    -1.4    89.8    52.5    67.2 -99.000   0.188   0.147   0.136   0.139    -0.1     0.5     1.2     2.7     2.7
04128 20240106  2.622 -119.69   43.47     1.0    -6.0    -2.5    -2.1     1.9     3.51 C     0.2    -9.3    -3.7    87.5    41.3    66.9 -99.000   0.192   0.147   0.136   0.139    -0.2     0.5     1.2     2.7     2.7
04128 20240107  2.622 -119.69   43.47    -0.2    -7.5    -3.9    -4.9     2.9     6.12 C     0.2   -11.8    -6.4    87.0    62.5    81.1 -99.000 -99.000   0.147   0.136   0.139    -0.4     0.4     1.1     2.7     2.6
04128 20240108  2.622 -119.69   43.47     0.8    -6.7    -2.9    -3.2     2.2     2.92 C    -1.1    -9.2    -4.0    90.3    72.2    81.6 -99.000 -99.000   0.147   0.136   0.139    -0.4     0.3     1.1     2.6     2.5
04128 20240109  2.622 -119.69   43.47     2.3    -9.2    -3.4    -1.1     1.9     5.99 C     0.4   -15.2    -3.4    88.3    58.5    72.2 -99.000 -99.000   0.145   0.136   0.138    -0.2     0.3     1.1     2.5     2.5
04128 20240110  2.622 -119.69   43.47    -1.8    -8.7    -5.3    -4.8     1.6     7.19 C    -2.5   -13.2    -7.5    85.7    51.1    70.3 -99.000 -99.000   0.144   0.136   0.138    -0.3     0.3     1.1     2.5     2.5
04128 20240111  2.622 -119.69   43.47     1.1    -8.5    -3.7    -4.1     0.0     6.92 C     0.2   -12.3    -6.4    81.9    48.2    67.2 -99.000 -99.000   0.143   0.136   0.138    -0.4     0.2     1.0     2.5     2.4
04128 20240112  2.622 -119.69   43.47     2.4    -5.1    -1.3    -1.0     0.0     5.44 C     1.1    -6.3    -2.5    81.4    59.9    70.8 -99.000 -99.000   0.143   0.137   0.138    -0.4     0.2     1.0     2.4     2.4
04128 20240113  2.622 -119.69   43.47    -4.8    -9.4    -7.1    -7.5    19.0     1.66 C    -4.5    -8.9    -6.9    90.4    81.1    86.9 -99.000 -99.000   0.141   0.136   0.138    -0.4     0.2     1.0     2.4     2.3
04128 20240114  2.622 -119.69   43.47     1.8   -10.2    -4.2    -4.9     1.3     5.66 C    -0.5   -13.9    -6.1    92.2    79.4    86.6 -99.000 -99.000   0.141   0.136   0.139    -0.3     0.2     1.0     2.4     2.3
04128 20240115  2.622 -119.69   43.47    -3.8   -19.3   -11.6   -10.2     0.0     8.99 C    -3.3   -23.2   -13.9    88.1    66.3    80.5 -99.000 -99.000   0.139   0.137   0.139    -0.3     0.3     1.0     2.4     2.3
04128 20240116  2.622 -119.69   43.47    -8.4   -22.5   -15.4   -13.7     5.1     7.78 C    -6.2   -26.3   -14.8    87.7    67.4    79.7 -99.000 -99.000   0.139   0.137   0.139    -0.4     0.2     1.0     2.4     2.3
04128 20240117  2.622 -119.69   43.47     5.0   -10.0    -2.5    -2.0     1.3     3.29 C     0.5   -10.9    -3.5    87.4    63.0    78.1 -99.000 -99.000   0.138   0.137   0.139    -0.3     0.2     1.0     2.3     2.3
04128 20240118  2.622 -119.69   43.47     3.4     0.1     1.7     1.7     2.6     3.78 C     0.6    -0.7     0.0    95.0    69.1    86.0 -99.000 -99.000   0.145   0.137   0.139    -0.2     0.3     1.0     2.3     2.2
04128 20240119  2.622 -119.69   43.47     2.9    -4.0    -0.6     0.3     0.0     4.31 C     0.7    -6.3    -1.1    95.1    77.4    89.8 -99.000 -99.000   0.166   0.137   0.139    -0.2     0.3     1.0     2.3     2.2
04128 20240120  2.622 -119.69   43.47     3.0    -3.1    -0.1     0.8     1.8     3.81 C     0.9    -4.3    -0.6    94.2    78.2    88.2 -99.000 -99.000   0.177   0.137   0.139    -0.1     0.3     1.0     2.2     2.2
04128 20240121  2.622 -119.69   43.47     6.1     0.6     3.4     2.8     5.8     4.88 C     1.8    -0.5     0.5    94.5    67.3    83.1 -99.000 -99.000   0.194   0.137   0.139    -0.1     0.3     1.0     2.2     2.2
04128 20240122  2.622 -119.69   43.47     8.1    -3.9     2.1     2.0     0.9     6.08 C     4.5    -5.0    -0.1    94.8    58.1    85.5 -99.000 -99.000   0.248   0.138   0.142    -0.1     0.3     0.9     2.2     2.2
04128 20240123  2.622 -119.69   43.47     7.1    -6.2     0.4     0.5     0.0     9.23 C     3.7    -5.9    -1.4    95.6    52.7    82.3 -99.000 -99.000   0.254   0.199   0.200    -0.1     0.4     1.0     2.0     2.1
04128 20240124  2.622 -119.69   43.47     4.9    -5.6    -0.4     0.6     6.1     3.64 C     3.0    -6.3    -0.7    94.5    77.7    88.6 -99.000 -99.000   0.252   0.241   0.212     0.0     0.4     1.0     2.0     2.1
04128 20240125  2.622 -119.69   43.47     5.0    -6.2    -0.6    -0.2     0.0     9.29 C     3.9    -5.3    -1.5    92.2    59.2    81.0 -99.000   0.297   0.256   0.273   0.217     0.0     0.4     1.0     2.0     2.0
04128 20240126  2.622 -119.69   43.47     1.7    -5.6    -1.9    -0.7     8.8     1.90 C     0.9    -4.8    -0.8    95.5    89.0    93.2 -99.000   0.297   0.258   0.290   0.221     0.0     0.4     1.1     2.0     2.0
04128 20240127  2.622 -119.69   43.47     7.9     1.0     4.4     3.1     1.8     4.59 C     5.6     0.3     1.6    95.5    88.0    94.0 -99.000   0.303   0.271   0.305   0.264     0.0     0.5     1.1     2.0     2.0
04128 20240128  2.622 -119.69   43.47     8.2    -0.4     3.9     2.9     0.7     5.28 C     8.5    -1.2     1.9    95.4    85.5    94.3 -99.000   0.297   0.273   0.316   0.322     0.5     0.7     1.1     2.0     1.9
04128 20240129  2.622 -119.69   43.47     4.9    -2.6     1.1     1.0     0.0     2.56 C     5.1    -2.5     0.7    96.3    91.9    94.7   0.206   0.290   0.268   0.319   0.332     0.9     0.9     1.3     2.0     1.9
04128 20240130  2.622 -119.69   43.47     3.9    -1.1     1.4     0.9     0.0     1.86 C     4.1    -1.4     0.7    96.0    91.0    94.6   0.201   0.284   0.263   0.318   0.332     0.9     0.9     1.4     2.1     2.0
04128 20240131  2.622 -119.69   43.47     9.5     0.5     5.0     4.9     0.0     0.98 C     5.7    -0.5     2.8    93.1    46.6    76.3   0.197   0.282   0.262   0.318   0.335     1.6     1.2     1.6     2.1     2.1
04128 20240201  2.622 -119.69   43.47     5.7    -2.1     1.8     2.6     5.3     2.68 C     8.3    -3.0     2.2    93.1    71.1    87.4   0.209   0.288   0.267   0.321   0.345     2.6     2.0     2.2     2.3     2.3
04128 20240202  2.622 -119.69   43.47     5.9    -4.0     0.9    -0.1     2.2     7.51 C     9.7    -4.1    -0.1    92.5    51.2    82.8   0.200   0.283   0.265   0.323   0.359     1.3     1.8     2.2     2.6     2.5
04128 20240203  2.622 -119.69   43.47     2.5    -6.5    -2.0    -2.3     0.0    11.11 C     6.4    -5.6    -1.6    89.4    56.5    77.6   0.188   0.280   0.263   0.322   0.363     1.0     1.5     2.0     2.6     2.5
04128 20240204  2.622 -119.69   43.47     0.8    -9.1    -4.2    -3.3     5.0     3.79 C     2.7    -8.0    -3.1    92.1    60.9    85.5   0.186   0.274   0.258   0.321   0.363     0.4     1.1     1.8     2.5     2.5
04128 20240205  2.622 -119.69   43.47     7.3    -4.9     1.2     1.3     0.0    10.55 C     5.1    -4.2    -0.4    91.3    43.5    76.3   0.191   0.277   0.258   0.320   0.362     0.4     0.9     1.6     2.4     2.4
04128 20240206  2.622 -119.69   43.47     6.1    -7.2    -0.5    -0.7     0.0     9.91 C     9.3    -6.4    -0.9    90.2    47.9    77.5   0.194   0.279   0.261   0.322   0.366     0.6     1.0     1.5     2.4     2.3
04128 20240207  2.622 -119.69   43.47     3.4    -4.1    -0.3    -1.0     0.0     7.57 C     9.5    -4.5    -0.6    90.6    52.6    74.2   0.189   0.276   0.259   0.322   0.365     0.6     1.1     1.6     2.3     2.3
04128 20240208  2.622 -119.69   43.47     2.2    -4.2    -1.0    -1.0     0.5     6.63 C     6.0    -5.0    -0.8    91.1    54.7    74.9   0.187   0.276   0.258   0.322   0.365     0.7     1.1     1.6     2.3     2.2
04128 20240209  2.622 -119.69   43.47     0.8    -3.5    -1.3    -1.8     0.7     5.69 C     2.3    -3.7    -1.7    88.9    60.5    78.1   0.186   0.275   0.258   0.322   0.365     0.5     1.0     1.6     2.3     2.2
04128 20240210  2.622 -119.69   43.47     4.4    -8.5    -2.1    -2.6     0.0    12.45 C     8.5    -7.8    -1.4    89.3    33.5    70.3   0.183   0.273   0.256   0.321   0.363     0.6     1.1     1.5     2.2     2.2
04128 20240211  2.622 -119.69   43.47     7.4    -6.6     0.4     0.1     0.0     9.92 C    11.5    -5.7     0.2    87.7    44.0    69.6   0.175   0.270   0.254   0.320   0.361     0.8     1.2     1.6     2.2     2.2
04128 20240212  2.622 -119.69   43.47     6.4    -1.5     2.5     1.9     0.0     7.23 C     7.6    -1.7     1.1    82.9    39.1    63.4   0.169   0.271   0.254   0.319   0.360     1.0     1.4     1.7     2.3     2.2
04128 20240213  2.622 -119.69   43.47     7.9    -5.1     1.4     1.0     0.0    12.07 C    13.2    -4.7     1.2    83.4    28.3    58.5   0.158   0.272   0.255   0.320   0.360     1.6     1.7     1.9     2.3     2.2
04128 20240214  2.622 -119.69   43.47     1.2    -5.2    -2.0    -1.1     4.5     1.92 C     1.0    -5.5    -1.7    95.1    53.7    84.2   0.175   0.270   0.254   0.320   0.360     0.5     1.3     1.9     2.4     2.3
04128 20240215  2.622 -119.69   43.47     4.5    -1.9     1.3     1.4     3.1     5.27 C     5.6    -5.0     0.3    93.9    70.0    83.7   0.172   0.274   0.256   0.321   0.360     0.7     1.1     1.6     2.3     2.2
04128 20240216  2.622 -119.69   43.47     3.4    -2.4     0.5     0.3     0.3     4.93 C     7.6    -2.5     1.1    92.8    72.4    86.7   0.172   0.284   0.267   0.326   0.370     1.3     1.4     1.8     2.3     2.2
04128 20240217  2.622 -119.69   43.47    -1.0    -3.3    -2.1    -2.3     4.3     2.39 C    -0.5    -2.9    -2.0    92.8    70.8    80.5   0.179   0.280   0.265   0.329   0.374     0.6     1.2     1.8     2.3     2.2
04128 20240218  2.622 -119.69   43.47     5.7    -2.2     1.8     0.9     3.9     9.37 C     3.2    -2.3    -0.1    93.6    64.8    86.4   0.188   0.285   0.266   0.331   0.374     0.5     1.0     1.6     2.3     2.2
04128 20240219  2.622 -119.69   43.47     7.8    -0.3     3.8     2.6     1.1     6.01 C    10.5    -1.1     1.9    93.8    55.5    80.4   0.188   0.294   0.275   0.338   0.389     1.3     1.3     1.6     2.2     2.2
04128 20240220  2.622 -119.69   43.47     8.5    -0.5     4.0     3.3     0.3     6.79 C    11.9    -0.9     2.7    89.0    47.6    73.3   0.186   0.294   0.278   0.346   0.402     1.9     1.8     2.0     2.3     2.2
04128 20240221  2.622 -119.69   43.47     6.9    -3.9     1.5     1.7     1.6     5.54 C    10.6    -4.0     1.6    92.3    54.1    77.0   0.195   0.293   0.277   0.348   0.402     2.1     2.2     2.4     2.4     2.4
04128 20240222  2.622 -119.69   43.47     7.3    -4.1     1.6    -0.1     0.0     8.59 C    13.9    -4.0     1.2    95.2    61.9    87.0   0.194   0.292   0.277   0.350   0.402     2.4     2.4     2.6     2.6     2.5
04128 20240223  2.622 -119.69   43.47    11.4    -6.3     2.6     1.1     0.0    14.66 C    15.1    -6.0     1.6    90.8    30.4    72.7   0.192   0.291   0.276   0.349   0.401     2.6     2.6     2.8     2.8     2.7
04128 20240224  2.622 -119.69   43.47    13.5    -6.1     3.7     3.2     0.0    14.80 C    16.6    -6.1     2.7    88.8    30.4    63.2   0.190   0.290   0.274   0.348   0.398     2.9     2.8     3.0     2.9     2.8
04128 20240225  2.622 -119.69   43.47    11.8    -1.7     5.0     5.4     0.0     9.42 C    11.4    -3.4     3.3    78.2    37.5    54.0   0.189   0.289   0.273   0.347   0.395     2.9     3.0     3.1     3.0     2.9
04128 20240226  2.622 -119.69   43.47     5.3    -7.0    -0.8    -0.2     1.9     7.85 C     8.0    -7.3    -0.2    89.6    45.4    69.2   0.188   0.288   0.272   0.347   0.393     2.3     2.8     3.2     3.1     3.0
04128 20240227  2.622 -119.69   43.47     1.0    -7.1    -3.0    -2.7     0.0     9.84 C     5.7    -7.6    -2.0    82.1    47.5    69.7   0.198   0.283   0.268   0.345   0.390     0.7     1.7     2.5     3.1     3.0
04128 20240228  2.622 -119.69   43.47     8.5    -2.9     2.8     4.1     0.0     6.62 C    10.7    -3.1     2.9    83.7    42.1    58.4   0.188   0.283   0.267   0.343   0.386     1.4     1.7     2.1     2.9     2.8
04128 20240229  2.622 -119.69   43.47     8.9    -7.5     0.7     1.7     3.0     7.14 C    12.1    -8.6     0.5    89.8    51.5    69.7   0.185   0.283   0.267   0.342   0.386     1.9     2.2     2.5     2.8     2.8
04128 20240301  2.622 -119.69   43.47     3.9    -6.1    -1.1    -1.5     5.2     9.89 C     5.5    -8.3    -2.1    90.4    53.9    77.1   0.186   0.284   0.268   0.343   0.387     1.1     1.7     2.3     2.9     2.8
04128 20240302  2.622 -119.69   43.47     0.1   -13.9    -6.9    -5.2     0.8    12.81 C     1.3   -14.5    -6.6    86.8    39.7    69.4   0.186   0.285   0.269   0.344   0.388     0.8     1.4     2.0     2.8     2.8
04128 20240303  2.622 -119.69   43.47     0.9    -9.5    -4.3    -3.8     0.3    12.12 C     2.8   -10.8    -4.1    88.6    38.7    65.0   0.196   0.283   0.268   0.343   0.387     0.6     1.2     1.8     2.7     2.7
04128 20240304  2.622 -119.69   43.47    -0.1    -6.9    -3.5    -3.4     2.0    11.12 C     3.8    -8.2    -2.9    90.3    45.1    71.9   0.197   0.282   0.265   0.342   0.386     0.4     1.0     1.7     2.5     2.5
04128 20240305  2.622 -119.69   43.47    -1.1    -5.1    -3.1    -2.5    11.3     5.88 C    -0.3    -7.1    -2.5    92.5    85.1    89.8   0.200   0.282   0.265   0.341   0.385     0.4     1.0     1.6     2.5     2.4
04128 20240306  2.622 -119.69   43.47     0.7   -12.1    -5.7    -4.8     0.0    14.42 C     1.7   -16.9    -6.3    89.6    63.6    79.1   0.207   0.286   0.267   0.342   0.386     0.4     1.0     1.6     2.4     2.3
04128 20240307  2.622 -119.69   43.47     1.4   -10.8    -4.7    -4.5     0.0    17.87 C     3.7   -13.5    -5.0    84.3    52.8    71.6   0.205   0.288   0.270   0.346   0.391     0.4     1.0     1.5     2.3     2.3
04128 20240308  2.622 -119.69   43.47     3.5   -14.2    -5.3    -4.6     0.0    18.00 C     6.4   -12.8    -3.7    86.7    56.4    74.4   0.204   0.289   0.272   0.348   0.394     0.5     1.0     1.5     2.2     2.2
04128 20240309  2.622 -119.69   43.47     6.6    -8.3    -0.9     0.0     0.0     9.96 C     8.3    -7.5    -0.8    86.3    39.4    68.6   0.199   0.291   0.274   0.350   0.398     0.5     0.9     1.5     2.2     2.2
04128 20240310  2.622 -119.69   43.47     7.4    -0.2     3.6     3.0     0.0     9.30 C     8.5    -1.3     2.0    78.2    46.8    59.9   0.203   0.295   0.278   0.354   0.401     1.3     1.1     1.5     2.1     2.1
04128 20240311  2.622 -119.69   43.47     5.7    -0.6     2.5     1.8     1.0     6.41 C     9.5    -1.3     1.8    92.5    51.7    75.2   0.192   0.296   0.281   0.358   0.405     1.7     1.6     1.9     2.2     2.1
04128 20240312  2.622 -119.69   43.47     7.1    -2.5     2.3     2.2     0.0    14.82 C    14.8    -3.0     2.8    84.6    35.7    67.7   0.197   0.295   0.281   0.359   0.406     2.5     2.3     2.3     2.3     2.3
04128 20240313  2.622 -119.69   43.47     5.2    -4.8     0.2    -0.3     0.0    15.05 C    14.3    -5.3     0.9    79.6    42.3    63.3   0.193   0.293   0.278   0.357   0.402     2.1     2.4     2.6     2.6     2.5
04128 20240314  2.622 -119.69   43.47    10.4    -5.7     2.3     1.7     0.0    19.20 C    18.2    -6.4     2.6    81.3    20.9    52.3   0.194   0.290   0.275   0.354   0.398     2.7     2.7     2.7     2.7     2.6
04128 20240315  2.622 -119.69   43.47    12.0    -6.4     2.8     3.1     0.0    19.33 C    20.5    -6.5     3.7    82.5    26.4    52.0   0.190   0.289   0.273   0.352   0.395     3.7     3.3     3.2     2.8     2.7
04128 20240316  2.622 -119.69   43.47    14.2    -7.3     3.4     3.6     0.0    19.63 C    23.6    -7.9     4.3    83.2    27.9    55.6   0.188   0.288   0.272   0.350   0.392     4.2     3.8     3.7     3.1     2.9
04128 20240317  2.622 -119.69   43.47    17.1    -1.7     7.7     6.9     0.0    19.44 C    27.7    -4.8     7.4    79.9    24.4    50.9   0.188   0.287   0.270   0.348   0.389     5.7     4.7     4.3     3.3     3.2
04128 20240318  2.622 -119.69   43.47    17.7    -3.5     7.1     6.5     0.0    19.59 C    29.3    -4.7     7.9    86.6    23.5    56.6   0.188   0.286   0.270   0.347   0.387     6.7     5.7     5.2     3.8     3.6
04128 20240319  2.622 -119.69   43.47    20.0    -3.4     8.3     8.9     0.0    19.93 C    31.8    -4.7     9.9    85.9    17.4    49.0   0.187   0.285   0.269   0.346   0.384     7.5     6.4     5.8     4.2     4.0
04128 20240320  2.622 -119.69   43.47    17.8    -0.6     8.6     9.9     0.0    17.10 C    30.4    -2.8    10.6    81.4    22.8    48.0   0.186   0.284   0.268   0.345   0.383     8.2     7.1     6.5     4.7     4.4
04128 20240321  2.622 -119.69   43.47    15.5     0.0     7.7     7.5     0.0    15.59 C    28.8    -1.4     9.0    86.3    25.3    54.8   0.184   0.282   0.266   0.344   0.380     8.3     7.5     6.9     5.3     4.9
04128 20240322  2.622 -119.69   43.47    15.7    -2.4     6.6     6.7     0.7    12.38 C    25.2    -3.0     7.4    87.6    16.8    55.9   0.182   0.280   0.264   0.343   0.378     7.2     6.9     6.8     5.6     5.3
04128 20240323  2.622 -119.69   43.47     9.5    -0.3     4.6     3.4     1.8    13.14 C    18.9    -0.7     4.9    92.3    36.7    71.2   0.181   0.278   0.262   0.341   0.376     6.4     6.5     6.5     5.7     5.5
04128 20240324  2.622 -119.69   43.47     6.8    -3.6     1.6     1.5     0.0    11.51 C    13.5    -5.1     2.1    91.5    44.4    72.5   0.179   0.277   0.260   0.339   0.373     4.4     5.2     5.7     5.6     5.4
04128 20240325  2.622 -119.69   43.47     8.5    -3.1     2.7     1.6     0.3    13.27 C    19.6    -4.8     3.1    89.3    36.3    72.1   0.178   0.275   0.258   0.337   0.371     4.0     4.6     5.0     5.3     5.2
04128 20240326  2.622 -119.69   43.47     9.0    -3.8     2.6     2.3     0.0    14.80 C    19.7    -5.3     3.5    87.5    26.8    59.0   0.178   0.273   0.257   0.335   0.368     4.3     4.6     4.9     5.1     5.0
04128 20240327  2.622 -119.69   43.47     9.7    -0.8     4.4     3.4     0.3     5.55 C    13.6    -1.5     3.4    91.3    44.9    72.5   0.177   0.272   0.256   0.334   0.366     4.2     4.6     4.9     5.0     4.9
04128 20240328  2.622 -119.69   43.47     7.7    -4.6     1.5     1.4     0.0    12.13 C    17.3    -6.1     2.2    91.9    33.1    66.6   0.176   0.271   0.254   0.333   0.365     3.7     4.2     4.6     4.9     4.8
04128 20240329  2.622 -119.69   43.47     6.7    -7.8    -0.6     1.1     0.3    11.33 C    14.8    -9.2     3.0    94.6    44.5    75.3   0.176   0.270   0.253   0.332   0.363     4.1     4.2     4.5     4.8     4.7
04128 20240330  2.622 -119.69   43.47    10.5    -1.6     4.5     3.8     0.3    10.62 C    25.6    -6.0     5.0    90.2    41.8    65.8   0.176   0.270   0.253   0.331   0.362     5.2     4.9     4.9     4.8     4.7
04128 20240331  2.622 -119.69   43.47     9.0    -4.5     2.2     2.3     0.0    18.27 C    23.4    -6.9     3.4    73.4    28.6    49.9   0.175   0.269   0.252   0.331   0.360     4.4     4.8     5.0     4.9     4.8
04128 20240401  2.622 -119.69   43.47    17.3    -2.2     7.6     7.5     0.0    21.19 C    28.5    -6.1     9.0    72.3    32.8    48.8   0.175   0.267   0.250   0.329   0.358     6.1     5.5     5.2     4.9     4.8
04128 20240402  2.622 -119.69   43.47    21.5    -0.9    10.3    11.6     0.0    21.20 C    36.0    -2.8    13.6    88.1    20.5    51.2   0.176   0.268   0.251   0.328   0.356     9.2     7.6     6.7     5.3     5.1
04128 20240403  2.622 -119.69   43.47    12.2     1.2     6.7     5.3     6.1     5.13 C    18.8    -0.7     5.5    93.4    50.5    78.4   0.177   0.268   0.251   0.328   0.356     7.5     7.8     7.6     6.0     5.7
04128 20240404  2.622 -119.69   43.47     5.0    -2.8     1.1     0.5     0.0    13.91 C    12.8    -2.7     2.6    94.4    43.7    75.0   0.179   0.269   0.252   0.328   0.356     5.3     6.0     6.4     6.1     5.9
04128 20240405  2.622 -119.69   43.47     4.0    -2.9     0.5    -0.5     0.0     9.62 C     9.1    -3.8     0.5    80.3    38.4    62.5   0.174   0.267   0.251   0.328   0.355     3.3     4.6     5.4     5.8     5.7
04128 20240406  2.622 -119.69   43.47     7.0    -6.5     0.2     0.3     0.0    14.42 C    20.7    -6.4     2.3    91.8    33.1    67.6   0.172   0.264   0.248   0.327   0.354     3.5     4.1     4.7     5.4     5.3
04128 20240407  2.622 -119.69   43.47     9.7    -6.9     1.4     1.2     0.0    16.29 C    24.5    -6.9     3.1    91.2    29.6    63.0   0.172   0.263   0.247   0.326   0.352     4.1     4.4     4.7     5.1     5.1
04128 20240408  2.622 -119.69   43.47    13.1    -4.2     4.5     4.4     0.0    20.94 C    28.2    -6.2     7.2    84.5    28.6    55.6   0.173   0.263   0.247   0.325   0.350     5.6     5.3     5.2     5.1     5.0
04128 20240409  2.622 -119.69   43.47    16.4    -1.5     7.4     7.3     0.0    21.65 C    30.4    -4.0     9.0    87.1    20.0    53.5   0.173   0.263   0.247   0.325   0.349     7.4     6.6     6.2     5.4     5.2
04128 20240410  2.622 -119.69   43.47    17.4    -3.7     6.9     6.4     0.0    23.91 C    34.4    -6.0    10.2    86.3    16.8    52.6   0.172   0.262   0.246   0.324   0.348     8.4     7.6     7.0     5.8     5.6
04128 20240411  2.622 -119.69   43.47    21.2    -3.0     9.1    10.0     0.0    21.17 C    35.1    -4.3    12.7    77.6    19.7    44.1   0.171   0.261   0.245   0.323   0.347     9.4     8.5     7.9     6.3     6.0
04128 20240412  2.622 -119.69   43.47    18.9    -1.4     8.8     8.8     2.8     9.49 C    25.2    -1.8     9.1    89.4    25.5    64.2   0.169   0.259   0.243   0.323   0.346     9.3     8.9     8.5     6.9     6.5
04128 20240413  2.622 -119.69   43.47    20.7     0.1    10.4    10.3     0.0    14.66 C    24.7    -0.4    10.4    93.5    24.0    66.0   0.169   0.257   0.241   0.322   0.345     9.1     8.5     8.2     7.1     6.9
04128 20240414  2.622 -119.69   43.47    15.5     4.6    10.1     9.1     5.6    14.48 C    32.5     3.9    11.3    91.0    35.0    71.6   0.169   0.257   0.241   0.322   0.343    10.2     9.4     8.8     7.4     7.1
04128 20240415  2.622 -119.69   43.47    12.9    -0.1     6.4     6.1     0.0    21.78 C    21.8    -1.8     7.5    91.4    37.4    65.6   0.172   0.258   0.241   0.321   0.342     8.6     8.8     8.6     7.6     7.4
04128 20240416  2.622 -119.69   43.47    13.1    -1.9     5.6     4.5     0.0    23.03 C    28.8    -2.9     8.1    82.7    28.3    54.9   0.170   0.257   0.240   0.321   0.341     8.4     8.4     8.3     7.5     7.4
04128 20240417  2.622 -119.69   43.47     9.1    -8.9     0.1     0.9     0.0    26.04 C    28.7    -8.4     6.1    85.9    21.6    48.7   0.167   0.255   0.239   0.320   0.340     7.8     8.3     8.2     7.5     7.4
04128 20240418  2.622 -119.69   43.47    11.8    -9.9     0.9     2.4     0.0    25.92 C    29.8    -9.8     6.3    75.1    18.1    43.3   0.166   0.253   0.237   0.318   0.339     7.8     8.1     8.1     7.5     7.3
04128 20240419  2.622 -119.69   43.47    15.9    -8.8     3.5     4.6     0.0    25.78 C    34.6    -8.9     9.0    77.3    17.4    43.4   0.165   0.251   0.236   0.318   0.337     8.8     8.4     8.2     7.5     7.3
04128 20240420  2.622 -119.69   43.47    21.6    -4.4     8.6     9.5     0.0    23.22 C    38.0    -5.1    13.7    77.0    15.7    43.8   0.164   0.250   0.235   0.317   0.335    10.3     9.5     8.9     7.7     7.5
04128 20240421  2.622 -119.69   43.47    12.7    -0.2     6.2     5.8     0.0    24.52 C    30.7    -3.2    10.4    78.6    17.6    45.2   0.161   0.247   0.234   0.316   0.334    10.6    10.3     9.8     8.2     7.9
04128 20240422  2.622 -119.69   43.47    17.7    -6.5     5.6     6.9     0.0    25.50 C    36.6    -7.4    11.2    73.9    16.5    38.2   0.157   0.243   0.231   0.316   0.333    10.4    10.0     9.6     8.4     8.2
04128 20240423  2.622 -119.69   43.47    21.5    -4.5     8.5    10.9     0.0    21.50 C    39.4    -5.1    14.8    75.4    17.5    38.7   0.155   0.240   0.229   0.315   0.332    11.6    10.7    10.1     8.6     8.3
04128 20240424  2.622 -119.69   43.47    18.8     5.2    12.0    11.2     0.0    18.53 C    36.9     4.2    14.6    54.1    17.6    39.4   0.153   0.238   0.228   0.314   0.330    13.0    11.9    11.1     9.1     8.8
04128 20240425  2.622 -119.69   43.47    12.2     1.9     7.0     7.4     0.9    14.47 C    23.4     0.5     9.4    81.5    38.5    60.5   0.147   0.233   0.225   0.314   0.328    10.8    11.0    10.9     9.5     9.1
04128 20240426  2.622 -119.69   43.47    12.5     2.1     7.3     6.3     0.0    19.43 C    28.8     0.3     9.7    83.3    33.1    62.0   0.145   0.229   0.222   0.312   0.326    10.1    10.1    10.1     9.4     9.2
04128 20240427  2.622 -119.69   43.47    13.3    -0.5     6.4     6.1     0.0    18.73 C    31.2    -2.7     9.6    88.2    21.4    58.2   0.143   0.226   0.220   0.311   0.325     9.5     9.8     9.8     9.2     9.1
04128 20240428  2.622 -119.69   43.47    15.5     0.1     7.8     7.3     0.0    23.31 C    32.6    -0.6    11.6    80.8    18.6    50.6   0.142   0.224   0.217   0.310   0.322    10.5    10.1     9.9     9.1     9.0
04128 20240429  2.622 -119.69   43.47     8.4    -6.1     1.1     2.4     1.0    20.88 C    23.9    -6.9     4.9    82.5    25.7    57.1   0.138   0.220   0.216   0.309   0.320     8.6     9.6     9.8     9.2     9.1
04128 20240430  2.622 -119.69   43.47     9.4    -9.3     0.1     1.4     0.0    20.53 C    28.2    -9.8     5.5    85.1    19.5    53.7   0.136   0.216   0.212   0.308   0.319     7.2     8.1     8.7     8.9     8.9
04128 20240501  2.622 -119.69   43.47    11.7    -5.5     3.1     3.9     0.0    24.76 C    33.3    -7.3    10.3    86.0    14.7    46.3   0.137   0.215   0.210   0.306   0.317     8.6     8.7     8.7     8.6     8.5
04128 20240502  2.622 -119.69   43.47    11.0    -2.7     4.1     3.9     5.5    16.84 C    19.4    -3.1     5.5    95.1    45.4    74.5   0.136   0.214   0.210   0.305   0.315     8.6     9.2     9.3     8.8     8.6
04128 20240503  2.622 -119.69   43.47    15.6    -5.0     5.3     7.1     0.0    25.53 C    29.7    -5.3    10.9    91.3    19.7    54.4   0.138   0.213   0.208   0.305   0.314     9.1     8.9     8.9     8.7     8.5
04128 20240504  2.622 -119.69   43.47     9.7    -0.2     4.8     6.0     7.5     3.14 C    11.2    -0.3     5.8    92.0    45.3    70.0   0.138   0.213   0.208   0.304   0.312     8.6     9.4     9.6     8.9     8.7
04128 20240505  2.622 -119.69   43.47     2.3    -1.0     0.6     0.3    10.8    10.24 C     0.6    -2.1    -0.3    92.1    73.5    87.0   0.157   0.213   0.206   0.303   0.312     4.3     6.4     7.8     8.6     8.6
04128 20240506  2.622 -119.69   43.47     8.8    -1.1     3.9     2.9     1.0    15.28 C    13.4    -3.5     2.6    87.1    51.5    71.5   0.202   0.258   0.227   0.303   0.310     4.6     5.3     6.3     7.8     7.9
04128 20240507  2.622 -119.69   43.47     8.4    -2.0     3.2     2.4     1.4    22.65 C    15.8    -3.6     3.7    89.7    37.3    62.6   0.190   0.270   0.247   0.310   0.314     5.2     5.8     6.3     7.3     7.4
04128 20240508  2.622 -119.69   43.47    12.1    -2.3     4.9     4.8     0.0    24.40 C    26.8    -3.5     7.5    82.4    34.0    56.0   0.183   0.264   0.243   0.313   0.316     6.8     6.7     6.8     7.2     7.2
04128 20240509  2.622 -119.69   43.47    19.4    -2.1     8.6     9.5     0.0    27.99 C    34.7    -3.4    13.6    80.5    28.1    52.3   0.179   0.261   0.241   0.313   0.318    10.1     8.9     8.2     7.4     7.3
04128 20240510  2.622 -119.69   43.47    21.7     1.2    11.4    12.7     0.0    28.09 C    40.7    -0.2    16.8    87.0    23.4    50.5   0.176   0.258   0.240   0.315   0.319    13.1    11.5    10.2     8.2     8.0
04128 20240511  2.622 -119.69   43.47    24.6     1.9    13.2    15.3     0.0    28.25 C    43.4     0.4    19.2    82.8    18.0    42.6   0.170   0.253   0.237   0.315   0.318    14.6    13.0    11.7     9.2     8.9
04128 20240512  2.622 -119.69   43.47    25.6     8.3    16.9    17.3     0.0    26.71 C    42.1     6.6    20.8    68.8    17.9    37.9   0.163   0.247   0.234   0.314   0.319    16.0    14.4    13.0    10.1     9.7
04128 20240513  2.622 -119.69   43.47    22.0     6.2    14.1    14.4     0.0    28.33 C    40.4     4.6    18.9    66.7    18.8    40.2   0.155   0.239   0.229   0.313   0.317    16.0    14.9    13.7    10.9    10.5
04128 20240514  2.622 -119.69   43.47    21.7     0.8    11.3    12.7     0.0    28.36 C    40.2    -0.3    17.6    84.9    20.4    45.6   0.148   0.230   0.224   0.312   0.316    15.6    14.9    13.9    11.4    11.1
04128 20240515  2.622 -119.69   43.47    23.7     5.1    14.4    14.6     0.0    28.19 C    42.0     2.6    19.2    68.6    21.8    42.9   0.141   0.222   0.218   0.310   0.313    16.0    15.1    14.1    11.7    11.5
04128 20240516  2.622 -119.69   43.47    25.6     6.2    15.9    16.7     0.0    29.25 C    42.6     4.5    20.7    69.0     9.3    36.8   0.134   0.212   0.213   0.307   0.310    16.8    15.6    14.6    12.1    11.8
04128 20240517  2.622 -119.69   43.47    16.9    -2.2     7.3     9.8     0.0    29.04 C    35.9    -2.9    14.9    79.9     9.9    37.8   0.126   0.203   0.207   0.305   0.308    15.6    15.4    14.7    12.5    12.2
04128 20240518  2.622 -119.69   43.47    20.7    -2.6     9.1    10.3     0.0    29.00 C    37.5    -3.0    15.3    60.5    11.0    28.3   0.119   0.193   0.200   0.303   0.305    14.4    14.4    14.1    12.5    12.3
04128 20240519  2.622 -119.69   43.47    13.3    -1.9     5.7     5.5     0.0    27.76 C    35.4    -2.6    12.2    76.8    22.8    45.6   0.114   0.186   0.195   0.301   0.302    13.4    13.9    13.7    12.5    12.2
04128 20240520  2.622 -119.69   43.47    14.9    -2.0     6.4     6.2     0.0    24.68 C    38.1    -4.1    11.3    80.7    20.3    47.8   0.111   0.181   0.191   0.298   0.299    12.7    13.2    13.1    12.3    12.1
04128 20240521  2.622 -119.69   43.47    17.8    -2.1     7.8     9.1     1.4    23.84 C    38.4    -3.6    14.4    88.3    17.5    49.0   0.109   0.176   0.186   0.296   0.296    12.9    13.0    12.9    12.1    11.9
04128 20240522  2.622 -119.69   43.47    11.8     2.4     7.1     6.9     0.2    21.74 C    24.9     1.8     9.9    87.3    24.4    56.6   0.106   0.173   0.184   0.294   0.293    12.0    12.8    12.9    12.1    11.9
04128 20240523  2.622 -119.69   43.47    16.4    -1.0     7.7     7.1     0.0    25.48 C    40.4    -1.6    13.4    81.7    23.7    53.9   0.106   0.169   0.180   0.292   0.291    12.9    12.5    12.4    11.9    11.7
04128 20240524  2.622 -119.69   43.47    19.2    -3.4     7.9     9.0     0.0    20.56 C    41.6    -4.1    13.7    87.4    19.7    54.0   0.104   0.167   0.178   0.289   0.287    13.1    13.1    12.9    11.9    11.7
04128 20240525  2.622 -119.69   43.47    16.9     0.6     8.8     9.2     0.0    27.04 C    36.7    -1.5    14.2    87.8    18.9    48.2   0.102   0.164   0.174   0.288   0.285    13.7    13.4    13.0    12.0    11.8
04128 20240526  2.622 -119.69   43.47    20.5     0.2    10.3    10.9     0.0    29.15 C    41.3    -2.5    17.1    73.4    22.5    45.1   0.101   0.161   0.171   0.285   0.281    14.7    14.0    13.4    12.1    11.9
04128 20240527  2.622 -119.69   43.47    25.5     2.7    14.1    15.7     0.0    24.46 C    47.9     1.2    20.9    77.4    18.8    40.7   0.098   0.160   0.168   0.282   0.278    16.4    15.3    14.3    12.5    12.2
04128 20240528  2.622 -119.69   43.47    23.3     3.8    13.6    14.6     0.0    24.56 C    43.4     3.1    19.1    74.0    27.0    48.6   0.095   0.157   0.165   0.279   0.275    17.0    16.1    15.1    13.0    12.6
04128 20240529  2.622 -119.69   43.47    17.7     0.7     9.2     9.3     0.0    29.98 C    38.4    -2.4    15.9    86.0    12.1    47.6   0.090   0.153   0.161   0.276   0.272    15.6    15.5    15.0    13.3    12.9
04128 20240530  2.622 -119.69   43.47    18.7    -4.0     7.4     9.3     0.0    30.11 C    40.1    -4.5    16.0    84.6    19.3    43.7   0.088   0.150   0.157   0.273   0.268    15.3    15.2    14.7    13.3    13.0
04128 20240531  2.622 -119.69   43.47    22.1     0.6    11.4    12.1     0.0    29.94 C    44.1    -1.1    19.0    65.9    18.0    37.6   0.086   0.149   0.154   0.269   0.263    16.7    15.8    15.1    13.4    13.1
04128 20240601  2.622 -119.69   43.47    22.2     3.4    12.8    13.8     0.0    20.10 C    36.0     0.7    17.0    67.6    23.0    41.2   0.083   0.146   0.151   0.266   0.259    16.4    15.9    15.4    13.7    13.4
04128 20240602  2.622 -119.69   43.47    20.3     8.1    14.2    13.6     0.3    16.09 C    36.2     8.1    16.7    70.9    31.2    57.4   0.082   0.149   0.148   0.262   0.255    16.1    13.4    15.3    13.8    13.5
04128 20240603  2.622 -119.69   43.47    19.2     9.7    14.4    13.2     0.3    18.33 C    34.6     8.8    16.2    88.6    21.5    51.0   0.081   0.157   0.146   0.259   0.251    15.5     6.4    15.0    13.8    13.5
04128 20240604  2.622 -119.69   43.47    24.8     7.9    16.4    15.7     0.0    21.96 C    41.1     6.9    19.6    76.0    32.7    52.2   0.081   0.156   0.144   0.254   0.247    16.7     5.9    15.0    13.8    13.5
04128 20240605  2.622 -119.69   43.47    26.9     3.4    15.1    17.2     0.0    28.74 C    47.9     2.8    22.9    89.0    13.0    42.1   0.081   0.156   0.143   0.249   0.243    18.3     6.6    15.9    13.9    13.6
04128 20240606  2.622 -119.69   43.47    30.9    10.6    20.8    21.5     0.0    28.29 C    52.9     8.0    27.1    53.3    18.9    32.5   0.080   0.156   0.142   0.243   0.237    20.5     7.8    17.0    14.4    14.0
04128 20240607  2.622 -119.69   43.47    30.9    11.0    20.9    20.8     0.3    26.73 C    52.0     8.6    25.9    76.8    18.8    36.9   0.078   0.156   0.141   0.237   0.231    21.3     8.4    18.2    15.1    14.6
04128 20240608  2.622 -119.69   43.47    29.5     9.3    19.4    18.9     0.9    19.83 C    46.5     8.0    22.2    83.9    23.6    51.3   0.076   0.153   0.139   0.232   0.225    20.3     8.0    18.4    15.6    15.1
04128 20240609  2.622 -119.69   43.47    24.0    10.0    17.0    16.2     0.7    17.12 C    42.7     7.9    18.1    89.9    33.2    61.0   0.074   0.151   0.137   0.228   0.221    18.6     6.7    17.9    15.8    15.4
04128 20240610  2.622 -119.69   43.47    26.0     7.3    16.7    16.8     0.0    30.59 C    47.7     5.5    22.5    73.8    12.4    38.9   0.074   0.150   0.135   0.222   0.216    19.2     6.2    17.4    15.6    15.3
04128 20240611  2.622 -119.69   43.47    28.4     8.1    18.2    19.5     0.0    30.50 C    48.2     5.8    24.3    57.4    15.2    30.1   0.073   0.150   0.134   0.216   0.210    20.4     6.2    18.1    15.8    15.4
04128 20240612  2.622 -119.69   43.47    27.4     0.1    13.7    16.7     0.0    31.23 C    50.2    -1.3    23.1    77.1     8.4    30.2   0.070   0.149   0.133   0.210   0.204    20.3     5.5    18.4    16.0    15.6
04128 20240613  2.622 -119.69   43.47    30.5     9.3    19.9    20.1     0.0    30.48 C    51.9     6.5    26.5    40.3    10.9    22.7   0.069   0.146   0.132   0.203   0.198    21.5     8.1    18.8    16.3    15.9
04128 20240614  2.622 -119.69   43.47    22.8     6.3    14.6    15.0     0.0    27.11 C    46.1     2.9    20.4    59.9    16.7    33.0   0.066   0.147   0.132   0.198   0.193    20.2     5.5    19.1    16.6    16.1
04128 20240615  2.622 -119.69   43.47    16.9     1.4     9.2     9.8     0.0    30.43 C    37.5    -0.9    16.3    68.3    12.8    39.9   0.062   0.144   0.130   0.195   0.190    18.3     4.2    18.3    16.6    16.2
04128 20240616  2.622 -119.69   43.47    14.7    -4.8     4.9     5.8     0.8    16.93 C    35.2    -5.3    10.8    91.8    19.1    55.8   0.059   0.140   0.127   0.193   0.187    15.4     2.4    17.1    16.3    16.1
04128 20240617  2.622 -119.69   43.47    14.8     0.4     7.6     6.6     0.0    22.13 C    36.9    -0.3    11.0    89.9    27.8    56.9   0.058   0.133   0.125   0.193   0.185    14.0     6.0    15.7    15.7    15.6
04128 20240618  2.622 -119.69   43.47    20.2     0.3    10.2    10.1     0.0    27.84 C    46.3    -1.3    16.7    83.3    16.1    43.2   0.059   0.136   0.124   0.190   0.182    15.8     3.6    15.5    15.2    15.1
04128 20240619  2.622 -119.69   43.47    25.0    -1.7    11.6    14.5     0.0    28.23 C    49.2    -2.9    20.0    66.9     9.3    27.5   0.060   0.137   0.125   0.187   0.179    17.3     3.9    16.1    15.2    15.0
04128 20240620  2.622 -119.69   43.47    27.7     1.0    14.3    17.7     0.0    28.87 C    50.9    -0.1    23.4    49.3    10.8    23.8   0.060   0.139   0.126   0.184   0.177    19.3     3.8    17.0    15.4    15.2
04128 20240621  2.622 -119.69   43.47    30.3    11.1    20.7    21.2     0.0    29.35 C    52.2     8.4    27.0    48.5     9.8    26.2   0.060   0.141   0.127   0.180   0.174    21.7     5.1    18.2    15.9    15.5
04128 20240622  2.622 -119.69   43.47    33.7     9.9    21.8    23.4     0.0    29.94 C    54.8     7.5    29.3    49.4     9.7    24.4   0.060   0.141   0.128   0.177   0.171    23.1     6.3    19.3    16.4    16.0
04128 20240623  2.622 -119.69   43.47    31.8     9.5    20.7    21.4     0.0    30.43 C    53.3     8.6    27.2    57.4     7.4    27.5   0.058   0.142   0.128   0.175   0.170    23.5     7.6    20.1    17.1    16.6
04128 20240624  2.622 -119.69   43.47    31.8     6.1    18.9    20.6     0.0    30.57 C    53.2     4.7    26.8    51.2    10.6    25.6   0.055   0.141   0.127   0.173   0.168    23.3     7.4    20.4    17.5    17.0
04128 20240625  2.622 -119.69   43.47    32.5     9.1    20.8    22.0     0.0    24.98 C    53.8     6.5    26.5    46.1     7.0    23.4   0.054   0.140   0.127   0.171   0.167    23.3     7.6    20.7    17.8    17.3
04128 20240626  2.622 -119.69   43.47    30.2    12.2    21.2    21.6     0.0    25.48 C    49.0     9.5    26.1    45.9     9.8    25.3   0.052   0.138   0.126   0.169   0.165    23.2     6.9    20.7    18.0    17.6
04128 20240627  2.622 -119.69   43.47    23.0     3.2    13.1    14.1     0.0    30.61 C    45.5     0.6    21.4    80.7    16.7    42.2   0.049   0.136   0.124   0.169   0.164    21.6     6.9    20.3    18.1    17.7
04128 20240628  2.622 -119.69   43.47    25.7     3.3    14.5    15.8     0.0    30.03 C    49.7     1.7    23.6    81.0    17.1    40.4   0.049   0.135   0.124   0.167   0.163    22.1     6.2    20.0    18.0    17.7
04128 20240629  2.622 -119.69   43.47    29.1    11.2    20.1    19.3     0.0    22.25 C    54.0     9.2    24.7    60.3    15.2    33.4   0.049   0.134   0.124   0.165   0.161    22.3     8.4    20.4    18.1    17.8
04128 20240630  2.622 -119.69   43.47    25.1     9.3    17.2    17.6     0.0    28.11 C    46.9     8.3    24.1    76.7    16.4    44.5   0.048   0.132   0.123   0.165   0.160    22.3     6.9    20.3    18.3    17.8
04128 20240701  2.622 -119.69   43.47    25.9     8.1    17.0    17.4     0.0    30.24 C    48.1     5.7    23.8    75.6    14.1    39.6   0.047   0.131   0.122   0.164   0.159    22.4     5.8    20.4    18.3    17.9
04128 20240702  2.622 -119.69   43.47 -9999.0 -9999.0 -9999.0 -9999.0 -9999.0 -9999.00 U -9999.0 -9999.0 -9999.0 -9999.0 -9999.0 -9999.0 -99.000 -99.000 -99.000 -99.000 -99.000 -9999.0 -9999.0 -9999.0 -9999.0 -9999.0
