53132 20240101  2.622 -110.51   31.59    17.3    -4.3     6.5     5.7     0.0    10.50 C    24.7    -6.0     4.7    78.7    12.8    46.2   0.073   0.090   0.133   0.154   0.133     6.2     6.6     7.6     8.7     9.0
53132 20240102  2.622 -110.51   31.59    12.4    -1.2     5.6     5.2     0.0    12.55 C    27.1    -2.2     6.8    92.4    40.0    69.6   0.072   0.091   0.134   0.154   0.128     8.4     8.1     8.5     9.2     9.5
53132 20240103  2.622 -110.51   31.59    16.2    -2.6     6.8     6.7     0.0    12.50 C    25.0    -4.3     7.4    91.2    20.0    57.6   0.069   0.090   0.133   0.154   0.125     8.1     7.9     8.4     9.2     9.5
53132 20240104  2.622 -110.51   31.59     8.0    -3.2     2.4     2.5     2.6    13.00 C    15.7    -4.1     3.4    95.1    41.2    72.6   0.065   0.089   0.132   0.154   0.128     6.5     7.5     8.5     9.4     9.7
53132 20240105  2.622 -110.51   31.59     9.6    -5.3     2.2     0.6     0.0    12.39 C    19.0    -5.6     2.2    92.0    35.3    71.7   0.068   0.087   0.130   0.152   0.122     5.0     5.7     6.9     8.2     8.5
53132 20240106  2.622 -110.51   31.59    10.6    -6.5     2.1     1.6     0.0    13.68 C    20.7    -7.0     2.4    89.1    21.5    58.4   0.069   0.087   0.130   0.151   0.121     4.9     5.4     6.5     7.6     8.1
53132 20240107  2.622 -110.51   31.59    11.9    -5.5     3.2     3.9     4.4     9.25 C    16.5    -8.2     2.3    93.2     8.4    42.5   0.065   0.087   0.129   0.152   0.123     4.9     5.5     6.5     7.6     8.0
53132 20240108  2.622 -110.51   31.59     1.7    -8.8    -3.6    -3.5     0.0    13.76 C     6.7   -13.8    -4.3    81.4    43.9    64.7   0.067   0.086   0.128   0.150   0.119     3.2     4.4     5.8     7.1     7.6
53132 20240109  2.622 -110.51   31.59     9.3   -10.5    -0.6    -1.2     0.0    13.65 C    16.4    -9.2    -0.4    85.6    19.4    56.5 -99.000   0.084   0.126   0.148   0.119     1.9     3.0     4.4     5.9     6.5
53132 20240110  2.622 -110.51   31.59    14.3    -3.5     5.4     6.3     0.0    13.74 C    19.7    -5.2     3.7    67.6    17.6    34.0 -99.000   0.085   0.126   0.146   0.117     4.1     4.1     4.9     6.0     6.5
53132 20240111  2.622 -110.51   31.59     8.1    -6.0     1.0     3.0     2.0     8.65 C    12.4    -6.4     1.6    86.9    29.4    58.4   0.070   0.086   0.127   0.149   0.115     3.5     4.3     5.4     6.5     6.9
53132 20240112  2.622 -110.51   31.59    11.6    -8.4     1.6     0.4     0.0    13.91 C    19.2    -8.7     0.5    83.0    11.0    49.2 -99.000   0.085   0.125   0.147   0.116     2.6     3.3     4.4     5.7     6.2
53132 20240113  2.622 -110.51   31.59    16.4    -4.0     6.2     5.6     0.0    13.96 C    23.6    -6.5     4.2    66.0    11.7    33.9 -99.000   0.086   0.126   0.147   0.116     4.7     4.4     5.0     5.9     6.4
53132 20240114  2.622 -110.51   31.59    17.1     0.0     8.5     9.8     0.0    13.85 C    24.7    -2.9     7.8    57.3    20.0    29.7   0.073   0.088   0.128   0.147   0.116     7.4     6.6     6.7     7.3     7.5
53132 20240115  2.622 -110.51   31.59    17.1    -3.5     6.8     6.4     0.0    14.17 C    27.0    -5.8     5.8    75.2    16.0    46.7   0.070   0.089   0.128   0.147   0.119     7.2     6.8     7.2     7.9     8.1
53132 20240116  2.622 -110.51   31.59    17.8    -2.7     7.6     5.9     0.0    13.21 C    27.6    -5.4     5.6    74.8    13.1    45.6   0.068   0.089   0.128   0.149   0.117     7.1     6.9     7.4     8.1     8.3
53132 20240117  2.622 -110.51   31.59    19.9    -1.7     9.1     9.6     0.0    13.96 C    27.5    -4.6     7.8    62.3    10.9    31.8   0.066   0.090   0.128   0.151   0.119     7.9     7.4     7.7     8.4     8.6
53132 20240118  2.622 -110.51   31.59    20.5     3.9    12.2    11.5     0.0    14.11 C    30.7    -0.4    10.3    58.0    14.5    29.3   0.065   0.091   0.129   0.149   0.120    10.0     9.1     9.0     9.3     9.5
53132 20240119  2.622 -110.51   31.59    21.0    -0.3    10.4    10.0     0.0    12.30 C    31.0    -2.9     9.1    71.1    16.5    41.6   0.061   0.091   0.129   0.151   0.120     9.7     9.2     9.3     9.8     9.9
53132 20240120  2.622 -110.51   31.59    20.6     2.0    11.3    11.6     0.0     8.57 C    32.4    -1.6    10.0    65.5    10.7    33.0   0.059   0.091   0.129   0.152   0.119     9.7     9.4     9.5    10.1    10.2
53132 20240121  2.622 -110.51   31.59    13.3     5.6     9.4     8.6    18.0     5.04 C    15.6     5.4     8.6    94.6    37.7    74.8   0.077   0.094   0.131   0.154   0.130     9.6     9.8    10.0    10.4    10.5
53132 20240122  2.622 -110.51   31.59    11.8     3.1     7.4     7.6     3.0     5.66 C    13.5     2.7     7.7    95.8    54.4    82.3   0.129   0.120   0.166   0.137   0.158     8.2     8.7     9.1     9.7     9.9
53132 20240123  2.622 -110.51   31.59     9.5     3.2     6.4     5.8     9.2     6.83 C    14.2     3.3     6.9    94.6    62.7    84.2   0.148   0.129   0.174   0.147   0.161     7.9     8.4     8.8     9.4     9.6
53132 20240124  2.622 -110.51   31.59    11.0     2.6     6.8     6.0     0.0     7.37 C    21.4     2.3     7.4    94.8    52.1    79.5   0.143   0.137   0.168   0.157   0.163     8.2     8.5     8.6     9.2     9.5
53132 20240125  2.622 -110.51   31.59    14.0     0.7     7.3     6.9     0.0    10.90 C    20.6     0.0     7.1    94.9    45.3    73.4   0.131   0.136   0.162   0.162   0.160     7.9     8.2     8.5     9.1     9.4
53132 20240126  2.622 -110.51   31.59    12.8    -1.0     5.9     5.6     0.0    15.07 C    21.6    -1.7     6.4    94.3    36.6    73.3   0.124   0.136   0.159   0.165   0.174     8.0     8.0     8.4     9.0     9.3
53132 20240127  2.622 -110.51   31.59    15.6     0.0     7.8     7.6     0.0    15.32 C    21.4    -1.8     6.5    93.3    29.4    55.7   0.119   0.134   0.158   0.166   0.170     7.8     7.6     8.2     8.8     9.1
53132 20240128  2.622 -110.51   31.59    18.1    -1.8     8.1     8.0     0.0    14.14 C    25.1    -3.2     7.1    86.1    23.8    53.7   0.115   0.132   0.157   0.168   0.170     8.3     8.0     8.4     9.0     9.2
53132 20240129  2.622 -110.51   31.59    20.9     0.2    10.5     9.6     0.0    15.01 C    29.4    -2.0     9.3    82.6    19.0    51.4   0.114   0.131   0.158   0.166   0.168     9.8     9.0     9.1     9.5     9.6
53132 20240130  2.622 -110.51   31.59    19.8     2.9    11.3    11.0     0.0    12.57 C    28.8     0.8    10.5    80.6    19.1    50.7   0.111   0.130   0.159   0.169   0.167    10.8    10.0    10.1    10.3    10.4
53132 20240131  2.622 -110.51   31.59    20.0     1.4    10.7    10.0     0.0    14.90 C    31.6     0.1    10.8    92.1    25.4    62.8   0.109   0.129   0.160   0.168   0.166    11.5    10.6    10.5    10.8    10.8
53132 20240201  2.622 -110.51   31.59    19.6     5.3    12.5    13.0     1.0    15.44 C    27.8     3.1    12.7    84.1    25.0    53.1   0.107   0.128   0.162   0.171   0.168    12.4    11.5    11.3    11.5    11.6
53132 20240202  2.622 -110.51   31.59     7.9     1.4     4.7     4.5    15.7     6.12 C    11.9     0.9     5.5    92.8    66.0    86.6   0.136   0.145   0.178   0.182   0.199     8.0     9.2    10.3    10.9    11.1
53132 20240203  2.622 -110.51   31.59    10.8    -1.9     4.5     4.4     0.0    16.43 C    20.0    -1.7     5.2    91.8    38.2    69.7   0.142   0.154   0.177 -99.000   0.195     7.1     7.6     8.3     9.2     9.5
53132 20240204  2.622 -110.51   31.59    16.2    -2.6     6.8     5.6     0.0    15.56 C    25.0    -2.5     6.6    90.6    22.2    60.2   0.133   0.149   0.171 -99.000   0.188     8.0     7.7     8.1     8.8     9.1
53132 20240205  2.622 -110.51   31.59    21.7    -2.9     9.4     9.4     0.0    16.40 C    27.9    -3.8     8.8    88.3    12.8    48.1   0.130   0.146   0.170 -99.000   0.184     9.3     8.5     8.7     9.2     9.5
53132 20240206  2.622 -110.51   31.59    18.8     6.0    12.4    11.5     6.9     4.48 C    22.0     5.1     9.5    92.4    18.1    47.1   0.127   0.144   0.171 -99.000   0.177     9.4     9.3     9.7    10.1    10.2
53132 20240207  2.622 -110.51   31.59     9.5     0.6     5.1     4.7     7.5    12.28 C    15.5    -0.5     5.3    90.6    47.3    76.1   0.152   0.166   0.188 -99.000   0.203     7.2     7.9     8.6     9.4     9.6
53132 20240208  2.622 -110.51   31.59    11.5    -0.2     5.7     5.5     0.3    16.47 C    18.4    -1.9     5.4    89.8    32.1    61.3   0.143   0.161   0.193 -99.000   0.198     6.4     6.6     7.3     8.2     8.6
53132 20240209  2.622 -110.51   31.59    12.6    -0.5     6.0     5.1     0.2    14.68 C    24.4    -0.1     7.5    97.7    25.5    73.5   0.138   0.155   0.194 -99.000   0.195     8.7     8.2     8.2     8.6     8.9
53132 20240210  2.622 -110.51   31.59     3.7    -2.4     0.7     1.0     9.3     6.06 C     3.2    -3.0     0.6    97.0    67.1    84.3   0.142   0.161   0.198 -99.000   0.197     4.0     5.7     7.1     8.2     8.5
53132 20240211  2.622 -110.51   31.59     7.9    -3.6     2.2     1.8     0.2    17.60 C    19.0    -3.4     4.6    94.3    41.2    74.7   0.147   0.166   0.209 -99.000   0.207     6.2     6.2     6.3     7.1     7.5
53132 20240212  2.622 -110.51   31.59    14.4    -5.9     4.3     3.1     0.0    18.02 C    22.8    -5.9     4.4    91.2    18.9    60.6   0.137   0.159   0.208 -99.000   0.194     6.3     6.2     6.6     7.4     7.7
53132 20240213  2.622 -110.51   31.59    17.4    -3.7     6.8     6.1     0.0    17.93 C    28.3    -5.3     6.7    82.5    13.2    46.5   0.135   0.155   0.211 -99.000   0.188     7.5     6.9     7.2     7.8     8.0
53132 20240214  2.622 -110.51   31.59    17.6    -2.1     7.8     7.4     0.0    18.06 C    30.5    -3.5     8.5    81.0    10.3    45.0   0.133   0.152   0.215 -99.000   0.182     8.9     8.1     8.2     8.6     8.7
53132 20240215  2.622 -110.51   31.59    19.8    -2.5     8.7     7.9     0.0    17.92 C    33.8    -3.8     8.9    72.2     9.0    42.0   0.129   0.150   0.217 -99.000   0.183     9.4     8.6     8.7     9.1     9.3
53132 20240216  2.622 -110.51   31.59    18.8    -1.1     8.8     8.1     0.0    18.16 C    33.3    -3.3     9.7    78.7    13.6    45.9   0.126   0.148   0.219 -99.000   0.182    10.1     9.3     9.3     9.7     9.7
53132 20240217  2.622 -110.51   31.59    20.2    -1.2     9.5     8.4     0.0    17.80 C    35.4    -2.2    10.7    86.0    17.3    52.1   0.122   0.145   0.220 -99.000   0.183    10.8     9.9     9.8    10.1    10.2
53132 20240218  2.622 -110.51   31.59    21.0     1.1    11.0    10.6     0.0    17.84 C    32.3    -0.9    11.2    77.3    14.9    43.9   0.119   0.143   0.220 -99.000   0.187    11.3    10.6    10.5    10.7    10.7
53132 20240219  2.622 -110.51   31.59    21.9     1.9    11.9    11.6     0.0    16.12 C    35.8    -2.2    11.0    65.1     8.8    31.8   0.114   0.141   0.220 -99.000   0.179    10.9    10.4    10.5    10.8    10.9
53132 20240220  2.622 -110.51   31.59    24.4     2.5    13.5    14.4     0.0    19.30 C    35.5     0.0    13.9    43.3     5.8    17.6   0.114   0.138   0.220 -99.000   0.183    12.6    11.7    11.3 -9999.0    11.5
53132 20240221  2.622 -110.51   31.59    18.0     2.1    10.1    10.7     0.0    13.55 C    30.1    -1.0    10.0    84.9    16.4    34.0   0.108   0.135   0.220 -99.000   0.179    11.5    11.4    11.6    11.7    11.8
53132 20240222  2.622 -110.51   31.59    17.3    -0.9     8.2     8.0     0.0    18.87 C    37.9    -2.4    12.3    94.6    30.6    64.7   0.105   0.132   0.219 -99.000   0.177    12.4    11.7    11.5    11.7    11.7
53132 20240223  2.622 -110.51   31.59    18.5     0.3     9.4     9.1     0.0    12.32 C    31.4     0.1    10.0    91.3    24.3    56.4   0.100   0.129   0.219 -99.000   0.174    11.5    11.5    11.6    12.0    11.9
53132 20240224  2.622 -110.51   31.59    24.2     1.8    13.0    12.4     0.0    15.26 C    35.5    -1.8    13.0    68.9    10.1    37.5   0.099   0.126   0.217 -99.000   0.172    12.1    11.6    11.4    11.7    11.8
53132 20240225  2.622 -110.51   31.59    26.4     6.1    16.2    16.9     0.0    16.98 C    41.5     2.2    17.0    52.5    14.0    29.4   0.100   0.124   0.217 -99.000   0.170    14.7    13.5    12.7    12.7    12.7
53132 20240226  2.622 -110.51   31.59    23.8    10.2    17.0    17.0     0.0    11.00 C    37.0     6.9    16.4    49.7    18.3    30.2   0.096   0.122   0.217 -99.000   0.173    14.8    14.1    13.6    13.6    13.5
53132 20240227  2.622 -110.51   31.59    17.6     8.1    12.8    13.6     0.0    10.39 C    27.5     5.7    14.0    72.2    31.8    45.4   0.092   0.120   0.216 -99.000   0.182    14.3    14.0    13.8    13.8    13.8
53132 20240228  2.622 -110.51   31.59    17.5     2.7    10.1     8.3     3.4     9.42 C    34.0     1.4    10.0    91.6    33.0    75.7   0.085   0.117   0.213 -99.000   0.174    11.8    12.3    12.7    13.2    13.2
53132 20240229  2.622 -110.51   31.59    16.8     0.9     8.8     8.3     0.0    19.66 C    32.8     0.4    11.6    93.6    33.4    68.2   0.087   0.115   0.211 -99.000   0.173    12.3    12.0    11.9    12.3    12.4
53132 20240301  2.622 -110.51   31.59    20.8    -0.1    10.4    10.2     0.0    20.80 C    36.6    -0.6    12.9    91.1    11.1    50.4   0.090   0.115   0.210 -99.000   0.174    13.0    12.5    12.3    12.6    12.7
53132 20240302  2.622 -110.51   31.59    20.5     4.5    12.5    13.0     0.0    20.84 C    34.4     2.3    14.1    60.1    10.9    27.7   0.089   0.114   0.209 -99.000   0.173    13.6    13.0    12.8    13.1    13.1
53132 20240303  2.622 -110.51   31.59    20.1     6.1    13.1    12.3     0.0    20.51 C    34.5     2.9    13.9    69.2    16.0    30.5   0.086   0.112   0.208 -99.000   0.175    13.9    13.4    13.1    13.3    13.4
53132 20240304  2.622 -110.51   31.59    18.2     3.0    10.6    10.4     0.0    20.77 C    35.7     0.7    13.5    87.9    18.0    52.4   0.083   0.111   0.207 -99.000   0.173    14.1    13.7    13.4    13.6    13.6
53132 20240305  2.622 -110.51   31.59    20.3    -0.2    10.0    10.0     0.0    18.63 C    39.0    -1.7    13.1    83.3    13.4    43.6   0.078   0.109   0.205 -99.000   0.177    13.7    13.4    13.2    13.6    13.6
53132 20240306  2.622 -110.51   31.59    17.1     5.8    11.4    12.3     0.0     7.85 C    24.9     4.3    12.3    51.0    15.3    29.4   0.073   0.106   0.203 -99.000   0.171    12.7    12.9    13.1    13.5    13.6
53132 20240307  2.622 -110.51   31.59    14.0     0.1     7.0     6.6     6.5    14.81 C    30.2    -3.4     9.1    93.4    31.9    57.3   0.070   0.104   0.200 -99.000   0.167    11.4    11.9    12.2    12.8    12.9
53132 20240308  2.622 -110.51   31.59    11.6     1.1     6.3     5.6     4.3    12.99 C    24.3     0.9     8.0    93.8    47.8    80.7   0.092   0.112   0.198 -99.000   0.168    10.2    11.0    11.5    12.2    12.3
53132 20240309  2.622 -110.51   31.59    15.9    -1.9     7.0     7.3     0.0    21.15 C    32.9    -1.9    10.7    95.8    27.3    63.0   0.103   0.117   0.198 -99.000   0.169    11.4    11.1    11.0    11.5    11.7
53132 20240310  2.622 -110.51   31.59    18.3     2.3    10.3    10.1     0.0    21.77 C    33.8    -0.2    12.0    75.6    18.3    43.3   0.102   0.118   0.199 -99.000   0.170    12.6    12.2    12.0 -9999.0    12.3
53132 20240311  2.622 -110.51   31.59    21.0     1.6    11.3    10.9     0.0    19.94 C    37.7    -0.9    12.5    73.3    12.4    36.9   0.098   0.117   0.200 -99.000   0.167    12.9    12.5    12.4    12.7    12.7
53132 20240312  2.622 -110.51   31.59    21.1     1.3    11.2    11.4     0.0    21.79 C    39.0    -0.7    13.7    69.9    13.4    33.3   0.094   0.116   0.200 -99.000   0.169    13.7    13.1    12.8    13.1    13.1
53132 20240313  2.622 -110.51   31.59    19.4     5.4    12.4    12.1     0.0    21.42 C    34.3     2.7    14.1    75.3    21.0    39.0   0.088   0.114   0.200 -99.000   0.179    14.2    13.6    13.3    13.6    13.5
53132 20240314  2.622 -110.51   31.59    18.2     2.9    10.5    11.2     0.0    20.81 C    36.5     1.6    13.9    84.3    22.8    47.7   0.082   0.111   0.199 -99.000   0.172    14.0    13.6    13.4    13.7    13.7
53132 20240315  2.622 -110.51   31.59    15.0     2.8     8.9     9.6     0.0    12.92 C    26.8     1.4    10.6    88.5    37.9    57.3   0.076   0.108   0.198 -99.000   0.166    12.5    12.9    13.2    13.6    13.6
53132 20240316  2.622 -110.51   31.59    15.4    -1.4     7.0     6.7     0.0    22.31 C    39.9    -2.5    12.5    95.7    21.9    60.2   0.075   0.106   0.196 -99.000   0.167    13.3    13.0    12.7    13.0    13.1
53132 20240317  2.622 -110.51   31.59    15.8    -2.2     6.8     6.6     0.0    22.74 C    39.8    -3.0    12.3    87.2    23.6    55.2   0.073   0.104   0.195 -99.000   0.167    13.5    13.3    13.0    13.4    13.3
53132 20240318  2.622 -110.51   31.59    19.6    -2.2     8.7     8.7     0.0    20.50 C    38.5    -2.5    11.7    88.3    14.2    51.1   0.069   0.101   0.194 -99.000   0.168    13.1    13.1    13.0    13.5    13.4
53132 20240319  2.622 -110.51   31.59    19.8    -0.4     9.7     9.4     0.0    23.22 C    40.2    -2.0    13.9    88.7    14.0    47.8   0.068   0.099   0.193 -99.000   0.176    14.4    13.9    13.5 -9999.0    13.7
53132 20240320  2.622 -110.51   31.59    18.1     1.9    10.0    10.4     0.0    15.90 C    42.7     0.7    14.5    74.5    20.8    46.0   0.065   0.098   0.192 -99.000   0.180    14.6    14.3    13.9    14.1    14.1
53132 20240321  2.622 -110.51   31.59    19.0     3.7    11.4    11.2     0.0    20.86 C    41.0     1.1    14.7    70.3    25.7    45.7   0.063   0.096   0.191 -99.000   0.166    15.3    14.8    14.3    14.5    14.4
53132 20240322  2.622 -110.51   31.59    22.8     1.8    12.3    12.4     0.0    22.24 C    43.9    -0.4    16.7    75.4    11.6    40.2   0.062   0.094   0.189 -99.000   0.160    16.3    15.5    14.7    14.9    14.8
53132 20240323  2.622 -110.51   31.59    20.3     7.0    13.7    13.8     0.0    12.58 C    30.6     5.5    14.4    52.7    14.0    30.0   0.056   0.090   0.189 -99.000   0.146    15.2    15.1    15.0    15.3    15.2
53132 20240324  2.622 -110.51   31.59    11.6     0.4     6.0     6.5     5.6    18.78 C    22.4     0.7     8.2    94.2    30.0    64.9   0.053   0.086   0.184 -99.000   0.132    12.0    13.0    13.7    14.3    14.4
53132 20240325  2.622 -110.51   31.59    11.5     0.6     6.1     5.1     1.0    16.99 C    24.2     1.0     7.8    94.7    38.5    71.7   0.054   0.084   0.180 -99.000   0.127    10.3    11.2    11.8    12.7    13.0
53132 20240326  2.622 -110.51   31.59    14.0     2.0     8.0     6.9     2.1    22.06 C    30.2     0.1    10.4    93.2    28.5    63.4   0.058   0.084   0.179 -99.000   0.122    11.6    11.6    11.7    12.3    12.5
53132 20240327  2.622 -110.51   31.59    16.7    -0.3     8.2     8.0     0.0    24.41 C    34.4    -0.4    12.4    93.2    20.7    60.2   0.063   0.085   0.179 -99.000   0.117    13.5    12.9    12.5    12.9    12.9
53132 20240328  2.622 -110.51   31.59    24.3    -0.5    11.9    12.4     0.0    22.43 C    42.4    -1.5    15.6    83.8    11.9    41.3   0.067   0.085   0.179 -99.000   0.117    15.0    14.0    13.4    13.6    13.6
53132 20240329  2.622 -110.51   31.59    23.3     8.3    15.8    15.8     0.0    23.46 C    38.5     4.3    17.1    44.4    11.2    23.2   0.067   0.086   0.180 -99.000   0.113    16.8    15.8    15.0    14.9    14.8
53132 20240330  2.622 -110.51   31.59    21.2     6.3    13.8    15.0     0.0    20.48 C    32.4     1.9    15.1    42.7    13.1    25.2   0.061   0.085   0.178 -99.000   0.109    15.5    15.1    14.9    15.2    15.1
53132 20240331  2.622 -110.51   31.59    15.2     4.2     9.7    10.0     8.8     9.02 C    28.3     5.3    11.2    92.6    32.1    60.8   0.056   0.083   0.175 -99.000   0.104    13.3    13.9    14.3    14.8    14.8
53132 20240401  2.622 -110.51   31.59    10.6     3.0     6.8     5.2     7.0    12.13 C    18.6     2.6     7.5    92.6    51.9    83.4   0.111   0.103   0.171 -99.000   0.101    10.1    11.3    12.2    13.1    13.3
53132 20240402  2.622 -110.51   31.59    15.0     1.7     8.4     8.0     1.3    21.25 C    29.9     1.9    11.7    95.8    33.7    70.5   0.126   0.118   0.171 -99.000   0.107    12.9    12.6    12.2    12.7    12.8
53132 20240403  2.622 -110.51   31.59    20.9     0.9    10.9    11.0     0.0    25.77 C    36.3     0.1    14.5    96.4    17.3    57.8   0.119   0.120   0.174 -99.000   0.109    15.3    14.2    13.5    13.6    13.6
53132 20240404  2.622 -110.51   31.59    24.6     2.5    13.5    14.2     0.0    25.88 C    38.3     1.3    16.1    85.8    10.4    41.3   0.109   0.117   0.176 -99.000   0.107    16.4    15.4    14.8    14.8    14.7
53132 20240405  2.622 -110.51   31.59    19.9     5.3    12.6    13.0     0.0    22.96 C    31.2     2.0    13.9    68.3    19.9    35.4   0.094   0.110   0.176 -99.000   0.103    15.4    15.1    15.0    15.2    15.1
53132 20240406  2.622 -110.51   31.59    12.7    -1.5     5.6     6.1     0.3    25.36 C    34.5    -2.2    12.0    89.2    15.2    47.7   0.085   0.105   0.175 -99.000   0.102    15.2    15.0    14.7    14.8    14.8
53132 20240407  2.622 -110.51   31.59    19.8    -3.8     8.0     8.3     0.0    25.64 C    39.9    -4.2    13.1    76.1    12.0    36.3   0.078   0.100   0.174 -99.000   0.100    14.9    14.5    14.3    14.5    14.5
53132 20240408  2.622 -110.51   31.59    16.1     2.7     9.4    10.3     0.0    19.11 C    34.3     1.3    13.7    54.2    15.8    30.9   0.071   0.095   0.174 -99.000   0.098    15.0    14.8    14.7    14.8    14.9
53132 20240409  2.622 -110.51   31.59    18.1     2.1    10.1    10.3     0.0    25.29 C    36.8     1.6    15.3    70.2    17.0    39.1   0.069   0.092   0.173 -99.000   0.094    16.6    16.0    15.2    15.2    15.2
53132 20240410  2.622 -110.51   31.59    23.0     1.5    12.3    12.8     0.0    26.01 C    43.1    -0.5    17.0    63.3    11.2    31.7   0.065   0.090   0.172 -99.000   0.090    17.8    16.8    15.9    15.9    15.7
53132 20240411  2.622 -110.51   31.59    27.4     2.2    14.8    15.7     0.0    26.05 C    44.7    -0.5    18.6    62.9     9.3    27.0   0.060   0.088   0.171 -99.000   0.087    19.0    17.8    16.9    16.6    16.4
53132 20240412  2.622 -110.51   31.59    25.3     7.8    16.6    17.0     0.0    25.75 C    40.0     4.2    18.3    42.6     7.4    20.9   0.055   0.086   0.169 -99.000   0.084    19.2    18.5    17.7    17.4    17.2
53132 20240413  2.622 -110.51   31.59    24.2     4.7    14.5    15.4     0.0    26.30 C    41.0     0.9    17.8    66.1     8.5    27.5   0.051   0.084   0.165 -99.000   0.083    19.1    18.4    17.7    17.6    17.3
53132 20240414  2.622 -110.51   31.59    25.7     8.0    16.9    16.7     0.0    26.78 C    43.4     5.8    19.9    43.1     6.8    20.8   0.049   0.082   0.162 -99.000   0.080    20.3    19.2    18.3    18.1    17.9
53132 20240415  2.622 -110.51   31.59    20.6     3.6    12.1    12.1     0.0    26.40 C    37.5     0.4    16.0    51.3    14.8    30.7   0.045   0.080   0.159 -99.000   0.077    19.3    18.9    18.3    18.1    18.1
53132 20240416  2.622 -110.51   31.59    23.8    -0.7    11.5    12.6     0.0    26.72 C    44.8    -1.8    17.6    64.9    10.3    31.9   0.046   0.077   0.155 -99.000   0.075    19.7    18.8    18.0    17.8    17.8
53132 20240417  2.622 -110.51   31.59    26.9     3.7    15.3    16.0     0.0    26.61 C    47.9     2.2    20.6    55.3     8.9    27.1   0.043   0.076   0.154 -99.000   0.074    21.6    20.2    19.1 -9999.0    18.5
53132 20240418  2.622 -110.51   31.59    28.9     6.1    17.5    18.0     0.0    24.07 C    49.2     3.1    21.5    43.1     8.8    21.6   0.041   0.074   0.151 -99.000   0.073    22.2    20.9    19.8    19.2    19.2
53132 20240419  2.622 -110.51   31.59    28.6     5.9    17.3    18.9     0.0    26.73 C    48.8     3.4    22.6    46.3     7.5    19.8   0.039   0.072   0.149 -99.000   0.070    23.2    21.7    20.5    20.2    19.8
53132 20240420  2.622 -110.51   31.59    27.1     5.4    16.2    17.2     0.0    26.85 C    49.9     3.0    22.3    38.5     8.4    19.7   0.037   0.070   0.147 -99.000   0.070    23.6    22.2    21.0    20.5    20.3
53132 20240421  2.622 -110.51   31.59    27.9     6.4    17.1    17.7     0.0    22.36 C    48.4     4.7    21.3    47.1     9.3    23.9   0.034   0.068   0.144 -99.000   0.068    23.2    22.0    21.1    20.8    20.4
53132 20240422  2.622 -110.51   31.59    29.1     7.1    18.1    19.1     0.0    26.55 C    50.2     4.5    23.2    48.2    10.5    23.5   0.035   0.066   0.143 -99.000   0.065    24.0    22.5    21.4    20.9    20.6
53132 20240423  2.622 -110.51   31.59    27.1     6.8    17.0    17.8     0.0    26.90 C    48.5     3.7    22.2    49.6    12.7    28.2   0.033   0.065   0.141 -99.000   0.064    23.8    22.7    21.7    21.1    21.0
53132 20240424  2.622 -110.51   31.59    26.4     7.7    17.0    17.5     0.0    19.94 C    43.3     6.0    20.3    59.5    11.6    29.2   0.029   0.063   0.140 -99.000   0.062    22.6    22.0    21.5    21.1    20.9
53132 20240425  2.622 -110.51   31.59    21.3     5.3    13.3    14.4     0.0    27.07 C    40.5     2.8    18.8    58.2    15.2    29.5   0.030   0.061   0.138 -99.000   0.059    21.9    21.4    20.9    20.6    20.5
53132 20240426  2.622 -110.51   31.59    22.7     3.3    13.0    14.5     0.0    27.22 C    42.1     1.5    19.4    79.8    14.3    37.0   0.029   0.060   0.137 -99.000   0.057    21.7    21.2    20.6    20.4    20.3
53132 20240427  2.622 -110.51   31.59    18.9     4.7    11.8    12.2     0.0    24.69 C    42.1     4.3    17.9    69.0    19.7    40.2   0.029   0.059   0.136 -99.000   0.056    21.3    21.0    20.4    20.3    20.2
53132 20240428  2.622 -110.51   31.59    22.1     2.0    12.1    12.9     0.0    27.56 C    49.3     1.0    20.8    71.4    15.4    36.4   0.030   0.058   0.135 -99.000   0.055    22.5    21.5    20.5    20.3    20.2
53132 20240429  2.622 -110.51   31.59    26.9     4.0    15.5    16.1     0.0    27.77 C    51.9     3.2    22.9    50.9    11.3    25.7   0.031   0.059   0.136 -99.000   0.055    23.9    22.6    21.3    21.1    20.7
53132 20240430  2.622 -110.51   31.59    28.3     7.6    17.9    18.9     0.0    27.78 C    52.3     5.4    24.5    43.8     8.8    20.5   0.032   0.058   0.136 -99.000   0.055    25.1    23.6    22.3    21.7    21.4
53132 20240501  2.622 -110.51   31.59    26.2     6.0    16.1    17.4     0.0    27.95 C    49.7     4.7    22.9    60.7     9.7    25.8   0.030   0.057   0.136 -99.000   0.055    24.7    23.7    22.6    22.2    21.8
53132 20240502  2.622 -110.51   31.59    26.3     5.2    15.7    16.7     0.0    27.86 C    52.0     3.7    23.5    58.9     9.7    27.4   0.030   0.056   0.135 -99.000   0.054    25.0    23.9    22.7    22.2    22.0
53132 20240503  2.622 -110.51   31.59    27.3     7.8    17.6    17.8     0.0    27.99 C    52.3     6.3    24.0    65.9     7.5    27.1   0.029   0.055   0.135 -99.000   0.054    25.4    24.3    23.1    22.6    22.3
53132 20240504  2.622 -110.51   31.59    26.9     6.4    16.6    17.5     0.0    28.00 C    52.2     5.5    24.4    57.4     9.1    24.4   0.029   0.053   0.134 -99.000   0.054    25.6    24.4    23.3    22.7    22.4
53132 20240505  2.622 -110.51   31.59    27.7     9.2    18.4    19.1     0.0    27.82 C    48.6     8.1    24.0    47.9     9.5    21.6   0.027   0.052   0.134 -99.000   0.054    25.5    24.5    23.4    23.0    22.7
53132 20240506  2.622 -110.51   31.59    24.9     7.4    16.2    16.1     0.0    28.13 C    49.4     6.2    23.0    50.8    12.5    26.6   0.029   0.051   0.134 -99.000   0.053    25.3    24.4    23.4    22.8    22.7
53132 20240507  2.622 -110.51   31.59    26.6     4.2    15.4    17.1     0.0    28.09 C    49.6     3.8    23.2    46.6     9.0    21.0   0.031   0.050   0.133 -99.000   0.054    25.0    24.1    23.1    22.9    22.6
53132 20240508  2.622 -110.51   31.59    26.2     8.9    17.6    18.2     0.0    28.01 C    49.0     7.6    24.0    35.1    12.1    20.3   0.030   0.049   0.133 -99.000   0.053    25.6    24.6    23.4    23.0    22.8
53132 20240509  2.622 -110.51   31.59    25.7     8.2    17.0    17.2     0.0    28.21 C    50.3     6.6    24.1    43.0    10.3    23.9   0.030   0.049   0.132 -99.000   0.053    25.9    24.8    23.6    23.2    23.0
53132 20240510  2.622 -110.51   31.59    28.4     4.3    16.4    17.5     0.0    28.34 C    54.2     3.9    24.3    39.9     7.4    19.8   0.033   0.048   0.132 -99.000   0.053    26.0    24.9    23.7    23.4    23.0
53132 20240511  2.622 -110.51   31.59    26.9     5.8    16.4    17.2     0.0    28.55 C    52.2     4.1    24.1    36.1     9.2    19.1   0.034   0.048   0.132 -99.000   0.053    26.1    25.1    23.9    23.5    23.2
53132 20240512  2.622 -110.51   31.59    25.9     6.6    16.2    16.9     0.0    28.30 C    54.1     4.3    24.7    39.9    11.5    23.0   0.033   0.048   0.131 -99.000   0.053    26.5    25.3    24.1    23.6    23.4
53132 20240513  2.622 -110.51   31.59    28.6     6.9    17.7    19.0     0.0    26.73 C    56.4     5.1    26.5    45.9    11.5    24.0   0.032   0.047   0.131 -99.000   0.053    27.4    25.9    24.5    23.9    23.7
53132 20240514  2.622 -110.51   31.59    29.2     8.8    19.0    20.4     0.0    27.83 C    55.9     7.5    27.3    42.2     9.0    20.9   0.032   0.047   0.131 -99.000   0.053    28.2    26.7    25.2    24.5    24.1
53132 20240515  2.622 -110.51   31.59    27.5     7.8    17.7    19.1     0.0    25.68 C    55.7     7.3    26.2    55.2    11.7    27.8   0.031   0.047   0.131 -99.000   0.052    27.8    26.6    25.4    24.7    24.4
53132 20240516  2.622 -110.51   31.59    25.8     8.0    16.9    18.3     0.0    24.02 C    53.6     7.6    24.5    51.0    17.2    27.8   0.027   0.046   0.130 -99.000   0.052    26.8    26.0    25.1    24.6    24.4
53132 20240517  2.622 -110.51   31.59    28.9    10.5    19.7    20.6     0.0    28.25 C    56.6     8.3    28.3    43.4    12.8    24.5   0.032   0.046   0.130 -99.000   0.052    28.6    26.8    25.2    24.5    24.4
53132 20240518  2.622 -110.51   31.59    31.5    10.2    20.8    22.7     0.0    28.51 C    57.2     9.0    29.4    45.8    10.3    21.4   0.031   0.046   0.131 -99.000   0.052    29.6    27.8    26.1    25.3    25.0
53132 20240519  2.622 -110.51   31.59    31.0    13.7    22.4    22.2     0.0    29.14 C    56.2     9.5    28.9    24.9     8.5    15.6   0.031   0.046   0.131 -99.000   0.052    30.0    28.4    26.8    26.0    25.7
53132 20240520  2.622 -110.51   31.59    30.2    11.8    21.0    21.3     0.0    27.65 C    52.9     9.6    27.1    36.9     8.2    18.9   0.032   0.045   0.131 -99.000   0.052    29.0    27.9    26.7    26.0    25.7
53132 20240521  2.622 -110.51   31.59    29.6     9.5    19.5    20.5     0.0    29.02 C    54.0     7.9    26.8    51.3     9.1    22.3   0.032   0.044   0.130 -99.000   0.052    28.8    27.6    26.4    25.8    25.6
53132 20240522  2.622 -110.51   31.59    29.3     6.7    18.0    19.7     0.0    29.85 C    53.1     5.3    25.3    40.9     4.4    14.4   0.033   0.044   0.129 -99.000   0.052    27.7    27.1    26.1    25.7    25.4
53132 20240523  2.622 -110.51   31.59    29.7     9.0    19.3    20.5     0.0    29.19 C    53.8     6.8    26.1    15.3     5.5     9.3   0.032   0.043   0.128 -99.000   0.051    27.7    26.9    25.8    25.3    25.2
53132 20240524  2.622 -110.51   31.59    30.5     8.9    19.7    21.6     0.0    29.16 C    57.1     6.1    28.0    26.0     5.8    11.6   0.030   0.043   0.128 -99.000   0.052    29.1    27.7    26.2    25.6    25.4
53132 20240525  2.622 -110.51   31.59    28.2    10.5    19.4    20.0     0.0    28.51 C    50.8     8.7    25.0    30.8     9.0    17.4   0.031   0.042   0.128 -99.000   0.051    28.1    27.4    26.3    25.8    25.6
53132 20240526  2.622 -110.51   31.59    31.3     6.9    19.1    20.2     0.0    29.61 C    57.7     5.4    27.6    50.5     5.6    19.4   0.032   0.042   0.127 -99.000   0.051    29.0    27.7    26.2    25.8    25.5
53132 20240527  2.622 -110.51   31.59    32.5    10.5    21.5    22.1     0.0    29.62 C    59.4     7.7    29.2    31.2     5.6    13.8   0.031   0.042   0.128 -99.000   0.051    30.2    28.6    27.0    26.3    25.9
53132 20240528  2.622 -110.51   31.59    33.7     9.6    21.6    23.1     0.0    29.25 C    59.4     8.1    29.2    32.6     5.0    12.8   0.030   0.042   0.128 -99.000   0.051    30.4    29.0    27.4    26.6    26.3
53132 20240529  2.622 -110.51   31.59    31.9    10.1    21.0    22.4     0.0    29.84 C    58.0     7.4    28.9    30.2     4.6    12.5   0.028   0.042   0.128 -99.000   0.051    30.4    29.1    27.6    26.8    26.6
53132 20240530  2.622 -110.51   31.59    33.1     9.6    21.3    22.4     0.0    29.49 C    61.2     7.7    30.1    31.0     6.2    14.0   0.029   0.041   0.128 -99.000   0.052    31.3    29.6    27.9    27.2    26.8
53132 20240531  2.622 -110.51   31.59    33.4     9.9    21.7    23.2     0.0    29.41 C    60.0     8.6    30.6    35.3     5.6    14.2   0.029   0.041   0.128 -99.000   0.051    31.8    30.1    28.4    27.5    27.1
53132 20240601  2.622 -110.51   31.59    33.8    12.1    22.9    23.9     0.0    29.66 C    59.1     9.7    30.7    28.4     5.4    13.2   0.028   0.041   0.128 -99.000   0.051    31.8    30.3    28.7    28.0    27.4
53132 20240602  2.622 -110.51   31.59    32.4     9.3    20.9    23.2     0.0    30.03 C    58.6     7.9    29.7    36.5     4.9    15.2   0.028   0.040   0.127 -99.000   0.051    31.5    30.2    28.7    27.9    27.6
53132 20240603  2.622 -110.51   31.59    32.3    10.6    21.4    23.2     0.0    29.72 C    57.7     7.7    29.7    41.0     5.8    17.8   0.027   0.040   0.127 -99.000   0.051    31.5    30.2    28.7    28.1    27.6
53132 20240604  2.622 -110.51   31.59    32.8    14.4    23.6    23.7     0.0    25.91 C    59.8    12.5    30.5    34.7     7.1    17.2   0.027   0.040   0.127 -99.000   0.051    32.0    30.6    29.0    28.1    27.9
53132 20240605  2.622 -110.51   31.59    36.1    12.2    24.1    25.6     0.0    28.77 C    62.7    10.3    33.3    30.4     8.5    16.4   0.028   0.040   0.127 -99.000   0.050    33.4    31.3    29.3    28.6    28.1
53132 20240606  2.622 -110.51   31.59    37.5    15.2    26.3    27.3     0.0    24.19 C    64.2    13.2    33.7    40.2     9.5    20.9   0.025   0.040   0.127 -99.000   0.050    34.1    32.1    30.1    29.2    28.7
53132 20240607  2.622 -110.51   31.59    36.2    16.8    26.5    27.3     0.0    20.81 C    58.7    15.5    31.5    37.3     9.3    17.6   0.023   0.039   0.129 -99.000   0.050    32.8    31.6    29.6    29.4    28.9
53132 20240608  2.622 -110.51   31.59    34.9    13.9    24.4    25.9     0.0    27.56 C    57.8    12.0    31.4    26.4     7.4    14.5   0.024   0.039   0.128 -99.000   0.050    32.7    31.3    29.2    29.1    28.6
53132 20240609  2.622 -110.51   31.59    32.4    17.3    24.9    24.8     0.0    23.34 C    55.1    16.2    29.9    35.0     7.6    17.3   0.020   0.038   0.128 -99.000   0.050    31.9    31.0    29.3    29.2    28.7
53132 20240610  2.622 -110.51   31.59    33.8    12.0    22.9    24.1     0.0    29.46 C    61.3    10.3    32.2    41.1     6.8    18.0   0.026   0.039   0.128 -99.000   0.050    33.4    31.6    29.3    29.0    28.6
53132 20240611  2.622 -110.51   31.59    37.2    12.8    25.0    26.6     0.0    29.38 C    62.5    11.0    33.6    30.3     6.0    14.3   0.027   0.039   0.128 -99.000   0.050    34.2    32.4    29.8    29.6    29.0
53132 20240612  2.622 -110.51   31.59    38.5    13.8    26.1    27.4     0.0    27.89 C    64.8    12.8    34.3    28.2     7.3    14.0   0.026   0.042   0.128 -99.000   0.050    35.0    33.1    30.5    30.2    29.5
53132 20240613  2.622 -110.51   31.59    37.1    18.1    27.6    27.6     0.0    16.88 C    61.7    15.6    31.5    23.1     8.7    14.5   0.019   0.050   0.128 -99.000   0.050    33.1    32.2    30.4    30.2    29.7
53132 20240614  2.622 -110.51   31.59    35.1    15.6    25.4    26.6     0.0    29.91 C    60.1    13.5    32.6    24.4     4.4    11.4   0.022   0.049   0.127 -99.000   0.050    34.0    32.4    30.1    29.9    29.5
53132 20240615  2.622 -110.51   31.59    35.9    13.0    24.4    26.2     0.0    29.71 C    63.1    10.4    33.7    27.5     6.7    14.0   0.026   0.052   0.127 -99.000   0.050    34.4    32.6    30.3    30.2    29.6
53132 20240616  2.622 -110.51   31.59    36.6    15.8    26.2    27.5     0.0    29.14 C    62.8    13.5    34.3    32.5     9.0    16.8   0.024   0.052   0.128 -99.000   0.050    35.5    33.6    31.0    30.5    30.1
53132 20240617  2.622 -110.51   31.59    34.6    14.3    24.5    26.4     0.0    29.63 C    57.8    12.9    32.2    43.8     7.3    19.9   0.023   0.052   0.127 -99.000   0.050    34.2    32.9    30.9    30.6    30.2
53132 20240618  2.622 -110.51   31.59    33.4    16.9    25.1    25.4     0.0    29.30 C    58.7    13.9    32.2    42.3     9.5    19.2   0.022   0.052   0.127 -99.000   0.050    34.2    32.8    30.8    30.9    30.2
53132 20240619  2.622 -110.51   31.59    35.3    13.4    24.3    25.4     0.0    29.39 C    60.3    12.9    32.9    57.2     7.7    25.6   0.023   0.052   0.127 -99.000   0.051    34.6    33.2    30.8    30.5    30.2
53132 20240620  2.622 -110.51   31.59    38.4    15.6    27.0    28.3     0.0    22.11 C    60.3    14.7    33.2    55.5    15.8    28.3   0.022   0.051   0.126 -99.000   0.051    34.3    33.0    31.0    30.8    30.3
53132 20240621  2.622 -110.51   31.59    35.1    18.6    26.8    26.6     0.2    17.48 C    62.2    20.4    31.9    94.6    25.0    50.9   0.023   0.052   0.127 -99.000   0.052    34.2    33.2    31.3    30.9    30.5
53132 20240622  2.622 -110.51   31.59    29.7    18.5    24.1    22.3     2.9     9.79 C    51.5    19.1    25.9    91.4    45.5    76.7   0.020   0.047   0.124 -99.000   0.051    29.2    30.0    29.8    29.8    29.7
53132 20240623  2.622 -110.51   31.59    33.5    18.5    26.0    23.7     3.1    15.39 C    57.4    18.4    26.7    88.7    30.7    66.8   0.029   0.036   0.122 -99.000   0.051    28.1    28.5    28.2    28.5    28.5
53132 20240624  2.622 -110.51   31.59    33.7    19.0    26.3    24.9     5.7    19.48 C    51.4    18.6    28.5    91.0    29.5    61.8   0.043   0.037   0.121 -99.000   0.052    28.5    28.2    27.3    27.7    27.7
53132 20240625  2.622 -110.51   31.59    34.8    19.1    26.9    26.3     0.7    25.53 C    52.2    19.5    30.3    90.7    26.7    55.2   0.059   0.044   0.122 -99.000   0.052    30.2    29.3    27.8    28.0    28.0
53132 20240626  2.622 -110.51   31.59    34.6    20.5    27.6    26.5     0.0    16.79 C    59.4    19.7    30.3    79.6    28.3    53.9   0.059   0.048   0.122 -99.000   0.053    30.2    29.7    28.5    28.6    28.6
53132 20240627  2.622 -110.51   31.59    34.8    19.0    26.9    24.9     7.5    19.05 C    62.8    18.1    29.2    80.3    27.2    57.7   0.052   0.049   0.122 -99.000   0.072    28.8    28.7    28.1    28.4    28.2
53132 20240628  2.622 -110.51   31.59    33.5    19.3    26.4    23.4     8.5    16.78 C    54.2    18.6    25.4    85.1    31.7    63.0   0.059   0.059   0.121 -99.000   0.081    25.8    26.2    26.7    27.0    27.1
53132 20240629  2.622 -110.51   31.59    32.5    19.2    25.8    25.6     2.5    21.78 C    48.6    18.5    27.7    82.2    29.1    52.4   0.090   0.090   0.120 -99.000   0.076    27.5    26.7    26.0    26.2    26.3
53132 20240630  2.622 -110.51   31.59    32.3    17.8    25.0    22.8     9.3    18.19 C    43.6    17.8    25.2    88.1    35.8    71.1   0.116   0.113   0.122 -99.000   0.080    26.4    26.3    26.2    26.2    26.3
53132 20240701  2.622 -110.51   31.59    32.2    18.0    25.1    25.3     0.0    23.94 C    48.4    18.0    29.2    93.4    33.3    61.8   0.114   0.111   0.126 -99.000   0.078    29.2    28.0    26.7    26.7    26.6
53132 20240702  2.622 -110.51   31.59 -9999.0 -9999.0 -9999.0 -9999.0 -9999.0 -9999.00 U -9999.0 -9999.0 -9999.0 -9999.0 -9999.0 -9999.0 -99.000 -99.000 -99.000 -99.000 -99.000 -9999.0 -9999.0 -9999.0 -9999.0 -9999.0
