03739 20240101  2.622  -75.93   37.29     9.4     1.5     5.5     5.6     0.6     7.11 C    13.4     0.5     5.4    97.3    63.9    81.4   0.274   0.213   0.221   0.218   0.066     6.4     6.7     7.5     8.8     9.7
03739 20240102  2.622  -75.93   37.29     6.6    -1.8     2.4     3.6     0.0     7.79 C    10.1    -2.9     3.5    96.1    57.5    78.3   0.267   0.210   0.217   0.218   0.066     5.9     6.4     7.2     8.5     9.4
03739 20240103  2.622  -75.93   37.29     7.1    -1.8     2.6     2.8     0.0    10.60 C    12.9    -3.4     3.1    98.4    56.6    83.1   0.262   0.208   0.215   0.216   0.066     4.8     5.2     6.2     7.9     9.1
03739 20240104  2.622  -75.93   37.29     7.4     2.0     4.7     5.1     0.5     6.15 C     9.8    -0.6     4.4    97.8    46.8    71.5   0.256   0.206   0.212   0.215   0.066     5.4     5.8     6.4     7.6     8.7
03739 20240105  2.622  -75.93   37.29     4.4    -1.9     1.2     1.0     0.0    11.29 C    11.6    -4.0     1.3    93.0    42.0    66.8   0.259   0.203   0.210   0.214   0.065     3.8     4.3     5.4     7.2     8.5
03739 20240106  2.622  -75.93   37.29    13.3    -2.2     5.6     6.9    28.1     1.30 C    11.8    -3.6     5.9    98.6    82.6    91.6   0.277   0.207   0.221   0.229   0.065     4.9     5.0     5.3     6.7     8.1
03739 20240107  2.622  -75.93   37.29    11.2     3.1     7.1     6.8     0.0     9.16 C    14.7     2.1     6.7    93.8    54.4    77.5   0.286   0.215   0.232   0.240   0.077     6.4     6.6     6.7     7.2     7.9
03739 20240108  2.622  -75.93   37.29     8.8    -0.1     4.3     5.2 -9999.0     9.87 C    15.1    -1.1     4.8    96.5    51.3    69.8   0.277   0.211   0.225   0.231   0.073     5.5     5.8     6.4     7.4     8.0
03739 20240109  2.622  -75.93   37.29    16.5     4.9    10.7    10.5    32.1     0.63 C    15.2     2.8     9.2    96.9    76.4    86.8   0.276   0.206   0.228   0.233   0.071     6.7     6.6     6.6     7.3     8.0
03739 20240110  2.622  -75.93   37.29    15.2     5.9    10.6     9.3     0.8    11.54 C    13.3     3.4     8.3    87.1    46.6    62.7   0.288   0.208   0.240   0.248   0.083     8.3     8.6     8.4     8.1     8.1
03739 20240111  2.622  -75.93   37.29    10.7    -0.3     5.2     6.6 -9999.0    11.81 C    14.0    -1.4     5.6    95.5    44.4    66.5   0.278   0.214   0.228 -99.000   0.074     6.2     6.5     7.2     8.1     8.4
03739 20240112  2.622  -75.93   37.29    13.0     0.1     6.5     9.1 -9999.0     9.14 C    14.1    -1.6     8.3    98.4    69.3    83.1   0.281   0.203   0.223   0.229 -99.000     6.5     6.6     6.8     7.7     8.3
03739 20240113  2.622  -75.93   37.29    18.0     5.9    12.0    12.0     1.4    11.70 C    16.8     3.1    10.7    98.7    37.5    59.0   0.289   0.210   0.240   0.231   0.070     9.1     9.2     8.6     8.3     8.4
03739 20240114  2.622  -75.93   37.29    12.5     2.8     7.6     6.3     0.0    12.07 C    13.9     0.1     5.2    65.6    26.6    46.5   0.277   0.221   0.228   0.234   0.070     6.0     6.4     7.3     8.4     8.7
03739 20240115  2.622  -75.93   37.29     6.3     0.4     3.4     3.6     0.7     2.82 C     6.3    -0.1     3.4    96.9    29.8    68.6   0.261   0.213   0.221   0.229   0.070     4.7     5.1     6.1     7.6     8.5
03739 20240116  2.622  -75.93   37.29 -9999.0 -9999.0 -9999.0 -9999.0 -9999.0 -9999.00 U -9999.0 -9999.0 -9999.0 -9999.0 -9999.0 -9999.0 -99.000 -99.000 -99.000 -99.000 -99.000 -9999.0 -9999.0 -9999.0 -9999.0 -9999.0
03739 20240117 -9.000  -75.93   37.29 -9999.0 -9999.0 -9999.0 -9999.0 -9999.0 -9999.00 U -9999.0 -9999.0 -9999.0 -9999.0 -9999.0 -9999.0 -99.000 -99.000 -99.000 -99.000 -99.000 -9999.0 -9999.0 -9999.0 -9999.0 -9999.0
03739 20240118  2.622  -75.93   37.29 -9999.0 -9999.0 -9999.0 -9999.0 -9999.0 -9999.00 U -9999.0 -9999.0 -9999.0 -9999.0 -9999.0 -9999.0 -99.000 -99.000 -99.000 -99.000 -99.000 -9999.0 -9999.0 -9999.0 -9999.0 -9999.0
03739 20240119  2.622  -75.93   37.29     5.7     0.0     2.8     3.5 -9999.0     4.81 C     8.6    -1.5     3.3    96.1    54.6    79.9   0.288   0.187   0.220   0.218   0.067     3.7     4.1     4.4     5.5     6.8
03739 20240120  2.622  -75.93   37.29 -9999.0 -9999.0 -9999.0 -9999.0 -9999.0 -9999.00 U -9999.0 -9999.0 -9999.0 -9999.0 -9999.0 -9999.0 -99.000 -99.000 -99.000 -99.000 -99.000 -9999.0 -9999.0 -9999.0 -9999.0 -9999.0
03739 20240121  2.622  -75.93   37.29 -9999.0 -9999.0 -9999.0 -9999.0 -9999.0 -9999.00 U -9999.0 -9999.0 -9999.0 -9999.0 -9999.0 -9999.0 -99.000 -99.000 -99.000 -99.000 -99.000 -9999.0 -9999.0 -9999.0 -9999.0 -9999.0
03739 20240122  2.622  -75.93   37.29 -9999.0 -9999.0 -9999.0 -9999.0 -9999.0 -9999.00 U -9999.0 -9999.0 -9999.0 -9999.0 -9999.0 -9999.0 -99.000 -99.000 -99.000 -99.000 -99.000 -9999.0 -9999.0 -9999.0 -9999.0 -9999.0
03739 20240123  2.622  -75.93   37.29     9.4    -1.9     3.7     5.1     0.3     3.97 C     8.1    -3.8     2.9    93.8    39.7    64.8 -99.000   0.177   0.211   0.212   0.066     0.7     1.1     1.8     3.2     5.3
03739 20240124  2.622  -75.93   37.29    15.3     5.6    10.4    10.2     0.0    10.43 C    20.4     4.9    10.2    92.8    67.2    83.1   0.277   0.176   0.209   0.212   0.065     4.7     4.8     3.8     3.9     5.1
03739 20240125  2.622  -75.93   37.29    21.3    10.4    15.8    16.2     2.4     4.36 C    23.9     9.9    15.4    99.2    78.3    91.4   0.274   0.174   0.208   0.213   0.065     9.1     9.1     7.1 -9999.0     5.6
03739 20240126  2.622  -75.93   37.29    22.1    12.1    17.1    18.7     0.0     7.24 C    23.9    12.4    17.6    99.2    76.0    87.5   0.284   0.176   0.208   0.214   0.065    12.2    12.2     9.9 -9999.0     6.7
03739 20240127  2.622  -75.93   37.29    17.1     6.9    12.0    10.1     0.0     9.21 C    18.4     7.8    11.2    98.5    72.7    91.5   0.284   0.203   0.209   0.215   0.065    11.2    11.3    10.7     9.5     8.0
03739 20240128  2.622  -75.93   37.29    11.2     6.3     8.7     8.1     4.8     5.95 C    15.8     6.8     9.3    99.2    93.5    96.6   0.294   0.216   0.210   0.214   0.065     9.7     9.9     9.8     9.6     8.7
03739 20240129  2.622  -75.93   37.29     7.8     5.1     6.4     6.1     1.5     6.14 C    11.1     4.3     6.2    94.2    61.3    76.0   0.305   0.224   0.217   0.213   0.065     7.7     8.1     8.7     9.2     8.9
03739 20240130  2.622  -75.93   37.29     5.7     0.9     3.3     4.1     0.0    12.54 C    13.5    -0.2     5.1    89.9    58.0    69.6   0.302   0.221   0.219   0.211   0.065     6.4     6.8     7.4     8.3     8.8
03739 20240131  2.622  -75.93   37.29     8.7     1.4     5.1     5.5     0.0     9.12 C    13.5     0.4     5.7    95.2    73.1    85.0   0.293   0.217   0.217   0.211   0.065     6.5     6.7     7.2     7.9     8.5
03739 20240201  2.622  -75.93   37.29 -9999.0 -9999.0 -9999.0 -9999.0 -9999.0 -9999.00 U -9999.0 -9999.0 -9999.0 -9999.0 -9999.0 -9999.0 -99.000 -99.000 -99.000 -99.000 -99.000 -9999.0 -9999.0 -9999.0 -9999.0 -9999.0
03739 20240202  2.622  -75.93   37.29 -9999.0 -9999.0 -9999.0 -9999.0 -9999.0 -9999.00 U -9999.0 -9999.0 -9999.0 -9999.0 -9999.0 -9999.0 -99.000 -99.000 -99.000 -99.000 -99.000 -9999.0 -9999.0 -9999.0 -9999.0 -9999.0
03739 20240203  2.622  -75.93   37.29     7.2    -1.4     2.9     4.2     0.0    13.25 C    13.0    -2.2     4.3    92.9    54.3    67.5   0.280   0.203   0.213   0.210   0.064     5.7     6.0     6.6     7.5     8.1
03739 20240204  2.622  -75.93   37.29     7.7    -2.2     2.7     2.7     0.0    14.15 C    16.2    -2.7     3.7    96.7    50.4    77.7   0.282   0.192   0.210   0.209   0.064     5.1     5.4     6.0     7.0     7.9
03739 20240205  2.622  -75.93   37.29     9.2    -1.8     3.7     4.2     0.0    14.64 C    15.6    -3.0     4.6    98.7    53.8    78.9   0.277   0.186   0.207   0.210   0.064     5.0     5.2     5.7     6.8     7.7
03739 20240206  2.622  -75.93   37.29     6.8     0.8     3.8     3.5     0.0    13.39 C    11.7    -0.7     3.6    86.7    55.6    70.7   0.272   0.180   0.205   0.209   0.064     4.7     5.0     5.6     6.6     7.5
03739 20240207  2.622  -75.93   37.29 -9999.0 -9999.0 -9999.0 -9999.0 -9999.0 -9999.00 U -9999.0 -9999.0 -9999.0 -9999.0 -9999.0 -9999.0 -99.000 -99.000 -99.000 -99.000 -99.000 -9999.0 -9999.0 -9999.0 -9999.0 -9999.0
03739 20240208 -9.000  -75.93   37.29 -9999.0 -9999.0 -9999.0 -9999.0 -9999.0 -9999.00 U -9999.0 -9999.0 -9999.0 -9999.0 -9999.0 -9999.0 -99.000 -99.000 -99.000 -99.000 -99.000 -9999.0 -9999.0 -9999.0 -9999.0 -9999.0
03739 20240209  2.622  -75.93   37.29    12.6     5.7     9.2     9.1     0.0     7.55 C    15.7     4.1     8.3    95.4    50.8    71.7   0.263   0.164   0.199   0.208   0.064     6.1     6.2     6.0     6.4     7.1
03739 20240210  2.622  -75.93   37.29    18.1    11.0    14.5    13.1     2.6     7.08 C    23.1     9.1    12.3    95.5    63.1    80.9   0.265   0.161   0.197   0.208   0.064     8.5     8.5     7.5 -9999.0     7.2
03739 20240211  2.622  -75.93   37.29    14.7     7.4    11.1    11.2    31.3     0.92 C    13.2     7.8    10.9    98.5    78.9    94.6   0.302   0.191   0.228   0.231   0.065     9.8     9.7     9.1     8.4     7.8
03739 20240212  2.622  -75.93   37.29     8.6     6.7     7.6     7.5     0.9     1.94 C     9.1     6.9     7.8    98.7    82.4    90.0   0.300   0.195   0.238   0.240   0.073     8.5     8.7     8.8     8.8     8.4
03739 20240213  2.622  -75.93   37.29    11.9     1.0     6.4     7.1     6.2     9.43 C    10.8    -0.3     6.8    99.0    51.7    81.2   0.311   0.207   0.246   0.238   0.072     7.8     8.1     8.4     8.6     8.6
03739 20240214  2.622  -75.93   37.29     8.1    -0.1     4.0     4.8     0.0    16.15 C    12.2    -1.0     4.3    96.0    45.1    63.8   0.304   0.214   0.237   0.236   0.073     5.9     6.3     7.0     8.0     8.6
03739 20240215  2.622  -75.93   37.29 -9999.0 -9999.0 -9999.0 -9999.0     0.0 -9999.00 U -9999.0 -9999.0 -9999.0 -9999.0 -9999.0 -9999.0 -99.000 -99.000 -99.000 -99.000 -99.000 -9999.0 -9999.0 -9999.0 -9999.0 -9999.0
03739 20240216  2.622  -75.93   37.29    11.5     5.6     8.5     7.7     0.0    10.67 C    11.8     3.1     6.4    72.6    29.9    51.2   0.288   0.185   0.226   0.226   0.070     5.9     6.2     6.5     7.2     8.0
03739 20240217  2.622  -75.93   37.29     9.6    -0.6     4.5     4.6     0.0    13.67 C     9.8    -2.8     4.5    88.2    43.2    62.6   0.282   0.181   0.222   0.223   0.069     5.4     5.8     6.4     7.2     7.9
03739 20240218  2.622  -75.93   37.29     6.8    -3.8     1.5     2.6     0.0    13.82 C    10.8    -4.9     2.5    85.6    35.3    54.3   0.278   0.188   0.218   0.221   0.068     3.9     4.3     5.2     6.5     7.7
03739 20240219  2.622  -75.93   37.29     8.6    -1.3     3.7     4.0     0.0    17.53 C    14.6    -3.1     3.7    87.8    31.6    58.5   0.274   0.175   0.215   0.218   0.068     4.5     4.8     5.3     6.2     7.4
03739 20240220  2.622  -75.93   37.29     7.7    -1.8     2.9     4.5     0.0    17.28 C    13.3    -2.8     4.3    92.8    51.7    68.5   0.272   0.171   0.212   0.217   0.068     4.5     4.8     5.2     6.1     7.2
03739 20240221  2.622  -75.93   37.29     8.1    -0.4     3.8     4.2     0.0    16.83 C    15.1    -1.7     4.6    91.2    61.5    75.2   0.268   0.168   0.209   0.215   0.067     4.9     5.1     5.4     6.1     7.0
03739 20240222  2.622  -75.93   37.29    11.5    -2.1     4.7     5.2     0.0    16.21 C    15.9    -3.2     5.9    97.8    55.8    81.5   0.267   0.165   0.205   0.214   0.067     5.4     5.5     5.6     6.2     7.0
03739 20240223  2.622  -75.93   37.29    12.6     6.6     9.6     9.9     6.4     2.09 C    11.7     5.0     8.9    95.8    48.2    81.0   0.266   0.161   0.203   0.213   0.066     7.2     7.2     6.9     6.9     7.1
03739 20240224  2.622  -75.93   37.29    10.9     3.3     7.1     7.2     0.0    14.79 C    16.0     2.9     7.7    96.5    63.5    83.9   0.275   0.162   0.202   0.212   0.066     7.4     7.5     7.3     7.3     7.4
03739 20240225  2.622  -75.93   37.29     5.6    -1.1     2.3     3.2     0.0    17.80 C    15.2    -1.7     5.0    75.8    37.6    51.7   0.277   0.164   0.203   0.212   0.066     6.3     6.5     7.0     7.4     7.6
03739 20240226  2.622  -75.93   37.29    17.5     3.5    10.5    10.4     0.0    14.51 C    20.6     1.3     9.6    80.1    39.5    61.6   0.275   0.163   0.202   0.211   0.066     7.1     7.1     6.9 -9999.0     7.7
03739 20240227  2.622  -75.93   37.29    19.1    10.9    15.0    14.4     2.6     9.85 C    20.4     7.5    13.1    94.6    46.1    65.7   0.278   0.161   0.201   0.211   0.065     9.4     9.2     8.5 -9999.0     7.8
03739 20240228  2.622  -75.93   37.29    20.5    10.4    15.4    17.1     7.0     4.89 C    20.0     8.7    15.4    95.1    48.9    70.0   0.269   0.159   0.200   0.211   0.065    11.7    11.4    10.3     9.2     8.3
03739 20240229  2.622  -75.93   37.29    10.3     1.9     6.1     5.2     0.0    19.18 C    15.4     1.1     6.5    80.3    34.4    51.1   0.300   0.196   0.201   0.211   0.065     8.9     9.2     9.7 -9999.0     9.0
03739 20240301  2.622  -75.93   37.29     9.6    -0.6     4.5     6.3     0.9    15.13 C    14.5    -1.3     6.8    97.9    56.8    76.4   0.289   0.201   0.204   0.210   0.065     7.6     7.8     8.3     8.9     9.0
03739 20240302  2.622  -75.93   37.29    17.1     8.5    12.8    12.2    39.5     4.67 C    18.7     7.7    12.0    98.0    78.8    91.9   0.317   0.222   0.242   0.246   0.075    10.0     9.9     9.2 -9999.0     8.9
03739 20240303  2.622  -75.93   37.29    15.8     5.1    10.4    10.5     0.0    17.95 C    23.3     4.5    11.8    99.3    61.6    86.5   0.301   0.219   0.239   0.239   0.077    10.9    10.8    10.3     9.7     9.2
03739 20240304  2.622  -75.93   37.29    12.8     9.3    11.1    10.9    25.3     4.09 C    15.2     7.6    10.7    96.9    83.6    92.4   0.308   0.224   0.242   0.237   0.073    10.5    10.5    10.4 -9999.0     9.6
03739 20240305  2.622  -75.93   37.29    13.7     9.1    11.4    11.5     3.3     9.47 C    19.2     9.2    12.6    98.4    78.4    90.7   0.316   0.241   0.253   0.256   0.083    11.5    11.4    10.8 -9999.0     9.9
03739 20240306  2.622  -75.93   37.29    14.9     9.8    12.3    11.1    40.5     1.18 C    14.6    10.0    11.4    98.5    96.4    97.5   0.322   0.252   0.258   0.263   0.083    11.3    11.3    11.2    11.0    10.2
03739 20240307  2.622  -75.93   37.29    15.3    10.0    12.7    12.5     0.3    13.93 C    19.6    10.1    13.0    97.2    65.2    83.9   0.317   0.237   0.251   0.256   0.081    11.9    11.8    11.4 -9999.0    10.5
03739 20240308  2.622  -75.93   37.29    11.6     6.3     9.0     8.8     0.0    15.85 C    17.9     6.2    10.1    94.5    67.4    77.1   0.308   0.225   0.238   0.242   0.074    11.1    11.3    11.4 -9999.0    10.7
03739 20240309  2.622  -75.93   37.29    17.3     6.9    12.1    10.9     9.1     3.04 C    16.0     6.8    10.7    97.6    82.0    91.8   0.315   0.233   0.237   0.236   0.071    10.2    10.2    10.5 -9999.0    10.8
03739 20240310  2.622  -75.93   37.29    13.4     5.4     9.4     9.7     0.0    14.14 C    19.0     3.2     9.8    95.3    32.9    63.2   0.313   0.228   0.247   0.236   0.070    10.7    10.7    10.9 -9999.0    10.7
03739 20240311  2.622  -75.93   37.29    13.8     4.5     9.2     8.8     0.0    21.61 C    16.4     2.3     7.8    52.3    23.7    40.9   0.301   0.227   0.236   0.236   0.069     8.0     8.3     9.2    10.2    10.7
03739 20240312  2.622  -75.93   37.29    19.9     6.6    13.2    13.5     0.0    21.08 C    23.8     3.0    11.9    59.1    24.1    38.7   0.289   0.220   0.228   0.232   0.069     9.5     9.5     9.4     9.8    10.3
03739 20240313  2.622  -75.93   37.29    21.3     7.9    14.6    14.4     0.0    18.82 C    27.0     5.3    13.5    87.4    27.7    51.2   0.280   0.213   0.222   0.230   0.068    11.4    11.2    10.7    10.4    10.3
03739 20240314  2.622  -75.93   37.29    23.8     6.7    15.2    15.9     0.0    20.69 C    27.8     5.2    15.5    84.8    23.8    52.5   0.272   0.196   0.217   0.227   0.068    12.3    12.0    11.6 -9999.0    10.5
03739 20240315  2.622  -75.93   37.29    23.3    15.9    19.6    18.4     0.5    11.32 C    25.1    13.5    17.0    89.6    38.2    59.6   0.262   0.198   0.211   0.226   0.067    13.4    13.1    12.5    11.8    10.9
03739 20240316  2.622  -75.93   37.29    15.8     7.9    11.9    11.7     0.0    19.33 C    23.2     6.8    13.1    92.1    51.3    73.8   0.255   0.192   0.205   0.224   0.067    13.3    13.5    13.0 -9999.0    11.4
03739 20240317  2.622  -75.93   37.29    20.5    10.6    15.6    16.2     0.0    14.97 C    24.2     8.9    15.8    91.3    34.5    61.2   0.244   0.185   0.200   0.223   0.066    13.3    13.4    12.8    12.5    11.7
03739 20240318  2.622  -75.93   37.29    14.6     4.9     9.8     9.7     0.2    16.72 C    18.7     4.5    10.9    87.0    39.7    51.6   0.238   0.178   0.195   0.221   0.066    12.2    12.5    12.6    12.6    11.9
03739 20240319  2.622  -75.93   37.29    10.3     2.9     6.6     6.9     0.0    20.95 C    16.7     2.2     8.0    54.0    33.3    42.7   0.231   0.170   0.189   0.219   0.066     9.3    10.0    10.7    11.7    11.8
03739 20240320  2.622  -75.93   37.29    19.5     7.2    13.3    13.0     0.0    21.07 C    23.3     3.5    12.5    60.2    26.4    41.8   0.222   0.162   0.185   0.217   0.065    10.6    10.8    10.6    11.2    11.5
03739 20240321  2.622  -75.93   37.29     9.2     3.4     6.3     6.2     0.0    21.18 C    19.0     1.6     8.1    71.9    36.5    50.9   0.211   0.158   0.180   0.216   0.065    10.2    10.5    10.7    11.2    11.3
03739 20240322  2.622  -75.93   37.29    13.3     5.3     9.3     9.3     0.6    12.67 C    17.7     2.4     9.8    93.4    45.1    66.7   0.205   0.155   0.177   0.214   0.065     9.7    10.0    10.2    10.9    11.2
03739 20240323  2.622  -75.93   37.29    15.1     5.9    10.5    12.3    36.3     5.97 C    16.8     4.5    12.2    97.1    53.7    84.6   0.293   0.220   0.223   0.218   0.065    11.6    11.8    11.3    11.2    11.1
03739 20240324  2.622  -75.93   37.29     7.9     1.2     4.5     5.0     0.0    21.89 C    14.3     0.1     6.3    69.1    45.0    58.2   0.294   0.225   0.234   0.233   0.065     8.4     9.2     9.9    11.0    11.2
03739 20240325  2.622  -75.93   37.29     9.6     2.2     5.9     6.4     0.0    20.93 C    15.7     1.0     7.3    80.5    59.7    69.2   0.284   0.217   0.226   0.230   0.065     8.4     8.8     9.2 -9999.0    10.9
03739 20240326  2.622  -75.93   37.29     7.4     2.4     4.9     6.1     0.0     4.37 C     9.9     2.0     6.8    94.1    76.4    88.2   0.276   0.218   0.222   0.227   0.065     8.0     8.3     8.9     9.9    10.6
03739 20240327  2.622  -75.93   37.29     8.7     5.9     7.3     7.2     3.1     5.99 C    12.0     6.3     8.3    97.4    90.0    94.0   0.268   0.219   0.219   0.225   0.065     8.7     9.0     9.0     9.7    10.3
03739 20240328  2.622  -75.93   37.29     9.5     7.6     8.6     8.8    80.9     0.93 C    10.4     5.3     8.4    97.6    66.0    90.6   0.327   0.274   0.270   0.276   0.088     8.7     9.0     9.2     9.7    10.2
03739 20240329  2.622  -75.93   37.29    16.7     7.2    12.0    11.2     0.0    18.88 C    21.2     4.2    10.9    63.8    37.2    50.0   0.304   0.248   0.247   0.250   0.079     9.2     9.4     9.2     9.5    10.0
03739 20240330  2.622  -75.93   37.29    18.6     2.4    10.5    11.9     0.0    21.71 C    22.7     1.2    12.1    93.3    32.7    60.8   0.295   0.230   0.237   0.240   0.072    10.5    10.5    10.1 -9999.0    10.1
03739 20240331  2.622  -75.93   37.29    18.4     8.7    13.6    13.1     1.5    11.85 C    25.8     7.1    13.0    88.7    41.5    70.4   0.285   0.230   0.231   0.235   0.070    11.7    11.8    11.2    10.8    10.3
03739 20240401  2.622  -75.93   37.29    19.7     9.8    14.7    13.0     0.5    15.55 C    23.7     8.8    14.0    96.5    66.3    86.5   0.284   0.225   0.226   0.232   0.069    12.6    12.6    11.8    11.3    10.7
03739 20240402  2.622  -75.93   37.29    16.1     9.5    12.8    11.2     0.0     8.74 C    21.7     9.3    12.6    97.5    81.3    93.8   0.283   0.222   0.222   0.229   0.068    12.5    12.6    12.2    11.8    11.1
03739 20240403  2.622  -75.93   37.29    21.7     9.4    15.5    14.3     5.3     5.72 C    20.9     8.9    14.4    97.4    73.9    90.5   0.283   0.219   0.219   0.228   0.068    13.0    13.0    12.5    12.0    11.4
03739 20240404  2.622  -75.93   37.29    14.2     5.3     9.8    10.2     0.9    15.58 C    20.5     4.1    10.5    94.6    44.1    65.5   0.293   0.221   0.218   0.226   0.067    12.2    12.0    12.3    12.2    11.7
03739 20240405  2.622  -75.93   37.29    14.9     7.0    11.0    10.4     0.0    21.87 C    21.0     4.4    11.3    70.8    36.9    53.3   0.283   0.220   0.217   0.224   0.066    11.6    11.4    11.6    11.9    11.7
03739 20240406  2.622  -75.93   37.29    13.2     5.5     9.4     9.1     0.0    22.01 C    18.2     4.1     9.4    66.4    44.6    55.0   0.273   0.211   0.215 -99.000   0.066    10.3    10.4    11.0    11.6    11.7
03739 20240407  2.622  -75.93   37.29    14.7     7.2    11.0    10.8     0.0    24.96 C    20.3     5.1    11.8    83.9    39.0    60.4   0.262   0.209   0.211   0.220   0.066    11.3    11.5    11.2    11.4    11.5
03739 20240408  2.622  -75.93   37.29    18.2     5.7    11.9    12.7     0.0    21.53 C    25.1     4.1    13.4    88.7    35.6    70.2   0.253   0.202   0.206   0.219   0.065    12.2    12.3    11.8    11.7    11.5
03739 20240409  2.622  -75.93   37.29    22.7    13.7    18.2    18.3     0.0    18.45 C    27.2    11.7    18.4    75.0    52.2    62.2   0.242   0.191   0.200   0.218   0.065    14.3    14.3    13.1 -9999.0    11.7
03739 20240410  2.622  -75.93   37.29    22.5    15.8    19.2    18.4     0.0    14.27 C    27.3    14.7    18.5    86.8    60.3    71.7   0.229   0.186   0.195   0.218   0.065    15.8    15.7    14.5    13.4    12.2
03739 20240411  2.622  -75.93   37.29    18.4    14.6    16.5    16.4     3.4     7.38 C    22.0    13.7    16.6    95.2    66.4    88.3   0.225   0.179   0.190 -99.000 -99.000    15.5    15.4    14.8 -9999.0    12.8
03739 20240412  2.622  -75.93   37.29    20.8    14.3    17.6    17.7    16.8    20.95 C    26.2    11.5    17.5    95.9    36.6    60.9   0.286   0.222   0.216 -99.000   0.071    16.2    16.1    15.3 -9999.0 -9999.0
03739 20240413  2.622  -75.93   37.29    19.7     7.1    13.4    14.6     0.0    24.80 C    24.5     5.6    14.6    85.8    27.0    51.7   0.271   0.219   0.214 -99.000   0.065    14.8    14.8    14.6 -9999.0    13.5
03739 20240414  2.622  -75.93   37.29    21.6     4.4    13.0    15.4     0.0    25.11 C    24.4     3.8    15.6    93.8    29.2    56.3   0.258   0.208   0.209 -99.000   0.067    14.4    14.4    14.2 -9999.0    13.6
03739 20240415  2.622  -75.93   37.29    29.1    16.8    22.9    21.2     1.7    23.56 C    33.5    14.0    21.2    91.5    29.7    53.4   0.243   0.195   0.202 -99.000   0.064    16.6    16.4    15.3 -9999.0    13.6
03739 20240416  2.622  -75.93   37.29    19.0    13.1    16.1    15.7     0.0    24.38 C    25.0    11.0    17.0    87.4    40.4    58.1   0.231   0.186   0.194 -99.000   0.067    16.8    17.0    16.2 -9999.0    14.0
03739 20240417  2.622  -75.93   37.29    23.2    11.4    17.3    18.5     0.0    12.93 C    28.0     9.7    18.6    85.1    55.3    74.2   0.220   0.177   0.189 -99.000   0.064    16.6    16.5    15.9 -9999.0    14.3
03739 20240418  2.622  -75.93   37.29    23.8     9.8    16.8    17.6     0.0    23.18 C    29.5    10.6    19.2    90.9    49.0    74.7   0.209   0.169   0.183 -99.000   0.064    17.9    17.9    16.9 -9999.0    14.6
03739 20240419  2.622  -75.93   37.29    12.2     9.6    10.9    10.8     0.0     9.33 C    18.0    10.5    12.8    92.9    83.2    89.4   0.200   0.162   0.178 -99.000   0.064    15.3    15.6    15.9 -9999.0    14.9
03739 20240420  2.622  -75.93   37.29    19.3    11.4    15.4    14.7     0.0    12.36 C    26.0    10.9    16.2    97.1    58.5    86.3   0.199   0.159   0.174   0.212   0.063    15.8    15.9    15.5    15.4    14.8
03739 20240421  2.622  -75.93   37.29    14.0     7.3    10.6     9.7     8.1     3.93 C    13.4     6.0    10.2    97.0    55.4    81.9   0.197   0.154   0.171   0.211   0.063    13.7    14.1    14.8    15.3    14.8
03739 20240422  2.622  -75.93   37.29    12.7     3.2     7.9     8.4     0.0    21.36 C    21.5     2.6    10.0    93.2    41.3    60.9   0.206   0.155   0.169   0.209   0.063    12.7    13.0    13.4    14.3    14.5
03739 20240423  2.622  -75.93   37.29    15.3     1.8     8.5    10.5     0.0    26.09 C    23.9     1.4    12.7    97.0    47.2    70.2 -99.000   0.151   0.168   0.208   0.063    13.3    13.4    13.4    13.9    14.1
03739 20240424  2.622  -75.93   37.29    18.6    12.7    15.6    15.0     2.7    14.25 C    24.1    10.6    15.0    89.7    60.9    70.1   0.206   0.151   0.166   0.207   0.063    14.0    14.1    13.9    14.1    14.0
03739 20240425  2.622  -75.93   37.29    14.4     8.6    11.5    11.2     0.6    15.44 C    18.7     7.8    12.2    91.4    70.8    79.7   0.206   0.151   0.165   0.206   0.062    13.9    14.3    14.2    14.4    14.0
03739 20240426  2.622  -75.93   37.29    12.6     9.0    10.8    10.8     0.0    23.31 C    21.9     7.7    12.7    88.3    66.9    76.5   0.203   0.150   0.163   0.206   0.062    13.5    13.5    13.6    14.0    14.0
03739 20240427  2.622  -75.93   37.29    14.6    11.2    12.9    13.0     0.0     9.67 C    18.5     9.6    13.3    85.0    61.0    74.5   0.194   0.149   0.162   0.205   0.062    13.3    13.4    13.6    13.9    13.8
03739 20240428  2.622  -75.93   37.29    26.0    14.1    20.1    19.9     0.0    24.97 C    31.7    12.0    21.0    85.2    53.9    71.5   0.200   0.145   0.159   0.204   0.062    16.5    16.2    14.9    14.2    13.8
03739 20240429  2.622  -75.93   37.29    27.7    17.6    22.7    22.0     0.0    26.24 C    32.9    16.0    22.7    86.9    47.4    67.1   0.185   0.135   0.155   0.204   0.062    19.0    18.8    17.2    15.8    14.2
03739 20240430  2.622  -75.93   37.29    27.2    17.8    22.5    22.3     0.0    23.15 C    33.1    16.1    22.6    84.9    41.3    64.4   0.168   0.129   0.150   0.203   0.062    19.7    19.7    18.3    17.0    14.9
03739 20240501  2.622  -75.93   37.29    24.7    16.0    20.3    19.8     0.0    23.75 C    32.4    13.7    21.7    97.4    61.2    81.3   0.158   0.121   0.145   0.201   0.061    20.3    20.3    19.0    17.8 -9999.0
03739 20240502  2.622  -75.93   37.29    25.3    12.7    19.0    19.9     0.0    26.65 C    33.5    11.8    22.1    98.5    62.9    82.8   0.146   0.114   0.141   0.200   0.061    20.5    20.4    19.2    18.2    16.1
03739 20240503  2.622  -75.93   37.29    22.1    12.3    17.2    16.0     0.0    12.52 C    26.9    13.0    17.2    92.3    79.3    87.6   0.142   0.110   0.138   0.198   0.061    19.2    19.3    19.1    18.5    16.6
03739 20240504  2.622  -75.93   37.29    15.6    13.1    14.3    14.1     0.0     8.91 C    20.0    13.4    15.5    92.0    84.8    88.9   0.139   0.113   0.136   0.197   0.061    17.3    17.3    17.6    17.8    16.7
03739 20240505  2.622  -75.93   37.29    22.0    15.6    18.8    18.5     0.0    17.53 C    31.0    15.5    20.3    95.1    71.5    85.0   0.133   0.109   0.134 -99.000   0.060    18.8    18.5    17.8 -9999.0    16.5
03739 20240506  2.622  -75.93   37.29    26.2    18.1    22.2    21.2    26.0    18.62 C    33.6    18.4    23.0    96.9    68.4    88.1   0.140   0.113   0.134 -99.000   0.060    20.7    20.4    19.2 -9999.0    16.6
03739 20240507  2.622  -75.93   37.29    23.9    17.5    20.7    20.5     0.2    18.44 C    34.1    17.0    22.6    96.8    74.3    88.5 -99.000   0.158   0.152 -99.000   0.060    21.3    21.3    20.1    18.7    17.0
03739 20240508  2.622  -75.93   37.29    30.5    17.9    24.2    24.7     0.0    25.36 C    36.7    17.2    25.7    96.5    51.7    73.7 -99.000   0.149   0.150 -99.000   0.060 -9999.0    22.2    20.9 -9999.0    17.5
03739 20240509  2.622  -75.93   37.29 -9999.0 -9999.0 -9999.0 -9999.0     0.0 -9999.00 U -9999.0 -9999.0 -9999.0 -9999.0 -9999.0 -9999.0 -99.000 -99.000 -99.000 -99.000 -99.000 -9999.0 -9999.0 -9999.0 -9999.0 -9999.0
03739 20240510  2.622  -75.93   37.29    19.5    10.5    15.0    15.4     0.0    10.61 C    25.5    11.4    17.5    98.5    81.7    90.4   0.175   0.143   0.149 -99.000   0.059    20.3    20.4    20.5    20.2    18.4
03739 20240511  2.622  -75.93   37.29    14.8     8.1    11.4    12.2     0.0    23.23 C    30.6     7.7    16.1    90.8    57.8    73.4   0.180   0.137   0.147 -99.000   0.059    18.2    18.1    18.6    19.2    18.3
03739 20240512  2.622  -75.93   37.29    20.0    11.7    15.8    15.3     0.0    24.15 C    31.6     9.8    18.0    91.9    47.4    72.9   0.174   0.134   0.145 -99.000   0.059    18.4    18.2    18.3    18.6    18.0
03739 20240513  2.622  -75.93   37.29    18.5     8.1    13.3    15.5     0.0    25.70 C    31.3     7.1    18.4    96.0    64.3    76.3   0.166   0.131   0.142 -99.000   0.058    18.9    18.5    18.4    18.5    17.8
03739 20240514  2.622  -75.93   37.29    21.6    15.9    18.7    18.5    14.4     8.90 C    26.5    14.3    18.6    95.2    70.6    80.8   0.161   0.125   0.141 -99.000   0.058    18.9    18.6    18.6    18.7    17.7
03739 20240515  2.622  -75.93   37.29    20.3    15.8    18.1    17.7    12.8    14.53 C    29.2    15.3    19.3    96.9    78.1    89.8   0.270   0.194   0.165 -99.000   0.058    18.9    18.7    18.5    18.6    17.7
03739 20240516  2.622  -75.93   37.29    24.1    14.8    19.5    19.1     0.0    24.65 C    32.6    14.1    20.9    96.7    55.7    77.7   0.247   0.192   0.174 -99.000   0.058    20.0    19.7    19.1    18.7    17.7
03739 20240517  2.622  -75.93   37.29    18.9    14.9    16.9    16.5     0.0     9.04 C    25.5    14.0    18.1    92.9    75.9    87.1   0.231   0.183   0.173 -99.000   0.057    19.3    19.4    19.2    19.1    17.9
03739 20240518  2.622  -75.93   37.29    15.6    13.1    14.3    14.2     6.5     4.89 C    18.2    13.0    15.0    95.2    79.3    90.9   0.245   0.180   0.172 -99.000   0.057    17.5    17.8    18.2    18.8    17.9
03739 20240519  2.622  -75.93   37.29    17.6    13.7    15.6    15.2     0.0    11.11 C    27.7    12.9    16.8    94.0    82.6    88.0 -99.000   0.185   0.174 -99.000   0.057    17.4    17.5    17.6    18.2    17.7
03739 20240520  2.622  -75.93   37.29    18.2    13.0    15.6    14.8     0.0    20.11 C    31.2    12.7    18.5    96.6    79.5    88.7   0.238   0.184   0.174 -99.000   0.057    18.5    18.3    18.0    18.1    17.5
03739 20240521  2.622  -75.93   37.29    20.9    13.0    17.0    17.1     0.0    27.92 C    33.1    14.3    21.6    98.7    74.0    87.9   0.226   0.180   0.172 -99.000   0.057    20.7    20.0    19.2    18.6    17.6
03739 20240522  2.622  -75.93   37.29    25.9    13.1    19.5    20.9     0.0    27.10 C    35.6    12.4    23.0    98.6    62.6    80.9   0.214   0.168   0.167 -99.000   0.057    21.9    21.2    20.3    19.4    17.9
03739 20240523  2.622  -75.93   37.29    28.5    19.6    24.0    23.7     0.0    24.86 C    37.5    18.4    25.4    96.8    56.1    75.5   0.203   0.158   0.163 -99.000   0.057    23.4    23.0    21.5    20.2    18.4
03739 20240524  2.622  -75.93   37.29    25.5    18.1    21.8    22.3     0.2    12.77 C    35.7    17.2    23.4    96.9    67.7    85.1   0.194   0.151   0.160 -99.000   0.056    23.1    23.1    22.1    21.1    19.0
03739 20240525  2.622  -75.93   37.29    25.9    17.4    21.7    21.6     0.0    25.14 C    39.1    16.4    25.6    98.6    66.5    85.9   0.189   0.149   0.158 -99.000   0.056    23.7    23.6    22.3    21.3    19.4
03739 20240526  2.622  -75.93   37.29    25.9    17.6    21.7    22.4     0.6    24.94 C    39.2    16.9    26.2    98.1    78.3    87.6 -99.000   0.138   0.153 -99.000 -99.000 -9999.0    24.3    23.0    21.8    19.8
03739 20240527  2.622  -75.93   37.29    26.3    20.7    23.5    23.0    15.5    11.73 C    34.8    20.0    23.6    96.1    71.5    88.7 -99.000 -99.000   0.162 -99.000 -99.000 -9999.0    23.8    23.0 -9999.0    20.2
03739 20240528  2.622  -75.93   37.29    27.5    18.7    23.1    23.4     0.0    26.63 C    39.0    17.9    26.0    94.0    43.8    72.5 -99.000 -99.000 -99.000 -99.000 -99.000 -9999.0 -9999.0 -9999.0 -9999.0 -9999.0
03739 20240529  2.622  -75.93   37.29    26.1    15.9    21.0    20.8     0.8    26.34 C    39.3    15.3    24.8    96.1    41.2    74.6 -99.000 -99.000   0.154 -99.000 -99.000 -9999.0    24.8 -9999.0 -9999.0 -9999.0
03739 20240530  2.622  -75.93   37.29    22.6    13.2    17.9    18.2     0.0    27.20 C    35.5    14.3    22.1    98.3    40.5    72.1 -99.000 -99.000 -99.000 -99.000 -99.000    23.0    23.4    22.9    22.6    21.0
03739 20240531  2.622  -75.93   37.29    22.5    10.5    16.5    17.6     0.0    28.81 C    37.1    11.3    21.7    95.0    31.9    60.8   0.185   0.120   0.149 -99.000   0.055    22.4    22.7    22.2    22.2    21.0
03739 20240601  2.622  -75.93   37.29    25.7    10.0    17.8    19.9     0.0    28.22 C    40.1    10.8    23.2    94.5    22.3    57.3 -99.000 -99.000 -99.000 -99.000 -99.000    23.0    23.2    22.1    22.0    20.9
03739 20240602  2.622  -75.93   37.29    27.6    16.2    21.9    22.2     0.0    23.81 C    41.7    14.1    24.7    83.3    48.0    66.8 -99.000 -99.000 -99.000 -99.000 -99.000    24.0    24.0    22.8    22.3    20.9
03739 20240603  2.622  -75.93   37.29    28.1    19.9    24.0    23.6     0.5    22.58 C    41.2    20.0    26.9    93.3    58.6    76.1 -99.000 -99.000 -99.000 -99.000 -99.000 -9999.0    25.1    23.7    22.8    21.1
03739 20240604  2.622  -75.93   37.29    27.3    18.9    23.1    23.4     0.0    27.11 C    41.9    18.2    28.4    98.1    67.8    84.8 -99.000 -99.000 -99.000 -99.000 -99.000 -9999.0 -9999.0    24.8 -9999.0    21.5
03739 20240605  2.622  -75.93   37.29    26.7    21.7    24.2    23.8    11.2    10.86 C    36.0    21.2    25.1    95.4    72.5    85.6 -99.000 -99.000   0.132 -99.000 -99.000 -9999.0 -9999.0    24.8    24.2    21.9
03739 20240606  2.622  -75.93   37.29    31.0    23.0    27.0    26.1     0.0    19.11 C    38.4    21.5    27.2    85.1    55.5    72.9 -99.000   0.070   0.131 -99.000   0.054 -9999.0    25.4    24.4 -9999.0    22.1
03739 20240607  2.622  -75.93   37.29    30.1    18.4    24.2    25.3     0.0    25.71 C    41.4    18.9    27.9    92.2    31.1    64.8 -99.000 -99.000 -99.000 -99.000 -99.000 -9999.0 -9999.0 -9999.0 -9999.0 -9999.0
03739 20240608  2.622  -75.93   37.29    28.6    15.6    22.1    23.5     0.0    27.24 C    42.7    15.1    26.8    92.5    33.1    58.4 -99.000 -99.000   0.127 -99.000   0.053 -9999.0    26.1    25.1    24.4    22.6
03739 20240609  2.622  -75.93   37.29    31.3    21.1    26.2    25.7     0.0    24.43 C    44.6    20.1    28.8    81.2    42.8    57.0 -99.000 -99.000   0.123 -99.000   0.053 -9999.0    26.8    25.6    24.7    22.8
03739 20240610  2.622  -75.93   37.29    27.8    16.3    22.0    22.8     0.6    25.26 C    45.6    15.9    27.2    94.7    32.7    60.9 -99.000 -99.000   0.120 -99.000 -99.000 -9999.0    26.8    25.7    25.0    23.0
03739 20240611  2.622  -75.93   37.29    24.7    16.1    20.4    21.1     0.0    23.74 C    43.3    15.8    26.2    95.3    49.1    70.6 -99.000 -99.000 -99.000 -99.000 -99.000 -9999.0    26.7    25.7    25.1    23.3
03739 20240612  2.622  -75.93   37.29    25.4    14.4    19.9    20.9     0.0    24.69 C    44.6    14.1    26.1    96.8    44.0    72.2 -99.000 -99.000   0.122 -99.000 -99.000    26.8    26.3    25.5    25.2    23.4
03739 20240613  2.622  -75.93   37.29    28.0    17.1    22.5    23.8     0.0    24.61 C    45.9    16.8    28.5    92.3    53.2    70.8 -99.000 -99.000   0.098 -99.000 -99.000    27.4    27.1    25.9    25.3    23.5
03739 20240614  2.622  -75.93   37.29    29.7    19.9    24.8    24.7     0.0    27.02 C    48.1    18.0    30.5    91.5    39.4    69.6 -99.000   0.052   0.102 -99.000   0.051    28.6    28.2    26.6    25.6    23.7
03739 20240615  2.622  -75.93   37.29    28.8    17.9    23.3    23.5     0.0    27.81 C    47.7    16.7    29.6    93.6    47.6    73.5 -99.000   0.050   0.102 -99.000   0.050    29.7    29.0    27.4    26.3    24.0
03739 20240616  2.622  -75.93   37.29    27.4    15.7    21.6    22.8     0.0    27.10 C    47.3    14.9    28.8    97.0    45.8    68.9 -99.000   0.049   0.098 -99.000   0.050 -9999.0    28.8    27.3    26.6    24.4
03739 20240617  2.622  -75.93   37.29    28.1    21.6    24.8    24.4     0.0    22.94 C    48.0    19.8    29.8    84.4    56.5    69.1 -99.000 -99.000   0.096 -99.000   0.049 -9999.0    29.5    27.7    26.7    24.6
03739 20240618  2.622  -75.93   37.29    27.8    19.4    23.6    24.2     0.0    27.63 C    48.7    18.5    30.9    87.9    52.6    70.6 -99.000 -99.000   0.083   0.159 -99.000 -9999.0    29.8    28.1    26.7    24.9
03739 20240619  2.622  -75.93   37.29    28.4    17.9    23.2    24.2     0.0    26.81 C    49.6    17.5    30.9    97.0    53.2    73.1 -99.000   0.047   0.099   0.158   0.049 -9999.0    29.9    28.4    27.0    25.1
03739 20240620  2.622  -75.93   37.29    28.4    18.3    23.4    24.2     0.0    27.30 C    51.3    17.7    31.8    96.4    48.7    72.3 -99.000 -99.000   0.095 -99.000   0.048 -9999.0    30.4    28.8    27.3    25.5
03739 20240621  2.622  -75.93   37.29    30.0    19.6    24.8    25.3     0.0    27.43 C    54.7    18.6    33.0    96.0    46.3    73.5 -99.000 -99.000 -99.000 -99.000 -99.000 -9999.0    31.0    29.3    27.6    25.8
03739 20240622  2.622  -75.93   37.29    33.3    23.5    28.4    27.4     0.0    27.35 C    56.1    22.4    34.9    91.2    40.9    76.0 -99.000 -99.000   0.098   0.157   0.048 -9999.0    31.9    30.0    28.2    26.1
03739 20240623  2.622  -75.93   37.29    34.8    25.5    30.1    29.2     0.0    25.52 C    54.6    24.4    35.5    81.7    41.8    66.3 -99.000 -99.000 -99.000 -99.000 -99.000 -9999.0    32.1    30.5    28.7    26.5
03739 20240624  2.622  -75.93   37.29    32.8    18.7    25.8    27.3     1.3    19.39 C    48.1    17.7    30.4    90.3    32.3    63.9 -99.000 -99.000 -99.000 -99.000 -99.000 -9999.0 -9999.0 -9999.0 -9999.0 -9999.0
03739 20240625  2.622  -75.93   37.29    31.2    16.9    24.0    25.0     0.0    26.73 C    56.2    16.2    32.3    91.9    25.5    60.8 -99.000 -99.000   0.093   0.157   0.047 -9999.0 -9999.0    29.6 -9999.0 -9999.0
03739 20240626  2.622  -75.93   37.29    32.0    23.0    27.5    27.4     0.0    25.85 C    57.6    22.4    35.2    93.0    58.5    76.4 -99.000 -99.000   0.096   0.156   0.047 -9999.0    32.0    30.3    28.8    27.0
03739 20240627  2.622  -75.93   37.29    28.5    20.1    24.3    24.0    11.0    13.40 C    44.0    20.5    27.4    96.9    54.2    82.9 -99.000 -99.000   0.092   0.157   0.047 -9999.0    29.4    29.8    29.1    27.3
03739 20240628  2.622  -75.93   37.29    25.5    18.3    21.9    22.7     0.0    25.07 C    42.5    18.8    27.8    97.3    66.2    80.7 -99.000 -99.000 -99.000   0.157 -99.000 -9999.0    27.7    27.9    27.9    27.1
03739 20240629  2.622  -75.93   37.29    29.4    23.2    26.3    26.5     0.0    25.36 C    51.1    22.4    33.2    93.4    72.4    82.6 -99.000 -99.000   0.094 -99.000   0.046 -9999.0    29.0    28.4 -9999.0    26.7
03739 20240630  2.622  -75.93   37.29    34.2    23.0    28.6    26.8    44.0    16.34 C    55.0    22.6    30.9    94.5    56.8    82.8 -99.000 -99.000   0.106 -99.000 -99.000 -9999.0    28.2    29.0 -9999.0    26.7
03739 20240701  2.622  -75.93   37.29    25.5    17.2    21.4    22.4    11.0    24.04 C    36.3    18.4    25.4    95.4    48.9    71.0 -99.000 -99.000 -99.000 -99.000 -99.000 -9999.0    25.9    27.2 -9999.0    26.7
03739 20240702  2.622  -75.93   37.29 -9999.0 -9999.0 -9999.0 -9999.0 -9999.0 -9999.00 U -9999.0 -9999.0 -9999.0 -9999.0 -9999.0 -9999.0 -99.000 -99.000 -99.000 -99.000 -99.000 -9999.0 -9999.0 -9999.0 -9999.0 -9999.0
