03733 20240101  2.622  -79.47   39.01    -0.5    -5.8    -3.1    -4.3     8.8     0.88 C    -0.6    -5.8    -4.2    93.6    85.6    89.5   0.393   0.369   0.407   0.354   0.362     3.1     3.6     4.7     4.7     6.0
03733 20240102  2.622  -79.47   39.01    -4.3    -6.4    -5.4    -5.6     0.2     1.19 C    -4.2    -8.1    -5.7    90.1    87.4    88.4   0.395   0.371   0.409   0.354   0.356     3.0     3.4     4.6     4.6     5.9
03733 20240103  2.622  -79.47   39.01    -0.2    -5.6    -2.9    -3.3     0.0     4.83 C    -0.1    -7.8    -5.0    88.6    58.4    78.7   0.394   0.371   0.409   0.354   0.355     2.9     3.3     4.4     4.5     5.8
03733 20240104  2.622  -79.47   39.01    -3.0    -8.1    -5.5    -5.0     3.0     3.18 C    -1.2   -14.0    -5.5    92.2    70.2    81.5   0.394   0.370   0.409   0.354   0.355     2.7     3.2     4.3     4.3     5.7
03733 20240105  2.622  -79.47   39.01     3.3   -12.2    -4.5    -4.9     0.0     8.98 C     0.2   -20.6   -10.3    86.5    16.4    62.1   0.392   0.368   0.409   0.354   0.354     2.5     3.0     4.2     4.2     5.6
03733 20240106  2.622  -79.47   39.01     2.9    -2.9     0.0     0.0    13.3     0.90 C     0.7    -7.6    -1.4    96.0    36.7    77.2   0.395   0.380   0.420   0.361   0.361     2.3     2.8     4.0     4.0     5.5
03733 20240107  2.622  -79.47   39.01     0.9    -4.1    -1.6    -2.0     8.7     1.61 C     0.2    -4.1    -2.0    95.8    91.4    93.9   0.401   0.388   0.433   0.382   0.375     2.2     2.7     3.8     3.8     5.3
03733 20240108  2.622  -79.47   39.01     0.0    -4.8    -2.4    -2.6     0.0     7.30 C     1.7    -6.9    -3.6    93.7    57.0    79.1   0.398   0.379   0.423   0.373   0.376     2.3     2.7     3.8     3.8     5.2
03733 20240109  2.622  -79.47   39.01     7.8    -1.5     3.2     2.3    52.4     0.89 C     1.5    -3.5    -0.2    90.1    60.1    81.1   0.410   0.418   0.464   0.401   0.376     2.0     2.5     3.5     3.5     5.1
03733 20240110  2.622  -79.47   39.01     1.4    -4.2    -1.4    -2.8     5.8     1.80 C    -0.2    -4.0    -2.8    91.4    77.4    85.3   0.411   0.424   0.491   0.398   0.377     2.0     2.4     3.5     3.2     4.9
03733 20240111  2.622  -79.47   39.01     4.7    -4.2     0.3     0.0     0.2     9.82 C     1.3   -10.1    -3.5    91.8    41.0    64.8   0.397   0.383   0.439   0.378   0.376     2.0     2.4     3.5     3.3     4.8
03733 20240112  2.622  -79.47   39.01     3.5    -5.5    -1.0     0.9     3.5     4.81 C     0.8   -11.0    -3.0    93.6    36.1    66.1   0.394   0.378   0.428   0.372   0.375     1.8     2.3     3.4     3.3     4.7
03733 20240113  2.622  -79.47   39.01     3.0    -7.8    -2.4    -3.9     3.3     1.29 C     0.7    -7.5    -4.2    94.0    67.3    81.6   0.401   0.394   0.438   0.382   0.374     1.8     2.3     3.3     3.2     4.7
03733 20240114  2.622  -79.47   39.01    -4.3   -13.2    -8.8    -8.5     4.6     6.14 C    -5.1   -18.0   -10.1    89.2    32.8    62.0   0.395   0.379   0.428   0.372   0.375     1.5     2.1     3.2     3.2     4.6
03733 20240115  2.622  -79.47   39.01    -7.5   -13.0   -10.2    -9.6     5.6     2.97 C    -6.2   -16.0    -9.1    89.1    53.4    82.6   0.390   0.371   0.416   0.361   0.372     1.2     1.8     3.0     3.1     4.5
03733 20240116  2.622  -79.47   39.01    -6.1   -16.4   -11.3   -12.0     3.8     1.59 C    -5.7   -16.7   -11.5    89.9    77.6    84.2   0.386   0.366   0.408   0.355   0.368     1.1     1.7     2.8     2.9     4.4
03733 20240117  2.622  -79.47   39.01    -9.0   -18.2   -13.6   -14.0     0.5     6.30 C   -11.2   -21.3   -16.0    79.6    33.2    55.1   0.385   0.364   0.407   0.351   0.357     1.1     1.7     2.7     2.8     4.3
03733 20240118  2.622  -79.47   39.01    -2.9    -9.3    -6.1    -5.6     0.0     5.33 C    -4.8   -15.4    -9.3    61.0    15.6    27.1   0.383   0.362   0.404   0.349   0.353     1.1     1.6     2.7     2.7     4.2
03733 20240119  2.622  -79.47   39.01    -4.6   -12.7    -8.7    -8.4    16.0     3.27 C    -5.7   -13.1    -8.3    92.4    58.3    86.2   0.382   0.361   0.402   0.347   0.352     1.1     1.6     2.7     2.7     4.2
03733 20240120  2.622  -79.47   39.01   -12.7   -16.7   -14.7   -15.2     5.6     3.93 C   -13.1   -17.2   -15.2    83.8    74.3    80.2   0.382   0.360   0.401   0.345   0.352     1.2     1.7     2.7     2.7     4.1
03733 20240121  2.622  -79.47   39.01   -10.0   -15.9   -12.9   -13.4     1.4     9.81 C    -9.2   -23.0   -15.8    83.4    60.2    75.9   0.383   0.361   0.400   0.344   0.352     1.3     1.8     2.7     2.6     4.0
03733 20240122  2.622  -79.47   39.01     2.0   -14.6    -6.3    -4.1     0.0     8.92 C     0.3   -23.2   -10.7    72.1    14.2    35.7   0.383   0.363   0.399   0.344   0.351     1.4     1.8     2.7     2.7     4.0
03733 20240123  2.622  -79.47   39.01     7.4     1.3     4.4     4.3     0.0     4.87 C     2.3    -6.7    -0.3    80.0    14.7    59.0   0.389   0.375   0.403   0.354   0.356     1.5     1.9     2.8     2.7     4.0
03733 20240124  2.622  -79.47   39.01    11.5     3.8     7.6     8.3     2.9     3.09 C     4.1     0.5     1.8    93.2    58.5    80.2   0.411   0.408   0.443   0.384   0.370     1.4     1.8     2.7     2.6     3.9
03733 20240125  2.622  -79.47   39.01    12.8     8.0    10.4    11.3    10.7     1.81 C    11.1     4.1     7.4    95.5    87.0    93.5   0.446   0.484   0.499   0.419   0.375     1.8     1.8     2.7     2.3     3.8
03733 20240126  2.622  -79.47   39.01    14.3     7.1    10.7    11.6     0.8     7.62 C    19.1     6.2    10.9    89.3    58.1    76.6   0.436   0.464   0.494   0.404   0.374     5.0     5.2     3.5     3.0     3.7
03733 20240127  2.622  -79.47   39.01    12.4     4.7     8.6     7.3     8.1     6.89 C    21.4     4.3     8.3    89.7    48.1    78.3   0.406   0.396   0.449   0.382   0.371     5.8     5.7     4.6     4.2     4.0
03733 20240128  2.622  -79.47   39.01     6.9    -0.8     3.0     3.0    22.5     2.64 C     8.5    -0.8     3.3    94.2    83.4    89.5   0.429   0.445   0.472   0.408   0.374     5.2     5.4     4.9     4.6     4.3
03733 20240129  2.622  -79.47   39.01    -0.5    -4.0    -2.3    -3.1     4.2     3.54 C    -0.8    -4.1    -2.9    90.4    81.6    86.3   0.409   0.400   0.450   0.388   0.372     3.6     3.9     4.5     4.3     4.6
03733 20240130  2.622  -79.47   39.01     0.7    -5.3    -2.3    -2.3     0.7     5.98 C    -0.3    -6.5    -2.9    90.2    68.4    82.4   0.402   0.386   0.427   0.376   0.371     2.9     3.3     4.1     4.0     4.6
03733 20240131  2.622  -79.47   39.01     0.0    -1.6    -0.8    -0.9     5.5     1.65 C     0.2    -1.8    -0.8    94.3    88.5    92.7   0.402   0.386   0.422   0.372   0.370     2.5     2.9     3.8     3.7     4.6
03733 20240201  2.622  -79.47   39.01     3.9    -2.7     0.6     0.1     0.4     7.19 C     1.3    -2.8    -1.0    92.9    57.0    79.5   0.405   0.389   0.423   0.372   0.369     2.3     2.7     3.6     3.5     4.5
03733 20240202  2.622  -79.47   39.01     3.9    -1.9     1.0     0.5     1.4     3.17 C     0.8    -2.4    -0.2    94.8    63.6    81.0   0.412   0.402   0.435   0.384   0.371     2.2     2.5     3.5     3.4     4.4
03733 20240203  2.622  -79.47   39.01     7.1    -5.8     0.7    -0.6     0.0    12.56 C    13.2   -10.3    -1.7    89.9    26.7    69.4   0.404   0.389   0.430   0.382   0.372     2.3     2.5     3.4     3.3     4.3
03733 20240204  2.622  -79.47   39.01    10.5    -5.8     2.3     1.3     0.0    12.75 C    18.5    -8.7     0.2    86.4    26.7    60.8   0.397   0.379   0.422   0.376   0.371     2.3     2.5     3.4     3.1     4.2
03733 20240205  2.622  -79.47   39.01     9.2    -3.4     2.9     1.8     0.0    12.67 C    19.8    -8.6     0.4    77.4    34.1    54.5   0.392   0.372   0.415   0.368   0.370     2.3     2.6     3.4     3.1     4.2
03733 20240206  2.622  -79.47   39.01     6.4    -7.2    -0.4    -1.1     0.0    13.24 C    17.7   -11.5    -1.6    86.1    14.5    61.4   0.388   0.368   0.411   0.358   0.367     1.9     2.3     3.3     3.0     4.1
03733 20240207  2.622  -79.47   39.01    10.7    -7.1     1.8     1.2     0.0    12.94 C    20.4   -11.0    -0.2    74.1    23.7    48.0   0.397   0.364   0.408   0.352   0.362     1.7     2.0     3.1     2.9     4.1
03733 20240208  2.622  -79.47   39.01    15.3    -1.6     6.9     7.0     0.0    12.06 C    26.5    -7.5     5.0    58.5    13.1    32.1   0.382   0.362   0.406   0.351   0.355     2.5     2.6     3.2     2.9     4.1
03733 20240209  2.622  -79.47   39.01    11.3     4.8     8.0     8.2     1.3     5.58 C    17.3     2.9     7.1    81.4    32.0    64.0   0.381   0.361   0.404   0.349   0.353     3.9     3.8     3.7     3.5     4.0
03733 20240210  2.622  -79.47   39.01    11.6     7.5     9.5     9.2     0.5     4.72 C    15.9     6.7     8.9    88.0    66.6    79.3   0.382   0.360   0.403   0.348   0.353     5.3     5.2     4.4     4.2     4.2
03733 20240211  2.622  -79.47   39.01     8.6     4.3     6.4     6.3     4.0     1.58 C     8.8     4.4     6.5    95.5    86.0    91.7   0.390   0.367   0.402   0.347   0.352     5.7     5.6     4.9     4.8     4.4
03733 20240212  2.622  -79.47   39.01     7.9     2.4     5.2     5.0     6.8     3.40 C    11.6     2.5     5.7    95.7    78.7    90.8   0.403   0.383   0.408   0.356   0.352     5.5     5.6     5.1     5.1     4.7
03733 20240213  2.622  -79.47   39.01     2.4    -4.5    -1.1    -1.4    17.2     3.16 C     2.5    -6.6    -2.4    93.1    62.2    79.4   0.414   0.402   0.437   0.385   0.369     4.2     4.5     5.0     5.0     4.9
03733 20240214  2.622  -79.47   39.01    -0.5    -4.5    -2.5    -2.8     0.0     8.41 C    -0.3    -7.6    -4.8    82.7    59.3    70.5   0.404   0.386   0.425   0.378   0.376     3.1     3.5     4.4     4.5     4.9
03733 20240215  2.622  -79.47   39.01     8.7    -4.1     2.3     1.9     0.6    10.24 C     6.0   -13.1    -2.6    72.6    37.8    61.0   0.409   0.395   0.430   0.381   0.375     2.6     2.9     4.0     4.0     4.8
03733 20240216  2.622  -79.47   39.01     2.0    -5.4    -1.7    -1.9    10.6    11.65 C    11.4    -7.7    -1.0    91.0    27.2    55.6   0.403   0.386   0.433   0.382   0.376     2.2     2.6     3.7     3.7     4.7
03733 20240217  2.622  -79.47   39.01    -3.4   -11.1    -7.2    -8.0     5.1     5.68 C    -3.5   -13.7    -8.4    94.0    60.3    79.7   0.398   0.379   0.421   0.371   0.375     2.3     2.7     3.6     3.5     4.5
03733 20240218  2.622  -79.47   39.01    -0.9   -11.7    -6.3    -6.4     0.0    15.38 C    -2.1   -16.8   -10.0    78.0    36.7    54.5   0.397   0.379   0.417   0.364   0.373     2.1     2.5     3.5     3.4     4.4
03733 20240219  2.622  -79.47   39.01     2.9    -7.2    -2.1    -2.7     0.0    15.72 C     1.5   -16.9    -7.8    71.7    22.0    50.3   0.400   0.379   0.416   0.359   0.371     1.9     2.4     3.3     3.3     4.3
03733 20240220  2.622  -79.47   39.01     6.3    -8.1    -0.9    -1.1     0.0    15.41 C     3.4   -15.4    -6.1    74.8    34.8    57.0   0.405   0.383   0.419   0.357   0.359     1.4     1.9     3.1     3.2     4.2
03733 20240221  2.622  -79.47   39.01     9.8    -2.7     3.5     2.7     0.0    15.54 C    11.7    -9.7    -1.3    73.0    26.7    53.2   0.417   0.395   0.432   0.374   0.373     1.3     1.7     2.8     2.8     4.1
03733 20240222  2.622  -79.47   39.01     6.8     1.1     4.0     3.8    10.7     1.53 C     8.0    -4.3     1.9    95.6    53.0    77.8   0.414   0.400   0.441   0.380   0.377     1.5     1.8     2.8     2.7     4.0
03733 20240223  2.622  -79.47   39.01     7.0     0.6     3.8     4.0     4.9     6.46 C    18.2    -0.6     4.7    95.4    61.5    86.6   0.418   0.403   0.447   0.386   0.377     3.3     3.4     3.2     3.0     3.9
03733 20240224  2.622  -79.47   39.01     2.0    -7.6    -2.8    -2.4     5.4     2.39 C     2.1    -8.7    -2.1    95.4    79.2    88.0   0.415   0.400   0.438   0.383   0.377     2.7     3.0     3.5     3.4     4.0
03733 20240225  2.622  -79.47   39.01     6.2    -9.8    -1.8    -1.9     0.0    15.59 C    12.2   -16.6    -2.7    85.6    21.0    55.8   0.410   0.392   0.430   0.377   0.377     2.4     2.7     3.3     3.3     4.0
03733 20240226  2.622  -79.47   39.01    13.9     3.0     8.5     7.7     0.0    12.66 C    27.9    -1.5     6.4    72.6    37.5    51.0   0.402   0.384   0.423   0.374   0.378     3.6     3.5     3.5     3.4     4.0
03733 20240227  2.622  -79.47   39.01    13.0     4.1     8.5     8.7     5.2     5.76 C    18.9    -0.7     6.4    86.8    50.2    72.2   0.406   0.390   0.424   0.372   0.375     4.3     4.3     4.0     3.9     4.1
03733 20240228  2.622  -79.47   39.01    12.6    -6.7     3.0     6.6    22.5     0.98 C    11.3    -6.8     5.6    94.1    60.6    80.5   0.421   0.411   0.461   0.395   0.378     5.7     5.7     4.7     4.6     4.3
03733 20240229  2.622  -79.47   39.01    -0.7    -8.6    -4.6    -4.9     0.0    17.19 C    10.3   -10.1    -3.6    73.7    30.5    50.6   0.404   0.389   0.451   0.387   0.381     3.2     3.6     4.4     4.4     4.5
03733 20240301  2.622  -79.47   39.01     6.1    -7.3    -0.6     0.8     2.1    11.15 C    17.4   -10.9     0.6    86.1    25.8    50.9   0.394   0.376   0.420   0.371   0.379     2.2     2.6     3.8     3.7     4.5
03733 20240302  2.622  -79.47   39.01     9.3     3.8     6.5     6.6     7.1     6.51 C    15.9     3.0     7.3    94.7    81.0    88.3   0.415   0.399   0.435   0.382   0.378     4.3     4.2     4.0     3.8     4.4
03733 20240303  2.622  -79.47   39.01    15.8     2.0     8.9     8.8     0.0    14.44 C    28.0    -0.1     9.2    96.2    49.5    78.1   0.400   0.383   0.422   0.373   0.379     6.2     6.0     4.8     4.5     4.4
03733 20240304  2.622  -79.47   39.01    17.7     3.2    10.5    10.5     0.0    17.28 C    30.7    -0.3    11.3    92.5    30.7    70.2   0.394   0.375   0.413   0.361   0.376     7.1     6.8     5.6     4.9     4.7
03733 20240305  2.622  -79.47   39.01    16.7     5.3    11.0    11.4     0.0    11.78 C    30.2     0.7    11.2    86.2    52.9    70.3   0.387   0.370   0.410   0.345   0.369     7.9     7.6     6.3     5.4     5.0
03733 20240306  2.622  -79.47   39.01    14.3     6.8    10.5    10.6     3.0     5.74 C    22.4     5.6    10.6    94.7    51.6    77.0   0.384   0.367   0.407   0.334   0.358     8.2     8.0     6.8     5.9     5.4
03733 20240307  2.622  -79.47   39.01    12.9     2.6     7.7     7.3     1.0     8.68 C    25.2    -0.4     7.9    95.3    57.4    86.4   0.397   0.373   0.406   0.332   0.356     8.2     8.1     7.0     6.2     5.7
03733 20240308  2.622  -79.47   39.01    11.7     2.8     7.2     7.8     0.4     8.43 C    18.8     0.0     7.8    89.2    61.1    73.7   0.393   0.372   0.406   0.331   0.355     7.3     7.4     7.0     6.4     5.9
03733 20240309  2.622  -79.47   39.01     7.1     1.5     4.3     5.4    33.9     2.70 C    10.3     1.9     5.9    95.9    84.3    90.1   0.428   0.417   0.456   0.375   0.367     7.0     7.2     6.9     6.4     6.1
03733 20240310  2.622  -79.47   39.01     1.5    -5.4    -2.0    -3.9    12.0     3.19 C     1.9    -5.7    -3.8    92.5    67.9    83.1   0.417   0.401   0.460   0.389   0.375     5.1     5.6     6.3     6.3     6.1
03733 20240311  2.622  -79.47   39.01     3.4    -6.3    -1.5    -1.4     0.0    19.42 C     1.5    -6.9    -3.7    80.0    31.2    53.4   0.411   0.394   0.430   0.368   0.374     4.0     4.5     5.6     5.9     6.0
03733 20240312  2.622  -79.47   39.01    13.3     1.9     7.6     7.5     0.0    18.74 C    19.6    -5.6     3.5    45.9    26.3    37.2   0.410   0.398   0.437   0.370   0.374     4.1     4.4     5.1     5.5     5.8
03733 20240313  2.622  -79.47   39.01    16.1     3.2     9.7     9.7     0.0    16.10 C    27.1    -3.0     7.7    56.3    26.0    38.3   0.400   0.385   0.424   0.361   0.374     5.4     5.4     5.3     5.4     5.6
03733 20240314  2.622  -79.47   39.01    19.6     3.3    11.5    12.5     0.0    16.47 C    32.1    -2.6    11.1    62.0    24.4    41.3   0.393   0.375   0.414   0.346   0.371     6.7     6.5     5.9     5.6     5.7
03733 20240315  2.622  -79.47   39.01    16.1     2.4     9.3     9.1    14.1     1.82 C    13.2     2.8     8.9    94.8    40.5    88.7   0.416   0.400   0.430   0.346   0.368     7.8     7.6     6.7     6.0     5.8
03733 20240316  2.622  -79.47   39.01    11.3     0.5     5.9     5.6     0.0    14.44 C    20.8    -0.5     7.1    91.4    22.0    59.1   0.407   0.392   0.431   0.365   0.378     7.1     7.1     6.8     6.3     6.0
03733 20240317  2.622  -79.47   39.01     9.6    -0.2     4.7     6.4     0.0    17.17 C    23.1    -1.0     8.0    69.2    22.2    42.6   0.395   0.378   0.416   0.350   0.375     7.3     7.3     6.9     6.5     6.2
03733 20240318  2.622  -79.47   39.01    -0.2    -6.5    -3.3    -3.9     0.0    11.52 C    17.2    -6.3    -0.9    78.1    47.7    60.2   0.388   0.372   0.410   0.340   0.371     5.5     5.9     6.6     6.5     6.3
03733 20240319  2.622  -79.47   39.01     3.4    -7.5    -2.1    -2.0     0.9    15.79 C    15.3    -7.3     0.1    86.9    24.5    52.6   0.384   0.367   0.407   0.335   0.359     4.5     4.8     5.9     6.2     6.3
03733 20240320  2.622  -79.47   39.01     8.6    -4.2     2.2     3.3     0.0    14.77 C    21.9    -7.4     3.3    63.8    23.1    41.1   0.380   0.365   0.405   0.332   0.356     4.6     4.8     5.6     6.0     6.1
03733 20240321  2.622  -79.47   39.01     2.7    -8.4    -2.8    -3.1     0.0    20.51 C    18.1   -13.0    -0.9    74.3    21.9    45.1   0.374   0.362   0.403   0.331   0.355     4.0     4.3     5.3     5.8     6.0
03733 20240322  2.622  -79.47   39.01    12.8    -5.6     3.6     5.4     3.2    13.34 C    25.7    -9.5     5.3    90.1    33.5    48.6   0.369   0.359   0.402   0.329   0.354     4.3     4.4     5.2     5.6     5.8
03733 20240323  2.622  -79.47   39.01     6.9    -6.8     0.0     0.8    10.7     2.52 C     8.8    -6.9     1.7    95.3    73.6    88.4   0.410   0.395   0.423   0.332   0.354     5.1     5.3     5.5     5.6     5.8
03733 20240324  2.622  -79.47   39.01     6.8    -9.2    -1.2    -1.0     0.0    21.41 C    21.4   -11.6     1.7    81.9    20.3    52.3   0.398   0.383   0.418   0.337   0.358     4.2     4.4     5.1     5.5     5.7
03733 20240325  2.622  -79.47   39.01    13.8    -2.8     5.5     6.0     0.0    21.72 C    27.8    -7.3     6.9    46.6    14.2    27.3   0.390   0.376   0.412   0.335   0.357     5.3     5.3     5.3     5.4     5.6
03733 20240326  2.622  -79.47   39.01    13.2     3.6     8.4     8.3    10.1     7.08 C    21.0    -0.6     7.9    91.4    27.6    60.7   0.395   0.383   0.415   0.333   0.356     5.9     5.9     5.7     5.6     5.7
03733 20240327  2.622  -79.47   39.01    14.2     5.2     9.7     9.0     0.0    12.06 C    27.8     1.0    10.1    87.2    49.5    71.4   0.406   0.392   0.425   0.342   0.361     7.6     7.3     6.2     5.8     5.8
03733 20240328  2.622  -79.47   39.01     6.9    -1.0     2.9     3.0     0.0    19.97 C    21.2    -3.7     6.4    90.9    32.3    59.6   0.397   0.380   0.415   0.338   0.361     7.7     7.6     6.9     6.3     6.0
03733 20240329  2.622  -79.47   39.01     9.5    -0.4     4.5     4.4     2.1    13.33 C    22.6    -0.8     4.9    91.3    30.2    57.9   0.394   0.375   0.410   0.335   0.358     6.7     6.9     6.8     6.5     6.2
03733 20240330  2.622  -79.47   39.01    16.3     5.0    10.6    10.0     9.3    13.66 C    28.3    -0.9     9.4    88.9    24.4    53.6   0.396   0.378   0.411   0.333   0.356     6.9     6.9     6.7     6.5     6.3
03733 20240331  2.622  -79.47   39.01    10.6     7.0     8.8     9.0     0.6     3.34 C    14.4     6.9     9.1    92.7    82.3    88.2   0.412   0.393   0.425   0.341   0.360     7.9     7.8     7.1     6.6     6.4
03733 20240401  2.622  -79.47   39.01    14.5    10.2    12.3    12.5     4.3     2.13 C    15.2     8.0    11.5    94.7    81.7    87.9   0.417   0.397   0.429   0.342   0.363     8.7     8.5     7.5     6.9     6.5
03733 20240402  2.622  -79.47   39.01    18.2    10.6    14.4    14.1    15.7     6.18 C    24.4     8.9    13.3    94.3    59.0    83.4   0.422   0.407   0.438   0.362   0.374     9.9     9.6     8.1     7.2     6.8
03733 20240403  2.622  -79.47   39.01    14.1     0.6     7.4     5.4    36.6     4.62 C    15.1    -0.7     6.0    93.0    70.5    86.3   0.448   0.465   0.498   0.408   0.381     9.2     9.4     8.4     7.4     7.0
03733 20240404  2.622  -79.47   39.01     0.6    -2.1    -0.8    -1.1    14.8     8.70 C     1.9    -2.0    -0.7    90.3    73.5    84.4   0.421   0.411   0.451   0.386   0.379     5.8     6.4     7.5     7.3     7.2
03733 20240405  2.622  -79.47   39.01    -0.8    -3.1    -1.9    -1.8    12.1     5.00 C     0.2    -4.9    -2.0    91.2    68.1    84.2   0.419   0.403   0.431   0.371   0.379     4.6     5.2     6.5     6.9     7.1
03733 20240406  2.622  -79.47   39.01     2.0    -3.1    -0.6    -0.6     0.2     7.27 C     1.6    -4.0    -1.5    84.1    69.7    76.4   0.416   0.399   0.425   0.362   0.378     3.9     4.5     5.9     6.4     6.8
03733 20240407  2.622  -79.47   39.01    10.1    -4.1     3.0     3.2     0.0    24.35 C    11.8   -11.5    -0.9    87.5    33.9    62.4   0.421   0.413   0.441   0.376   0.380     3.6     4.0     5.3     5.9     6.4
03733 20240408  2.622  -79.47   39.01    18.0     3.0    10.5    11.9     0.9    15.48 C    29.8    -0.4    10.5    86.8    38.2    48.6   0.414   0.402   0.441   0.374   0.381     5.4     5.3     5.3     5.7     6.2
03733 20240409  2.622  -79.47   39.01    18.0     9.1    13.6    13.3     0.0    12.18 C    24.5     4.3    13.2    88.2    41.7    67.4   0.406   0.389   0.422   0.364   0.380     8.3     7.9     6.6     6.0     6.1
03733 20240410  2.622  -79.47   39.01    16.3     9.7    13.0    13.1     0.3    10.19 C    26.2     8.8    13.7    88.5    58.2    72.3   0.400   0.381   0.414   0.344   0.376     9.8     9.4     7.7     6.7     6.4
03733 20240411  2.622  -79.47   39.01    16.0     9.8    12.9    14.0    14.2     4.02 C    19.7     9.8    13.3    93.4    68.2    77.8   0.402   0.382   0.414   0.338   0.367    10.2     9.9     8.4     7.3     6.8
03733 20240412  2.622  -79.47   39.01    10.2     3.1     6.6     5.0    25.8     1.90 C    10.0     2.0     5.0    95.4    76.6    86.5   0.441   0.426   0.465   0.391   0.373     8.6     8.8     8.6     7.7     7.2
03733 20240413  2.622  -79.47   39.01    10.8     2.2     6.5     6.1     0.9    18.27 C    23.0     2.0     7.7    85.0    29.4    55.0   0.426   0.412   0.464   0.397   0.376     7.7     7.8     7.8     7.4     7.3
03733 20240414  2.622  -79.47   39.01    21.8     6.4    14.1    15.0     0.0    19.07 C    32.0    -0.7    13.8    51.8    23.3    37.2   0.403   0.384   0.422   0.368   0.373     8.6     8.5     7.9     7.5     7.3
03733 20240415  2.622  -79.47   39.01    20.5     9.3    14.9    16.7     2.1    14.36 C    32.8     4.6    16.0    83.6    30.3    50.4   0.392   0.375   0.412   0.344   0.370    10.8    10.4     8.7     7.7     7.4
03733 20240416  2.622  -79.47   39.01    23.9     4.4    14.2    14.6     0.0    24.25 C    36.7     0.7    15.9    84.8    26.8    55.4   0.384   0.370   0.407   0.336   0.361    11.7    11.2     9.4     8.2     7.7
03733 20240417  2.622  -79.47   39.01    23.3    10.1    16.7    17.4     6.8    13.06 C    33.9     7.0    16.1    87.0    17.9    51.8   0.376   0.365   0.404   0.335   0.357    12.2    11.9    10.2     8.7     8.0
03733 20240418  2.622  -79.47   39.01    18.8     7.8    13.3    13.0     0.5    23.96 C    30.3     3.4    14.9    91.4    33.6    64.5   0.403   0.380   0.407   0.332   0.357    12.8    12.4    10.5     9.1     8.4
03733 20240419  2.622  -79.47   39.01    18.0     7.1    12.5    13.3     1.6     9.01 C    30.8     3.2    12.4    94.6    42.7    63.1   0.385   0.370   0.404   0.332   0.357    11.8    11.7    10.7     9.5     8.7
03733 20240420  2.622  -79.47   39.01    11.9     1.8     6.8     7.8     0.2    25.62 C    25.0    -2.2    10.2    92.6    27.7    51.9   0.376   0.364   0.402   0.332   0.357    11.7    11.6    10.6     9.7     8.9
03733 20240421  2.622  -79.47   39.01     4.9    -1.6     1.6     1.9     0.0    10.74 C    15.3    -4.6     3.4    77.5    48.2    59.4   0.368   0.359   0.399   0.331   0.356     9.5     9.8    10.2     9.7     9.0
03733 20240422  2.622  -79.47   39.01    10.3    -4.5     2.9     3.3     0.0    23.40 C    28.9    -8.9     5.4    76.9    27.8    50.1   0.360   0.355   0.397   0.330   0.355     8.8     9.0     9.4     9.3     9.0
03733 20240423  2.622  -79.47   39.01    17.9    -0.5     8.7    10.2     0.0    23.12 C    31.2    -5.2    10.8    63.2    10.2    30.4   0.348   0.348   0.395   0.330   0.356     9.4     9.4     9.3     9.1     8.8
03733 20240424  2.622  -79.47   39.01    13.3     5.2     9.2     9.1     0.8    14.63 C    29.3     1.5    10.7    91.4    35.9    64.2   0.336   0.343   0.392   0.330   0.355    10.3    10.2     9.6     9.1     8.8
03733 20240425  2.622  -79.47   39.01    13.6     1.7     7.6     7.1     0.0    24.78 C    31.3    -3.4    10.7    90.1    33.2    64.0   0.323   0.335   0.389   0.328   0.355    10.8    10.6     9.8     9.2     8.8
03733 20240426  2.622  -79.47   39.01    14.7     2.7     8.7     9.1     0.0    20.36 C    31.6    -0.3    11.7    89.1    46.8    69.9   0.306   0.324   0.387   0.328   0.355    11.1    11.0    10.1     9.3     8.9
03733 20240427  2.622  -79.47   39.01    20.7     8.6    14.7    13.8     4.4    12.10 C    30.7     5.7    14.5    88.4    47.4    71.1   0.325   0.324   0.385   0.328   0.355    11.8    11.6    10.4     9.6     9.1
03733 20240428  2.622  -79.47   39.01    23.0    12.4    17.7    17.2     0.0    22.81 C    36.5     5.8    17.2    74.7    37.5    57.5   0.318   0.317   0.385   0.327   0.355    13.2    12.7    11.0     9.8     9.2
03733 20240429  2.622  -79.47   39.01    26.5    11.8    19.2    19.2     0.0    25.83 C    38.6     6.1    19.5    79.7    29.8    54.7   0.295   0.303   0.381   0.326   0.355    14.3    13.7    11.7    10.3     9.5
03733 20240430  2.622  -79.47   39.01    19.7    11.9    15.8    15.2     0.7    11.00 C    29.7     6.3    14.6    91.7    49.0    69.5   0.275   0.287   0.377   0.326   0.355    13.8    13.6    12.2    10.7     9.8
03733 20240501  2.622  -79.47   39.01    21.2    11.4    16.3    15.8     0.0    25.92 C    34.9     6.2    17.9    93.1    27.0    57.3   0.264   0.276   0.372   0.327   0.355    14.5    14.0    12.3    11.0    10.1
03733 20240502  2.622  -79.47   39.01    25.1    12.3    18.7    18.3     0.0    26.66 C    38.5     5.0    19.4    77.4    30.9    52.0   0.248   0.260   0.364   0.326   0.355    15.1    14.5    12.7    11.2    10.3
03733 20240503  2.622  -79.47   39.01    24.9    12.3    18.6    17.2     2.3    15.06 C    36.7     6.6    17.1    93.3    32.4    65.4   0.236   0.244   0.354   0.326   0.354    15.2    14.8    13.1    11.6    10.6
03733 20240504  2.622  -79.47   39.01    15.6    11.8    13.7    13.5     3.2     5.37 C    21.3    11.3    14.2    93.8    82.2    89.0   0.238   0.243   0.350   0.326   0.354    14.5    14.4    13.1    11.9    10.8
03733 20240505  2.622  -79.47   39.01    21.3    11.7    16.5    15.5     7.2    17.83 C    31.2    10.5    17.3    94.6    57.0    83.9   0.304   0.256   0.355   0.325   0.355    15.3    14.9    13.2    11.9    11.0
03733 20240506  2.622  -79.47   39.01    20.8    12.7    16.8    15.6     0.2    13.03 C    32.0    10.8    17.1    95.4    52.7    84.9   0.304   0.265   0.364   0.325   0.355    15.8    15.6    13.7    12.2    11.2
03733 20240507  2.622  -79.47   39.01    19.7    12.5    16.1    15.6     0.0    11.87 C    31.5     9.2    16.6    95.2    63.2    83.5   0.294   0.264   0.364   0.325   0.355    15.6    15.4    13.9    12.4    11.4
03733 20240508  2.622  -79.47   39.01    22.4    14.3    18.3    18.4     0.0    24.99 C    34.1    10.9    19.9    82.5    32.6    61.9   0.280   0.260   0.361   0.324   0.354    16.5    16.1    14.2    12.7    11.6
03733 20240509  2.622  -79.47   39.01    20.7    12.1    16.4    16.4     4.9    12.82 C    34.8    11.9    17.7    92.4    53.6    78.3   0.266   0.253   0.356   0.324   0.355    16.3    16.1    14.4    12.9    11.8
03733 20240510  2.622  -79.47   39.01    12.2     4.0     8.1     8.2    10.6     7.23 C    15.6     1.4     9.5    94.9    74.8    86.8   0.331   0.267   0.369   0.323   0.355    14.5    14.7    14.2    13.1    12.0
03733 20240511  2.622  -79.47   39.01    11.6     2.3     6.9     6.7     5.5    12.95 C    24.3     0.4     8.8    92.8    53.2    83.0   0.351   0.292   0.381   0.322   0.355    12.8    13.2    13.3    12.8    12.0
03733 20240512  2.622  -79.47   39.01 -9999.0 -9999.0 -9999.0 -9999.0 -9999.0 -9999.00 U -9999.0 -9999.0 -9999.0 -9999.0 -9999.0 -9999.0 -99.000 -99.000 -99.000 -99.000 -99.000 -9999.0 -9999.0 -9999.0 -9999.0 -9999.0
03733 20240513  2.622  -79.47   39.01    21.1     3.5    12.3    13.3     0.0    26.33 C    32.9    -0.5    14.1    84.7    24.6    51.1   0.340   0.309   0.385   0.322   0.354    13.3    13.3    12.7    12.2    11.8
03733 20240514  2.622  -79.47   39.01    15.2    11.3    13.2    13.4     1.4     5.18 C    18.8     7.7    13.5    92.6    64.6    82.4   0.329   0.305   0.383   0.322   0.354    13.8    13.8    13.1    12.3    11.7
03733 20240515  2.622  -79.47   39.01    16.5     9.0    12.7    13.2     0.0    10.57 C    20.7     6.0    14.0    92.8    67.3    81.2   0.325   0.304   0.381   0.322   0.354    14.0    14.0    13.1    12.3    11.7
03733 20240516  2.622  -79.47   39.01    19.8     7.7    13.8    13.6     0.0    14.68 C    31.6     4.9    14.8    93.6    50.8    80.2   0.317   0.299   0.378   0.322   0.354    14.3    14.3    13.3    12.3    11.8
03733 20240517  2.622  -79.47   39.01    16.4     9.3    12.9    13.8     9.5    10.20 C    22.4     6.5    14.3    94.6    79.2    89.0   0.333   0.299   0.377   0.322   0.354    14.4    14.4    13.4    12.6    11.8
03733 20240518  2.622  -79.47   39.01    19.1    11.2    15.1    14.7    14.9    14.86 C    29.4     8.7    16.2    94.8    65.7    86.4   0.399   0.353   0.425   0.330   0.355    15.5    15.3    13.8    12.7    11.9
03733 20240519  2.622  -79.47   39.01    22.2     9.5    15.9    15.7     0.0    19.28 C    34.8     7.1    17.0    94.7    42.4    77.7   0.378   0.349   0.417   0.339   0.356    16.1    15.8    14.2    13.0    12.2
03733 20240520  2.622  -79.47   39.01    23.1     8.7    15.9    16.0     0.0    27.31 C    34.2     6.0    17.7    94.5    35.8    70.7   0.357   0.333   0.406   0.339   0.357    16.6    16.3    14.6    13.3    12.4
03733 20240521  2.622  -79.47   39.01    24.8     9.7    17.3    18.0     0.0    27.61 C    35.3     6.6    18.9    92.0    40.4    67.0   0.332   0.314   0.397   0.337   0.357    17.2    16.9    15.1    13.4    12.6
03733 20240522  2.622  -79.47   39.01    24.0    13.5    18.7    19.2     0.0    21.87 C    34.7     9.3    19.6    92.8    49.7    69.9   0.307   0.295   0.390   0.336   0.358    17.5    17.2    15.5    13.9    12.9
03733 20240523  2.622  -79.47   39.01    21.0    14.6    17.8    17.3     0.0    16.47 C    30.1    12.8    18.8    90.3    60.2    76.6   0.288   0.282   0.384   0.335   0.358    17.6    17.4    15.7    14.1    13.1
03733 20240524  2.622  -79.47   39.01    21.4    14.8    18.1    17.0    10.5    17.39 C    30.0    11.9    18.3    92.8    59.8    81.9   0.325   0.290   0.391   0.332   0.358    17.8    17.5    15.8    14.4    13.3
03733 20240525  2.622  -79.47   39.01    22.9    11.8    17.4    17.0     7.0    21.74 C    33.8    10.0    18.8    94.7    51.4    81.2   0.336   0.297   0.393   0.333   0.358    18.1    17.8    16.1    14.6    13.5
03733 20240526  2.622  -79.47   39.01    22.8    12.7    17.7    17.4    11.9    22.13 C    32.5    12.3    19.2    94.2    49.4    76.1   0.391   0.328   0.416   0.333   0.358    18.5    18.2    16.4    14.8    13.7
03733 20240527  2.622  -79.47   39.01    20.6    13.3    16.9    16.7     0.9    15.98 C    27.8    11.9    17.3    93.0    56.1    76.5   0.387   0.343   0.416   0.337   0.359    18.1    17.9    16.6    15.0    13.9
03733 20240528  2.622  -79.47   39.01    17.5     9.1    13.3    13.3     2.5    15.40 C    27.8     5.5    14.5    90.0    52.9    75.5   0.369   0.334   0.405   0.338   0.359    17.4    17.4    16.4    15.1    14.1
03733 20240529  2.622  -79.47   39.01    14.7     8.7    11.7    10.4     4.8    16.05 C    24.0     4.9    11.9    93.3    56.5    84.9   0.388   0.331   0.402   0.336   0.359    16.2    16.3    16.0    15.0    14.1
03733 20240530  2.622  -79.47   39.01    14.5     4.7     9.6    10.5     0.0    29.13 C    25.9     0.8    13.2    88.9    36.5    61.7   0.388   0.335   0.407   0.334   0.359    16.4    16.4    15.7    14.9    14.1
03733 20240531  2.622  -79.47   39.01    19.0    -0.2     9.4    10.0     0.0    29.63 C    29.9    -2.0    11.9    88.1    19.8    54.9   0.364   0.322   0.398   0.335   0.360    15.6    15.8    15.5    14.8    14.0
03733 20240601  2.622  -79.47   39.01    23.0     1.9    12.4    13.9     0.0    26.89 C    31.6     0.2    15.1    89.8    32.1    58.1   0.341   0.305   0.392   0.334   0.359    16.0    15.9    15.4    14.6    14.0
03733 20240602  2.622  -79.47   39.01    15.5    11.9    13.7    13.8     4.5     5.66 C    20.1     8.3    13.7    94.8    49.9    78.0   0.333   0.296   0.387   0.334   0.359    15.7    15.8    15.4    14.7    13.9
03733 20240603  2.622  -79.47   39.01    22.8    14.0    18.4    17.5     0.0    23.11 C    32.1    11.3    19.5    95.1    49.9    78.5   0.352   0.293   0.383   0.332   0.358    17.2    16.9    15.5    14.7    13.9
03733 20240604  2.622  -79.47   39.01    24.2    13.2    18.7    18.8     0.7    22.25 C    33.2    10.7    19.9    94.2    51.1    77.1   0.331   0.283   0.379   0.331   0.358    18.1    17.7    16.1    14.8    14.0
03733 20240605  2.622  -79.47   39.01    20.0    15.0    17.5    18.0     7.6     8.49 C    24.1    12.5    17.8    94.4    72.1    84.1   0.349   0.290   0.378   0.331   0.358    17.9    17.7    16.5    15.1    14.2
03733 20240606  2.622  -79.47   39.01    21.5    14.8    18.1    18.1    21.8    15.77 C    28.2    14.5    18.8    93.5    53.0    78.1   0.398   0.339   0.416   0.366   0.374    18.2    18.0    16.6    15.4    14.4
03733 20240607  2.622  -79.47   39.01    18.0    11.7    14.9    14.9     0.0    21.88 C    26.8     7.7    15.5    91.8    50.2    66.3   0.389   0.336   0.408   0.359   0.377    18.0    17.9    16.8    15.5    14.6
03733 20240608  2.622  -79.47   39.01    19.2     9.5    14.3    15.1     0.0    26.34 C    28.8     6.0    16.2    76.4    36.2    57.3   0.366   0.321   0.399   0.345   0.375    17.5    17.4    16.6    15.5    14.7
03733 20240609  2.622  -79.47   39.01    17.4    10.9    14.2    14.8     4.2    13.10 C    25.5     7.6    14.9    94.8    50.0    69.7   0.367   0.312   0.394   0.339   0.370    17.1    17.1    16.5    15.6    14.8
03733 20240610  2.622  -79.47   39.01    17.7     8.8    13.2    12.8     0.8    16.32 C    26.7     4.7    13.1    94.0    46.8    71.8   0.364   0.307   0.390   0.338   0.363    16.3    16.4    16.2    15.5    14.8
03733 20240611  2.622  -79.47   39.01    14.9     6.6    10.8    10.8     0.0    14.72 C    23.7     3.3    12.2    94.2    60.7    81.0   0.353   0.302   0.387   0.336   0.361    16.1    16.2    16.0    15.3    14.7
03733 20240612  2.622  -79.47   39.01    20.8     5.3    13.1    13.4     0.0    29.19 C    30.4     2.4    15.3    91.9    39.3    68.7   0.336   0.292   0.382   0.334   0.360    16.2    16.1    15.7    15.1    14.6
03733 20240613  2.622  -79.47   39.01    24.6     7.9    16.3    16.9     0.0    28.71 C    33.5     4.9    17.7    89.6    39.9    66.4   0.312   0.275   0.376   0.334   0.360    17.1    16.9    16.0    15.0    14.6
03733 20240614  2.622  -79.47   39.01    23.3    12.9    18.1    18.0     2.4    21.17 C    32.5     7.9    18.0    94.5    50.1    71.8   0.294   0.263   0.369   0.333   0.359    17.6    17.3    16.3    15.2    14.6
03733 20240615  2.622  -79.47   39.01    21.8     8.5    15.2    15.1     0.0    28.94 C    30.4     5.3    16.4    94.2    36.2    69.3   0.284   0.256   0.361   0.331   0.359    17.7    17.6    16.5    15.4    14.7
03733 20240616  2.622  -79.47   39.01    24.3     9.2    16.8    17.8     0.0    22.60 C    33.5     6.7    18.5    89.2    55.6    70.9   0.267   0.243   0.353   0.330   0.358    17.7    17.5    16.6    15.5    14.8
03733 20240617  2.622  -79.47   39.01    26.9    14.6    20.7    20.9     0.0    24.21 C    36.4    10.6    21.7    91.9    55.4    76.3   0.251   0.233   0.342   0.330   0.358    18.9    18.5    17.0    15.6    14.9
03733 20240618  2.622  -79.47   39.01    28.0    16.5    22.3    22.7     0.0    25.12 C    37.8    13.5    23.3    93.3    49.7    69.7   0.236   0.220   0.329   0.328   0.357    19.9    19.4    17.5    15.9    15.1
03733 20240619  2.622  -79.47   39.01    26.1    14.2    20.1    20.7     0.0    24.69 C    36.1    11.2    21.4    93.6    44.8    68.1   0.222   0.209   0.316   0.327   0.357    20.0    19.6    17.9    16.3    15.3
03733 20240620  2.622  -79.47   39.01    27.5    13.0    20.3    20.4     0.0    23.62 C    37.5    10.4    21.4    92.7    41.4    71.3   0.212   0.201   0.304   0.325   0.357    19.8    19.5    18.0    16.5    15.6
03733 20240621  2.622  -79.47   39.01    27.5    14.3    20.9    20.9     0.0    20.27 C    37.8    11.6    21.1    93.6    52.2    74.4   0.205   0.194   0.294   0.323   0.357    19.8    19.5    18.1    16.7    15.7
03733 20240622  2.622  -79.47   39.01    28.3    15.3    21.8    21.8     0.0    25.13 C    37.9    12.5    22.7    94.1    48.4    72.2   0.200   0.188   0.285   0.321   0.356    20.2    19.8    18.2    16.9    15.9
03733 20240623  2.622  -79.47   39.01    24.6    17.4    21.0    21.4     0.9    13.23 C    31.7    13.9    21.2    94.0    53.0    71.8   0.195   0.183   0.279   0.318   0.356    19.9    19.7    18.4    17.1    16.0
03733 20240624  2.622  -79.47   39.01    21.4    11.2    16.3    17.7     0.0    21.17 C    32.6     6.9    19.0    92.1    46.3    72.0   0.193   0.180   0.275   0.315   0.355    19.9    19.7    18.4    17.1    16.0
03733 20240625  2.622  -79.47   39.01    24.0     8.7    16.4    17.8     0.0    24.24 C    32.9     5.5    18.2    91.2    42.9    65.7   0.189   0.176   0.269   0.312   0.354    18.8    18.7    18.1    17.0    16.2
03733 20240626  2.622  -79.47   39.01    25.6    16.3    20.9    20.1     4.6    17.91 C    34.0    12.8    20.6    93.8    53.8    70.3   0.193   0.176   0.264   0.308   0.353    19.2    19.0    18.0    16.9    16.1
03733 20240627  2.622  -79.47   39.01    22.6    11.7    17.2    17.7     0.5    25.37 C    33.0     8.8    19.6    93.7    44.2    73.5   0.211   0.188   0.269   0.305   0.352    19.9    19.6    18.3    17.0    16.2
03733 20240628  2.622  -79.47   39.01    25.3    11.4    18.4    18.9     0.0    27.22 C    35.5     8.7    20.8    93.4    50.3    68.6   0.192   0.176   0.263   0.303   0.352    19.6    19.3    18.3    17.1    16.3
03733 20240629  2.622  -79.47   39.01    27.4    18.4    22.9    22.6     0.5    18.64 C    36.3    16.5    23.4    91.4    55.2    69.7   0.185   0.170   0.255   0.299   0.351    20.4    20.1    18.6    17.2    16.3
03733 20240630  2.622  -79.47   39.01    24.5    13.3    18.9    20.0    32.7    11.98 C    30.8    12.7    20.7    93.2    65.2    82.7   0.266   0.243   0.354   0.321   0.384    20.5    20.3    18.9    17.7    16.5
03733 20240701  2.622  -79.47   39.01    20.3     8.1    14.2    13.3     0.0    29.22 C    30.9     5.0    16.2    86.8    39.0    66.1   0.249   0.228   0.347   0.321   0.357    19.7    19.6    18.8    17.5    16.6
03733 20240702  2.622  -79.47   39.01 -9999.0 -9999.0 -9999.0 -9999.0 -9999.0 -9999.00 U -9999.0 -9999.0 -9999.0 -9999.0 -9999.0 -9999.0 -99.000 -99.000 -99.000 -99.000 -99.000 -9999.0 -9999.0 -9999.0 -9999.0 -9999.0
