53154 20240101  2.623 -114.19   32.84    18.1     6.4    12.2    11.3     0.0     9.70 C    28.0     2.7    10.8    86.4    34.4    63.7   0.109   0.090 -99.000 -99.000 -99.000    13.4    14.9 -9999.0 -9999.0 -9999.0
53154 20240102  2.623 -114.19   32.84    18.6     4.0    11.3    11.1     0.0    11.77 C    29.3    -0.5    10.6    87.5    29.4    60.2   0.107   0.089 -99.000 -99.000 -99.000    13.2    14.7 -9999.0 -9999.0 -9999.0
53154 20240103  2.623 -114.19   32.84    18.8     5.1    11.9    10.2     0.5     9.12 C    28.1     0.7     9.1    91.5    26.9    66.4   0.107   0.088 -99.000 -99.000 -99.000    12.4    14.5 -9999.0 -9999.0 -9999.0
53154 20240104  2.623 -114.19   32.84    16.8     3.8    10.3    10.0     0.0    11.82 C    23.1    -0.5     8.0    90.7    25.6    59.7   0.107   0.087 -99.000 -99.000 -99.000    11.3    13.5 -9999.0 -9999.0 -9999.0
53154 20240105  2.623 -114.19   32.84    17.3     3.6    10.4    10.9     0.0    10.51 C    24.8    -2.3     7.6    76.3    19.2    43.4   0.105   0.086 -99.000 -99.000 -99.000    11.0    13.0 -9999.0 -9999.0 -9999.0
53154 20240106  2.623 -114.19   32.84    16.4     5.7    11.1    10.8     0.0    12.23 C    27.9    -1.6     9.4    56.0    17.0    36.7   0.106   0.086 -99.000 -99.000 -99.000    11.8    13.2 -9999.0 -9999.0 -9999.0
53154 20240107  2.623 -114.19   32.84    13.9     3.9     8.9    10.5     3.5     8.65 C    15.3    -2.1     7.2    77.6    12.9    36.1   0.122   0.085 -99.000 -99.000 -99.000    10.6    13.3 -9999.0 -9999.0 -9999.0
53154 20240108  2.623 -114.19   32.84    13.3     3.3     8.3     7.7     0.0    12.57 C    16.9    -5.0     3.3    49.6    10.8    27.5   0.119   0.084 -99.000 -99.000 -99.000     7.4    10.7 -9999.0 -9999.0 -9999.0
53154 20240109  2.623 -114.19   32.84    13.8    -0.8     6.5     7.2     0.0    12.32 C    24.5    -5.5     5.7    67.2    16.6    36.1   0.113   0.084 -99.000 -99.000 -99.000     8.4    10.5 -9999.0 -9999.0 -9999.0
53154 20240110  2.623 -114.19   32.84    16.0     0.7     8.4     8.2     0.0    12.34 C    24.1    -4.7     6.4    67.5    14.7    39.7   0.111   0.085 -99.000 -99.000 -99.000     9.4    11.2 -9999.0 -9999.0 -9999.0
53154 20240111  2.623 -114.19   32.84    15.0     3.5     9.3     9.3     0.0     9.69 C    19.2    -2.0     5.9    81.7    20.5    45.8   0.110   0.085 -99.000 -99.000 -99.000     9.5    11.6 -9999.0 -9999.0 -9999.0
53154 20240112  2.623 -114.19   32.84    15.2     1.2     8.2     8.1     0.0    12.56 C    25.3    -4.8     6.5    51.6    12.2    30.2   0.108   0.084 -99.000 -99.000 -99.000     9.3    11.1 -9999.0 -9999.0 -9999.0
53154 20240113  2.623 -114.19   32.84    17.1     0.8     8.9     9.3     0.0    12.62 C    28.2    -3.7     8.6    65.8    13.7    33.6   0.106   0.085 -99.000 -99.000 -99.000    10.7    11.9 -9999.0 -9999.0 -9999.0
53154 20240114  2.623 -114.19   32.84    19.7     4.3    12.0    12.0     0.0    12.45 C    30.1    -0.3    10.8    60.2    16.6    33.8   0.112   0.086 -99.000 -99.000 -99.000    12.7    13.2 -9999.0 -9999.0 -9999.0
53154 20240115  2.623 -114.19   32.84    20.3     4.1    12.2    12.1     0.0    12.35 C    30.6    -0.7    10.9    69.0    18.3    41.9   0.112   0.086 -99.000 -99.000 -99.000    13.2    13.9 -9999.0 -9999.0 -9999.0
53154 20240116  2.623 -114.19   32.84    20.8     4.8    12.8    12.5     0.0    12.70 C    32.5    -0.2    11.9    67.9    17.0    41.1   0.111   0.087 -99.000 -99.000 -99.000    13.9    14.4 -9999.0 -9999.0 -9999.0
53154 20240117  2.623 -114.19   32.84    22.1     7.0    14.5    14.0     0.0    11.61 C    33.0     2.2    12.8    56.1    17.5    36.2   0.110   0.087 -99.000 -99.000 -99.000    14.7    15.0 -9999.0 -9999.0 -9999.0
53154 20240118  2.623 -114.19   32.84    23.1     7.7    15.4    14.7     0.0    12.74 C    34.0     2.5    13.9    57.5    19.6    39.0   0.108   0.088 -99.000 -99.000 -99.000    15.7    15.8 -9999.0 -9999.0 -9999.0
53154 20240119  2.623 -114.19   32.84    22.6     7.4    15.0    14.7     0.0    10.35 C    30.5     3.9    13.4    68.6    22.0    43.9   0.107   0.088 -99.000 -99.000 -99.000    15.5    16.1 -9999.0 -9999.0 -9999.0
53154 20240120  2.623 -114.19   32.84    20.5     9.6    15.0    14.9     0.0     6.08 C    26.3     5.8    14.0    65.4    27.7    46.2   0.105   0.088 -99.000 -99.000 -99.000    15.4    16.1 -9999.0 -9999.0 -9999.0
53154 20240121  2.623 -114.19   32.84    15.8    11.5    13.7    13.3     6.1     4.55 C    18.9     7.8    12.3    87.3    46.4    75.9   0.123   0.088 -99.000 -99.000 -99.000    14.4    15.8 -9999.0 -9999.0 -9999.0
53154 20240122  2.623 -114.19   32.84    13.6    10.3    12.0    12.4    17.5     2.18 C    14.1     7.8    11.0    89.9    78.8    86.0   0.169   0.087 -99.000 -99.000 -99.000    12.4    14.2 -9999.0 -9999.0 -9999.0
53154 20240123  2.623 -114.19   32.84    16.9    11.0    14.0    13.6     0.0     7.12 C    21.1     6.9    12.9    93.8    60.0    82.3   0.189   0.098 -99.000 -99.000 -99.000    14.1    14.7 -9999.0 -9999.0 -9999.0
53154 20240124  2.623 -114.19   32.84    18.4     7.1    12.8    12.8     0.0    10.66 C    25.0     3.3    12.0    93.4    45.2    78.9   0.165   0.106 -99.000 -99.000 -99.000    13.7    14.5 -9999.0 -9999.0 -9999.0
53154 20240125  2.623 -114.19   32.84    19.3     8.3    13.8    13.4     0.0    12.25 C    28.5     4.9    12.5    92.6    52.6    76.9   0.152   0.108 -99.000 -99.000 -99.000    14.4    15.1 -9999.0 -9999.0 -9999.0
53154 20240126  2.623 -114.19   32.84    20.7    10.1    15.4    14.6     0.0    13.43 C    25.0     4.2    11.6    88.1    22.3    51.0   0.142   0.107 -99.000 -99.000 -99.000    14.4    15.2 -9999.0 -9999.0 -9999.0
53154 20240127  2.623 -114.19   32.84    22.9     8.7    15.8    15.8     0.0    13.86 C    32.2     3.0    13.7    56.0    17.5    34.8   0.134   0.107 -99.000 -99.000 -99.000    15.5    15.6 -9999.0 -9999.0 -9999.0
53154 20240128  2.623 -114.19   32.84    24.2     7.2    15.7    15.7     0.0    11.56 C    30.6     3.8    13.5    80.6    16.7    46.4   0.127   0.107 -99.000 -99.000 -99.000    15.8    16.3 -9999.0 -9999.0 -9999.0
53154 20240129  2.623 -114.19   32.84    25.4     7.2    16.3    15.7     0.0    13.77 C    36.2     2.9    15.1    81.2    18.7    52.2   0.125   0.107 -99.000 -99.000 -99.000    16.7    16.7 -9999.0 -9999.0 -9999.0
53154 20240130  2.623 -114.19   32.84    24.9     8.4    16.7    16.3     0.0    14.16 C    34.4     4.1    15.8    83.2    20.8    52.9   0.121   0.107 -99.000 -99.000 -99.000    17.6    17.6 -9999.0 -9999.0 -9999.0
53154 20240131  2.623 -114.19   32.84    24.5    10.3    17.4    17.9     0.0    11.70 C    33.6     5.3    16.5    74.5    26.5    48.4   0.116   0.107 -99.000 -99.000 -99.000    18.0    17.9 -9999.0 -9999.0 -9999.0
53154 20240201  2.623 -114.19   32.84    21.7    12.7    17.2    15.8     7.7     5.95 C    26.1     7.6    14.2    90.5    23.9    62.3   0.110   0.107 -99.000 -99.000 -99.000    16.4    17.7 -9999.0 -9999.0 -9999.0
53154 20240202  2.623 -114.19   32.84    17.4     9.4    13.4    13.4     0.0    13.69 C    21.9     4.4    10.7    82.9    33.8    57.6   0.162   0.106 -99.000 -99.000 -99.000    13.8    15.6 -9999.0 -9999.0 -9999.0
53154 20240203  2.623 -114.19   32.84    17.0     7.4    12.2    12.2     0.0    14.91 C    27.1     1.7    11.3    77.7    29.5    54.3   0.143   0.107 -99.000 -99.000 -99.000    13.6    14.7 -9999.0 -9999.0 -9999.0
53154 20240204  2.623 -114.19   32.84    20.2    10.4    15.3    14.8     0.0    14.99 C    28.2     6.1    14.5    69.3    23.8    45.2   0.135   0.110 -99.000 -99.000 -99.000    15.9    16.0 -9999.0 -9999.0 -9999.0
53154 20240205  2.623 -114.19   32.84    21.0    12.3    16.7    16.0     0.0     8.92 C    27.1     6.7    14.4    57.3    29.0    43.7   0.123   0.110 -99.000 -99.000 -99.000    15.8    16.3 -9999.0 -9999.0 -9999.0
53154 20240206  2.623 -114.19   32.84    18.0     9.7    13.9    13.6     9.9     5.96 C    23.1     7.7    13.1    91.3    45.1    72.7   0.140   0.109 -99.000 -99.000 -99.000    14.9    16.2 -9999.0 -9999.0 -9999.0
53154 20240207  2.623 -114.19   32.84    16.9     7.8    12.4    12.3     0.0    12.29 C    23.3     4.1    10.6    91.5    36.5    60.0   0.172   0.110 -99.000 -99.000 -99.000    13.0    14.6 -9999.0 -9999.0 -9999.0
53154 20240208  2.623 -114.19   32.84    15.9     6.7    11.3    10.6     1.4    11.88 C    20.2     1.9     8.4    89.3    29.1    60.4   0.148   0.110 -99.000 -99.000 -99.000    11.4    13.5 -9999.0 -9999.0 -9999.0
53154 20240209  2.623 -114.19   32.84    15.0     3.3     9.2    10.1     0.8    10.19 C    27.3    -0.2     9.9    88.6    36.7    63.4   0.143   0.111 -99.000 -99.000 -99.000    11.4    12.8 -9999.0 -9999.0 -9999.0
53154 20240210  2.623 -114.19   32.84    15.2     6.9    11.0    11.1     0.7    11.07 C    22.6     2.7     9.8    90.8    32.2    59.4   0.140   0.111 -99.000 -99.000 -99.000    12.3    13.7 -9999.0 -9999.0 -9999.0
53154 20240211  2.623 -114.19   32.84    16.4     6.1    11.2    10.9     0.0    16.42 C    29.1    -0.9     9.9    79.2    16.5    39.0   0.137   0.111 -99.000 -99.000 -99.000    12.3    13.2 -9999.0 -9999.0 -9999.0
53154 20240212  2.623 -114.19   32.84    18.6     1.9    10.2    10.6     0.0    16.54 C    31.3    -2.3    11.1    87.9    19.6    49.4   0.127   0.111 -99.000 -99.000 -99.000    13.3    13.9 -9999.0 -9999.0 -9999.0
53154 20240213  2.623 -114.19   32.84    19.2     2.9    11.1    11.6     0.0    16.61 C    33.6    -0.9    12.5    84.7    18.3    48.0   0.122   0.112 -99.000 -99.000 -99.000    14.6    14.9 -9999.0 -9999.0 -9999.0
53154 20240214  2.623 -114.19   32.84 -9999.0 -9999.0 -9999.0 -9999.0 -9999.0 -9999.00 U -9999.0 -9999.0 -9999.0 -9999.0 -9999.0 -9999.0 -99.000 -99.000 -99.000 -99.000 -99.000 -9999.0 -9999.0 -9999.0 -9999.0 -9999.0
53154 20240215  2.623 -114.19   32.84    22.4     5.8    14.1    14.3     0.0    16.91 C    36.9     2.3    15.3    81.4    16.9    47.1   0.113   0.113 -99.000 -99.000 -99.000    16.7    16.5 -9999.0 -9999.0 -9999.0
53154 20240216  2.623 -114.19   32.84    23.9     6.8    15.4    15.8     0.0    16.33 C    39.0     3.5    17.0    81.1    20.0    44.4   0.113   0.113 -99.000 -99.000 -99.000    18.1    17.6 -9999.0 -9999.0 -9999.0
53154 20240217  2.623 -114.19   32.84    24.2     8.6    16.4    16.8     0.0    15.65 C    40.4     5.2    18.1    75.2    20.2    43.3   0.112   0.113 -99.000 -99.000 -99.000    19.2    18.6 -9999.0 -9999.0 -9999.0
53154 20240218  2.623 -114.19   32.84    24.0     7.6    15.8    16.6     0.0    17.05 C    37.6     5.0    18.1    80.5    17.9    46.7   0.109   0.112 -99.000 -99.000 -99.000    19.6    19.2 -9999.0 -9999.0 -9999.0
53154 20240219  2.623 -114.19   32.84    24.6    10.7    17.6    17.7     0.0    16.31 C    38.3     5.9    18.5    70.7    15.7    40.9   0.109   0.112 -99.000 -99.000 -99.000    19.8    19.5 -9999.0 -9999.0 -9999.0
53154 20240220  2.623 -114.19   32.84    24.1     9.0    16.5    17.1     0.0    16.99 C    40.3     5.6    19.2    78.1    23.9    46.3   0.109   0.112 -99.000 -99.000 -99.000    20.2    19.8 -9999.0 -9999.0 -9999.0
53154 20240221  2.623 -114.19   32.84    22.2    11.9    17.1    17.3     0.0    15.72 C    36.1     8.7    18.4    81.1    30.4    50.9   0.107   0.112 -99.000 -99.000 -99.000    20.6    20.5 -9999.0 -9999.0 -9999.0
53154 20240222  2.623 -114.19   32.84    24.3     8.4    16.3    16.9     0.0    17.70 C    41.4     4.9    18.6    78.0    20.8    43.8   0.094   0.110 -99.000 -99.000 -99.000    20.1    19.9 -9999.0 -9999.0 -9999.0
53154 20240223  2.623 -114.19   32.84    25.5    11.0    18.2    18.9     0.0    16.44 C    41.1     7.6    19.9    53.2    16.0    28.8   0.106   0.110 -99.000 -99.000 -99.000    21.1    20.6 -9999.0 -9999.0 -9999.0
53154 20240224  2.623 -114.19   32.84    25.0    11.2    18.1    18.9     0.0    12.81 C    39.4     7.9    19.9    50.4    13.9    29.1   0.104   0.110 -99.000 -99.000 -99.000    21.1    20.9 -9999.0 -9999.0 -9999.0
53154 20240225  2.623 -114.19   32.84    25.4    15.2    20.3    20.1     0.0    10.48 C    35.2    11.9    20.5    54.4    18.1    33.3   0.102   0.109 -99.000 -99.000 -99.000    21.5    21.2 -9999.0 -9999.0 -9999.0
53154 20240226  2.623 -114.19   32.84    24.1    13.0    18.6    18.8     0.0     8.85 C    34.3    10.8    19.0    63.9    20.0    39.6   0.100   0.104 -99.000 -99.000 -99.000    20.6    20.9 -9999.0 -9999.0 -9999.0
53154 20240227  2.623 -114.19   32.84    24.5    13.3    18.9    19.1     0.0    17.09 C    37.4    10.3    19.8    59.0    22.9    35.4   0.099   0.107 -99.000 -99.000 -99.000    21.4    21.0 -9999.0 -9999.0 -9999.0
53154 20240228  2.623 -114.19   32.84    24.5    10.0    17.2    17.3     0.0    16.31 C    45.9     6.8    19.1    71.2    22.2    46.4   0.097   0.106 -99.000 -99.000 -99.000    20.9    20.9 -9999.0 -9999.0 -9999.0
53154 20240229  2.623 -114.19   32.84    25.2     9.3    17.3    17.6     0.0    18.73 C    43.1     5.7    19.6    85.5    18.8    50.6   0.096   0.097 -99.000 -99.000 -99.000    21.2    21.1 -9999.0 -9999.0 -9999.0
53154 20240301  2.623 -114.19   32.84    26.5     8.7    17.6    17.8     0.0    19.30 C    42.4     5.4    19.9    78.6    16.5    43.9   0.094   0.101 -99.000 -99.000 -99.000    21.7    21.5 -9999.0 -9999.0 -9999.0
53154 20240302  2.623 -114.19   32.84    24.2     9.6    16.9    18.0     0.0    19.32 C    38.7     6.2    19.6    62.8    15.9    37.2   0.092   0.107 -99.000 -99.000 -99.000    21.6    21.5 -9999.0 -9999.0 -9999.0
53154 20240303  2.623 -114.19   32.84    21.8    11.6    16.7    16.8     0.0    18.72 C    32.5     7.1    17.2    58.8    23.9    41.5   0.088   0.106 -99.000 -99.000 -99.000    20.3    21.0 -9999.0 -9999.0 -9999.0
53154 20240304  2.623 -114.19   32.84    21.7     9.1    15.4    15.8     0.0    19.64 C    39.5     5.2    18.3    59.2    21.6    37.6   0.088   0.105 -99.000 -99.000 -99.000    20.4    20.5 -9999.0 -9999.0 -9999.0
53154 20240305  2.623 -114.19   32.84    23.9     9.0    16.5    16.3     0.0    18.05 C    43.1     6.2    18.8    71.1    13.5    38.7   0.088   0.105 -99.000 -99.000 -99.000    20.6    20.7 -9999.0 -9999.0 -9999.0
53154 20240306  2.623 -114.19   32.84    23.3    11.3    17.3    17.4     0.0    15.17 C    37.9     8.9    18.7    70.8     9.1    36.4   0.075   0.105 -99.000 -99.000 -99.000    20.5    20.7 -9999.0 -9999.0 -9999.0
53154 20240307  2.623 -114.19   32.84    20.5    10.5    15.5    16.2     0.0    13.96 C    37.3     7.2    17.4    62.8    26.3    42.2   0.083   0.104 -99.000 -99.000 -99.000    19.8    20.5 -9999.0 -9999.0 -9999.0
53154 20240308  2.623 -114.19   32.84    22.9    10.6    16.8    16.6     0.0    18.98 C    40.6     6.8    18.7    70.9    15.2    39.6   0.083   0.103 -99.000 -99.000 -99.000    20.7    20.6 -9999.0 -9999.0 -9999.0
53154 20240309  2.623 -114.19   32.84    23.5     8.1    15.8    16.5     0.0    20.90 C    43.3     1.4    18.4    39.0     6.6    18.5   0.083   0.103 -99.000 -99.000 -99.000    20.3    20.4 -9999.0 -9999.0 -9999.0
53154 20240310  2.623 -114.19   32.84    26.8     7.3    17.1    18.0     0.0    20.18 C    43.8     4.4    20.2    50.9    10.0    26.1   0.071   0.103 -99.000 -99.000 -99.000    21.7    21.2 -9999.0 -9999.0 -9999.0
53154 20240311  2.623 -114.19   32.84    25.9     9.0    17.5    18.7     0.0    19.47 C    45.6     6.0    21.0    56.2    11.4    27.1   0.076   0.104 -99.000 -99.000 -99.000    22.5    22.0 -9999.0 -9999.0 -9999.0
53154 20240312  2.623 -114.19   32.84    24.5     9.1    16.8    18.2     0.0    19.76 C    41.7     6.7    20.3    67.0    14.7    34.9   0.073   0.104 -99.000 -99.000 -99.000    22.4    22.1 -9999.0 -9999.0 -9999.0
53154 20240313  2.623 -114.19   32.84    25.4    10.7    18.0    18.4     0.0    20.58 C    40.0     7.6    19.6    69.0    14.8    34.6   0.071   0.103 -99.000 -99.000 -99.000    22.1    22.1 -9999.0 -9999.0 -9999.0
53154 20240314  2.623 -114.19   32.84    17.9    10.5    14.2    15.1     0.0    14.40 C    31.3     5.5    15.6    30.7    12.1    20.7   0.065   0.102 -99.000 -99.000 -99.000    18.9    20.7 -9999.0 -9999.0 -9999.0
53154 20240315  2.623 -114.19   32.84    16.6     9.4    13.0    12.9     0.3    13.76 C    36.1     6.1    15.7    72.5    28.2    47.3   0.066   0.100 -99.000 -99.000 -99.000    18.3    19.6 -9999.0 -9999.0 -9999.0
53154 20240316  2.623 -114.19   32.84    20.8     7.4    14.1    13.1     1.2    20.27 C    44.1     5.2    18.4    87.9    26.5    58.9   0.068   0.099 -99.000 -99.000 -99.000    19.6    19.7 -9999.0 -9999.0 -9999.0
53154 20240317  2.623 -114.19   32.84    21.0     7.5    14.3    14.3     0.0    18.45 C    30.7    -5.7     8.8    92.2    28.1    57.9   0.071   0.099 -99.000 -99.000 -99.000    19.2    19.7 -9999.0 -9999.0 -9999.0
53154 20240318  2.623 -114.19   32.84    24.0     8.0    16.0    16.9     0.0    21.90 C    33.2    -1.1    11.8    72.7    17.9    41.2   0.077   0.100 -99.000 -99.000 -99.000    21.6    20.8 -9999.0 -9999.0 -9999.0
53154 20240319  2.623 -114.19   32.84    25.6     9.9    17.8    18.2     0.0    21.96 C    34.0     0.5    12.9    62.8    13.8    35.5   0.075   0.101 -99.000 -99.000 -99.000    23.2    22.1 -9999.0 -9999.0 -9999.0
53154 20240320  2.623 -114.19   32.84    27.2     9.6    18.4    19.6     0.0    20.56 C    38.5     0.3    13.5    58.4    13.2    30.2   0.073   0.101 -99.000 -99.000 -99.000    23.9    23.0 -9999.0 -9999.0 -9999.0
53154 20240321  2.623 -114.19   32.84    29.0    10.7    19.8    20.8     0.0    22.03 C    37.8     1.2    14.9    57.6    14.7    30.4   0.071   0.102 -99.000 -99.000 -99.000    24.8    23.6 -9999.0 -9999.0 -9999.0
53154 20240322  2.623 -114.19   32.84    29.9    10.7    20.3    21.4     0.0    21.13 C    38.4     2.3    16.4    51.2     9.5    25.6   0.070   0.102 -99.000 -99.000 -99.000    25.1    24.1 -9999.0 -9999.0 -9999.0
53154 20240323  2.623 -114.19   32.84    26.5    13.6    20.0    19.7     0.0    15.75 C    37.2     6.0    16.0    57.8    11.9    25.8   0.068   0.102 -99.000 -99.000 -99.000    23.7    23.9 -9999.0 -9999.0 -9999.0
53154 20240324  2.623 -114.19   32.84    21.3    11.6    16.5    15.6     0.0    21.95 C    30.7     4.0    13.1    48.2    18.9    34.8   0.062   0.101 -99.000 -99.000 -99.000    21.0    22.3 -9999.0 -9999.0 -9999.0
53154 20240325  2.623 -114.19   32.84    23.2     8.7    15.9    16.6     0.0    22.66 C    38.6     2.0    15.5    61.6    11.4    32.7   0.064   0.099 -99.000 -99.000 -99.000    21.5    21.6 -9999.0 -9999.0 -9999.0
53154 20240326  2.623 -114.19   32.84    22.9     8.9    15.9    17.1     0.0    22.74 C    40.7     4.2    17.5    58.5    17.4    32.7   0.064   0.099 -99.000 -99.000 -99.000    22.4    22.1 -9999.0 -9999.0 -9999.0
53154 20240327  2.623 -114.19   32.84    26.1     7.5    16.8    18.5     0.0    23.13 C    44.8     2.8    20.0    67.1    11.9    34.0   0.065   0.100 -99.000 -99.000 -99.000    23.9    22.9 -9999.0 -9999.0 -9999.0
53154 20240328  2.623 -114.19   32.84    28.3     9.7    19.0    20.1     0.0    20.44 C    44.0     4.5    20.4    45.1     8.8    23.5   0.064   0.100 -99.000 -99.000 -99.000    24.2    23.5 -9999.0 -9999.0 -9999.0
53154 20240329  2.623 -114.19   32.84    27.3    11.8    19.5    20.4     0.0    24.05 C    46.0     5.0    21.7    42.4     7.6    20.9   0.064   0.100 -99.000 -99.000 -99.000    25.3    24.1 -9999.0 -9999.0 -9999.0
53154 20240330  2.623 -114.19   32.84    26.7     9.0    17.9    17.2     1.9    21.59 C    41.4     4.0    18.2    84.3    15.8    34.7   0.061   0.100 -99.000 -99.000 -99.000    23.0    23.6 -9999.0 -9999.0 -9999.0
53154 20240331  2.623 -114.19   32.84    20.9     9.3    15.1    13.9    10.7    21.93 C    38.0     4.6    16.5    92.1    25.0    66.3   0.099   0.098 -99.000 -99.000 -99.000    20.8    22.4 -9999.0 -9999.0 -9999.0
53154 20240401  2.623 -114.19   32.84    19.0    10.2    14.6    14.1    11.0    15.59 C    22.1     2.4    10.9    87.4    41.4    69.9   0.165   0.097 -99.000 -99.000 -99.000    17.7    20.0 -9999.0 -9999.0 -9999.0
53154 20240402  2.623 -114.19   32.84    25.2     9.0    17.1    17.5     0.0    24.00 C    33.3     2.4    15.3    92.1    19.8    56.2   0.167   0.102 -99.000 -99.000 -99.000    20.7    20.5 -9999.0 -9999.0 -9999.0
53154 20240403  2.623 -114.19   32.84    28.7    10.6    19.6    20.5     0.0    24.90 C    40.9     3.9    18.7    83.1     9.0    40.0   0.140   0.109 -99.000 -99.000 -99.000    23.9    22.8 -9999.0 -9999.0 -9999.0
53154 20240404  2.623 -114.19   32.84    29.9    11.2    20.6    21.0     0.0    24.68 C    40.4     4.4    19.1    77.5     8.6    34.1   0.130   0.114 -99.000 -99.000 -99.000    24.8    24.1 -9999.0 -9999.0 -9999.0
53154 20240405  2.623 -114.19   32.84    19.5    10.3    14.9    15.2     0.0    23.03 C    29.5     3.9    13.5    48.5    15.2    32.4   0.120   0.114 -99.000 -99.000 -99.000    21.2    22.9 -9999.0 -9999.0 -9999.0
53154 20240406  2.623 -114.19   32.84    21.0     5.7    13.3    14.0     0.0    25.39 C    37.3    -0.2    14.7    66.6     8.8    31.0   0.116   0.112 -99.000 -99.000 -99.000    20.4    21.1 -9999.0 -9999.0 -9999.0
53154 20240407  2.623 -114.19   32.84    24.3     5.6    15.0    16.1     0.0    25.51 C    41.9    -0.4    16.8    67.9     4.9    25.9   0.117   0.113 -99.000 -99.000 -99.000    22.2    22.0 -9999.0 -9999.0 -9999.0
53154 20240408  2.623 -114.19   32.84    24.5    10.9    17.7    18.1     0.0    18.91 C    37.0     3.3    14.4    47.6     6.7    21.8   0.114   0.112 -99.000 -99.000 -99.000    21.5    22.3 -9999.0 -9999.0 -9999.0
53154 20240409  2.623 -114.19   32.84    28.7    13.8    21.2    21.3     0.0    25.61 C    37.9     4.5    17.4    29.3     3.9    12.3   0.112   0.112 -99.000 -99.000 -99.000    23.3    22.6 -9999.0 -9999.0 -9999.0
53154 20240410  2.623 -114.19   32.84    31.7     9.1    20.4    22.1     0.0    25.67 C    46.1     1.9    20.2    41.6     5.0    15.5   0.112   0.112 -99.000 -99.000 -99.000    25.6    24.1 -9999.0 -9999.0 -9999.0
53154 20240411  2.623 -114.19   32.84    33.5    12.9    23.2    24.2     0.0    25.75 C    47.1     5.6    22.1    48.1     4.6    19.0   0.113   0.113 -99.000 -99.000 -99.000    27.9    26.1 -9999.0 -9999.0 -9999.0
53154 20240412  2.623 -114.19   32.84    33.3    14.0    23.7    24.3     0.0    25.64 C    42.4     5.9    20.8    32.1     4.3    15.1   0.108   0.114 -99.000 -99.000 -99.000    27.5    26.7 -9999.0 -9999.0 -9999.0
53154 20240413  2.623 -114.19   32.84    29.1    14.6    21.9    21.6     0.0    26.04 C    39.8     7.1    19.5    45.8     6.5    21.5   0.103   0.112 -99.000 -99.000 -99.000    26.3    26.1 -9999.0 -9999.0 -9999.0
53154 20240414  2.623 -114.19   32.84    25.2    12.7    18.9    19.0     0.0    26.05 C    40.6     6.1    19.3    55.9     6.1    29.3   0.099   0.112 -99.000 -99.000 -99.000    25.1    25.3 -9999.0 -9999.0 -9999.0
53154 20240415  2.623 -114.19   32.84    25.7    10.3    18.0    18.9     0.0    26.12 C    40.8     4.9    19.5    58.8    10.8    29.6   0.093   0.111 -99.000 -99.000 -99.000    24.7    24.6 -9999.0 -9999.0 -9999.0
53154 20240416  2.623 -114.19   32.84    31.6    10.0    20.8    22.6     0.0    26.25 C    49.3     4.7    22.7    50.1     6.7    20.8   0.092   0.111 -99.000 -99.000 -99.000    27.0    25.6 -9999.0 -9999.0 -9999.0
53154 20240417  2.623 -114.19   32.84    33.8    13.1    23.4    24.9     0.0    26.29 C    49.1     7.0    24.8    40.1     6.1    18.0   0.090   0.112 -99.000 -99.000 -99.000    29.1    27.2 -9999.0 -9999.0 -9999.0
53154 20240418  2.623 -114.19   32.84    33.3    14.5    23.9    25.0     0.0    20.33 C    45.5     9.6    23.7    32.4     6.2    14.8   0.083   0.112 -99.000 -99.000 -99.000    28.2    27.5 -9999.0 -9999.0 -9999.0
53154 20240419  2.623 -114.19   32.84    33.4    12.8    23.1    25.1     0.0    26.08 C    50.5     7.6    26.1    39.0     3.9    15.1   0.081   0.112 -99.000 -99.000 -99.000    29.3    27.6 -9999.0 -9999.0 -9999.0
53154 20240420  2.623 -114.19   32.84    33.7    13.7    23.7    25.5     0.0    26.26 C    53.0     8.7    28.2    43.2     8.3    20.6   0.078   0.113 -99.000 -99.000 -99.000    30.6    28.7 -9999.0 -9999.0 -9999.0
53154 20240421  2.623 -114.19   32.84    35.9    15.3    25.6    27.1     0.0    26.51 C    55.6     9.3    29.3    36.5     6.3    16.9   0.076   0.113 -99.000 -99.000 -99.000    31.6    29.5 -9999.0 -9999.0 -9999.0
53154 20240422  2.623 -114.19   32.84    36.3    15.9    26.1    27.5     0.0    26.48 C    55.8     9.4    29.6    37.2     5.6    16.1   0.074   0.115 -99.000 -99.000 -99.000    32.1    30.1 -9999.0 -9999.0 -9999.0
53154 20240423  2.623 -114.19   32.84    34.3    17.1    25.7    25.9     0.0    26.68 C    55.3    11.3    28.9    41.7     5.5    20.1   0.072   0.111 -99.000 -99.000 -99.000    31.8    30.4 -9999.0 -9999.0 -9999.0
53154 20240424  2.623 -114.19   32.84    32.2    15.4    23.8    24.1     0.0    26.56 C    54.1    10.9    28.6    42.8     9.1    24.6   0.070   0.101 -99.000 -99.000 -99.000    31.2    30.0 -9999.0 -9999.0 -9999.0
53154 20240425  2.623 -114.19   32.84    28.4    16.5    22.4    21.8     0.0    26.33 C    42.9    11.9    24.3    43.0    15.5    29.4   0.068   0.094 -99.000 -99.000 -99.000    28.8    29.1 -9999.0 -9999.0 -9999.0
53154 20240426  2.623 -114.19   32.84    27.1    13.7    20.4    19.8     0.0    25.79 C    40.9     9.0    21.8    47.7    19.6    33.5   0.066   0.090 -99.000 -99.000 -99.000    26.4    27.2 -9999.0 -9999.0 -9999.0
53154 20240427  2.623 -114.19   32.84    28.2    13.2    20.7    21.3     0.0    26.90 C    46.6     8.9    24.6    51.3    10.4    27.6   0.064   0.096 -99.000 -99.000 -99.000    27.1    26.5 -9999.0 -9999.0 -9999.0
53154 20240428  2.623 -114.19   32.84    31.1    12.7    21.9    23.5     0.0    27.14 C    54.7     9.2    28.1    54.5     8.4    24.3   0.065   0.099 -99.000 -99.000 -99.000    29.2    27.7 -9999.0 -9999.0 -9999.0
53154 20240429  2.623 -114.19   32.84    34.0    14.4    24.2    25.4     0.0    27.29 C    56.5    10.6    30.3    34.8     8.0    17.8   0.066   0.099 -99.000 -99.000 -99.000    31.0    28.8 -9999.0 -9999.0 -9999.0
53154 20240430  2.623 -114.19   32.84    34.2    15.3    24.7    25.8     0.0    27.45 C    55.6    10.9    29.8    29.5     7.0    15.4   0.064   0.102 -99.000 -99.000 -99.000    31.3    29.5 -9999.0 -9999.0 -9999.0
53154 20240501  2.623 -114.19   32.84    31.9    15.8    23.8    24.8     0.0    27.16 C    56.4    12.4    30.5    44.5    11.6    21.9   0.063   0.089 -99.000 -99.000 -99.000    31.7    30.0 -9999.0 -9999.0 -9999.0
53154 20240502  2.623 -114.19   32.84    33.7    14.6    24.2    25.3     0.0    26.86 C    57.3    12.0    31.1    42.1    14.4    24.2   0.063   0.088 -99.000 -99.000 -99.000    32.2    30.3 -9999.0 -9999.0 -9999.0
53154 20240503  2.623 -114.19   32.84    33.4    15.8    24.6    25.9     0.0    27.18 C    57.8    12.6    31.2    37.6     9.5    20.8   0.062   0.096 -99.000 -99.000 -99.000    32.6    30.7 -9999.0 -9999.0 -9999.0
53154 20240504  2.623 -114.19   32.84    34.2    17.0    25.6    25.8     0.0    26.99 C    52.9    13.0    30.5    36.1     6.9    20.5   0.061   0.100 -99.000 -99.000 -99.000    32.1    30.7 -9999.0 -9999.0 -9999.0
53154 20240505  2.623 -114.19   32.84    26.0    17.3    21.7    21.2     0.0    24.97 C    42.0    12.0    23.9    41.8    15.1    27.3   0.058   0.086 -99.000 -99.000 -99.000    28.5    29.5 -9999.0 -9999.0 -9999.0
53154 20240506  2.623 -114.19   32.84    29.4    10.0    19.7    21.2     0.0    28.44 C    50.2     6.3    25.1    43.4     5.1    17.6   0.056   0.088 -99.000 -99.000 -99.000    27.7    27.6 -9999.0 -9999.0 -9999.0
53154 20240507  2.623 -114.19   32.84    32.6    10.7    21.6    23.9     0.0    27.97 C    54.2     7.6    28.2    28.3     5.7    14.3   0.056   0.083 -99.000 -99.000 -99.000    29.6    28.4 -9999.0 -9999.0 -9999.0
53154 20240508  2.623 -114.19   32.84    30.4    14.3    22.4    23.9     0.0    28.10 C    47.4    10.7    26.0    36.9     3.7    14.2   0.057   0.083 -99.000 -99.000 -99.000    29.1    28.8 -9999.0 -9999.0 -9999.0
53154 20240509  2.623 -114.19   32.84    31.2    11.7    21.5    23.4     0.0    28.50 C    52.3     7.5    26.7    16.3     4.1     7.9   0.055   0.082 -99.000 -99.000 -99.000    29.0    28.2 -9999.0 -9999.0 -9999.0
53154 20240510  2.623 -114.19   32.84    33.6    12.5    23.0    24.7     0.0    28.46 C    56.7     8.8    29.6    19.9     4.2    10.1   0.055   0.082 -99.000 -99.000 -99.000    30.8    29.0 -9999.0 -9999.0 -9999.0
53154 20240511  2.623 -114.19   32.84    33.5    19.0    26.2    26.9     0.0    28.33 C    52.4    12.8    29.5    19.2     5.6    11.2   0.056   0.082 -99.000 -99.000 -99.000    31.5    29.9 -9999.0 -9999.0 -9999.0
53154 20240512  2.623 -114.19   32.84    36.7    15.0    25.8    28.4     0.0    28.30 C    57.5    11.5    32.1    25.5     3.9    10.9   0.056   0.082 -99.000 -99.000 -99.000    32.8    30.4 -9999.0 -9999.0 -9999.0
53154 20240513  2.623 -114.19   32.84    37.3    19.4    28.4    30.0     0.0    27.33 C    57.9    15.1    33.5    26.9     5.3    12.8   0.056   0.083 -99.000 -99.000 -99.000    34.6    31.9 -9999.0 -9999.0 -9999.0
53154 20240514  2.623 -114.19   32.84    35.9    18.2    27.0    28.7     0.0    28.04 C    58.6    14.3    33.7    27.0     5.8    13.7   0.055   0.083 -99.000 -99.000 -99.000    34.6    32.3 -9999.0 -9999.0 -9999.0
53154 20240515  2.623 -114.19   32.84    34.7    17.6    26.2    28.0     0.0    27.85 C    56.0    14.5    32.7    32.8     8.4    17.2   0.054   0.082 -99.000 -99.000 -99.000    34.3    32.4 -9999.0 -9999.0 -9999.0
53154 20240516  2.623 -114.19   32.84    36.1    18.9    27.5    28.6     0.0    27.71 C    56.6    15.6    33.9    39.8    11.5    21.8   0.054   0.080 -99.000 -99.000 -99.000    35.0    32.8 -9999.0 -9999.0 -9999.0
53154 20240517  2.623 -114.19   32.84    38.0    17.9    28.0    29.6     0.0    28.07 C    60.6    14.9    34.7    26.8     8.0    15.8   0.054   0.078 -99.000 -99.000 -99.000    35.5    33.1 -9999.0 -9999.0 -9999.0
53154 20240518  2.623 -114.19   32.84    37.8    19.0    28.4    29.8     0.0    28.27 C    56.5    15.8    34.0    36.5     4.6    16.2   0.053   0.078 -99.000 -99.000 -99.000    35.6    33.6 -9999.0 -9999.0 -9999.0
53154 20240519  2.623 -114.19   32.84    36.3    18.3    27.3    29.2     0.0    29.45 C    54.1    13.6    32.1    16.8     2.9     7.9   0.052   0.076 -99.000 -99.000 -99.000    34.6    33.2 -9999.0 -9999.0 -9999.0
53154 20240520  2.623 -114.19   32.84    34.7    19.8    27.2    27.3     0.0    19.70 C    52.3    14.8    28.5    17.6     5.0    10.9   0.050   0.074 -99.000 -99.000 -99.000    31.8    31.9 -9999.0 -9999.0 -9999.0
53154 20240521  2.623 -114.19   32.84    33.9    15.6    24.8    26.2     0.0    29.03 C    57.5    10.8    31.1    31.2     3.6    14.2   0.050   0.072 -99.000 -99.000 -99.000    33.0    31.5 -9999.0 -9999.0 -9999.0
53154 20240522  2.623 -114.19   32.84    35.2    15.6    25.4    27.4     0.0    28.74 C    57.2    12.2    32.2    27.3     3.1    13.4   0.050   0.073 -99.000 -99.000 -99.000    33.8    32.1 -9999.0 -9999.0 -9999.0
53154 20240523  2.623 -114.19   32.84    35.0    16.1    25.5    27.3     0.0    28.71 C    57.4    13.2    32.7    34.7     7.4    18.7   0.050   0.071 -99.000 -99.000 -99.000    34.3    32.5 -9999.0 -9999.0 -9999.0
53154 20240524  2.623 -114.19   32.84    35.7    17.3    26.5    27.6     0.0    27.93 C    57.6    13.8    32.3    35.1     7.4    19.0   0.050   0.070 -99.000 -99.000 -99.000    34.4    32.8 -9999.0 -9999.0 -9999.0
53154 20240525  2.623 -114.19   32.84    31.9    18.5    25.2    25.4     0.0    28.81 C    50.4    14.6    29.7    36.3    10.9    21.9   0.049   0.081 -99.000 -99.000 -99.000    32.8    32.2 -9999.0 -9999.0 -9999.0
53154 20240526  2.623 -114.19   32.84    35.6    15.4    25.5    27.5     0.0    29.02 C    58.8    12.6    33.0    33.5     6.0    16.7   0.049   0.094 -99.000 -99.000 -99.000    34.3    32.2 -9999.0 -9999.0 -9999.0
53154 20240527  2.623 -114.19   32.84    38.1    18.3    28.2    29.5     0.0    29.21 C    61.1    13.9    34.7    28.9     4.8    14.2   0.050   0.093 -99.000 -99.000 -99.000    35.7    33.1 -9999.0 -9999.0 -9999.0
53154 20240528  2.623 -114.19   32.84    39.2    18.3    28.7    31.1     0.0    29.35 C    60.9    15.1    35.2    30.4     1.2    12.7   0.049   0.094 -99.000 -99.000 -99.000    36.5    33.8 -9999.0 -9999.0 -9999.0
53154 20240529  2.623 -114.19   32.84    37.8    23.1    30.4    30.5     0.0    29.37 C    59.9    16.7    35.2    20.5     3.1    11.1   0.049   0.086 -99.000 -99.000 -99.000    36.9    34.4 -9999.0 -9999.0 -9999.0
53154 20240530  2.623 -114.19   32.84    39.1    19.2    29.1    30.9     0.0    28.83 C    63.2    15.8    36.4    45.9     6.0    15.3   0.048   0.087 -99.000 -99.000 -99.000    37.4    34.7 -9999.0 -9999.0 -9999.0
53154 20240531  2.623 -114.19   32.84    39.8    19.2    29.5    31.0     0.0    29.33 C    63.0    15.4    36.3    22.2     4.0    10.5   0.048   0.077 -99.000 -99.000 -99.000    37.8    35.3 -9999.0 -9999.0 -9999.0
53154 20240601  2.623 -114.19   32.84    39.2    20.2    29.7    30.6     0.0    29.38 C    62.1    14.8    35.4    19.3     5.7    10.5   0.047   0.064 -99.000 -99.000 -99.000    37.2    35.2 -9999.0 -9999.0 -9999.0
53154 20240602  2.623 -114.19   32.84    38.8    19.1    28.9    30.7     0.0    28.81 C    59.6    15.2    35.5    30.8     5.4    15.4   0.046   0.062 -99.000 -99.000 -99.000    37.3    35.4 -9999.0 -9999.0 -9999.0
53154 20240603  2.623 -114.19   32.84    38.7    20.7    29.7    30.2     0.0    28.07 C    61.2    17.0    36.1    31.1     7.0    16.9   0.047   0.063 -99.000 -99.000 -99.000    37.7    35.6 -9999.0 -9999.0 -9999.0
53154 20240604  2.623 -114.19   32.84    38.4    21.7    30.1    30.7     0.0    26.41 C    60.9    18.4    36.3    31.1     7.1    18.0   0.046   0.061 -99.000 -99.000 -99.000    37.8    35.8 -9999.0 -9999.0 -9999.0
53154 20240605  2.623 -114.19   32.84    40.5    19.4    29.9    32.1     0.0    28.29 C    62.6    17.4    37.6    39.1     9.3    19.6   0.047   0.060 -99.000 -99.000 -99.000    38.8    36.3 -9999.0 -9999.0 -9999.0
53154 20240606  2.623 -114.19   32.84    42.8    22.2    32.5    33.6     0.0    28.93 C    65.1    18.7    39.6    34.5     6.0    17.6   0.047   0.060 -99.000 -99.000 -99.000    40.2    37.0 -9999.0 -9999.0 -9999.0
53154 20240607  2.623 -114.19   32.84    41.2    24.5    32.9    33.7     0.0    21.95 C    63.3    20.0    36.8    25.1     7.5    15.3   0.046   0.059 -99.000 -99.000 -99.000    39.0    37.3 -9999.0 -9999.0 -9999.0
53154 20240608  2.623 -114.19   32.84    41.7    22.7    32.2    33.2     0.0    28.42 C    63.6    19.3    38.8    33.7     8.0    18.5   0.046   0.059 -99.000 -99.000 -99.000    39.9    37.2 -9999.0 -9999.0 -9999.0
53154 20240609  2.623 -114.19   32.84    40.0    24.2    32.1    32.2     0.0    28.19 C    62.2    20.6    37.4    41.9     7.3    17.4   0.046   0.058 -99.000 -99.000 -99.000    39.4    37.4 -9999.0 -9999.0 -9999.0
53154 20240610  2.623 -114.19   32.84    39.7    23.0    31.3    32.0     0.0    28.22 C    63.0    19.2    37.6    29.2     5.6    14.1   0.045   0.057 -99.000 -99.000 -99.000    39.2    37.1 -9999.0 -9999.0 -9999.0
53154 20240611  2.623 -114.19   32.84    41.5    21.5    31.5    32.9     0.0    29.09 C    65.8    18.0    38.3    24.6     4.0    11.4   0.045   0.057 -99.000 -99.000 -99.000    39.8    37.5 -9999.0 -9999.0 -9999.0
53154 20240612  2.623 -114.19   32.84    42.0    21.0    31.5    32.9     0.0    29.70 C    64.6    15.7    37.2    13.5     2.5     7.3   0.044   0.056 -99.000 -99.000 -99.000    39.2    37.4 -9999.0 -9999.0 -9999.0
53154 20240613  2.623 -114.19   32.84    42.1    23.1    32.6    33.5     0.0    17.24 C    58.3    19.8    34.1    19.9     5.5    11.5   0.043   0.055 -99.000 -99.000 -99.000    36.8    36.5 -9999.0 -9999.0 -9999.0
53154 20240614  2.623 -114.19   32.84    42.8    24.2    33.5    34.8     0.0    28.55 C    63.6    20.3    39.0    22.0     5.0    11.4   0.044   0.055 -99.000 -99.000 -99.000    39.9    37.1 -9999.0 -9999.0 -9999.0
53154 20240615  2.623 -114.19   32.84    44.0    22.9    33.5    35.0     0.0    29.04 C    63.3    19.6    39.6    20.2     3.8    10.7   0.044   0.055 -99.000 -99.000 -99.000    40.8    38.1 -9999.0 -9999.0 -9999.0
53154 20240616  2.623 -114.19   32.84    42.7    21.5    32.1    34.1     0.0    29.59 C    63.6    17.7    38.6    25.5     4.3    12.6   0.043   0.054 -99.000 -99.000 -99.000    40.4    38.2 -9999.0 -9999.0 -9999.0
53154 20240617  2.623 -114.19   32.84    39.6    21.1    30.4    31.9     0.0    28.89 C    58.9    17.6    36.2    31.6     5.3    13.6   0.042   0.053 -99.000 -99.000 -99.000    39.0    37.7 -9999.0 -9999.0 -9999.0
53154 20240618  2.623 -114.19   32.84    38.7    20.8    29.7    31.4     0.0    28.61 C    62.3    18.0    37.1    30.2     5.1    16.0   0.043   0.052 -99.000 -99.000 -99.000    39.1    37.4 -9999.0 -9999.0 -9999.0
53154 20240619  2.623 -114.19   32.84    39.6    21.8    30.7    32.0     0.0    28.87 C    63.5    19.4    38.2    44.8     6.4    20.0   0.043   0.052 -99.000 -99.000 -99.000    39.8    37.8 -9999.0 -9999.0 -9999.0
53154 20240620  2.623 -114.19   32.84    42.0    21.9    32.0    33.8     0.0    29.11 C    64.3    18.8    38.6    28.2     4.5    13.8   0.043   0.051 -99.000 -99.000 -99.000    40.3    38.0 -9999.0 -9999.0 -9999.0
53154 20240621  2.623 -114.19   32.84    44.9    25.2    35.0    35.9     0.0    29.11 C    66.2    20.3    40.3    27.9     3.3    12.8   0.043   0.052 -99.000 -99.000 -99.000    41.5    38.6 -9999.0 -9999.0 -9999.0
53154 20240622  2.623 -114.19   32.84    42.6    28.5    35.5    36.1     0.0    24.39 C    63.6    25.0    40.9    34.4     8.5    17.8   0.043   0.052 -99.000 -99.000 -99.000    41.9    39.4 -9999.0 -9999.0 -9999.0
53154 20240623  2.623 -114.19   32.84    42.3    30.4    36.3    36.5     0.0    25.42 C    67.4    29.3    43.5    38.6    19.0    28.4   0.045   0.052 -99.000 -99.000 -99.000    43.9    40.4 -9999.0 -9999.0 -9999.0
53154 20240624  2.623 -114.19   32.84    43.1    30.5    36.8    36.9     0.0    26.41 C    65.8    28.4    44.0    37.9    16.4    25.1   0.045   0.052 -99.000 -99.000 -99.000    44.5    41.1 -9999.0 -9999.0 -9999.0
53154 20240625  2.623 -114.19   32.84    43.4    31.0    37.2    37.1     0.0    26.87 C    66.0    28.4    44.3    37.1    16.1    24.4   0.046   0.052 -99.000 -99.000 -99.000    44.8    41.6 -9999.0 -9999.0 -9999.0
53154 20240626  2.623 -114.19   32.84    43.4    30.9    37.1    37.1     0.0    27.07 C    66.6    28.7    44.0    42.7    15.8    26.2   0.046   0.052 -99.000 -99.000 -99.000    44.9    42.0 -9999.0 -9999.0 -9999.0
53154 20240627  2.623 -114.19   32.84    43.5    30.1    36.8    36.8     0.0    26.68 C    66.0    27.4    43.4    29.3    15.2    21.2   0.045   0.051 -99.000 -99.000 -99.000    44.6    41.9 -9999.0 -9999.0 -9999.0
53154 20240628  2.623 -114.19   32.84    42.3    29.3    35.8    36.4     0.0    27.52 C    64.1    27.0    42.4    37.2    14.7    22.9   0.044   0.050 -99.000 -99.000 -99.000    43.9    41.6 -9999.0 -9999.0 -9999.0
53154 20240629  2.623 -114.19   32.84    43.7    29.5    36.6    36.5     0.0    27.44 C    67.8    26.0    43.3    35.6    14.6    23.0   0.045   0.050 -99.000 -99.000 -99.000    44.4    41.6 -9999.0 -9999.0 -9999.0
53154 20240630  2.623 -114.19   32.84    43.3    30.0    36.6    36.5     0.0    23.86 C    67.9    26.7    42.5    31.6    16.6    24.1   0.044   0.050 -99.000 -99.000 -99.000    43.9    41.8 -9999.0 -9999.0 -9999.0
53154 20240701  2.623 -114.19   32.84    43.4    31.4    37.4    37.3     0.0    27.11 C    66.2    29.4    43.7    41.3    13.2    25.0   0.045   0.050 -99.000 -99.000 -99.000    44.8    41.9 -9999.0 -9999.0 -9999.0
53154 20240702  2.623 -114.19   32.84 -9999.0 -9999.0 -9999.0 -9999.0 -9999.0 -9999.00 U -9999.0 -9999.0 -9999.0 -9999.0 -9999.0 -9999.0 -99.000 -99.000 -99.000 -99.000 -99.000 -9999.0 -9999.0 -9999.0 -9999.0 -9999.0
