96406 20240101  2.515 -154.13   64.50   -12.7   -25.1   -18.9   -15.8     0.0     0.00 C   -16.1   -27.6   -19.7    86.1    75.3    82.4 -99.000 -99.000 -99.000 -99.000 -99.000 -9999.0 -9999.0 -9999.0 -9999.0 -9999.0
96406 20240102  2.515 -154.13   64.50   -12.6   -15.9   -14.3   -14.1     0.0     0.00 C   -16.3   -20.1   -18.1    78.2    64.7    71.4 -99.000 -99.000 -99.000 -99.000 -99.000 -9999.0 -9999.0 -9999.0 -9999.0 -9999.0
96406 20240103  2.515 -154.13   64.50   -15.6   -17.3   -16.4   -16.3     0.0     0.01 C   -19.1   -21.9   -20.2    65.6    49.6    56.8 -99.000 -99.000 -99.000 -99.000 -99.000 -9999.0 -9999.0 -9999.0 -9999.0 -9999.0
96406 20240104  2.515 -154.13   64.50   -16.2   -17.8   -17.0   -16.8     0.0     0.00 C   -16.5   -22.8   -19.4    69.4    48.1    60.1 -99.000 -99.000 -99.000 -99.000 -99.000 -9999.0 -9999.0 -9999.0 -9999.0 -9999.0
96406 20240105  2.515 -154.13   64.50   -15.3   -18.6   -16.9   -16.6     0.0     0.02 C   -15.4   -24.6   -20.1    69.2    63.3    65.8 -99.000 -99.000 -99.000 -99.000 -99.000 -9999.0 -9999.0 -9999.0 -9999.0 -9999.0
96406 20240106  2.515 -154.13   64.50   -14.4   -23.3   -18.8   -17.5     0.0     0.21 C   -13.7   -28.0   -21.6    77.0    59.9    65.8 -99.000 -99.000 -99.000 -99.000 -99.000 -9999.0 -9999.0 -9999.0 -9999.0 -9999.0
96406 20240107  2.515 -154.13   64.50   -10.4   -14.6   -12.5   -12.2     2.9     0.00 C   -11.4   -14.6   -12.7    84.7    61.0    71.1 -99.000 -99.000 -99.000 -99.000 -99.000 -9999.0 -9999.0 -9999.0 -9999.0 -9999.0
96406 20240108  2.515 -154.13   64.50   -10.0   -13.3   -11.7   -10.7     3.8     0.00 C   -10.0   -16.9   -11.5    87.8    74.2    84.7 -99.000 -99.000 -99.000 -99.000 -99.000 -9999.0 -9999.0 -9999.0 -9999.0 -9999.0
96406 20240109  2.515 -154.13   64.50   -10.7   -15.7   -13.2   -13.0     0.0     0.00 C   -10.8   -18.6   -13.3    90.0    84.1    86.2 -99.000 -99.000 -99.000 -99.000 -99.000 -9999.0 -9999.0 -9999.0 -9999.0 -9999.0
96406 20240110  2.515 -154.13   64.50   -15.6   -28.8   -22.2   -21.7     0.0     0.63 C   -15.6   -34.0   -26.4    84.2    65.9    78.1 -99.000 -99.000 -99.000 -99.000 -99.000 -9999.0 -9999.0 -9999.0 -9999.0 -9999.0
96406 20240111  2.515 -154.13   64.50   -12.6   -17.7   -15.2   -14.5     0.0     0.04 C   -12.6   -19.8   -15.6    65.8    45.6    52.7 -99.000 -99.000 -99.000 -99.000 -99.000 -9999.0 -9999.0 -9999.0 -9999.0 -9999.0
96406 20240112  2.515 -154.13   64.50   -11.5   -22.1   -16.8   -14.0     0.0     0.04 C   -11.0   -26.1   -16.5    84.1    47.9    60.2 -99.000 -99.000 -99.000 -99.000 -99.000 -9999.0 -9999.0 -9999.0 -9999.0 -9999.0
96406 20240113  2.515 -154.13   64.50   -16.4   -22.9   -19.6   -17.9     0.7     0.42 C   -16.7   -27.2   -21.6    81.0    43.8    57.1 -99.000 -99.000 -99.000 -99.000 -99.000 -9999.0 -9999.0 -9999.0 -9999.0 -9999.0
96406 20240114  2.515 -154.13   64.50 -9999.0 -9999.0 -9999.0 -9999.0 -9999.0 -9999.00 U -9999.0 -9999.0 -9999.0 -9999.0 -9999.0 -9999.0 -99.000 -99.000 -99.000 -99.000 -99.000 -9999.0 -9999.0 -9999.0 -9999.0 -9999.0
96406 20240115 -9.000 -154.13   64.50 -9999.0 -9999.0 -9999.0 -9999.0 -9999.0 -9999.00 U -9999.0 -9999.0 -9999.0 -9999.0 -9999.0 -9999.0 -99.000 -99.000 -99.000 -99.000 -99.000 -9999.0 -9999.0 -9999.0 -9999.0 -9999.0
96406 20240116 -9.000 -154.13   64.50 -9999.0 -9999.0 -9999.0 -9999.0 -9999.0 -9999.00 U -9999.0 -9999.0 -9999.0 -9999.0 -9999.0 -9999.0 -99.000 -99.000 -99.000 -99.000 -99.000 -9999.0 -9999.0 -9999.0 -9999.0 -9999.0
96406 20240117  2.515 -154.13   64.50 -9999.0 -9999.0 -9999.0 -9999.0 -9999.0 -9999.00 U -9999.0 -9999.0 -9999.0 -9999.0 -9999.0 -9999.0 -99.000 -99.000 -99.000 -99.000 -99.000 -9999.0 -9999.0 -9999.0 -9999.0 -9999.0
96406 20240118  2.515 -154.13   64.50 -9999.0 -9999.0 -9999.0 -9999.0 -9999.0 -9999.00 U -9999.0 -9999.0 -9999.0 -9999.0 -9999.0 -9999.0 -99.000 -99.000 -99.000 -99.000 -99.000 -9999.0 -9999.0 -9999.0 -9999.0 -9999.0
96406 20240119  2.515 -154.13   64.50 -9999.0 -9999.0 -9999.0 -9999.0 -9999.0 -9999.00 U -9999.0 -9999.0 -9999.0 -9999.0 -9999.0 -9999.0 -99.000 -99.000 -99.000 -99.000 -99.000 -9999.0 -9999.0 -9999.0 -9999.0 -9999.0
96406 20240120  2.515 -154.13   64.50 -9999.0 -9999.0 -9999.0 -9999.0 -9999.0 -9999.00 U -9999.0 -9999.0 -9999.0 -9999.0 -9999.0 -9999.0 -99.000 -99.000 -99.000 -99.000 -99.000 -9999.0 -9999.0 -9999.0 -9999.0 -9999.0
96406 20240121  2.515 -154.13   64.50 -9999.0 -9999.0 -9999.0 -9999.0 -9999.0 -9999.00 U -9999.0 -9999.0 -9999.0 -9999.0 -9999.0 -9999.0 -99.000 -99.000 -99.000 -99.000 -99.000 -9999.0 -9999.0 -9999.0 -9999.0 -9999.0
96406 20240122  2.515 -154.13   64.50 -9999.0 -9999.0 -9999.0 -9999.0 -9999.0 -9999.00 U -9999.0 -9999.0 -9999.0 -9999.0 -9999.0 -9999.0 -99.000 -99.000 -99.000 -99.000 -99.000 -9999.0 -9999.0 -9999.0 -9999.0 -9999.0
96406 20240123  2.515 -154.13   64.50 -9999.0 -9999.0 -9999.0 -9999.0 -9999.0 -9999.00 U -9999.0 -9999.0 -9999.0 -9999.0 -9999.0 -9999.0 -99.000 -99.000 -99.000 -99.000 -99.000 -9999.0 -9999.0 -9999.0 -9999.0 -9999.0
96406 20240124  2.515 -154.13   64.50 -9999.0 -9999.0 -9999.0 -9999.0 -9999.0 -9999.00 U -9999.0 -9999.0 -9999.0 -9999.0 -9999.0 -9999.0 -99.000 -99.000 -99.000 -99.000 -99.000 -9999.0 -9999.0 -9999.0 -9999.0 -9999.0
96406 20240125  2.515 -154.13   64.50 -9999.0 -9999.0 -9999.0 -9999.0 -9999.0 -9999.00 U -9999.0 -9999.0 -9999.0 -9999.0 -9999.0 -9999.0 -99.000 -99.000 -99.000 -99.000 -99.000 -9999.0 -9999.0 -9999.0 -9999.0 -9999.0
96406 20240126  2.515 -154.13   64.50 -9999.0 -9999.0 -9999.0 -9999.0 -9999.0 -9999.00 U -9999.0 -9999.0 -9999.0 -9999.0 -9999.0 -9999.0 -99.000 -99.000 -99.000 -99.000 -99.000 -9999.0 -9999.0 -9999.0 -9999.0 -9999.0
96406 20240127  2.515 -154.13   64.50 -9999.0 -9999.0 -9999.0 -9999.0 -9999.0 -9999.00 U -9999.0 -9999.0 -9999.0 -9999.0 -9999.0 -9999.0 -99.000 -99.000 -99.000 -99.000 -99.000 -9999.0 -9999.0 -9999.0 -9999.0 -9999.0
96406 20240128  2.515 -154.13   64.50 -9999.0 -9999.0 -9999.0 -9999.0 -9999.0 -9999.00 U -9999.0 -9999.0 -9999.0 -9999.0 -9999.0 -9999.0 -99.000 -99.000 -99.000 -99.000 -99.000 -9999.0 -9999.0 -9999.0 -9999.0 -9999.0
96406 20240129  2.515 -154.13   64.50 -9999.0 -9999.0 -9999.0 -9999.0 -9999.0 -9999.00 U -9999.0 -9999.0 -9999.0 -9999.0 -9999.0 -9999.0 -99.000 -99.000 -99.000 -99.000 -99.000 -9999.0 -9999.0 -9999.0 -9999.0 -9999.0
96406 20240130 -9.000 -154.13   64.50 -9999.0 -9999.0 -9999.0 -9999.0 -9999.0 -9999.00 U -9999.0 -9999.0 -9999.0 -9999.0 -9999.0 -9999.0 -99.000 -99.000 -99.000 -99.000 -99.000 -9999.0 -9999.0 -9999.0 -9999.0 -9999.0
96406 20240131 -9.000 -154.13   64.50 -9999.0 -9999.0 -9999.0 -9999.0 -9999.0 -9999.00 U -9999.0 -9999.0 -9999.0 -9999.0 -9999.0 -9999.0 -99.000 -99.000 -99.000 -99.000 -99.000 -9999.0 -9999.0 -9999.0 -9999.0 -9999.0
96406 20240201 -9.000 -154.13   64.50 -9999.0 -9999.0 -9999.0 -9999.0 -9999.0 -9999.00 U -9999.0 -9999.0 -9999.0 -9999.0 -9999.0 -9999.0 -99.000 -99.000 -99.000 -99.000 -99.000 -9999.0 -9999.0 -9999.0 -9999.0 -9999.0
96406 20240202 -9.000 -154.13   64.50 -9999.0 -9999.0 -9999.0 -9999.0 -9999.0 -9999.00 U -9999.0 -9999.0 -9999.0 -9999.0 -9999.0 -9999.0 -99.000 -99.000 -99.000 -99.000 -99.000 -9999.0 -9999.0 -9999.0 -9999.0 -9999.0
96406 20240203 -9.000 -154.13   64.50 -9999.0 -9999.0 -9999.0 -9999.0 -9999.0 -9999.00 U -9999.0 -9999.0 -9999.0 -9999.0 -9999.0 -9999.0 -99.000 -99.000 -99.000 -99.000 -99.000 -9999.0 -9999.0 -9999.0 -9999.0 -9999.0
96406 20240204 -9.000 -154.13   64.50 -9999.0 -9999.0 -9999.0 -9999.0 -9999.0 -9999.00 U -9999.0 -9999.0 -9999.0 -9999.0 -9999.0 -9999.0 -99.000 -99.000 -99.000 -99.000 -99.000 -9999.0 -9999.0 -9999.0 -9999.0 -9999.0
96406 20240205 -9.000 -154.13   64.50 -9999.0 -9999.0 -9999.0 -9999.0 -9999.0 -9999.00 U -9999.0 -9999.0 -9999.0 -9999.0 -9999.0 -9999.0 -99.000 -99.000 -99.000 -99.000 -99.000 -9999.0 -9999.0 -9999.0 -9999.0 -9999.0
96406 20240206 -9.000 -154.13   64.50 -9999.0 -9999.0 -9999.0 -9999.0 -9999.0 -9999.00 U -9999.0 -9999.0 -9999.0 -9999.0 -9999.0 -9999.0 -99.000 -99.000 -99.000 -99.000 -99.000 -9999.0 -9999.0 -9999.0 -9999.0 -9999.0
96406 20240207 -9.000 -154.13   64.50 -9999.0 -9999.0 -9999.0 -9999.0 -9999.0 -9999.00 U -9999.0 -9999.0 -9999.0 -9999.0 -9999.0 -9999.0 -99.000 -99.000 -99.000 -99.000 -99.000 -9999.0 -9999.0 -9999.0 -9999.0 -9999.0
96406 20240208 -9.000 -154.13   64.50 -9999.0 -9999.0 -9999.0 -9999.0 -9999.0 -9999.00 U -9999.0 -9999.0 -9999.0 -9999.0 -9999.0 -9999.0 -99.000 -99.000 -99.000 -99.000 -99.000 -9999.0 -9999.0 -9999.0 -9999.0 -9999.0
96406 20240209 -9.000 -154.13   64.50 -9999.0 -9999.0 -9999.0 -9999.0 -9999.0 -9999.00 U -9999.0 -9999.0 -9999.0 -9999.0 -9999.0 -9999.0 -99.000 -99.000 -99.000 -99.000 -99.000 -9999.0 -9999.0 -9999.0 -9999.0 -9999.0
96406 20240210 -9.000 -154.13   64.50 -9999.0 -9999.0 -9999.0 -9999.0 -9999.0 -9999.00 U -9999.0 -9999.0 -9999.0 -9999.0 -9999.0 -9999.0 -99.000 -99.000 -99.000 -99.000 -99.000 -9999.0 -9999.0 -9999.0 -9999.0 -9999.0
96406 20240211 -9.000 -154.13   64.50 -9999.0 -9999.0 -9999.0 -9999.0 -9999.0 -9999.00 U -9999.0 -9999.0 -9999.0 -9999.0 -9999.0 -9999.0 -99.000 -99.000 -99.000 -99.000 -99.000 -9999.0 -9999.0 -9999.0 -9999.0 -9999.0
96406 20240212 -9.000 -154.13   64.50 -9999.0 -9999.0 -9999.0 -9999.0 -9999.0 -9999.00 U -9999.0 -9999.0 -9999.0 -9999.0 -9999.0 -9999.0 -99.000 -99.000 -99.000 -99.000 -99.000 -9999.0 -9999.0 -9999.0 -9999.0 -9999.0
96406 20240213 -9.000 -154.13   64.50 -9999.0 -9999.0 -9999.0 -9999.0 -9999.0 -9999.00 U -9999.0 -9999.0 -9999.0 -9999.0 -9999.0 -9999.0 -99.000 -99.000 -99.000 -99.000 -99.000 -9999.0 -9999.0 -9999.0 -9999.0 -9999.0
96406 20240214 -9.000 -154.13   64.50 -9999.0 -9999.0 -9999.0 -9999.0 -9999.0 -9999.00 U -9999.0 -9999.0 -9999.0 -9999.0 -9999.0 -9999.0 -99.000 -99.000 -99.000 -99.000 -99.000 -9999.0 -9999.0 -9999.0 -9999.0 -9999.0
96406 20240215 -9.000 -154.13   64.50 -9999.0 -9999.0 -9999.0 -9999.0 -9999.0 -9999.00 U -9999.0 -9999.0 -9999.0 -9999.0 -9999.0 -9999.0 -99.000 -99.000 -99.000 -99.000 -99.000 -9999.0 -9999.0 -9999.0 -9999.0 -9999.0
96406 20240216 -9.000 -154.13   64.50 -9999.0 -9999.0 -9999.0 -9999.0 -9999.0 -9999.00 U -9999.0 -9999.0 -9999.0 -9999.0 -9999.0 -9999.0 -99.000 -99.000 -99.000 -99.000 -99.000 -9999.0 -9999.0 -9999.0 -9999.0 -9999.0
96406 20240217 -9.000 -154.13   64.50 -9999.0 -9999.0 -9999.0 -9999.0 -9999.0 -9999.00 U -9999.0 -9999.0 -9999.0 -9999.0 -9999.0 -9999.0 -99.000 -99.000 -99.000 -99.000 -99.000 -9999.0 -9999.0 -9999.0 -9999.0 -9999.0
96406 20240218 -9.000 -154.13   64.50 -9999.0 -9999.0 -9999.0 -9999.0 -9999.0 -9999.00 U -9999.0 -9999.0 -9999.0 -9999.0 -9999.0 -9999.0 -99.000 -99.000 -99.000 -99.000 -99.000 -9999.0 -9999.0 -9999.0 -9999.0 -9999.0
96406 20240219 -9.000 -154.13   64.50 -9999.0 -9999.0 -9999.0 -9999.0 -9999.0 -9999.00 U -9999.0 -9999.0 -9999.0 -9999.0 -9999.0 -9999.0 -99.000 -99.000 -99.000 -99.000 -99.000 -9999.0 -9999.0 -9999.0 -9999.0 -9999.0
96406 20240220 -9.000 -154.13   64.50 -9999.0 -9999.0 -9999.0 -9999.0 -9999.0 -9999.00 U -9999.0 -9999.0 -9999.0 -9999.0 -9999.0 -9999.0 -99.000 -99.000 -99.000 -99.000 -99.000 -9999.0 -9999.0 -9999.0 -9999.0 -9999.0
96406 20240221 -9.000 -154.13   64.50 -9999.0 -9999.0 -9999.0 -9999.0 -9999.0 -9999.00 U -9999.0 -9999.0 -9999.0 -9999.0 -9999.0 -9999.0 -99.000 -99.000 -99.000 -99.000 -99.000 -9999.0 -9999.0 -9999.0 -9999.0 -9999.0
96406 20240222 -9.000 -154.13   64.50 -9999.0 -9999.0 -9999.0 -9999.0 -9999.0 -9999.00 U -9999.0 -9999.0 -9999.0 -9999.0 -9999.0 -9999.0 -99.000 -99.000 -99.000 -99.000 -99.000 -9999.0 -9999.0 -9999.0 -9999.0 -9999.0
96406 20240223 -9.000 -154.13   64.50 -9999.0 -9999.0 -9999.0 -9999.0 -9999.0 -9999.00 U -9999.0 -9999.0 -9999.0 -9999.0 -9999.0 -9999.0 -99.000 -99.000 -99.000 -99.000 -99.000 -9999.0 -9999.0 -9999.0 -9999.0 -9999.0
96406 20240224 -9.000 -154.13   64.50 -9999.0 -9999.0 -9999.0 -9999.0 -9999.0 -9999.00 U -9999.0 -9999.0 -9999.0 -9999.0 -9999.0 -9999.0 -99.000 -99.000 -99.000 -99.000 -99.000 -9999.0 -9999.0 -9999.0 -9999.0 -9999.0
96406 20240225 -9.000 -154.13   64.50 -9999.0 -9999.0 -9999.0 -9999.0 -9999.0 -9999.00 U -9999.0 -9999.0 -9999.0 -9999.0 -9999.0 -9999.0 -99.000 -99.000 -99.000 -99.000 -99.000 -9999.0 -9999.0 -9999.0 -9999.0 -9999.0
96406 20240226 -9.000 -154.13   64.50 -9999.0 -9999.0 -9999.0 -9999.0 -9999.0 -9999.00 U -9999.0 -9999.0 -9999.0 -9999.0 -9999.0 -9999.0 -99.000 -99.000 -99.000 -99.000 -99.000 -9999.0 -9999.0 -9999.0 -9999.0 -9999.0
96406 20240227 -9.000 -154.13   64.50 -9999.0 -9999.0 -9999.0 -9999.0 -9999.0 -9999.00 U -9999.0 -9999.0 -9999.0 -9999.0 -9999.0 -9999.0 -99.000 -99.000 -99.000 -99.000 -99.000 -9999.0 -9999.0 -9999.0 -9999.0 -9999.0
96406 20240228 -9.000 -154.13   64.50 -9999.0 -9999.0 -9999.0 -9999.0 -9999.0 -9999.00 U -9999.0 -9999.0 -9999.0 -9999.0 -9999.0 -9999.0 -99.000 -99.000 -99.000 -99.000 -99.000 -9999.0 -9999.0 -9999.0 -9999.0 -9999.0
96406 20240229 -9.000 -154.13   64.50 -9999.0 -9999.0 -9999.0 -9999.0 -9999.0 -9999.00 U -9999.0 -9999.0 -9999.0 -9999.0 -9999.0 -9999.0 -99.000 -99.000 -99.000 -99.000 -99.000 -9999.0 -9999.0 -9999.0 -9999.0 -9999.0
96406 20240301 -9.000 -154.13   64.50 -9999.0 -9999.0 -9999.0 -9999.0 -9999.0 -9999.00 U -9999.0 -9999.0 -9999.0 -9999.0 -9999.0 -9999.0 -99.000 -99.000 -99.000 -99.000 -99.000 -9999.0 -9999.0 -9999.0 -9999.0 -9999.0
96406 20240302 -9.000 -154.13   64.50 -9999.0 -9999.0 -9999.0 -9999.0 -9999.0 -9999.00 U -9999.0 -9999.0 -9999.0 -9999.0 -9999.0 -9999.0 -99.000 -99.000 -99.000 -99.000 -99.000 -9999.0 -9999.0 -9999.0 -9999.0 -9999.0
96406 20240303 -9.000 -154.13   64.50 -9999.0 -9999.0 -9999.0 -9999.0 -9999.0 -9999.00 U -9999.0 -9999.0 -9999.0 -9999.0 -9999.0 -9999.0 -99.000 -99.000 -99.000 -99.000 -99.000 -9999.0 -9999.0 -9999.0 -9999.0 -9999.0
96406 20240304 -9.000 -154.13   64.50 -9999.0 -9999.0 -9999.0 -9999.0 -9999.0 -9999.00 U -9999.0 -9999.0 -9999.0 -9999.0 -9999.0 -9999.0 -99.000 -99.000 -99.000 -99.000 -99.000 -9999.0 -9999.0 -9999.0 -9999.0 -9999.0
96406 20240305 -9.000 -154.13   64.50 -9999.0 -9999.0 -9999.0 -9999.0 -9999.0 -9999.00 U -9999.0 -9999.0 -9999.0 -9999.0 -9999.0 -9999.0 -99.000 -99.000 -99.000 -99.000 -99.000 -9999.0 -9999.0 -9999.0 -9999.0 -9999.0
96406 20240306 -9.000 -154.13   64.50 -9999.0 -9999.0 -9999.0 -9999.0 -9999.0 -9999.00 U -9999.0 -9999.0 -9999.0 -9999.0 -9999.0 -9999.0 -99.000 -99.000 -99.000 -99.000 -99.000 -9999.0 -9999.0 -9999.0 -9999.0 -9999.0
96406 20240307 -9.000 -154.13   64.50 -9999.0 -9999.0 -9999.0 -9999.0 -9999.0 -9999.00 U -9999.0 -9999.0 -9999.0 -9999.0 -9999.0 -9999.0 -99.000 -99.000 -99.000 -99.000 -99.000 -9999.0 -9999.0 -9999.0 -9999.0 -9999.0
96406 20240308 -9.000 -154.13   64.50 -9999.0 -9999.0 -9999.0 -9999.0 -9999.0 -9999.00 U -9999.0 -9999.0 -9999.0 -9999.0 -9999.0 -9999.0 -99.000 -99.000 -99.000 -99.000 -99.000 -9999.0 -9999.0 -9999.0 -9999.0 -9999.0
96406 20240309 -9.000 -154.13   64.50 -9999.0 -9999.0 -9999.0 -9999.0 -9999.0 -9999.00 U -9999.0 -9999.0 -9999.0 -9999.0 -9999.0 -9999.0 -99.000 -99.000 -99.000 -99.000 -99.000 -9999.0 -9999.0 -9999.0 -9999.0 -9999.0
96406 20240310 -9.000 -154.13   64.50 -9999.0 -9999.0 -9999.0 -9999.0 -9999.0 -9999.00 U -9999.0 -9999.0 -9999.0 -9999.0 -9999.0 -9999.0 -99.000 -99.000 -99.000 -99.000 -99.000 -9999.0 -9999.0 -9999.0 -9999.0 -9999.0
96406 20240311 -9.000 -154.13   64.50 -9999.0 -9999.0 -9999.0 -9999.0 -9999.0 -9999.00 U -9999.0 -9999.0 -9999.0 -9999.0 -9999.0 -9999.0 -99.000 -99.000 -99.000 -99.000 -99.000 -9999.0 -9999.0 -9999.0 -9999.0 -9999.0
96406 20240312 -9.000 -154.13   64.50 -9999.0 -9999.0 -9999.0 -9999.0 -9999.0 -9999.00 U -9999.0 -9999.0 -9999.0 -9999.0 -9999.0 -9999.0 -99.000 -99.000 -99.000 -99.000 -99.000 -9999.0 -9999.0 -9999.0 -9999.0 -9999.0
96406 20240313 -9.000 -154.13   64.50 -9999.0 -9999.0 -9999.0 -9999.0 -9999.0 -9999.00 U -9999.0 -9999.0 -9999.0 -9999.0 -9999.0 -9999.0 -99.000 -99.000 -99.000 -99.000 -99.000 -9999.0 -9999.0 -9999.0 -9999.0 -9999.0
96406 20240314 -9.000 -154.13   64.50 -9999.0 -9999.0 -9999.0 -9999.0 -9999.0 -9999.00 U -9999.0 -9999.0 -9999.0 -9999.0 -9999.0 -9999.0 -99.000 -99.000 -99.000 -99.000 -99.000 -9999.0 -9999.0 -9999.0 -9999.0 -9999.0
96406 20240315 -9.000 -154.13   64.50 -9999.0 -9999.0 -9999.0 -9999.0 -9999.0 -9999.00 U -9999.0 -9999.0 -9999.0 -9999.0 -9999.0 -9999.0 -99.000 -99.000 -99.000 -99.000 -99.000 -9999.0 -9999.0 -9999.0 -9999.0 -9999.0
96406 20240316 -9.000 -154.13   64.50 -9999.0 -9999.0 -9999.0 -9999.0 -9999.0 -9999.00 U -9999.0 -9999.0 -9999.0 -9999.0 -9999.0 -9999.0 -99.000 -99.000 -99.000 -99.000 -99.000 -9999.0 -9999.0 -9999.0 -9999.0 -9999.0
96406 20240317 -9.000 -154.13   64.50 -9999.0 -9999.0 -9999.0 -9999.0 -9999.0 -9999.00 U -9999.0 -9999.0 -9999.0 -9999.0 -9999.0 -9999.0 -99.000 -99.000 -99.000 -99.000 -99.000 -9999.0 -9999.0 -9999.0 -9999.0 -9999.0
96406 20240318 -9.000 -154.13   64.50 -9999.0 -9999.0 -9999.0 -9999.0 -9999.0 -9999.00 U -9999.0 -9999.0 -9999.0 -9999.0 -9999.0 -9999.0 -99.000 -99.000 -99.000 -99.000 -99.000 -9999.0 -9999.0 -9999.0 -9999.0 -9999.0
96406 20240319 -9.000 -154.13   64.50 -9999.0 -9999.0 -9999.0 -9999.0 -9999.0 -9999.00 U -9999.0 -9999.0 -9999.0 -9999.0 -9999.0 -9999.0 -99.000 -99.000 -99.000 -99.000 -99.000 -9999.0 -9999.0 -9999.0 -9999.0 -9999.0
96406 20240320 -9.000 -154.13   64.50 -9999.0 -9999.0 -9999.0 -9999.0 -9999.0 -9999.00 U -9999.0 -9999.0 -9999.0 -9999.0 -9999.0 -9999.0 -99.000 -99.000 -99.000 -99.000 -99.000 -9999.0 -9999.0 -9999.0 -9999.0 -9999.0
96406 20240321 -9.000 -154.13   64.50 -9999.0 -9999.0 -9999.0 -9999.0 -9999.0 -9999.00 U -9999.0 -9999.0 -9999.0 -9999.0 -9999.0 -9999.0 -99.000 -99.000 -99.000 -99.000 -99.000 -9999.0 -9999.0 -9999.0 -9999.0 -9999.0
96406 20240322 -9.000 -154.13   64.50 -9999.0 -9999.0 -9999.0 -9999.0 -9999.0 -9999.00 U -9999.0 -9999.0 -9999.0 -9999.0 -9999.0 -9999.0 -99.000 -99.000 -99.000 -99.000 -99.000 -9999.0 -9999.0 -9999.0 -9999.0 -9999.0
96406 20240323 -9.000 -154.13   64.50 -9999.0 -9999.0 -9999.0 -9999.0 -9999.0 -9999.00 U -9999.0 -9999.0 -9999.0 -9999.0 -9999.0 -9999.0 -99.000 -99.000 -99.000 -99.000 -99.000 -9999.0 -9999.0 -9999.0 -9999.0 -9999.0
96406 20240324 -9.000 -154.13   64.50 -9999.0 -9999.0 -9999.0 -9999.0 -9999.0 -9999.00 U -9999.0 -9999.0 -9999.0 -9999.0 -9999.0 -9999.0 -99.000 -99.000 -99.000 -99.000 -99.000 -9999.0 -9999.0 -9999.0 -9999.0 -9999.0
96406 20240325 -9.000 -154.13   64.50 -9999.0 -9999.0 -9999.0 -9999.0 -9999.0 -9999.00 U -9999.0 -9999.0 -9999.0 -9999.0 -9999.0 -9999.0 -99.000 -99.000 -99.000 -99.000 -99.000 -9999.0 -9999.0 -9999.0 -9999.0 -9999.0
96406 20240326 -9.000 -154.13   64.50 -9999.0 -9999.0 -9999.0 -9999.0 -9999.0 -9999.00 U -9999.0 -9999.0 -9999.0 -9999.0 -9999.0 -9999.0 -99.000 -99.000 -99.000 -99.000 -99.000 -9999.0 -9999.0 -9999.0 -9999.0 -9999.0
96406 20240327 -9.000 -154.13   64.50 -9999.0 -9999.0 -9999.0 -9999.0 -9999.0 -9999.00 U -9999.0 -9999.0 -9999.0 -9999.0 -9999.0 -9999.0 -99.000 -99.000 -99.000 -99.000 -99.000 -9999.0 -9999.0 -9999.0 -9999.0 -9999.0
96406 20240328 -9.000 -154.13   64.50 -9999.0 -9999.0 -9999.0 -9999.0 -9999.0 -9999.00 U -9999.0 -9999.0 -9999.0 -9999.0 -9999.0 -9999.0 -99.000 -99.000 -99.000 -99.000 -99.000 -9999.0 -9999.0 -9999.0 -9999.0 -9999.0
96406 20240329 -9.000 -154.13   64.50 -9999.0 -9999.0 -9999.0 -9999.0 -9999.0 -9999.00 U -9999.0 -9999.0 -9999.0 -9999.0 -9999.0 -9999.0 -99.000 -99.000 -99.000 -99.000 -99.000 -9999.0 -9999.0 -9999.0 -9999.0 -9999.0
96406 20240330 -9.000 -154.13   64.50 -9999.0 -9999.0 -9999.0 -9999.0 -9999.0 -9999.00 U -9999.0 -9999.0 -9999.0 -9999.0 -9999.0 -9999.0 -99.000 -99.000 -99.000 -99.000 -99.000 -9999.0 -9999.0 -9999.0 -9999.0 -9999.0
96406 20240331 -9.000 -154.13   64.50 -9999.0 -9999.0 -9999.0 -9999.0 -9999.0 -9999.00 U -9999.0 -9999.0 -9999.0 -9999.0 -9999.0 -9999.0 -99.000 -99.000 -99.000 -99.000 -99.000 -9999.0 -9999.0 -9999.0 -9999.0 -9999.0
96406 20240401 -9.000 -154.13   64.50 -9999.0 -9999.0 -9999.0 -9999.0 -9999.0 -9999.00 U -9999.0 -9999.0 -9999.0 -9999.0 -9999.0 -9999.0 -99.000 -99.000 -99.000 -99.000 -99.000 -9999.0 -9999.0 -9999.0 -9999.0 -9999.0
96406 20240402 -9.000 -154.13   64.50 -9999.0 -9999.0 -9999.0 -9999.0 -9999.0 -9999.00 U -9999.0 -9999.0 -9999.0 -9999.0 -9999.0 -9999.0 -99.000 -99.000 -99.000 -99.000 -99.000 -9999.0 -9999.0 -9999.0 -9999.0 -9999.0
96406 20240403 -9.000 -154.13   64.50 -9999.0 -9999.0 -9999.0 -9999.0 -9999.0 -9999.00 U -9999.0 -9999.0 -9999.0 -9999.0 -9999.0 -9999.0 -99.000 -99.000 -99.000 -99.000 -99.000 -9999.0 -9999.0 -9999.0 -9999.0 -9999.0
96406 20240404 -9.000 -154.13   64.50 -9999.0 -9999.0 -9999.0 -9999.0 -9999.0 -9999.00 U -9999.0 -9999.0 -9999.0 -9999.0 -9999.0 -9999.0 -99.000 -99.000 -99.000 -99.000 -99.000 -9999.0 -9999.0 -9999.0 -9999.0 -9999.0
96406 20240405 -9.000 -154.13   64.50 -9999.0 -9999.0 -9999.0 -9999.0 -9999.0 -9999.00 U -9999.0 -9999.0 -9999.0 -9999.0 -9999.0 -9999.0 -99.000 -99.000 -99.000 -99.000 -99.000 -9999.0 -9999.0 -9999.0 -9999.0 -9999.0
96406 20240406 -9.000 -154.13   64.50 -9999.0 -9999.0 -9999.0 -9999.0 -9999.0 -9999.00 U -9999.0 -9999.0 -9999.0 -9999.0 -9999.0 -9999.0 -99.000 -99.000 -99.000 -99.000 -99.000 -9999.0 -9999.0 -9999.0 -9999.0 -9999.0
96406 20240407 -9.000 -154.13   64.50 -9999.0 -9999.0 -9999.0 -9999.0 -9999.0 -9999.00 U -9999.0 -9999.0 -9999.0 -9999.0 -9999.0 -9999.0 -99.000 -99.000 -99.000 -99.000 -99.000 -9999.0 -9999.0 -9999.0 -9999.0 -9999.0
96406 20240408 -9.000 -154.13   64.50 -9999.0 -9999.0 -9999.0 -9999.0 -9999.0 -9999.00 U -9999.0 -9999.0 -9999.0 -9999.0 -9999.0 -9999.0 -99.000 -99.000 -99.000 -99.000 -99.000 -9999.0 -9999.0 -9999.0 -9999.0 -9999.0
96406 20240409 -9.000 -154.13   64.50 -9999.0 -9999.0 -9999.0 -9999.0 -9999.0 -9999.00 U -9999.0 -9999.0 -9999.0 -9999.0 -9999.0 -9999.0 -99.000 -99.000 -99.000 -99.000 -99.000 -9999.0 -9999.0 -9999.0 -9999.0 -9999.0
96406 20240410 -9.000 -154.13   64.50 -9999.0 -9999.0 -9999.0 -9999.0 -9999.0 -9999.00 U -9999.0 -9999.0 -9999.0 -9999.0 -9999.0 -9999.0 -99.000 -99.000 -99.000 -99.000 -99.000 -9999.0 -9999.0 -9999.0 -9999.0 -9999.0
96406 20240411 -9.000 -154.13   64.50 -9999.0 -9999.0 -9999.0 -9999.0 -9999.0 -9999.00 U -9999.0 -9999.0 -9999.0 -9999.0 -9999.0 -9999.0 -99.000 -99.000 -99.000 -99.000 -99.000 -9999.0 -9999.0 -9999.0 -9999.0 -9999.0
96406 20240412 -9.000 -154.13   64.50 -9999.0 -9999.0 -9999.0 -9999.0 -9999.0 -9999.00 U -9999.0 -9999.0 -9999.0 -9999.0 -9999.0 -9999.0 -99.000 -99.000 -99.000 -99.000 -99.000 -9999.0 -9999.0 -9999.0 -9999.0 -9999.0
96406 20240413 -9.000 -154.13   64.50 -9999.0 -9999.0 -9999.0 -9999.0 -9999.0 -9999.00 U -9999.0 -9999.0 -9999.0 -9999.0 -9999.0 -9999.0 -99.000 -99.000 -99.000 -99.000 -99.000 -9999.0 -9999.0 -9999.0 -9999.0 -9999.0
96406 20240414 -9.000 -154.13   64.50 -9999.0 -9999.0 -9999.0 -9999.0 -9999.0 -9999.00 U -9999.0 -9999.0 -9999.0 -9999.0 -9999.0 -9999.0 -99.000 -99.000 -99.000 -99.000 -99.000 -9999.0 -9999.0 -9999.0 -9999.0 -9999.0
96406 20240415 -9.000 -154.13   64.50 -9999.0 -9999.0 -9999.0 -9999.0 -9999.0 -9999.00 U -9999.0 -9999.0 -9999.0 -9999.0 -9999.0 -9999.0 -99.000 -99.000 -99.000 -99.000 -99.000 -9999.0 -9999.0 -9999.0 -9999.0 -9999.0
96406 20240416 -9.000 -154.13   64.50 -9999.0 -9999.0 -9999.0 -9999.0 -9999.0 -9999.00 U -9999.0 -9999.0 -9999.0 -9999.0 -9999.0 -9999.0 -99.000 -99.000 -99.000 -99.000 -99.000 -9999.0 -9999.0 -9999.0 -9999.0 -9999.0
96406 20240417 -9.000 -154.13   64.50 -9999.0 -9999.0 -9999.0 -9999.0 -9999.0 -9999.00 U -9999.0 -9999.0 -9999.0 -9999.0 -9999.0 -9999.0 -99.000 -99.000 -99.000 -99.000 -99.000 -9999.0 -9999.0 -9999.0 -9999.0 -9999.0
96406 20240418 -9.000 -154.13   64.50 -9999.0 -9999.0 -9999.0 -9999.0 -9999.0 -9999.00 U -9999.0 -9999.0 -9999.0 -9999.0 -9999.0 -9999.0 -99.000 -99.000 -99.000 -99.000 -99.000 -9999.0 -9999.0 -9999.0 -9999.0 -9999.0
96406 20240419 -9.000 -154.13   64.50 -9999.0 -9999.0 -9999.0 -9999.0 -9999.0 -9999.00 U -9999.0 -9999.0 -9999.0 -9999.0 -9999.0 -9999.0 -99.000 -99.000 -99.000 -99.000 -99.000 -9999.0 -9999.0 -9999.0 -9999.0 -9999.0
96406 20240420 -9.000 -154.13   64.50 -9999.0 -9999.0 -9999.0 -9999.0 -9999.0 -9999.00 U -9999.0 -9999.0 -9999.0 -9999.0 -9999.0 -9999.0 -99.000 -99.000 -99.000 -99.000 -99.000 -9999.0 -9999.0 -9999.0 -9999.0 -9999.0
96406 20240421 -9.000 -154.13   64.50 -9999.0 -9999.0 -9999.0 -9999.0 -9999.0 -9999.00 U -9999.0 -9999.0 -9999.0 -9999.0 -9999.0 -9999.0 -99.000 -99.000 -99.000 -99.000 -99.000 -9999.0 -9999.0 -9999.0 -9999.0 -9999.0
96406 20240422  2.515 -154.13   64.50 -9999.0 -9999.0 -9999.0 -9999.0 -9999.0 -9999.00 U -9999.0 -9999.0 -9999.0 -9999.0 -9999.0 -9999.0 -99.000 -99.000 -99.000 -99.000 -99.000 -9999.0 -9999.0 -9999.0 -9999.0 -9999.0
96406 20240423  2.515 -154.13   64.50    10.8    -6.6     2.1     3.2     0.0    13.04 C     0.4    -8.9    -2.9    91.9    33.2    60.0 -99.000 -99.000 -99.000 -99.000 -99.000 -9999.0 -9999.0 -9999.0 -9999.0 -9999.0
96406 20240424  2.515 -154.13   64.50    12.7    -5.9     3.4     4.4     0.0    19.68 C     0.4    -8.3    -2.7    93.0    25.7    56.6 -99.000 -99.000 -99.000 -99.000 -99.000 -9999.0 -9999.0 -9999.0 -9999.0 -9999.0
96406 20240425  2.515 -154.13   64.50    13.0    -5.3     3.8     4.8     0.0    17.65 C     3.2    -8.1    -1.7    88.3    28.9    54.9 -99.000 -99.000 -99.000 -99.000 -99.000 -9999.0 -9999.0 -9999.0 -9999.0 -9999.0
96406 20240426  2.515 -154.13   64.50    12.5    -0.9     5.8     5.5     0.0    15.10 C    23.1    -3.2     4.1    84.2    33.3    58.7 -99.000 -99.000 -99.000 -99.000 -99.000 -9999.0 -9999.0 -9999.0 -9999.0 -9999.0
96406 20240427  2.515 -154.13   64.50    11.2    -4.9     3.2     4.3     0.0    20.41 C    24.7    -5.4     5.7    93.6    29.8    56.3 -99.000 -99.000 -99.000 -99.000 -99.000 -9999.0 -9999.0 -9999.0 -9999.0 -9999.0
96406 20240428  2.515 -154.13   64.50    11.1    -4.0     3.5     4.3     0.0    20.54 C    27.3    -6.8     6.1    82.8    28.3    49.0 -99.000 -99.000 -99.000 -99.000 -99.000 -9999.0 -9999.0 -9999.0 -9999.0 -9999.0
96406 20240429  2.515 -154.13   64.50    11.0    -4.9     3.0     3.2     0.0     9.34 C    23.3    -6.9     3.9    88.2    33.3    59.4 -99.000 -99.000 -99.000 -99.000 -99.000 -9999.0 -9999.0 -9999.0 -9999.0 -9999.0
96406 20240430  2.515 -154.13   64.50    12.0    -3.0     4.5     4.7     0.0    18.17 C    32.2    -5.8     8.9    82.9    30.9    55.1 -99.000 -99.000 -99.000 -99.000 -99.000 -9999.0 -9999.0 -9999.0 -9999.0 -9999.0
96406 20240501  2.515 -154.13   64.50     9.1     1.0     5.0     4.8     0.0    19.97 C    29.4    -3.2     8.9    72.9    34.4    53.1 -99.000 -99.000 -99.000 -99.000 -99.000 -9999.0 -9999.0 -9999.0 -9999.0 -9999.0
96406 20240502  2.515 -154.13   64.50     9.4    -1.0     4.2     3.4     0.0    18.23 C    30.3    -5.6     7.2    53.1    28.3    37.7 -99.000 -99.000 -99.000 -99.000 -99.000 -9999.0 -9999.0 -9999.0 -9999.0 -9999.0
96406 20240503  2.515 -154.13   64.50    12.2    -0.7     5.8     5.2     0.0    11.47 C    27.7    -4.7     7.5    58.1    30.8    44.5 -99.000 -99.000 -99.000 -99.000 -99.000 -9999.0 -9999.0 -9999.0 -9999.0 -9999.0
96406 20240504  2.515 -154.13   64.50    11.8     0.3     6.0     6.3     0.0     9.71 C    28.0    -2.6     8.6    66.4    40.0    51.3 -99.000 -99.000 -99.000 -99.000 -99.000 -9999.0 -9999.0 -9999.0 -9999.0 -9999.0
96406 20240505  2.515 -154.13   64.50    12.2    -0.2     6.0     6.1     0.0    19.53 C    33.5    -5.6    10.8    78.5    35.6    54.0 -99.000 -99.000 -99.000 -99.000 -99.000 -9999.0 -9999.0 -9999.0 -9999.0 -9999.0
96406 20240506  2.515 -154.13   64.50    10.3    -0.9     4.7     4.1     0.0    15.41 C    34.7    -5.0    10.0    86.5    41.9    66.5 -99.000 -99.000 -99.000 -99.000 -99.000 -9999.0 -9999.0 -9999.0 -9999.0 -9999.0
96406 20240507  2.515 -154.13   64.50    11.8     1.8     6.8     6.3     3.6     9.68 C    34.2    -1.0     9.0    94.0    46.3    72.7 -99.000 -99.000 -99.000 -99.000 -99.000 -9999.0 -9999.0 -9999.0 -9999.0 -9999.0
96406 20240508  2.515 -154.13   64.50    14.5    -0.9     6.8     6.5     0.0    18.68 C    34.0    -2.2    10.6    95.4    29.5    69.0 -99.000 -99.000 -99.000 -99.000 -99.000 -9999.0 -9999.0 -9999.0 -9999.0 -9999.0
96406 20240509  2.515 -154.13   64.50    10.3    -0.6     4.8     4.4     0.0    14.09 C    32.7    -6.0     8.0    95.6    32.7    65.8 -99.000 -99.000 -99.000 -99.000 -99.000 -9999.0 -9999.0 -9999.0 -9999.0 -9999.0
96406 20240510  2.515 -154.13   64.50    10.7    -4.6     3.1     3.8     0.2    16.59 C    37.4    -9.0     7.4    87.1    27.1    55.4 -99.000 -99.000 -99.000 -99.000 -99.000 -9999.0 -9999.0 -9999.0 -9999.0 -9999.0
96406 20240511  2.515 -154.13   64.50    15.2    -2.0     6.6     7.8     0.0    14.08 C    36.5    -5.4    10.1    83.6    20.7    44.0 -99.000 -99.000 -99.000 -99.000 -99.000 -9999.0 -9999.0 -9999.0 -9999.0 -9999.0
96406 20240512  2.515 -154.13   64.50    14.1    -1.5     6.3     7.3     0.0    13.55 C    34.3    -4.8    10.4    83.7    27.7    52.0 -99.000 -99.000 -99.000 -99.000 -99.000 -9999.0 -9999.0 -9999.0 -9999.0 -9999.0
96406 20240513  2.515 -154.13   64.50    13.1    -1.5     5.8     6.2     0.0    14.24 C    37.4    -6.4     9.3    92.7    34.1    64.7 -99.000 -99.000 -99.000 -99.000 -99.000 -9999.0 -9999.0 -9999.0 -9999.0 -9999.0
96406 20240514  2.515 -154.13   64.50    13.0    -3.1     4.9     5.6     0.0    24.18 C    36.2    -8.6     9.9    88.8    24.7    53.9 -99.000 -99.000 -99.000 -99.000 -99.000 -9999.0 -9999.0 -9999.0 -9999.0 -9999.0
96406 20240515  2.515 -154.13   64.50    15.6    -2.7     6.4     8.1     0.0    21.71 C    32.7    -6.9    10.8    84.2    22.9    45.7 -99.000 -99.000 -99.000 -99.000 -99.000 -9999.0 -9999.0 -9999.0 -9999.0 -9999.0
96406 20240516  2.515 -154.13   64.50    11.6     5.5     8.6     8.2     1.3     9.04 C    23.9     3.7    10.8    94.5    43.8    60.8 -99.000 -99.000 -99.000 -99.000 -99.000 -9999.0 -9999.0 -9999.0 -9999.0 -9999.0
96406 20240517  2.515 -154.13   64.50    12.4     2.7     7.6     7.8     0.0    15.13 C    37.5    -3.6    11.5    94.8    39.8    67.4 -99.000 -99.000 -99.000 -99.000 -99.000 -9999.0 -9999.0 -9999.0 -9999.0 -9999.0
96406 20240518  2.515 -154.13   64.50    20.2     1.3    10.7    12.2     0.0    18.92 C    44.5    -4.2    16.3    89.8    21.8    49.5 -99.000 -99.000 -99.000 -99.000 -99.000 -9999.0 -9999.0 -9999.0 -9999.0 -9999.0
96406 20240519  2.515 -154.13   64.50    17.8     0.1     9.0    10.8     0.0    19.03 C    42.3    -4.4    15.0    79.7    22.8    47.6 -99.000 -99.000 -99.000 -99.000 -99.000 -9999.0 -9999.0 -9999.0 -9999.0 -9999.0
96406 20240520  2.515 -154.13   64.50    20.2     2.9    11.5    12.2     0.0    19.14 C    50.1    -1.7    17.9    87.5    24.3    50.4 -99.000 -99.000 -99.000 -99.000 -99.000 -9999.0 -9999.0 -9999.0 -9999.0 -9999.0
96406 20240521  2.515 -154.13   64.50    16.0     3.8     9.9    11.1     0.2     9.03 C    24.5    -0.2    11.5    82.0    32.5    56.6 -99.000 -99.000 -99.000 -99.000 -99.000 -9999.0 -9999.0 -9999.0 -9999.0 -9999.0
96406 20240522  2.515 -154.13   64.50    13.3     3.8     8.5     8.6     0.2    10.06 C    32.6    -1.1    10.4    91.0    45.5    70.5 -99.000 -99.000 -99.000 -99.000 -99.000 -9999.0 -9999.0 -9999.0 -9999.0 -9999.0
96406 20240523  2.515 -154.13   64.50    16.6     0.3     8.5     9.2     2.4    21.43 C    43.6    -4.6    14.5    97.2    31.5    68.3 -99.000 -99.000 -99.000 -99.000 -99.000 -9999.0 -9999.0 -9999.0 -9999.0 -9999.0
96406 20240524  2.515 -154.13   64.50    16.5     2.1     9.3     9.4     0.3    14.83 C    38.9     0.3    12.9    96.0    46.2    75.5 -99.000 -99.000 -99.000 -99.000 -99.000 -9999.0 -9999.0 -9999.0 -9999.0 -9999.0
96406 20240525  2.515 -154.13   64.50    13.8     3.6     8.7     9.7     0.4    14.81 C    34.0    -2.3    13.4    93.8    36.8    67.4 -99.000 -99.000 -99.000 -99.000 -99.000 -9999.0 -9999.0 -9999.0 -9999.0 -9999.0
96406 20240526  2.515 -154.13   64.50    14.4    -2.2     6.1     7.5     0.0    26.54 C    37.2    -6.1    14.2    95.9    29.0    54.6 -99.000 -99.000 -99.000 -99.000 -99.000 -9999.0 -9999.0 -9999.0 -9999.0 -9999.0
96406 20240527  2.515 -154.13   64.50    17.4    -2.4     7.5     9.8     0.0    18.26 C    44.9    -5.6    14.0    84.3    28.2    48.5 -99.000 -99.000 -99.000 -99.000 -99.000 -9999.0 -9999.0 -9999.0 -9999.0 -9999.0
96406 20240528  2.515 -154.13   64.50    20.3    -1.2     9.6    12.4     0.0    26.60 C    43.7    -5.1    18.1    85.6    16.3    40.2 -99.000 -99.000 -99.000 -99.000 -99.000 -9999.0 -9999.0 -9999.0 -9999.0 -9999.0
96406 20240529  2.515 -154.13   64.50    22.2     6.9    14.5    14.3     0.3    13.14 C    47.6     4.0    17.7    81.0    25.0    52.1 -99.000 -99.000 -99.000 -99.000 -99.000 -9999.0 -9999.0 -9999.0 -9999.0 -9999.0
96406 20240530  2.515 -154.13   64.50    15.2     5.2    10.2    10.7     0.0    14.54 C    36.2    -0.5    13.4    92.1    42.8    68.6 -99.000 -99.000 -99.000 -99.000 -99.000 -9999.0 -9999.0 -9999.0 -9999.0 -9999.0
96406 20240531  2.515 -154.13   64.50    21.5     2.5    12.0    13.2     0.0    18.65 C    46.4    -2.2    16.9    92.6    17.8    50.3 -99.000 -99.000 -99.000 -99.000 -99.000 -9999.0 -9999.0 -9999.0 -9999.0 -9999.0
96406 20240601  2.515 -154.13   64.50    22.2     5.3    13.7    15.2     0.0    14.80 C    48.6     2.2    18.2    83.0    22.9    47.9 -99.000 -99.000 -99.000 -99.000 -99.000 -9999.0 -9999.0 -9999.0 -9999.0 -9999.0
96406 20240602  2.515 -154.13   64.50    19.7     7.9    13.8    13.6     0.2    12.95 C    47.3     3.2    17.5    85.5    36.5    64.7 -99.000 -99.000 -99.000 -99.000 -99.000 -9999.0 -9999.0 -9999.0 -9999.0 -9999.0
96406 20240603  2.515 -154.13   64.50    18.7     5.8    12.2    12.4     0.5    20.48 C    44.0     3.1    19.6    96.6    47.9    74.3 -99.000 -99.000 -99.000 -99.000 -99.000 -9999.0 -9999.0 -9999.0 -9999.0 -9999.0
96406 20240604  2.515 -154.13   64.50    19.3     7.8    13.6    12.5     0.6    18.95 C    45.9     5.8    18.8    91.9    42.6    70.8 -99.000 -99.000 -99.000 -99.000 -99.000 -9999.0 -9999.0 -9999.0 -9999.0 -9999.0
96406 20240605  2.515 -154.13   64.50    13.8     8.6    11.2    11.2     4.0     4.71 C    19.4     4.9    11.9    92.9    77.8    86.5 -99.000 -99.000 -99.000 -99.000 -99.000 -9999.0 -9999.0 -9999.0 -9999.0 -9999.0
96406 20240606  2.515 -154.13   64.50    17.7     9.2    13.5    12.9     0.0    12.40 C    33.6     6.9    14.8    94.3    46.9    73.0 -99.000 -99.000 -99.000 -99.000 -99.000 -9999.0 -9999.0 -9999.0 -9999.0 -9999.0
96406 20240607  2.515 -154.13   64.50    20.6     3.7    12.2    13.2     0.3    19.21 C    40.5     1.1    16.1    97.6    30.7    61.4 -99.000 -99.000 -99.000 -99.000 -99.000 -9999.0 -9999.0 -9999.0 -9999.0 -9999.0
96406 20240608  2.515 -154.13   64.50    26.9     9.3    18.1    19.1     0.0    20.91 C    44.5     5.1    20.4    78.2    16.3    40.1 -99.000 -99.000 -99.000 -99.000 -99.000 -9999.0 -9999.0 -9999.0 -9999.0 -9999.0
96406 20240609  2.515 -154.13   64.50    27.6    13.3    20.4    21.3     0.0    22.72 C    48.0     9.3    24.9    68.0    16.7    33.1 -99.000 -99.000 -99.000 -99.000 -99.000 -9999.0 -9999.0 -9999.0 -9999.0 -9999.0
96406 20240610  2.515 -154.13   64.50    20.4    10.2    15.3    16.9     0.0     9.50 C    34.0     7.6    18.3    78.1    32.4    56.3 -99.000 -99.000 -99.000 -99.000 -99.000 -9999.0 -9999.0 -9999.0 -9999.0 -9999.0
96406 20240611  2.515 -154.13   64.50    22.4    10.1    16.2    15.5     3.3    10.57 C    44.1     7.6    18.1    92.5    48.4    76.6 -99.000 -99.000 -99.000 -99.000 -99.000 -9999.0 -9999.0 -9999.0 -9999.0 -9999.0
96406 20240612  2.515 -154.13   64.50    17.4     7.8    12.6    13.9     0.0     8.10 C    21.7     5.5    14.4    97.3    58.3    80.3 -99.000 -99.000 -99.000 -99.000 -99.000 -9999.0 -9999.0 -9999.0 -9999.0 -9999.0
96406 20240613  2.515 -154.13   64.50    20.5    12.5    16.5    15.9     0.0    12.86 C    34.0     7.2    18.1    78.6    38.5    61.5 -99.000 -99.000 -99.000 -99.000 -99.000 -9999.0 -9999.0 -9999.0 -9999.0 -9999.0
96406 20240614  2.515 -154.13   64.50    22.6     8.4    15.5    17.0     0.0    26.09 C    43.0     4.6    22.1    88.2    29.1    51.6 -99.000 -99.000 -99.000 -99.000 -99.000 -9999.0 -9999.0 -9999.0 -9999.0 -9999.0
96406 20240615  2.515 -154.13   64.50    22.9     5.6    14.2    16.3     0.0    25.26 C    43.6     1.1    21.3    92.8    22.8    49.2 -99.000 -99.000 -99.000 -99.000 -99.000 -9999.0 -9999.0 -9999.0 -9999.0 -9999.0
96406 20240616  2.515 -154.13   64.50    25.8     5.2    15.5    17.8     0.0    25.62 C    46.6     1.2    22.6    89.5    19.7    46.3 -99.000 -99.000 -99.000 -99.000 -99.000 -9999.0 -9999.0 -9999.0 -9999.0 -9999.0
96406 20240617  2.515 -154.13   64.50    27.3     6.6    16.9    18.1     0.0    20.60 C    48.8     3.0    21.9    84.4    22.8    50.0 -99.000 -99.000 -99.000 -99.000 -99.000 -9999.0 -9999.0 -9999.0 -9999.0 -9999.0
96406 20240618  2.515 -154.13   64.50    24.5    10.9    17.7    18.5     1.4    20.51 C    42.9     7.1    20.3    89.8    30.0    54.7 -99.000 -99.000 -99.000 -99.000 -99.000 -9999.0 -9999.0 -9999.0 -9999.0 -9999.0
96406 20240619  2.515 -154.13   64.50    23.2     9.3    16.3    17.2     0.0    25.22 C    43.3     5.4    21.3    95.0    27.5    54.2 -99.000 -99.000 -99.000 -99.000 -99.000 -9999.0 -9999.0 -9999.0 -9999.0 -9999.0
96406 20240620  2.515 -154.13   64.50    26.2    10.0    18.1    18.7     0.0    23.04 C    47.3     7.0    23.9    79.9    21.9    49.5 -99.000 -99.000 -99.000 -99.000 -99.000 -9999.0 -9999.0 -9999.0 -9999.0 -9999.0
96406 20240621  2.515 -154.13   64.50    26.0     8.7    17.3    18.3     0.0    20.32 C    51.4     4.9    22.5    94.1    27.3    57.7 -99.000 -99.000 -99.000 -99.000 -99.000 -9999.0 -9999.0 -9999.0 -9999.0 -9999.0
96406 20240622  2.515 -154.13   64.50    27.5     8.5    18.0    19.7     0.0    24.53 C    47.2     4.9    24.1    89.6    19.0    48.0 -99.000 -99.000 -99.000 -99.000 -99.000 -9999.0 -9999.0 -9999.0 -9999.0 -9999.0
96406 20240623  2.515 -154.13   64.50    27.5     8.1    17.8    18.8     0.0    24.23 C    50.7     4.9    24.1    89.8    23.6    54.7 -99.000 -99.000 -99.000 -99.000 -99.000 -9999.0 -9999.0 -9999.0 -9999.0 -9999.0
96406 20240624  2.515 -154.13   64.50    24.8    12.4    18.6    18.6     1.5    21.68 C    42.7    12.0    22.9    94.0    33.4    61.6 -99.000 -99.000 -99.000 -99.000 -99.000 -9999.0 -9999.0 -9999.0 -9999.0 -9999.0
96406 20240625  2.515 -154.13   64.50    26.2    13.5    19.9    20.1     0.7    22.67 C    48.2     8.3    22.9    80.4    32.7    56.2 -99.000 -99.000 -99.000 -99.000 -99.000 -9999.0 -9999.0 -9999.0 -9999.0 -9999.0
96406 20240626  2.515 -154.13   64.50    29.1     9.6    19.3    20.4     0.0    25.70 C    51.6     6.8    25.2    93.2    24.1    55.6 -99.000 -99.000 -99.000 -99.000 -99.000 -9999.0 -9999.0 -9999.0 -9999.0 -9999.0
96406 20240627  2.515 -154.13   64.50    26.8    11.3    19.1    21.0     0.0    21.88 C    45.9     7.9    24.8    83.4    28.4    49.5 -99.000 -99.000 -99.000 -99.000 -99.000 -9999.0 -9999.0 -9999.0 -9999.0 -9999.0
96406 20240628  2.515 -154.13   64.50    22.7    12.7    17.7    18.4     1.2    17.39 C    41.5    10.6    21.1    89.9    37.5    56.3 -99.000 -99.000 -99.000 -99.000 -99.000 -9999.0 -9999.0 -9999.0 -9999.0 -9999.0
96406 20240629  2.515 -154.13   64.50    26.4     8.7    17.6    18.4     0.3    18.00 C    49.3     5.6    21.8    90.8    32.9    59.9 -99.000 -99.000 -99.000 -99.000 -99.000 -9999.0 -9999.0 -9999.0 -9999.0 -9999.0
96406 20240630  2.515 -154.13   64.50    30.3     8.8    19.5    20.5     0.0    21.82 C    49.7     5.8    24.6    93.0    22.7    54.3 -99.000 -99.000 -99.000 -99.000 -99.000 -9999.0 -9999.0 -9999.0 -9999.0 -9999.0
96406 20240701  2.515 -154.13   64.50    19.8    16.2    18.0    17.7     0.2     8.19 C    29.8    15.1    19.2    87.0    62.3    77.1 -99.000 -99.000 -99.000 -99.000 -99.000 -9999.0 -9999.0 -9999.0 -9999.0 -9999.0
96406 20240702  2.515 -154.13   64.50 -9999.0 -9999.0 -9999.0 -9999.0 -9999.0 -9999.00 U -9999.0 -9999.0 -9999.0 -9999.0 -9999.0 -9999.0 -99.000 -99.000 -99.000 -99.000 -99.000 -9999.0 -9999.0 -9999.0 -9999.0 -9999.0
