04222 20240101  2.622 -122.61   40.65    14.8     3.4     9.1     7.9     0.0     8.21 C    15.1     2.7     6.7    88.5    44.2    72.9   0.208   0.220   0.206   0.259   0.257     8.6     9.4    10.0    10.2    10.5
04222 20240102  2.622 -122.61   40.65     7.1     2.8     4.9     5.5    21.7     0.11 C     7.3     2.4     5.6    93.4    77.3    88.4   0.229   0.267   0.283   0.307   0.331     6.6     7.8     8.7     8.9     9.4
04222 20240103  2.622 -122.61   40.65    10.4     3.0     6.7     6.0     0.0     6.17 C    13.3     2.7     6.1    90.7    56.7    78.4   0.227   0.248   0.298   0.323   0.350     7.4     8.1     8.6     8.8     9.2
04222 20240104  2.622 -122.61   40.65    13.3     4.9     9.1     8.6     0.0     7.97 C    14.9     2.2     7.1    76.3    50.7    64.2   0.209   0.222   0.210   0.267   0.269     8.3     8.6     8.9     9.1     9.4
04222 20240105  2.622 -122.61   40.65    14.5     4.4     9.4     8.8     0.0     7.93 C    14.9     2.2     6.2    80.3    30.8    59.1   0.199   0.213   0.199   0.246   0.248     8.1     8.8     9.2     9.4     9.7
04222 20240106  2.622 -122.61   40.65     8.5     0.1     4.3     4.3    12.2     5.50 C    10.8    -1.4     2.9    93.0    47.5    67.9   0.217   0.232   0.244   0.303   0.336     5.3     6.7     7.8     7.7     8.4
04222 20240107  2.622 -122.61   40.65     9.7    -1.4     4.1     3.6     0.0     8.49 C    10.0    -1.7     1.9    79.4    37.5    60.4   0.209   0.223   0.211   0.267   0.266     4.2     5.6     6.7     7.2     7.8
04222 20240108  2.622 -122.61   40.65     8.7     1.2     5.0     5.3     0.0     3.10 C    11.3    -1.1     4.6    79.7    50.6    62.9   0.201   0.215   0.200   0.249   0.250     5.4     6.1     6.8     7.2     7.7
04222 20240109  2.622 -122.61   40.65     8.1     0.9     4.5     4.6     2.3     5.03 C    12.2     0.8     4.7    91.2    45.2    78.3   0.214   0.217   0.198   0.246   0.245     6.2     7.0     7.6     7.9     8.2
04222 20240110  2.622 -122.61   40.65     7.4     1.1     4.3     4.3     9.0     2.25 C     8.7    -1.0     3.6    90.1    47.5    75.2   0.235   0.239   0.224   0.295   0.323     4.9     6.1     6.9     7.4     7.9
04222 20240111  2.622 -122.61   40.65     9.2    -1.0     4.1     3.5     0.0     8.85 C    12.0    -1.5     2.2    83.8    37.4    58.2   0.213   0.225   0.212   0.269   0.270     4.3     5.3     6.2     6.7     7.2
04222 20240112  2.622 -122.61   40.65     5.7    -0.4     2.7     2.5     4.7     3.67 C     9.7    -0.8     3.4    92.5    60.2    77.3   0.210   0.218   0.201   0.251   0.252     4.5     5.3     6.1     6.6     7.1
04222 20240113  2.622 -122.61   40.65     4.4    -0.1     2.2     1.4    49.3     0.02 C     2.9    -0.1     1.2    93.5    80.6    91.0   0.311   0.360   0.366   0.370   0.417     2.9     3.9     4.8     4.6     5.1
04222 20240114  2.622 -122.61   40.65     8.8     2.1     5.5     4.9     0.2     3.19 C    11.9     2.1     5.5    92.3    77.2    86.2   0.235   0.253   0.308   0.329   0.361     5.6     5.6     5.9     5.7     5.9
04222 20240115  2.622 -122.61   40.65    15.7     2.8     9.2     7.0     0.0     9.68 C    15.8     0.6     5.4    84.6    42.5    70.8   0.217   0.226   0.214   0.276   0.277     6.8     6.9     7.0     6.9     7.0
04222 20240116  2.622 -122.61   40.65     5.5     0.6     3.1     3.5    14.4     0.64 C     5.7    -0.2     3.3    93.3    79.3    89.0   0.233   0.247   0.269   0.292   0.328     4.4     5.4     6.3     6.6     7.1
04222 20240117  2.622 -122.61   40.65     8.7     4.7     6.7     6.8     1.9     1.78 C     9.8     3.7     6.3    92.2    83.9    88.2   0.234   0.246   0.267   0.328   0.352     6.7     6.8     7.1     7.1     7.3
04222 20240118  2.622 -122.61   40.65    11.7     5.0     8.4     7.6     0.0     2.82 C    11.5     4.2     6.7    90.0    66.7    81.6   0.222   0.230   0.217   0.280   0.282     7.0     7.2     7.4     7.5     7.7
04222 20240119  2.622 -122.61   40.65    12.6     5.3     8.9     8.3    17.5     5.11 C    15.2     3.3     7.9    92.7    54.2    76.8   0.225   0.240   0.228   0.276   0.279     8.2     8.0     8.1     8.0     8.1
04222 20240120  2.622 -122.61   40.65    11.0     8.5     9.8     9.5    68.1     1.36 C    11.2     8.2     9.2    93.2    81.7    88.8   0.395   0.446   0.443   0.417   0.457     9.1     9.1     9.1     9.1     9.1
04222 20240121  2.622 -122.61   40.65    10.7     8.6     9.6     9.5    38.0     1.85 C    12.4     8.2     9.4    92.4    85.6    90.5   0.312   0.353   0.407   0.374   0.410     9.5     9.4     9.4     9.4     9.4
04222 20240122  2.622 -122.61   40.65    10.9     9.1    10.0     9.8     5.8     3.59 C    15.6     8.9    10.6    93.2    85.5    91.4   0.249   0.281   0.338   0.341   0.376    10.7    10.3    10.1     9.9     9.8
04222 20240123  2.622 -122.61   40.65    14.2     5.3     9.7     9.5     0.0     9.71 C    20.5     3.9    10.1    92.4    60.4    80.0   0.222   0.231   0.220   0.287   0.290    10.9    10.7    10.5    10.3    10.2
04222 20240124  2.622 -122.61   40.65    10.8     6.5     8.6     9.0    10.7     4.20 C    13.4     5.4     9.6    91.9    81.1    88.2   0.238   0.248   0.258   0.319   0.350    10.2    10.5    10.6    10.5    10.5
04222 20240125  2.622 -122.61   40.65    12.4     3.4     7.9     7.5     0.0     9.45 C    18.1     2.2     8.2    90.2    56.2    78.6   0.219   0.228   0.215   0.274   0.276     9.5     9.8    10.1    10.0    10.2
04222 20240126  2.622 -122.61   40.65    10.3     7.1     8.7     8.6     1.1     1.38 C    11.4     7.2     8.7    90.8    72.1    81.7   0.219   0.223   0.206   0.257   0.258     9.1     9.5     9.9     9.9    10.1
04222 20240127  2.622 -122.61   40.65    14.3     7.5    10.9    10.5     6.4     3.51 C    16.0     7.1    10.1    92.7    68.3    84.3   0.231   0.232   0.213   0.275   0.285    10.2    10.1    10.2    10.1    10.2
04222 20240128  2.622 -122.61   40.65    22.5    11.0    16.8    14.9     0.0    10.64 C    23.1     7.7    12.9    83.1    41.3    68.5   0.219   0.228   0.213   0.271   0.274    13.2    12.4    11.8    11.4    11.1
04222 20240129  2.622 -122.61   40.65    17.7     7.1    12.4    12.5     0.0     9.74 C    21.0     6.1    12.1    91.4    60.9    78.5   0.206   0.216   0.201   0.251   0.254    13.0    12.8    12.4    12.1    11.9
04222 20240130  2.622 -122.61   40.65    17.3     8.8    13.1    12.9     0.0     9.85 C    20.9     8.4    12.5    88.6    50.4    73.4   0.197   0.209   0.195   0.243   0.247    13.3    13.0    12.8    12.4    12.3
04222 20240131  2.622 -122.61   40.65    13.8     8.3    11.1    10.3    96.1     0.13 C    11.1     8.1     9.0    89.3    41.9    72.0   0.307   0.334   0.319   0.339   0.354    10.1    10.7    11.3    11.0    11.1
04222 20240201  2.622 -122.61   40.65    10.0     7.1     8.6     8.1    10.2     2.88 C    14.7     7.8     9.2    92.7    77.2    88.7   0.287   0.334   0.365   0.360   0.430    10.0    10.3    10.5    10.4    10.5
04222 20240202  2.622 -122.61   40.65    10.3     1.9     6.1     6.7     0.0     5.01 C    15.5     2.3     7.8    92.6    45.4    80.6   0.234   0.244   0.255   0.315   0.329     9.0     9.9    10.3    10.4    10.6
04222 20240203  2.622 -122.61   40.65     8.5     1.0     4.8     4.0     0.0     5.50 C    12.8     1.0     5.2    90.8    59.7    79.3   0.221   0.227   0.212   0.264   0.265     6.8     8.0     8.9     9.3     9.7
04222 20240204  2.622 -122.61   40.65     9.5     0.7     5.1     4.0    66.5     0.55 C     8.1     1.9     4.3    92.5    67.5    86.1   0.315   0.368   0.362   0.361   0.384     5.5     6.3     7.3     7.1     7.6
04222 20240205  2.622 -122.61   40.65     9.9     5.1     7.5     7.9    14.3     0.87 C     9.5     4.8     7.3    92.5    69.0    80.7   0.292   0.353   0.399   0.366   0.437     7.6     7.9     8.2     8.1     8.2
04222 20240206  2.622 -122.61   40.65    12.8     4.7     8.8     8.3     0.3    12.49 C    17.2     2.4     7.4    91.4    42.7    63.6   0.234   0.249   0.282   0.317   0.338     8.3     8.5     8.6     8.5     8.7
04222 20240207  2.622 -122.61   40.65     7.5     2.7     5.1     4.8     4.7     2.48 C     8.6     1.4     5.1    89.7    51.5    77.8   0.232   0.235   0.218   0.272   0.273     6.3     7.3     8.1     8.4     8.7
04222 20240208  2.622 -122.61   40.65    11.9     2.6     7.3     5.9     0.0    12.19 C    18.2    -0.5     6.0    87.7    41.5    66.5   0.223   0.229   0.213   0.263   0.265     7.2     7.5     7.9     8.0     8.3
04222 20240209  2.622 -122.61   40.65    10.2     1.2     5.7     5.9     0.0     9.00 C    15.3     0.8     6.0    90.7    46.2    68.6   0.211   0.219   0.204   0.253   0.256     7.3     7.9     8.3     8.4     8.6
04222 20240210  2.622 -122.61   40.65    15.9     2.7     9.3     7.7     0.0    13.28 C    20.5     0.9     7.2    80.7    20.2    58.3   0.201   0.212   0.198   0.245   0.250     8.4     8.6     8.8     8.7     8.8
04222 20240211  2.622 -122.61   40.65    12.1     1.1     6.6     6.1     0.0    12.79 C    18.2     0.2     6.4    86.1    48.0    68.7   0.191   0.205   0.192   0.237   0.245     8.4     8.8     9.1     9.0     9.2
04222 20240212  2.622 -122.61   40.65    12.6     2.6     7.6     6.9     0.0     9.98 C    18.1     1.5     6.7    86.1    50.2    71.3   0.185   0.198   0.188   0.231   0.239     8.3     8.8     9.1     9.1     9.3
04222 20240213  2.622 -122.61   40.65    12.1     3.1     7.6     6.8     0.0     7.02 C    16.7     2.0     6.4    87.7    51.7    73.8   0.182   0.194   0.184   0.225   0.234     7.8     8.5     8.9     9.0     9.2
04222 20240214  2.622 -122.61   40.65     8.8     5.5     7.1     7.1    22.4     1.34 C     9.6     4.6     7.1    92.4    80.9    88.8   0.232   0.252   0.256   0.296   0.315     7.8     8.4     8.8     9.0     9.2
04222 20240215  2.622 -122.61   40.65    10.2     5.6     7.9     7.5     1.6     5.11 C    14.3     5.3     8.6    91.8    71.0    87.7   0.232   0.241   0.232   0.312   0.325     9.0     9.0     9.2     9.1     9.2
04222 20240216  2.622 -122.61   40.65    12.7     6.9     9.8     9.3     0.0     3.80 C    15.4     6.3     9.1    91.9    63.9    81.1   0.224   0.232   0.219   0.277   0.279     9.4     9.5     9.6     9.5     9.6
04222 20240217  2.622 -122.61   40.65     9.1     7.5     8.3     8.3    42.8     0.60 C     9.4     7.4     8.3    92.6    83.6    88.1   0.290   0.322   0.315   0.332   0.349     8.8     9.1     9.4     9.4     9.5
04222 20240218  2.622 -122.61   40.65    11.3     7.6     9.4     8.7    37.6     4.61 C    16.7     6.8     9.1    91.7    69.4    85.3   0.300   0.346   0.407   0.372   0.423     9.5     9.4     9.5     9.3     9.4
04222 20240219  2.622 -122.61   40.65    11.5     7.1     9.3     9.3    73.8     2.28 C    12.4     7.6     9.1    92.6    74.4    84.8   0.390   0.454   0.453   0.422   0.460     9.4     9.5     9.6     9.4     9.5
04222 20240220  2.622 -122.61   40.65     9.3     7.1     8.2     8.3    27.2     2.85 C    11.1     7.4     8.8    91.6    76.9    86.2   0.328   0.393   0.417   0.386   0.449     9.2     9.5     9.7     9.6     9.6
04222 20240221  2.622 -122.61   40.65    10.2     6.7     8.5     8.1     3.8     6.06 C    15.2     6.8     9.4    92.2    67.9    83.8   0.241   0.255   0.281   0.324   0.343     9.9     9.9    10.0     9.8     9.8
04222 20240222  2.622 -122.61   40.65    13.6     5.6     9.6     9.0     2.6    10.69 C    21.2     4.3    10.4    92.6    48.4    76.8   0.232   0.238   0.224   0.282   0.285    11.1    11.0    10.8    10.5    10.4
04222 20240223  2.622 -122.61   40.65    19.9     4.0    11.9    11.0     0.0    13.91 C    23.8     2.1     9.9    82.3    20.6    55.1   0.215   0.225   0.210   0.259   0.262    10.5    10.6    10.7    10.5    10.5
04222 20240224  2.622 -122.61   40.65    19.3     5.5    12.4    11.5     0.0    15.53 C    23.7     2.9    10.7    74.6    25.9    54.8   0.199   0.214   0.200   0.247   0.252    11.7    11.6    11.4    11.1    11.0
04222 20240225  2.622 -122.61   40.65    17.8     5.7    11.7    11.3     0.0    13.91 C    23.4     3.2    10.8    81.4    38.5    60.4   0.188   0.204   0.192   0.237   0.244    11.9    11.9    11.8    11.4    11.4
04222 20240226  2.622 -122.61   40.65    14.3     5.1     9.7     8.9     0.0     9.07 C    20.8     1.3     7.4    88.2    28.6    55.5   0.179   0.196   0.186   0.228   0.238     9.2    10.5    11.0    11.1    11.3
04222 20240227  2.622 -122.61   40.65    15.9     3.5     9.7     8.6     0.0    15.69 C    19.0    -0.3     7.2    59.8    21.3    39.9   0.169   0.188   0.180   0.219   0.229     8.9     9.5    10.0    10.0    10.2
04222 20240228  2.622 -122.61   40.65    15.6     5.5    10.5    10.2     0.0    12.17 C    23.1     2.0     9.4    64.2    33.7    47.1   0.161   0.181   0.173   0.211   0.221    10.7    10.6    10.7    10.5    10.5
04222 20240229  2.622 -122.61   40.65    11.6     4.0     7.8     8.0     9.4     5.66 C    15.0     3.4     7.6    86.7    42.9    66.8   0.193   0.199   0.188   0.238   0.253     8.9    10.0    10.5    10.5    10.7
04222 20240301  2.622 -122.61   40.65     8.4     3.2     5.8     5.2    23.7     6.48 C    15.5     3.0     7.0    91.1    63.9    80.9   0.239   0.262   0.259   0.300   0.326     7.8     8.4     9.1     9.0     9.5
04222 20240302  2.622 -122.61   40.65     4.2     0.3     2.3     1.8     5.7     5.69 C    11.6    -0.1     3.9    91.9    68.6    84.5   0.244   0.262   0.342   0.338   0.395     5.5     7.0     8.0     8.1     8.8
04222 20240303  2.622 -122.61   40.65     4.7    -0.8     2.0     2.1     1.7     5.35 C    11.3    -0.7     3.2    91.6    55.7    80.4   0.235   0.249   0.258   0.327   0.352     4.7     5.9     6.9     7.3     7.9
04222 20240304  2.622 -122.61   40.65     6.3    -1.2     2.5     2.6     4.0     6.58 C    10.7    -1.4     4.1    92.3    59.2    80.8   0.230   0.236   0.223   0.281   0.286     5.1     5.8     6.7     6.9     7.4
04222 20240305  2.622 -122.61   40.65     7.8     3.2     5.5     6.0    13.2     2.69 C    10.8     4.4     6.8    92.4    78.6    87.9   0.253   0.269   0.325   0.342   0.398     7.2     7.4     7.7     7.7     7.9
04222 20240306  2.622 -122.61   40.65    11.8     5.4     8.6     7.9     5.1     8.82 C    19.1     4.3     8.9    89.7    60.0    79.0   0.243   0.260   0.344   0.335   0.370     9.0     8.9     8.8     8.7     8.6
04222 20240307  2.622 -122.61   40.65    15.9     4.8    10.3     9.4     0.0    18.11 C    23.7     1.9     9.3    67.3    23.2    48.8   0.218   0.233   0.223   0.286   0.297     9.6     9.7     9.6     9.3     9.3
04222 20240308  2.622 -122.61   40.65    17.4     2.4     9.9     9.5     0.0    18.51 C    23.7     0.4     9.2    73.5    14.9    43.8   0.199   0.218   0.205   0.251   0.257    10.2    10.2    10.1     9.8     9.8
04222 20240309  2.622 -122.61   40.65    12.4     3.8     8.1     9.0     0.5     9.87 C    19.2     2.9     9.4    89.4    51.9    68.1   0.191   0.208   0.196   0.239   0.247    10.1    10.3    10.4    10.2    10.3
04222 20240310  2.622 -122.61   40.65     8.9     4.8     6.8     6.9    11.9     3.53 C    10.4     5.9     7.4    90.1    64.4    78.8   0.211   0.215   0.202   0.255   0.276     8.5     9.4     9.9     9.8    10.0
04222 20240311  2.622 -122.61   40.65     9.5     3.4     6.4     6.1     8.7     5.31 C    13.6     2.9     7.7    91.2    68.0    83.6   0.243   0.254   0.269   0.330   0.374     8.3     8.7     9.2     9.1     9.4
04222 20240312  2.622 -122.61   40.65    10.8     5.9     8.3     8.1     3.9    10.07 C    19.5     3.7     9.4    90.8    51.9    76.6   0.238   0.250   0.254   0.335   0.370    10.0    10.0    10.0     9.7     9.7
04222 20240313  2.622 -122.61   40.65 -9999.0 -9999.0 -9999.0 -9999.0 -9999.0 -9999.00 U -9999.0 -9999.0 -9999.0 -9999.0 -9999.0 -9999.0 -99.000 -99.000 -99.000 -99.000 -99.000 -9999.0 -9999.0 -9999.0 -9999.0 -9999.0
04222 20240314  2.622 -122.61   40.65    18.4     1.8    10.1    10.2     0.0    20.14 C    24.6     0.5     9.7    80.7     9.9    40.4   0.198   0.217   0.205   0.251   0.257    10.8    10.9    10.9    10.6    10.6
04222 20240315  2.622 -122.61   40.65    21.0     2.3    11.6    11.8     0.0    20.42 C    25.3     0.2    10.1    63.5     9.7    34.1   0.181   0.204   0.193   0.237   0.246    11.6    11.6    11.4    11.0    11.0
04222 20240316  2.622 -122.61   40.65    21.9     6.0    14.0    13.7     0.0    20.30 C    26.9     2.2    12.1    53.6    17.1    35.7   0.167   0.190   0.183   0.225   0.236    13.4    12.8    12.4    11.8    11.6
04222 20240317  2.622 -122.61   40.65    25.2    10.4    17.8    16.7     0.0    20.29 C    30.3     5.1    14.2    45.0    13.7    30.1   0.154   0.179   0.175   0.212   0.225    15.6    14.6    13.8    13.0    12.6
04222 20240318  2.622 -122.61   40.65    22.9     8.3    15.6    14.8     0.0    19.90 C    29.7     4.7    14.4    66.0    27.1    45.5   0.144   0.170   0.168   0.202   0.212    16.4    15.4    14.6    13.8    13.4
04222 20240319  2.622 -122.61   40.65    21.2     6.1    13.6    14.1     0.0    19.80 C    29.6     4.9    14.8    79.3    38.8    57.4   0.137   0.164   0.162   0.194   0.201    16.8    16.1    15.3    14.4    14.1
04222 20240320  2.622 -122.61   40.65    18.1     7.3    12.7    13.0     0.0    13.70 C    26.1     6.3    13.7    84.8    41.6    63.6   0.130   0.158   0.156   0.188   0.193    15.9    15.7    15.3    14.6    14.4
04222 20240321  2.622 -122.61   40.65    17.7     5.6    11.7    12.3     0.0    19.40 C    29.4     4.9    14.4    85.6    27.8    57.3   0.125   0.153   0.151   0.183   0.187    16.6    16.1    15.6    14.7    14.5
04222 20240322  2.622 -122.61   40.65    11.8     5.0     8.4     9.9    29.2     2.87 C    14.0     5.2    10.4    91.3    62.0    77.1   0.172   0.197   0.222   0.255   0.282    12.3    13.5    14.0    13.7    13.9
04222 20240323  2.622 -122.61   40.65    11.9     4.9     8.4     7.8     2.9     9.79 C    21.4     5.8     9.9    90.0    56.9    74.7   0.227   0.240   0.228   0.299   0.317    11.1    11.9    12.5    12.4    12.6
04222 20240324  2.622 -122.61   40.65    15.8     3.9     9.9     9.7     0.0    19.57 C    27.7     4.1    12.1    87.9    36.8    61.6   0.207   0.224   0.209   0.255   0.259    12.6    12.7    12.8    12.4    12.6
04222 20240325  2.622 -122.61   40.65    15.6     7.6    11.6    11.6     0.0    20.99 C    25.7     4.8    12.5    62.3    31.3    48.4   0.184   0.208   0.195   0.237   0.243    13.7    13.7    13.5    13.0    13.0
04222 20240326  2.622 -122.61   40.65    16.8     5.2    11.0    10.9     0.0    20.69 C    26.0     3.6    12.6    77.9    37.2    55.0   0.166   0.192   0.183   0.223   0.232    14.1    14.0    13.8    13.3    13.3
04222 20240327  2.622 -122.61   40.65    10.5     4.7     7.6     8.3     7.1     3.61 C    13.1     4.1     9.0    90.3    53.9    78.6   0.184   0.187   0.177   0.222   0.223    10.7    12.1    12.8    12.8    13.1
04222 20240328  2.622 -122.61   40.65    11.7     3.7     7.7     7.5     1.8     8.38 C    16.6     2.7     8.2    85.0    38.3    66.1   0.213   0.205   0.183   0.241   0.220     9.5    10.5    11.2    11.3    11.8
04222 20240329  2.622 -122.61   40.65     8.2     3.0     5.6     5.3    19.7     5.66 C    15.1     5.1     7.4    89.9    71.7    81.8   0.232   0.240   0.253   0.291   0.297     8.6     9.7    10.6    10.3    10.8
04222 20240330  2.622 -122.61   40.65    13.4     3.4     8.4     8.4     2.2    11.63 C    23.6     3.9    10.1    90.4    45.7    71.6   0.233   0.256   0.309   0.336   0.394    10.3    10.3    10.6    10.2    10.5
04222 20240331  2.622 -122.61   40.65    18.1     3.8    10.9    10.3     0.0    22.34 C    26.3     2.6    12.3    87.3    23.2    63.3   0.212   0.229   0.218   0.277   0.285    12.8    12.4    12.0    11.5    11.5
04222 20240401  2.622 -122.61   40.65    22.5     4.4    13.4    13.4     0.0    22.78 C    29.3     2.8    14.1    75.8    21.3    47.3   0.190   0.213   0.200   0.243   0.248    14.5    13.9    13.4    12.8    12.6
04222 20240402  2.622 -122.61   40.65    23.3     9.9    16.6    16.4     0.0    22.29 C    30.0     7.2    16.3    80.1    35.7    54.0   0.170   0.196   0.187   0.226   0.236    17.0    16.1    15.2    14.4    14.0
04222 20240403  2.622 -122.61   40.65    17.3     7.0    12.1    11.6     0.3    11.06 C    21.7     4.7    11.8    86.9    38.7    60.2   0.159   0.184   0.178   0.213   0.225    13.4    14.3    14.4    14.2    14.3
04222 20240404  2.622 -122.61   40.65     7.9     0.8     4.3     4.6     2.6     5.53 C    13.6     1.4     6.6    90.9    43.0    72.1   0.162   0.180   0.173   0.206   0.216     8.7    10.5    11.6    11.9    12.5
04222 20240405  2.622 -122.61   40.65    12.7     0.2     6.4     6.3     1.5    20.50 C    27.1     0.8    10.1    92.9    24.6    59.6   0.178   0.184   0.172   0.205   0.209    10.5    11.1    11.4    11.3    11.6
04222 20240406  2.622 -122.61   40.65    11.5     0.4     5.9     6.7     0.0    15.56 C    21.1     0.9     9.5    82.5    48.0    63.2   0.165   0.181   0.171   0.202   0.204    10.7    11.3    11.6    11.4    11.7
04222 20240407  2.622 -122.61   40.65    16.3     6.0    11.1    10.8     0.0    21.94 C    29.8     4.6    13.7    82.8    25.4    50.3   0.155   0.176   0.166   0.197   0.199    13.8    13.4    13.0    12.4    12.4
04222 20240408  2.622 -122.61   40.65    20.2     7.2    13.7    13.3     0.0    22.85 C    32.3     4.1    14.7    60.4    23.7    43.0   0.143   0.168   0.161   0.191   0.193    15.6    14.7    14.1    13.4    13.2
04222 20240409  2.622 -122.61   40.65    24.0    10.6    17.3    16.7     0.0    23.77 C    34.8     7.2    17.7    67.8    24.1    45.0   0.132   0.160   0.155   0.185   0.187    18.8    17.3    16.2    15.1    14.6
04222 20240410  2.622 -122.61   40.65    25.2    10.3    17.7    17.4     0.0    22.58 C    36.8     7.5    19.0    67.2    23.7    44.5   0.121   0.152   0.148   0.177   0.180    20.0    18.6    17.5    16.4    15.8
04222 20240411  2.622 -122.61   40.65    23.9    10.4    17.2    17.9     0.0    23.50 C    38.7     7.6    20.1    66.8    22.6    41.3   0.110   0.144   0.142   0.170   0.174    20.7    19.5    18.4    17.2    16.7
04222 20240412  2.622 -122.61   40.65    17.1     9.4    13.3    13.0     1.7     5.18 C    22.6     9.9    14.0    81.3    35.1    62.2   0.103   0.139   0.137   0.165   0.169    15.9    16.8    17.0    16.6    16.6
04222 20240413  2.622 -122.61   40.65    10.4     6.2     8.3     8.1     9.4     2.87 C    14.4     8.1    10.1    90.2    78.2    84.4   0.160   0.155   0.139   0.191   0.228    11.8    13.4    14.3    14.3    14.8
04222 20240414  2.622 -122.61   40.65     6.8     2.0     4.4     5.3    20.2     4.53 C    14.8     5.1     8.7    91.1    76.2    86.3   0.226   0.218   0.215   0.299   0.337     9.9    11.2    12.2    11.6    12.2
04222 20240415  2.622 -122.61   40.65    19.4     6.1    12.7    12.7     0.0    24.67 C    31.3     6.0    15.9    89.3    35.4    60.6   0.204   0.219   0.204   0.251   0.259    15.3    14.5    14.0    13.3    13.1
04222 20240416  2.622 -122.61   40.65    23.9    10.6    17.2    16.8     0.0    20.97 C    31.2     7.5    16.0    68.9    23.7    42.1   0.178   0.201   0.188   0.228   0.239    16.2    15.8    15.4    14.8    14.6
04222 20240417  2.622 -122.61   40.65    22.8     9.7    16.2    16.1     0.0    24.97 C    32.9     7.1    17.4    60.1    18.3    37.2   0.156   0.183   0.175   0.208   0.224    18.1    17.3    16.5    15.7    15.4
04222 20240418  2.622 -122.61   40.65    23.5     8.4    16.0    16.4     0.0    24.26 C    34.1     6.4    18.0    70.1    19.8    39.6   0.141   0.169   0.164   0.193   0.208    19.3    18.2    17.4    16.5    16.1
04222 20240419  2.622 -122.61   40.65    24.3     9.9    17.1    17.1     0.0    25.16 C    37.1     7.9    20.0    71.9    29.3    49.4   0.129   0.159   0.155   0.183   0.193    21.0    19.9    18.8    17.6    17.1
04222 20240420  2.622 -122.61   40.65    24.3    10.5    17.4    18.5     0.0    24.68 C    39.6     8.1    21.1    56.7    21.3    38.8   0.117   0.150   0.148   0.175   0.181    21.9    20.7    19.7    18.4    17.9
04222 20240421  2.622 -122.61   40.65    25.9    13.4    19.6    18.9     0.0    25.22 C    44.0    10.3    22.7    55.6    19.7    40.5   0.105   0.142   0.140   0.166   0.172    23.0    21.8    20.6    19.3    18.7
04222 20240422  2.622 -122.61   40.65    27.6    10.1    18.9    18.7     0.0    24.77 C    43.5     9.1    22.9    66.1    14.6    37.7   0.093   0.134   0.133   0.158   0.164    23.1    22.0    21.0    19.7    19.2
04222 20240423  2.622 -122.61   40.65    19.5     9.9    14.7    14.7     0.3    17.56 C    38.6    10.4    20.0    86.2    51.7    67.6   0.087   0.128   0.129   0.152   0.158    21.4    21.1    20.6    19.6    19.4
04222 20240424  2.622 -122.61   40.65    19.7    11.7    15.7    15.1     0.0    15.88 C    35.0    13.5    20.5    76.7    45.7    62.8   0.085   0.124   0.126   0.147   0.154    21.1    20.8    20.4    19.4    19.1
04222 20240425  2.622 -122.61   40.65    16.4    11.5    13.9    13.6     0.0    10.67 C    28.3    10.1    17.6    75.4    44.0    58.2   0.083   0.121   0.124   0.143   0.150    19.2    19.7    19.6    19.0    18.9
04222 20240426  2.622 -122.61   40.65    17.9    10.6    14.3    13.7     0.0    23.93 C    40.9     8.4    19.4    57.3    32.7    45.6   0.081   0.116   0.121   0.136   0.146    19.5    19.3    19.1    18.3    18.3
04222 20240427  2.622 -122.61   40.65    21.4     8.2    14.8    14.4     0.0    22.32 C    45.7     7.3    20.2    62.0    21.5    44.5   0.078   0.113   0.118   0.130   0.141    20.5    19.7    19.2    18.4    18.3
04222 20240428  2.622 -122.61   40.65    21.8    10.7    16.3    15.7     0.0    26.82 C    44.3     8.8    21.7    58.1    10.5    35.4   0.074   0.110   0.116   0.124   0.136    21.5    20.6    20.0    19.0    18.8
04222 20240429  2.622 -122.61   40.65    19.5     8.6    14.0    13.7     0.0    27.24 C    44.2     7.1    21.0    48.4    21.0    34.7   0.071   0.105   0.113   0.118   0.129    20.7    20.3    19.9    19.0    18.9
04222 20240430  2.622 -122.61   40.65    21.1     7.5    14.3    14.1     0.0    27.42 C    45.5     6.5    21.3    54.7    13.1    32.8   0.068   0.102   0.111   0.114   0.123    20.9    20.3    19.9    19.0    19.0
04222 20240501  2.622 -122.61   40.65    22.9     8.3    15.6    15.5     0.0    27.05 C    47.2     6.6    22.8    48.5    14.5    29.0   0.065   0.098   0.108   0.110   0.117    21.8    20.9    20.3    19.3    19.2
04222 20240502  2.622 -122.61   40.65    20.9    13.0    17.0    16.6     0.0    24.60 C    45.9    11.4    23.0    53.0    25.2    38.6   0.062   0.095   0.105   0.107   0.110    22.2    21.5    21.0    20.0    19.8
04222 20240503  2.622 -122.61   40.65    25.0     8.2    16.6    17.4     0.0    24.34 C    48.8     8.5    24.8    59.2    11.8    34.9   0.059   0.093   0.102   0.104   0.105    23.8    22.2    21.4    20.2    20.0
04222 20240504  2.622 -122.61   40.65    15.4     5.9    10.7     8.8    18.0     8.79 C    19.0     6.7    12.8    91.1    51.0    74.2   0.130   0.109   0.101   0.157   0.165    15.1    17.8    18.8    18.6    19.3
04222 20240505  2.622 -122.61   40.65    16.0     2.5     9.3     9.7     0.0    25.84 C    31.6     3.5    15.0    79.2    30.2    51.7   0.129   0.118   0.103   0.161   0.151    16.5    17.0    17.3    16.8    17.2
04222 20240506  2.622 -122.61   40.65    18.3     4.8    11.6    11.5     0.0    20.59 C    30.3     6.4    15.7    74.6    29.7    51.6   0.114   0.114   0.103   0.150   0.137    17.3    17.8    17.8    17.2    17.3
04222 20240507  2.622 -122.61   40.65    21.5     7.5    14.5    13.9     0.0    27.59 C    40.8     5.2    19.7    53.0    14.7    32.8   0.104   0.109   0.101   0.141   0.126    20.0    19.4    18.9    17.9    17.8
04222 20240508  2.622 -122.61   40.65    24.3     4.7    14.5    15.4     0.0    27.49 C    44.8     5.3    22.0    66.1    13.4    32.9   0.094   0.105   0.100   0.132   0.116    21.5    20.8    20.0    18.9    18.6
04222 20240509  2.622 -122.61   40.65    27.6     7.6    17.6    18.3     0.0    27.38 C    45.7     8.4    23.2    64.3    15.4    34.0   0.086   0.100   0.097   0.120   0.106    23.9    22.7    21.6    20.3    19.8
04222 20240510  2.622 -122.61   40.65    30.3    11.3    20.8    20.6     0.0    27.33 C    37.0    11.3    23.1    60.5    10.8    35.1   0.079   0.096   0.094   0.109   0.099    25.9    24.3    23.1    21.6    20.9
04222 20240511  2.622 -122.61   40.65    31.3    15.1    23.2    23.4     0.0    26.56 C    37.0    15.1    25.4    46.3    13.7    29.4   0.072   0.092   0.091   0.101   0.094    27.9    25.9    24.5    22.8    22.1
04222 20240512  2.622 -122.61   40.65    29.3    16.9    23.1    22.9     0.0    26.21 C    32.9    16.8    24.6    57.0    23.0    35.3   0.065   0.089   0.088   0.095   0.091    28.8    27.1    25.6    23.9    23.2
04222 20240513  2.622 -122.61   40.65    29.9    14.2    22.0    21.9     0.0    26.31 C    34.2    14.1    23.9    65.4    20.4    40.2   0.060   0.086   0.086   0.092   0.088    29.1    27.3    26.1    24.3    23.7
04222 20240514  2.622 -122.61   40.65    32.3    13.9    23.1    22.6     0.0    26.13 C    38.5    13.8    25.2    68.3    13.9    41.2   0.056   0.084   0.083   0.089   0.085    29.5    27.7    26.5    24.8    24.1
04222 20240515  2.622 -122.61   40.65    33.4    13.9    23.6    23.9     0.0    27.05 C    39.6    13.9    26.3    59.6     8.0    31.7   0.053   0.082   0.081   0.086   0.083    30.1    28.2    27.0    25.2    24.6
04222 20240516  2.622 -122.61   40.65    28.8    15.9    22.3    22.5     0.0    26.22 C    32.2    16.1    24.3    77.1    34.0    43.7   0.051   0.080   0.079   0.084   0.081    30.4    28.6    27.4    25.6    25.0
04222 20240517  2.622 -122.61   40.65    29.5    12.7    21.1    21.4     0.0    26.63 C    34.5    12.7    23.9    83.3    25.8    51.3   0.050   0.079   0.077   0.082   0.079    30.3    28.7    27.6    25.8    25.3
04222 20240518  2.622 -122.61   40.65    30.9    13.7    22.3    22.6     0.0    27.29 C    35.4    13.8    24.4    53.4     2.1    27.1   0.049   0.077   0.075   0.081   0.078    29.9    28.5    27.6    25.9    25.4
04222 20240519  2.622 -122.61   40.65    27.1    14.8    20.9    20.0     0.0    25.52 C    33.3    14.6    22.2    36.8     8.8    18.1   0.048   0.076   0.074   0.080   0.076    28.1    27.4    26.9    25.5    25.2
04222 20240520  2.622 -122.61   40.65    24.6     7.3    15.9    16.8     0.0    27.69 C    32.0     7.4    19.1    56.1    11.0    27.3   0.047   0.075   0.073   0.079   0.076    27.0    26.6    26.1    24.9    24.7
04222 20240521  2.622 -122.61   40.65    27.9    10.0    18.9    20.2     0.0    27.34 C    34.7     9.9    22.3    49.8    13.1    25.4   0.046   0.074   0.072   0.078   0.075    28.1    26.8    26.2    24.7    24.5
04222 20240522  2.622 -122.61   40.65    26.6    15.1    20.9    20.7     0.0    27.17 C    30.1    14.8    22.1    44.7    12.0    26.3   0.046   0.074   0.071   0.078   0.074    28.3    27.3    26.7    25.2    24.9
04222 20240523  2.622 -122.61   40.65    27.4    12.3    19.8    19.6     0.0    27.25 C    32.4    12.5    21.6    32.7    12.9    22.8   0.045   0.072   0.071   0.077   0.073    27.7    26.7    26.2    24.8    24.7
04222 20240524  2.622 -122.61   40.65    25.4    14.2    19.8    19.9     0.0    24.93 C    29.4    14.1    21.7    41.4    19.0    31.0   0.045   0.072   0.070   0.077   0.073    28.4    27.3    26.7    25.2    24.9
04222 20240525  2.622 -122.61   40.65    19.8    10.2    15.0    15.7     0.0    25.27 C    23.0    10.7    17.2    79.7    33.7    54.2   0.045   0.071   0.070   0.076   0.072    26.8    26.6    26.2    24.9    24.8
04222 20240526  2.622 -122.61   40.65    27.8     9.3    18.6    18.9     0.0    27.11 C    33.9     9.3    21.1    83.7    21.8    49.9   0.045   0.070   0.070   0.076   0.072    28.5    27.2    26.5    25.0    24.7
04222 20240527  2.622 -122.61   40.65    30.2    14.2    22.2    22.7     0.0    27.36 C    35.3    14.5    24.7    55.8    19.6    35.8   0.045   0.069   0.069   0.076   0.072    30.8    28.8    27.8    25.9    25.4
04222 20240528  2.622 -122.61   40.65    29.4    15.9    22.6    21.7     0.0    27.56 C    34.2    15.7    23.5    47.0    13.4    26.5   0.044   0.069   0.069   0.075   0.071    29.9    28.8    28.0    26.3    26.0
04222 20240529  2.622 -122.61   40.65    28.5    13.8    21.1    20.8     0.0    27.97 C    35.0    13.6    23.3    45.0     7.7    24.0   0.044   0.068   0.068   0.075   0.071    29.2    28.1    27.5    25.9    25.7
04222 20240530  2.622 -122.61   40.65    31.4    13.4    22.4    22.5     0.0    27.79 C    38.3    13.9    24.8    41.3     8.6    23.5   0.043   0.068   0.068   0.074   0.070    30.4    28.9    28.0    26.3    25.9
04222 20240531  2.622 -122.61   40.65    33.2    13.5    23.3    24.7     0.0    27.65 C    39.5    13.4    27.1    49.0    11.5    24.7   0.043   0.067   0.068   0.074   0.070    31.9    29.7    28.7    26.9    26.4
04222 20240601  2.622 -122.61   40.65    31.4    19.4    25.4    24.3     0.0    24.51 C    36.0    19.3    26.0    31.3    13.8    23.0   0.043   0.066   0.067   0.074   0.070    32.0    30.3    29.3    27.6    27.1
04222 20240602  2.622 -122.61   40.65    29.1    17.3    23.2    22.8     0.0    22.05 C    33.9    17.1    24.5    48.7    25.5    34.0   0.043   0.065   0.067   0.074   0.069    30.7    29.3    28.7    27.1    26.9
04222 20240603  2.622 -122.61   40.65    26.3    17.4    21.8    21.9     0.0    21.80 C    30.8    17.2    23.0    66.3    16.1    37.8   0.042   0.065   0.067   0.073   0.069    29.6    29.0    28.5    27.1    26.8
04222 20240604  2.622 -122.61   40.65    33.3    17.3    25.3    25.7     0.0    27.36 C    37.4    17.1    27.5    41.4    19.7    29.4   0.042   0.065   0.067   0.073   0.069    32.1    29.9    28.9    27.2    26.8
04222 20240605  2.622 -122.61   40.65    37.9    21.4    29.7    28.8     0.0    26.95 C    44.0    21.4    31.0    45.3    11.4    30.0   0.042   0.065   0.067   0.073   0.069    34.7    31.9    30.5    28.5    27.8
04222 20240606  2.622 -122.61   40.65    37.4    22.0    29.7    29.5     0.0    27.27 C    43.1    22.3    31.9    54.6    14.7    31.8   0.042   0.065   0.066   0.073   0.068    36.6    33.6    31.9    29.7    28.9
04222 20240607  2.622 -122.61   40.65    36.2    19.7    27.9    28.1     0.0    27.11 C    40.1    19.6    30.1    60.8    19.2    35.8   0.042   0.064   0.066   0.073   0.068    36.5    34.1    32.5    30.4    29.6
04222 20240608  2.622 -122.61   40.65    33.5    18.3    25.9    26.1     0.0    26.39 C    37.4    18.4    27.9    47.9    19.3    31.0   0.042   0.063   0.066   0.073   0.068    35.5    33.7    32.5    30.5    29.9
04222 20240609  2.622 -122.61   40.65    32.0    19.2    25.6    25.6     0.0    26.95 C    36.9    19.4    27.6    54.3    17.0    29.8   0.042   0.062   0.065   0.073   0.067    35.2    33.5    32.4    30.5    29.9
04222 20240610  2.622 -122.61   40.65    36.6    17.8    27.2    28.3     0.0    28.10 C    43.7    18.2    30.6    54.8    10.5    26.6   0.041   0.062   0.065   0.072   0.067    35.5    33.5    32.4    30.5    29.9
04222 20240611  2.622 -122.61   40.65    37.6    23.2    30.4    29.8     0.0    28.10 C    44.5    23.1    32.1    30.7     7.1    20.6   0.041   0.062   0.065   0.072   0.067    36.5    34.3    33.0    31.0    30.3
04222 20240612  2.622 -122.61   40.65    38.3    21.9    30.1    29.7     0.0    28.47 C    44.5    21.7    31.9    31.8     3.7    18.3   0.041   0.062   0.065   0.072   0.066    36.4    34.3    33.1    31.2    30.6
04222 20240613  2.622 -122.61   40.65    32.9    18.8    25.8    26.9     0.0    27.89 C    37.3    19.0    28.9    33.9    12.6    22.8   0.041   0.061   0.064   0.072   0.066    35.9    34.4    33.2    31.4    30.8
04222 20240614  2.622 -122.61   40.65    32.2    16.9    24.6    23.9     0.0    28.29 C    39.5    16.7    26.0    25.5     7.3    13.3   0.040   0.060   0.064   0.071   0.065    33.1    32.7    32.2    30.7    30.4
04222 20240615  2.622 -122.61   40.65    27.0    13.7    20.3    20.1     0.0    24.26 C    31.1    13.6    21.6    34.3     9.0    23.1   0.040   0.059   0.064   0.070   0.065    29.3    29.9    30.1    29.0    29.2
04222 20240616  2.622 -122.61   40.65    25.5    13.9    19.7    19.2     0.0    20.44 C    28.3    13.7    20.4    45.7    14.7    31.1   0.040   0.058   0.063   0.070   0.065    26.7    28.0    28.4    27.7    28.0
04222 20240617  2.622 -122.61   40.65    25.2    12.1    18.7    18.5     0.0    29.04 C    31.9    12.0    21.2    39.7    12.0    24.4   0.040   0.058   0.063   0.070   0.065    28.7    28.3    28.2    27.1    27.1
04222 20240618  2.622 -122.61   40.65    30.2    11.7    21.0    21.1     0.0    29.40 C    36.6    11.9    23.7    43.6     2.9    20.8   0.040   0.058   0.063   0.070   0.065    30.3    29.5    29.0    27.7    27.5
04222 20240619  2.622 -122.61   40.65    32.0    12.2    22.1    22.7     0.0    28.64 C    38.2    12.1    25.3    36.6     3.7    18.7   0.040   0.058   0.063   0.070   0.065    31.6    30.4    29.7    28.2    27.8
04222 20240620  2.622 -122.61   40.65    34.6    14.5    24.5    24.4     0.0    25.73 C    40.7    14.5    26.8    51.2     6.7    24.7   0.040   0.058   0.063   0.070   0.065    32.7    31.3    30.5    28.9    28.4
04222 20240621  2.622 -122.61   40.65    39.1    16.6    27.8    28.0     0.0    26.60 C    46.5    16.4    30.4    52.0     7.6    26.9   0.040   0.059   0.063   0.070   0.065    34.8    32.7    31.5    29.8    29.1
04222 20240622  2.622 -122.61   40.65    37.3    17.5    27.4    28.5     0.0    27.10 C    41.4    17.5    30.6    52.7    13.1    28.8   0.040   0.058   0.063   0.070   0.065    36.3    34.0    32.6    30.7    30.0
04222 20240623  2.622 -122.61   40.65    35.3    22.2    28.7    28.6     0.0    27.45 C    39.5    22.1    30.7    42.2    10.7    23.1   0.040   0.058   0.063   0.070   0.065    37.0    34.8    33.4    31.4    30.7
04222 20240624  2.622 -122.61   40.65    34.6    17.1    25.9    26.3     0.0    28.37 C    38.8    17.1    28.4    54.5     5.5    28.2   0.040   0.058   0.063   0.070   0.065    36.0    34.6    33.4    31.5    30.9
04222 20240625  2.622 -122.61   40.65    34.6    15.6    25.1    25.4     0.0    24.60 C    39.9    15.5    27.5    55.1     7.8    25.6   0.040   0.057   0.063   0.070   0.064    33.9    33.3    32.6    31.0    30.6
04222 20240626  2.622 -122.61   40.65    33.3    16.5    24.9    25.3     0.0    27.97 C    37.8    16.6    27.3    44.9    12.0    23.4   0.040   0.057   0.063   0.070   0.064    35.3    33.9    32.9    31.1    30.6
04222 20240627  2.622 -122.61   40.65    31.5    17.6    24.6    24.8     0.0    27.26 C    39.3    17.4    27.3    35.8     7.8    21.1   0.039   0.056   0.063   0.070   0.064    33.6    32.9    32.3    30.7    30.4
04222 20240628  2.622 -122.61   40.65    35.3    18.7    27.0    27.0     0.0    28.16 C    42.5    18.5    29.4    43.7     6.3    25.1   0.040   0.056   0.063   0.070   0.064    35.1    33.5    32.6    30.9    30.4
04222 20240629  2.622 -122.61   40.65    35.4    21.8    28.6    27.5     0.0    27.67 C    40.2    21.7    29.3    38.1    13.6    26.6   0.040   0.056   0.063   0.070   0.064    35.6    34.1    33.1    31.4    30.9
04222 20240630  2.622 -122.61   40.65    34.8    20.4    27.6    27.3     0.0    27.81 C    38.7    20.2    29.0    38.6    12.5    26.7   0.040   0.056   0.062   0.069   0.064    35.2    33.8    32.9    31.3    30.9
04222 20240701  2.622 -122.61   40.65    37.5    20.7    29.1    28.6     0.0    28.24 C    43.1    20.5    30.9    42.0     9.6    24.1   0.040   0.056   0.062   0.069   0.064    36.1    34.4    33.3    31.6    31.1
04222 20240702  2.622 -122.61   40.65 -9999.0 -9999.0 -9999.0 -9999.0 -9999.0 -9999.00 U -9999.0 -9999.0 -9999.0 -9999.0 -9999.0 -9999.0 -99.000 -99.000 -99.000 -99.000 -99.000 -9999.0 -9999.0 -9999.0 -9999.0 -9999.0
