03759 20240101  2.623  -78.47   38.00     6.9     0.3     3.6     4.1     0.0     5.87 C    21.4    -4.0     4.4    75.4    42.3    57.6   0.300   0.371 -99.000 -99.000 -99.000     9.2     8.9 -9999.0 -9999.0 -9999.0
03759 20240102  2.623  -78.47   38.00     7.8    -1.4     3.2     2.9     0.0    10.37 C    18.7    -6.9     1.6    75.3    37.5    55.7   0.298   0.359 -99.000 -99.000 -99.000     9.0     8.8 -9999.0 -9999.0 -9999.0
03759 20240103  2.623  -78.47   38.00     6.3    -1.1     2.6     2.7     0.0     8.35 C    18.3    -7.2     2.2    69.4    42.6    53.1   0.296   0.346 -99.000 -99.000 -99.000     8.8     8.5 -9999.0 -9999.0 -9999.0
03759 20240104  2.623  -78.47   38.00     5.5    -2.9     1.3     1.8     0.8     2.94 C    13.1    -9.1    -0.4    86.9    39.9    61.0   0.295   0.334 -99.000 -99.000 -99.000     8.6     8.3 -9999.0 -9999.0 -9999.0
03759 20240105  2.623  -78.47   38.00     4.8    -3.7     0.5    -0.1     0.0    10.31 C    15.3   -10.4    -1.2    64.1    38.5    52.3   0.294   0.323 -99.000 -99.000 -99.000     8.3     8.0 -9999.0 -9999.0 -9999.0
03759 20240106  2.623  -78.47   38.00     1.9    -2.4    -0.2    -0.4    25.8     0.23 C     0.8    -1.7    -0.3    97.1    42.3    80.8   0.327   0.407 -99.000 -99.000 -99.000     7.9     7.5 -9999.0 -9999.0 -9999.0
03759 20240107  2.623  -78.47   38.00     9.0     0.2     4.6     4.8     0.0     6.82 C    14.3    -2.5     2.8    93.0    46.8    64.5   0.325   0.418 -99.000 -99.000 -99.000     7.6     7.1 -9999.0 -9999.0 -9999.0
03759 20240108  2.623  -78.47   38.00     7.6    -0.4     3.6     3.0     0.0    10.64 C    17.7    -6.4     2.1    74.4    43.8    57.0   0.315   0.412 -99.000 -99.000 -99.000     7.5     7.1 -9999.0 -9999.0 -9999.0
03759 20240109  2.623  -78.47   38.00    11.5     0.1     5.8     4.6    76.1     0.05 C    11.3    -1.6     4.5    96.9    74.4    90.2   0.433   0.490 -99.000 -99.000 -99.000     7.3     6.8 -9999.0 -9999.0 -9999.0
03759 20240110  2.623  -78.47   38.00     8.7     1.4     5.0     5.2     0.0     6.54 C    12.5    -2.9     3.3    86.5    43.8    53.9   0.371   0.481 -99.000 -99.000 -99.000     7.4     7.0 -9999.0 -9999.0 -9999.0
03759 20240111  2.623  -78.47   38.00    11.4     0.9     6.2     6.1     0.0    10.93 C    19.2    -4.4     4.6    67.3    29.6    47.9   0.321   0.405 -99.000 -99.000 -99.000     7.5     7.1 -9999.0 -9999.0 -9999.0
03759 20240112  2.623  -78.47   38.00     9.0     3.2     6.1     5.9    18.9     6.60 C    21.4    -4.7     4.4    96.6    32.3    60.7   0.327   0.396 -99.000 -99.000 -99.000     7.4     7.1 -9999.0 -9999.0 -9999.0
03759 20240113  2.623  -78.47   38.00     8.2    -1.0     3.6     4.2     0.2    11.17 C    13.7    -6.1     3.8    96.3    38.0    60.5   0.372   0.515 -99.000 -99.000 -99.000     7.4     7.2 -9999.0 -9999.0 -9999.0
03759 20240114  2.623  -78.47   38.00     8.5    -1.3     3.6     1.6     0.0    10.67 C    17.0    -6.9     1.1    58.6    19.9    39.1   0.319   0.436 -99.000 -99.000 -99.000     7.4     7.1 -9999.0 -9999.0 -9999.0
03759 20240115  2.623  -78.47   38.00    -1.1    -5.2    -3.1    -3.8     8.2     1.98 C     1.5    -4.4    -2.5    94.9    24.9    78.6   0.311   0.389 -99.000 -99.000 -99.000     7.1     6.8 -9999.0 -9999.0 -9999.0
03759 20240116  2.623  -78.47   38.00    -1.0   -10.0    -5.5    -4.5     0.5     2.63 C     0.5   -15.9    -5.5    94.9    50.1    78.5   0.308   0.375 -99.000 -99.000 -99.000     6.9     6.6 -9999.0 -9999.0 -9999.0
03759 20240117  2.623  -78.47   38.00    -2.7   -11.7    -7.2    -6.9     0.0    12.11 C    -1.8   -19.0   -10.2    61.2    26.4    40.2   0.304   0.365 -99.000 -99.000 -99.000     6.7     6.4 -9999.0 -9999.0 -9999.0
03759 20240118  2.623  -78.47   38.00     3.4    -4.7    -0.6    -0.1     0.0     7.33 C     1.1   -10.8    -4.0    42.9    25.8    31.3   0.302   0.347 -99.000 -99.000 -99.000     6.4     6.0 -9999.0 -9999.0 -9999.0
03759 20240119  2.623  -78.47   38.00     1.7    -5.4    -1.9    -2.4     1.7     3.42 C     0.4   -10.5    -3.6    95.6    31.6    71.3   0.302   0.336 -99.000 -99.000 -99.000     6.2     5.8 -9999.0 -9999.0 -9999.0
03759 20240120  2.623  -78.47   38.00    -3.3   -10.4    -6.8    -6.7     0.0    10.37 C     0.2   -15.1    -9.1    56.7    33.9    45.7   0.301   0.326 -99.000 -99.000 -99.000     6.0     5.7 -9999.0 -9999.0 -9999.0
03759 20240121  2.623  -78.47   38.00     0.8   -10.3    -4.7    -4.9     0.0    12.44 C     6.3   -14.5    -6.7    59.6    28.4    43.0   0.301   0.319 -99.000 -99.000 -99.000     5.7     5.4 -9999.0 -9999.0 -9999.0
03759 20240122  2.623  -78.47   38.00     5.4    -6.1    -0.4    -0.2     0.0    11.92 C    14.8   -11.0    -1.1    52.3    26.1    38.4   0.301   0.316 -99.000 -99.000 -99.000     5.4     5.1 -9999.0 -9999.0 -9999.0
03759 20240123  2.623  -78.47   38.00     9.9     3.4     6.6     7.2     0.0     6.69 C    16.7    -3.6     5.5    67.7    14.0    35.6   0.303   0.315 -99.000 -99.000 -99.000     5.3     4.9 -9999.0 -9999.0 -9999.0
03759 20240124  2.623  -78.47   38.00    13.1     4.7     8.9     8.5     2.7     3.35 C    15.7     4.8     9.2    96.3    65.4    92.9   0.305   0.320 -99.000 -99.000 -99.000     5.6     5.2 -9999.0 -9999.0 -9999.0
03759 20240125  2.623  -78.47   38.00    17.4    12.6    15.0    15.6     2.4     2.53 C    18.3    12.4    15.4    95.7    85.1    93.5   0.309   0.331 -99.000 -99.000 -99.000     6.4     6.1 -9999.0 -9999.0 -9999.0
03759 20240126  2.623  -78.47   38.00    23.6    13.8    18.7    18.3     0.5    10.24 C    30.2     6.8    16.9    95.7    41.9    71.2   0.317   0.347 -99.000 -99.000 -99.000     7.4     7.3 -9999.0 -9999.0 -9999.0
03759 20240127  2.623  -78.47   38.00    15.9     7.6    11.8    12.6    15.8     7.64 C    25.4     3.9    11.6    96.0    54.2    68.0   0.319   0.387 -99.000 -99.000 -99.000     8.2     8.2 -9999.0 -9999.0 -9999.0
03759 20240128  2.623  -78.47   38.00     7.6     3.7     5.7     5.1    27.3     1.90 C    11.2     3.4     6.3    96.4    86.4    95.2   0.403   0.525 -99.000 -99.000 -99.000     8.5     8.6 -9999.0 -9999.0 -9999.0
03759 20240129  2.623  -78.47   38.00    11.1     1.5     6.3     5.7     0.0    12.48 C    20.6    -4.7     5.5    86.1    38.1    61.5   0.339   0.498 -99.000 -99.000 -99.000     8.5     8.5 -9999.0 -9999.0 -9999.0
03759 20240130  2.623  -78.47   38.00     5.9    -0.4     2.7     2.5     0.0     7.41 C    18.7    -6.1     2.4    77.3    55.9    67.2   0.320   0.440 -99.000 -99.000 -99.000     8.3     8.2 -9999.0 -9999.0 -9999.0
03759 20240131  2.623  -78.47   38.00     6.9     0.2     3.6     2.5     0.0     5.64 C    17.7    -3.5     3.8    90.6    65.3    81.0   0.315   0.400 -99.000 -99.000 -99.000     8.1     7.9 -9999.0 -9999.0 -9999.0
03759 20240201  2.623  -78.47   38.00    12.2     2.7     7.4     7.2     0.0    13.10 C    24.7    -3.3     7.5    82.1    36.4    54.4   0.311   0.378 -99.000 -99.000 -99.000     8.0     7.8 -9999.0 -9999.0 -9999.0
03759 20240202  2.623  -78.47   38.00    11.0     4.4     7.7     8.1     0.0     4.91 C    24.2    -0.1     6.9    61.2    40.4    52.1   0.307   0.374 -99.000 -99.000 -99.000     8.0     7.9 -9999.0 -9999.0 -9999.0
03759 20240203  2.623  -78.47   38.00     9.2     0.6     4.9     4.6     0.0    13.78 C    23.7    -6.2     5.3    65.1    37.0    50.5   0.304   0.363 -99.000 -99.000 -99.000     8.0     7.9 -9999.0 -9999.0 -9999.0
03759 20240204  2.623  -78.47   38.00    10.5     1.9     6.2     5.7     0.0    13.86 C    25.2    -6.2     4.2    54.2    33.9    44.2   0.303   0.350 -99.000 -99.000 -99.000     7.9     7.8 -9999.0 -9999.0 -9999.0
03759 20240205  2.623  -78.47   38.00    11.6     1.5     6.5     6.0     0.0    13.91 C    25.9    -5.0     5.1    63.5    32.3    45.1   0.301   0.337 -99.000 -99.000 -99.000     7.9     7.7 -9999.0 -9999.0 -9999.0
03759 20240206  2.623  -78.47   38.00     6.9    -1.7     2.6     1.5     0.0    14.31 C    21.7    -6.8     2.4    78.6    37.5    55.7   0.300   0.326 -99.000 -99.000 -99.000     7.8     7.6 -9999.0 -9999.0 -9999.0
03759 20240207  2.623  -78.47   38.00     9.6    -1.6     4.0     3.8     0.0    14.34 C    24.6    -7.7     3.8    53.0    30.0    41.0   0.298   0.319 -99.000 -99.000 -99.000     7.6     7.4 -9999.0 -9999.0 -9999.0
03759 20240208  2.623  -78.47   38.00    14.0     2.0     8.0     7.0     0.0    12.19 C    30.1    -3.6     6.9    55.5    25.2    41.2   0.297   0.315 -99.000 -99.000 -99.000     7.6     7.3 -9999.0 -9999.0 -9999.0
03759 20240209  2.623  -78.47   38.00    16.8     5.1    11.0    10.8     0.0     8.26 C    30.9     3.1    11.5    56.9    36.2    48.4   0.297   0.313 -99.000 -99.000 -99.000     7.7     7.5 -9999.0 -9999.0 -9999.0
03759 20240210  2.623  -78.47   38.00    16.0    11.1    13.5    14.0     0.0     2.96 C    22.4     7.3    12.4    90.7    54.7    67.4   0.295   0.311 -99.000 -99.000 -99.000     8.0     7.9 -9999.0 -9999.0 -9999.0
03759 20240211  2.623  -78.47   38.00    14.3     7.7    11.0    10.6     9.2     1.49 C    17.9     8.1    10.7    96.1    72.5    90.6   0.295   0.310 -99.000 -99.000 -99.000     8.4     8.3 -9999.0 -9999.0 -9999.0
03759 20240212  2.623  -78.47   38.00     8.2     5.5     6.8     7.4     8.7     1.06 C    11.6     5.9     8.3    96.4    95.8    96.0   0.297   0.319 -99.000 -99.000 -99.000     8.7     8.6 -9999.0 -9999.0 -9999.0
03759 20240213  2.623  -78.47   38.00     9.9     2.2     6.1     5.5    19.9    13.29 C    19.7    -1.3     6.6    96.5    36.9    67.2   0.379   0.490 -99.000 -99.000 -99.000     8.7     8.7 -9999.0 -9999.0 -9999.0
03759 20240214  2.623  -78.47   38.00    11.7     1.7     6.7     5.7     0.0     9.15 C    22.5    -3.7     4.6    66.2    38.2    47.3   0.327   0.439 -99.000 -99.000 -99.000     8.6     8.6 -9999.0 -9999.0 -9999.0
03759 20240215  2.623  -78.47   38.00    13.5    -0.5     6.5     6.1     0.0    13.62 C    23.6    -6.1     5.6    58.3    35.0    48.9   0.318   0.409 -99.000 -99.000 -99.000     8.4     8.3 -9999.0 -9999.0 -9999.0
03759 20240216  2.623  -78.47   38.00    10.7     3.7     7.2     6.9     0.0     9.05 C    18.3    -3.2     6.1    55.0    17.7    29.5   0.314   0.380 -99.000 -99.000 -99.000     8.3     8.2 -9999.0 -9999.0 -9999.0
03759 20240217  2.623  -78.47   38.00     5.2    -3.4     0.9     0.7     1.9    13.45 C    18.1    -8.6     1.8    96.6    32.0    59.7   0.310   0.379 -99.000 -99.000 -99.000     8.2     8.1 -9999.0 -9999.0 -9999.0
03759 20240218  2.623  -78.47   38.00     9.1    -5.0     2.0     1.6     0.0    14.18 C    20.4    -9.1     2.1    52.1    17.2    34.0   0.306   0.372 -99.000 -99.000 -99.000     8.0     7.8 -9999.0 -9999.0 -9999.0
03759 20240219  2.623  -78.47   38.00    10.7     0.7     5.7     4.7     0.0    16.81 C    26.8    -7.7     4.9    48.6    25.7    35.6   0.303   0.361 -99.000 -99.000 -99.000     7.8     7.5 -9999.0 -9999.0 -9999.0
03759 20240220  2.623  -78.47   38.00    10.1    -0.2     4.9     4.0     0.0    16.35 C    26.0    -8.9     4.3    63.0    34.1    47.9   0.301   0.345 -99.000 -99.000 -99.000     7.7     7.4 -9999.0 -9999.0 -9999.0
03759 20240221  2.623  -78.47   38.00    10.2    -1.6     4.3     3.6     0.0    16.59 C    26.0    -5.8     5.7    90.6    41.5    63.3   0.300   0.332 -99.000 -99.000 -99.000     7.6     7.4 -9999.0 -9999.0 -9999.0
03759 20240222  2.623  -78.47   38.00    13.8    -1.4     6.2     6.5     0.0     9.13 C    25.6    -3.3     6.6    90.4    38.2    60.8   0.299   0.326 -99.000 -99.000 -99.000     7.7     7.5 -9999.0 -9999.0 -9999.0
03759 20240223  2.623  -78.47   38.00    12.4     6.5     9.4     8.9     3.8     2.83 C    14.4     2.1     7.9    95.8    45.3    73.8   0.298   0.322 -99.000 -99.000 -99.000     7.8     7.7 -9999.0 -9999.0 -9999.0
03759 20240224  2.623  -78.47   38.00     8.3    -1.4     3.4     4.9     5.7     5.91 C    14.2    -4.1     5.0    96.5    52.3    76.6   0.298   0.321 -99.000 -99.000 -99.000     8.0     7.9 -9999.0 -9999.0 -9999.0
03759 20240225  2.623  -78.47   38.00     7.5    -3.0     2.3     2.1     0.0    16.76 C    20.1    -7.8     3.0    85.9    43.7    60.9   0.299   0.336 -99.000 -99.000 -99.000     7.9     7.8 -9999.0 -9999.0 -9999.0
03759 20240226  2.623  -78.47   38.00    17.0     2.5     9.8     9.3     0.0    11.66 C    29.5    -1.1     9.4    66.8    35.0    50.9   0.299   0.330 -99.000 -99.000 -99.000     7.9     7.7 -9999.0 -9999.0 -9999.0
03759 20240227  2.623  -78.47   38.00    12.6     7.2     9.9     9.9     6.6     3.19 C    14.0     4.0     9.4    95.9    47.4    78.8   0.299   0.327 -99.000 -99.000 -99.000     8.1     8.0 -9999.0 -9999.0 -9999.0
03759 20240228  2.623  -78.47   38.00    15.4     2.2     8.8    11.7     5.0     1.84 C    15.1    -1.4    10.9    95.6    38.2    80.1   0.315   0.358 -99.000 -99.000 -99.000     8.4     8.3 -9999.0 -9999.0 -9999.0
03759 20240229  2.623  -78.47   38.00     9.0    -2.7     3.1     3.5     0.0    18.36 C    23.6    -7.9     3.9    55.0    21.6    33.0   0.336   0.496 -99.000 -99.000 -99.000     8.6     8.5 -9999.0 -9999.0 -9999.0
03759 20240301  2.623  -78.47   38.00    10.7     0.2     5.4     4.5     2.4    12.20 C    26.0    -6.3     5.3    95.3    22.5    49.7   0.322   0.459 -99.000 -99.000 -99.000     8.4     8.3 -9999.0 -9999.0 -9999.0
03759 20240302  2.623  -78.47   38.00    16.1     3.5     9.8     8.8    20.9    13.88 C    29.6     3.9    11.6    96.5    60.4    87.6   0.370   0.496 -99.000 -99.000 -99.000     8.4     8.2 -9999.0 -9999.0 -9999.0
03759 20240303  2.623  -78.47   38.00    15.9     8.3    12.1    11.4     0.0     6.49 C    25.9     4.4    11.1    96.0    65.6    84.8   0.328   0.444 -99.000 -99.000 -99.000     8.7     8.6 -9999.0 -9999.0 -9999.0
03759 20240304  2.623  -78.47   38.00    19.1    10.5    14.8    13.4     5.6    14.06 C    37.0     5.1    14.7    95.9    45.7    70.3   0.318   0.384 -99.000 -99.000 -99.000     9.1     9.0 -9999.0 -9999.0 -9999.0
03759 20240305  2.623  -78.47   38.00    16.3     8.9    12.6    11.5     5.9     9.62 C    28.7     9.2    13.4    96.1    73.0    90.4   0.351   0.486 -99.000 -99.000 -99.000     9.5     9.5 -9999.0 -9999.0 -9999.0
03759 20240306  2.623  -78.47   38.00    11.8    10.1    11.0    10.9     4.4     1.77 C    14.8    10.2    11.7    96.1    95.0    95.9   0.335   0.482 -99.000 -99.000 -99.000     9.9    10.0 -9999.0 -9999.0 -9999.0
03759 20240307  2.623  -78.47   38.00    18.6     9.2    13.9    13.4     0.3    14.15 C    34.0     4.9    13.8    95.9    45.0    71.7   0.328   0.475 -99.000 -99.000 -99.000    10.2    10.2 -9999.0 -9999.0 -9999.0
03759 20240308  2.623  -78.47   38.00    15.3     7.0    11.1    10.9     0.6    12.16 C    31.0     3.6    12.2    93.2    55.4    69.0   0.322   0.456 -99.000 -99.000 -99.000    10.4    10.5 -9999.0 -9999.0 -9999.0
03759 20240309  2.623  -78.47   38.00     9.6     3.7     6.7     5.7    27.3     1.70 C     9.8     4.6     6.8    96.6    85.4    95.2   0.372   0.489 -99.000 -99.000 -99.000    10.4    10.5 -9999.0 -9999.0 -9999.0
03759 20240310  2.623  -78.47   38.00    10.1     1.6     5.8     5.8     1.9    17.56 C    24.1    -1.3     7.1    89.4    33.6    53.2   0.372   0.514 -99.000 -99.000 -99.000    10.2    10.2 -9999.0 -9999.0 -9999.0
03759 20240311  2.623  -78.47   38.00    15.0    -0.1     7.4     7.3     0.0    20.65 C    30.8    -5.2     8.8    53.5    14.3    30.5   0.323   0.459 -99.000 -99.000 -99.000     9.9     9.8 -9999.0 -9999.0 -9999.0
03759 20240312  2.623  -78.47   38.00    21.5     6.9    14.2    14.4     0.0    20.26 C    34.8    -0.4    14.4    29.2    18.1    23.3   0.314   0.419 -99.000 -99.000 -99.000     9.9     9.7 -9999.0 -9999.0 -9999.0
03759 20240313  2.623  -78.47   38.00    22.2    11.8    17.0    16.8     0.0    19.60 C    37.0     2.4    15.6    35.9    17.4    24.3   0.309   0.387 -99.000 -99.000 -99.000    10.1    10.0 -9999.0 -9999.0 -9999.0
03759 20240314  2.623  -78.47   38.00    25.0    13.8    19.4    20.2     0.0    19.28 C    38.1     5.5    18.6    35.0    19.9    25.2   0.305   0.369 -99.000 -99.000 -99.000    10.4    10.3 -9999.0 -9999.0 -9999.0
03759 20240315  2.623  -78.47   38.00    22.3    11.6    17.0    18.3     5.2     5.94 C    26.5     9.2    16.6    92.2    27.6    55.1   0.302   0.352 -99.000 -99.000 -99.000    10.8    10.8 -9999.0 -9999.0 -9999.0
03759 20240316  2.623  -78.47   38.00    19.9     6.5    13.2    13.3     0.0    21.12 C    32.3     2.2    14.3    82.5    15.5    49.6   0.301   0.338 -99.000 -99.000 -99.000    11.1    11.1 -9999.0 -9999.0 -9999.0
03759 20240317  2.623  -78.47   38.00    20.9    10.0    15.5    15.7     0.0    16.87 C    35.3     2.9    15.2    43.6    23.4    31.4   0.299   0.330 -99.000 -99.000 -99.000    11.3    11.3 -9999.0 -9999.0 -9999.0
03759 20240318  2.623  -78.47   38.00    11.7    -0.2     5.7     6.0     0.0    17.53 C    32.0    -3.7     8.1    46.5    24.1    36.8   0.298   0.322 -99.000 -99.000 -99.000    11.3    11.4 -9999.0 -9999.0 -9999.0
03759 20240319  2.623  -78.47   38.00    10.3    -0.9     4.7     4.6     0.0    19.39 C    28.8    -6.3     7.2    52.1    22.7    36.7   0.296   0.318 -99.000 -99.000 -99.000    11.0    11.0 -9999.0 -9999.0 -9999.0
03759 20240320  2.623  -78.47   38.00    19.8     5.6    12.7    12.0     0.0    21.11 C    34.7    -0.3    11.9    35.7    17.6    26.0   0.294   0.315 -99.000 -99.000 -99.000    10.8    10.7 -9999.0 -9999.0 -9999.0
03759 20240321  2.623  -78.47   38.00    11.9    -1.1     5.4     5.5     0.0    21.64 C    30.2    -4.9     8.5    59.9    25.2    39.6   0.292   0.312 -99.000 -99.000 -99.000    10.7    10.6 -9999.0 -9999.0 -9999.0
03759 20240322  2.623  -78.47   38.00    11.1     1.7     6.4     6.1     3.1     9.76 C    30.8    -3.3     8.2    96.4    36.7    56.9   0.291   0.309 -99.000 -99.000 -99.000    10.5    10.5 -9999.0 -9999.0 -9999.0
03759 20240323  2.623  -78.47   38.00    16.0     0.2     8.1     6.6    24.1    13.77 C    29.8    -3.2     8.8    97.1    49.9    77.2   0.343   0.450 -99.000 -99.000 -99.000    10.4    10.3 -9999.0 -9999.0 -9999.0
03759 20240324  2.623  -78.47   38.00     9.4    -2.8     3.3     3.2     0.0    22.93 C    28.3    -6.5     6.3    65.8    25.9    42.9   0.326   0.459 -99.000 -99.000 -99.000    10.4    10.3 -9999.0 -9999.0 -9999.0
03759 20240325  2.623  -78.47   38.00    13.7     1.2     7.4     6.5     0.0    22.86 C    31.4    -4.8     9.4    65.7    26.6    45.7   0.315   0.424 -99.000 -99.000 -99.000    10.2    10.1 -9999.0 -9999.0 -9999.0
03759 20240326  2.623  -78.47   38.00    13.8     2.2     8.0     7.8     1.0    14.19 C    28.0    -3.3     9.4    74.3    26.2    47.3   0.309   0.393 -99.000 -99.000 -99.000    10.3    10.2 -9999.0 -9999.0 -9999.0
03759 20240327  2.623  -78.47   38.00     9.4     6.1     7.7     7.6    11.9     3.85 C    18.3     6.8     9.4    96.4    74.3    94.3   0.309   0.388 -99.000 -99.000 -99.000    10.4    10.3 -9999.0 -9999.0 -9999.0
03759 20240328  2.623  -78.47   38.00    14.5     5.9    10.2     9.0     2.0     9.81 C    25.0    -0.9     9.6    96.4    28.3    69.6   0.331   0.477 -99.000 -99.000 -99.000    10.4    10.4 -9999.0 -9999.0 -9999.0
03759 20240329  2.623  -78.47   38.00    18.6     5.2    11.9    12.2     0.0    22.63 C    31.4    -1.4    12.1    55.0    21.3    36.7   0.326   0.463 -99.000 -99.000 -99.000    10.5    10.5 -9999.0 -9999.0 -9999.0
03759 20240330  2.623  -78.47   38.00    23.2    13.3    18.2    17.4     0.0    15.52 C    34.9     4.6    16.4    79.9    18.9    33.2   0.316   0.425 -99.000 -99.000 -99.000    10.7    10.7 -9999.0 -9999.0 -9999.0
03759 20240331  2.623  -78.47   38.00    19.3    11.7    15.5    16.2     0.8     8.77 C    32.8     8.7    15.8    94.7    52.1    67.2   0.310   0.391 -99.000 -99.000 -99.000    11.1    11.0 -9999.0 -9999.0 -9999.0
03759 20240401  2.623  -78.47   38.00    18.5    10.0    14.3    13.2     3.6     9.97 C    29.6    10.6    15.4    96.2    69.1    90.1   0.306   0.371 -99.000 -99.000 -99.000    11.4    11.5 -9999.0 -9999.0 -9999.0
03759 20240402  2.623  -78.47   38.00    15.0     9.2    12.1    10.9     1.0     4.31 C    21.8     9.8    12.7    96.7    91.1    95.7   0.303   0.356 -99.000 -99.000 -99.000    11.7    11.8 -9999.0 -9999.0 -9999.0
03759 20240403  2.623  -78.47   38.00    13.2     6.8    10.0     8.7    22.0     6.71 C    22.8     0.8    10.1    96.3    47.2    85.4   0.362   0.462 -99.000 -99.000 -99.000    11.8    11.9 -9999.0 -9999.0 -9999.0
03759 20240404  2.623  -78.47   38.00    12.5     4.3     8.4     7.4     0.0    16.27 C    25.1     0.2     7.7    67.1    29.7    50.8   0.340   0.449 -99.000 -99.000 -99.000    11.7    11.7 -9999.0 -9999.0 -9999.0
03759 20240405  2.623  -78.47   38.00    13.2     2.1     7.6     6.7     0.0    17.07 C    31.5    -2.1     8.1    69.6    36.7    52.4   0.320   0.410 -99.000 -99.000 -99.000    11.5    11.4 -9999.0 -9999.0 -9999.0
03759 20240406  2.623  -78.47   38.00    12.5     1.2     6.9     6.7     0.0    19.70 C    30.0    -2.7     8.5    63.3    39.3    50.9   0.312   0.384 -99.000 -99.000 -99.000    11.2    11.2 -9999.0 -9999.0 -9999.0
03759 20240407  2.623  -78.47   38.00    17.5     3.5    10.5    10.5     0.0    25.59 C    34.4    -2.6    12.1    68.6    20.8    41.8   0.307   0.365 -99.000 -99.000 -99.000    11.2    11.0 -9999.0 -9999.0 -9999.0
03759 20240408  2.623  -78.47   38.00    21.5     8.7    15.1    15.5     0.0    18.58 C    35.8     2.0    15.4    47.9    32.5    40.0   0.303   0.342 -99.000 -99.000 -99.000    11.3    11.2 -9999.0 -9999.0 -9999.0
03759 20240409  2.623  -78.47   38.00    23.3    15.4    19.3    19.0     0.0    13.53 C    34.3    10.9    18.9    71.8    43.0    51.3   0.300   0.327 -99.000 -99.000 -99.000    11.7    11.6 -9999.0 -9999.0 -9999.0
03759 20240410  2.623  -78.47   38.00    23.0    14.5    18.8    17.8     0.0    12.93 C    39.2    13.8    19.2    87.9    47.2    65.0   0.298   0.320 -99.000 -99.000 -99.000    12.1    12.1 -9999.0 -9999.0 -9999.0
03759 20240411  2.623  -78.47   38.00    17.6    14.0    15.8    15.7     9.4     0.88 C    17.6    13.6    15.8    95.7    88.4    94.1   0.296   0.317 -99.000 -99.000 -99.000    12.5    12.6 -9999.0 -9999.0 -9999.0
03759 20240412  2.623  -78.47   38.00    17.5     9.7    13.6    13.6     2.1    18.68 C    29.3     7.4    14.5    95.2    32.7    59.2   0.296   0.336 -99.000 -99.000 -99.000    12.8    12.8 -9999.0 -9999.0 -9999.0
03759 20240413  2.623  -78.47   38.00    19.9    10.0    14.9    14.1     0.0    23.75 C    33.6     4.7    14.9    56.2    20.8    34.5   0.295   0.326 -99.000 -99.000 -99.000    12.8    12.9 -9999.0 -9999.0 -9999.0
03759 20240414  2.623  -78.47   38.00    26.3    12.2    19.3    19.5     0.0    24.31 C    36.7     5.9    19.4    42.7    28.8    33.8   0.292   0.317 -99.000 -99.000 -99.000    12.9    13.0 -9999.0 -9999.0 -9999.0
03759 20240415  2.623  -78.47   38.00    29.8    19.2    24.5    23.6     0.7    20.62 C    42.0    13.7    22.0    57.5    28.2    35.2   0.288   0.312 -99.000 -99.000 -99.000    13.3    13.3 -9999.0 -9999.0 -9999.0
03759 20240416  2.623  -78.47   38.00    23.5    13.7    18.6    18.7     0.0    24.21 C    36.4     9.6    20.0    75.3    31.2    42.4   0.284   0.308 -99.000 -99.000 -99.000    13.7    13.8 -9999.0 -9999.0 -9999.0
03759 20240417  2.623  -78.47   38.00    21.2    11.4    16.3    16.5     0.0     9.61 C    34.9    10.1    17.2    79.1    54.4    69.1   0.280   0.306 -99.000 -99.000 -99.000    13.9    14.1 -9999.0 -9999.0 -9999.0
03759 20240418  2.623  -78.47   38.00    27.7    15.5    21.6    21.4     0.0    24.52 C    39.1    10.2    21.6    76.2    17.2    45.1   0.276   0.303 -99.000 -99.000 -99.000    14.2    14.3 -9999.0 -9999.0 -9999.0
03759 20240419  2.623  -78.47   38.00    15.5    11.3    13.4    12.1     0.2     2.56 C    15.6    11.2    13.4    96.2    74.5    93.0   0.271   0.301 -99.000 -99.000 -99.000    14.4    14.6 -9999.0 -9999.0 -9999.0
03759 20240420  2.623  -78.47   38.00    21.8    11.2    16.5    15.2     0.0    18.10 C    34.8     6.6    16.8    95.8    19.9    60.0   0.269   0.299 -99.000 -99.000 -99.000    14.3    14.5 -9999.0 -9999.0 -9999.0
03759 20240421  2.623  -78.47   38.00    14.5     4.7     9.6     7.6     0.0     8.13 C    16.8    -0.8     7.6    71.3    25.4    51.5   0.265   0.296 -99.000 -99.000 -99.000    14.2    14.4 -9999.0 -9999.0 -9999.0
03759 20240422  2.623  -78.47   38.00    15.2     2.1     8.7     9.2     0.0    27.35 C    31.5    -1.9    12.4    70.9    26.3    43.4   0.261   0.293 -99.000 -99.000 -99.000    13.8    13.9 -9999.0 -9999.0 -9999.0
03759 20240423  2.623  -78.47   38.00    21.0    10.0    15.5    15.1     0.0    26.31 C    34.9     4.0    17.1    53.4    20.6    34.1   0.254   0.289 -99.000 -99.000 -99.000    13.7    13.7 -9999.0 -9999.0 -9999.0
03759 20240424  2.623  -78.47   38.00    21.7    11.9    16.8    16.8     0.0    15.63 C    37.2     8.8    16.9    58.8    29.1    41.3   0.248   0.284 -99.000 -99.000 -99.000    13.9    13.9 -9999.0 -9999.0 -9999.0
03759 20240425  2.623  -78.47   38.00    16.4     8.3    12.4    12.1     0.0    22.59 C    33.9     5.8    15.2    84.1    43.7    64.2   0.243   0.278 -99.000 -99.000 -99.000    14.0    14.1 -9999.0 -9999.0 -9999.0
03759 20240426  2.623  -78.47   38.00    15.8     7.4    11.6    11.0     0.0    14.93 C    32.5     7.2    14.1    88.4    41.0    62.6   0.239   0.273 -99.000 -99.000 -99.000    14.0    14.1 -9999.0 -9999.0 -9999.0
03759 20240427  2.623  -78.47   38.00    15.5     7.9    11.7    10.7     1.0     9.86 C    24.8     8.6    12.8    94.4    62.1    85.1   0.237   0.269 -99.000 -99.000 -99.000    14.0    14.1 -9999.0 -9999.0 -9999.0
03759 20240428  2.623  -78.47   38.00    27.8    13.3    20.5    21.4     0.0    26.04 C    39.9    10.8    23.5    93.0    39.8    58.0   0.233   0.263 -99.000 -99.000 -99.000    14.2    14.2 -9999.0 -9999.0 -9999.0
03759 20240429  2.623  -78.47   38.00    29.4    18.0    23.7    23.5     0.0    26.63 C    41.1    12.9    24.9    70.8    39.7    52.4   0.227   0.252 -99.000 -99.000 -99.000    14.8    14.9 -9999.0 -9999.0 -9999.0
03759 20240430  2.623  -78.47   38.00    24.9    16.5    20.7    20.7     0.0    18.49 C    36.0    13.5    21.3    78.4    46.9    57.6   0.221   0.239 -99.000 -99.000 -99.000    15.3    15.5 -9999.0 -9999.0 -9999.0
03759 20240501  2.623  -78.47   38.00    26.6    15.9    21.3    21.2     0.0    25.93 C    39.7    12.1    22.9    91.5    30.6    57.0   0.215   0.228 -99.000 -99.000 -99.000    15.6    15.8 -9999.0 -9999.0 -9999.0
03759 20240502  2.623  -78.47   38.00    29.1    18.4    23.7    24.3     0.0    27.15 C    41.0    11.1    24.5    59.0    30.5    41.8   0.207   0.213 -99.000 -99.000 -99.000    15.9    16.1 -9999.0 -9999.0 -9999.0
03759 20240503  2.623  -78.47   38.00    27.3    11.9    19.6    21.3    13.0    20.25 C    38.4    12.3    23.3    95.4    40.7    63.2   0.199   0.198 -99.000 -99.000 -99.000    16.3    16.5 -9999.0 -9999.0 -9999.0
03759 20240504  2.623  -78.47   38.00    12.0    10.7    11.3    11.3     9.8     2.97 C    15.3    11.5    12.6    96.2    95.5    96.0   0.206   0.192 -99.000 -99.000 -99.000    16.3    16.6 -9999.0 -9999.0 -9999.0
03759 20240505  2.623  -78.47   38.00    17.5    10.4    13.9    13.6     8.8     7.37 C    22.9    11.1    15.4    96.1    91.7    95.4   0.210   0.191 -99.000 -99.000 -99.000    16.0    16.1 -9999.0 -9999.0 -9999.0
03759 20240506  2.623  -78.47   38.00    23.6    14.9    19.3    18.1     6.4    11.33 C    31.8    13.6    19.4    95.8    74.6    92.1   0.211   0.191 -99.000 -99.000 -99.000    16.0    16.1 -9999.0 -9999.0 -9999.0
03759 20240507  2.623  -78.47   38.00    24.5    16.1    20.3    20.4     0.0    21.43 C    33.8    13.4    21.5    95.4    65.6    80.4   0.210   0.191 -99.000 -99.000 -99.000    16.3    16.4 -9999.0 -9999.0 -9999.0
03759 20240508  2.623  -78.47   38.00    26.8    20.3    23.5    23.7     0.0    18.45 C    32.8    15.2    22.8    70.1    48.0    59.1   0.209   0.190 -99.000 -99.000 -99.000    16.7    16.9 -9999.0 -9999.0 -9999.0
03759 20240509  2.623  -78.47   38.00 -9999.0 -9999.0 -9999.0 -9999.0     1.9 -9999.00 U -9999.0 -9999.0 -9999.0 -9999.0 -9999.0 -9999.0 -99.000 -99.000 -99.000 -99.000 -99.000 -9999.0 -9999.0 -9999.0 -9999.0 -9999.0
03759 20240510  2.623  -78.47   38.00    21.8     9.1    15.5    14.9     1.1    14.38 C    37.8     7.8    16.7    96.1    46.1    79.5   0.208   0.190 -99.000 -99.000 -99.000    17.2    17.4 -9999.0 -9999.0 -9999.0
03759 20240511  2.623  -78.47   38.00    18.1     8.4    13.2    11.9     3.1    15.92 C    34.2     7.3    15.1    95.8    52.3    82.3   0.207   0.190 -99.000 -99.000 -99.000    17.0    17.3 -9999.0 -9999.0 -9999.0
03759 20240512  2.623  -78.47   38.00    20.1     9.9    15.0    15.1     0.0    23.29 C    33.8     5.3    16.1    91.4    35.5    53.9   0.206   0.189 -99.000 -99.000 -99.000    16.8    16.9 -9999.0 -9999.0 -9999.0
03759 20240513  2.623  -78.47   38.00    22.4    12.6    17.5    17.1     0.0    24.31 C    37.0     4.9    18.7    76.0    39.5    56.1   0.205   0.189 -99.000 -99.000 -99.000    16.7    16.8 -9999.0 -9999.0 -9999.0
03759 20240514  2.623  -78.47   38.00    16.8    13.7    15.3    15.0    19.4     2.95 C    21.7    14.0    15.7    95.9    65.3    91.0   0.205   0.189 -99.000 -99.000 -99.000    16.8    16.9 -9999.0 -9999.0 -9999.0
03759 20240515  2.623  -78.47   38.00    18.2    13.6    15.9    15.1     6.1     8.34 C    28.9    14.4    17.2    95.9    79.8    93.0   0.216   0.215 -99.000 -99.000 -99.000    16.7    16.7 -9999.0 -9999.0 -9999.0
03759 20240516  2.623  -78.47   38.00    25.3    14.1    19.7    19.4     0.0    22.89 C    37.0    10.1    20.8    95.8    47.4    71.5   0.224   0.221 -99.000 -99.000 -99.000    16.8    16.8 -9999.0 -9999.0 -9999.0
03759 20240517  2.623  -78.47   38.00    19.3    15.0    17.2    17.3     2.3    10.97 C    25.0    13.1    18.6    95.6    66.8    85.0   0.225   0.217 -99.000 -99.000 -99.000    17.0    17.1 -9999.0 -9999.0 -9999.0
03759 20240518  2.623  -78.47   38.00    16.1    13.9    15.0    14.8    50.8     6.49 C    21.7    14.0    16.4    95.9    92.8    95.4   0.340   0.385 -99.000 -99.000 -99.000    17.1    17.2 -9999.0 -9999.0 -9999.0
03759 20240519  2.623  -78.47   38.00    20.7    13.8    17.3    16.8     0.0    12.30 C    30.8    11.5    18.2    95.9    69.4    85.7   0.322   0.385 -99.000 -99.000 -99.000    17.0    17.1 -9999.0 -9999.0 -9999.0
03759 20240520  2.623  -78.47   38.00    24.9    15.2    20.0    19.9     0.0    25.30 C    38.0    11.2    21.0    95.5    50.4    74.3   0.307   0.373 -99.000 -99.000 -99.000    17.1    17.2 -9999.0 -9999.0 -9999.0
03759 20240521  2.623  -78.47   38.00    26.6    17.7    22.2    21.9     0.0    26.61 C    37.8    14.0    23.4    78.9    49.0    64.5   0.298   0.360 -99.000 -99.000 -99.000    17.4    17.5 -9999.0 -9999.0 -9999.0
03759 20240522  2.623  -78.47   38.00    29.0    17.5    23.2    23.9     0.0    24.45 C    39.8    16.0    25.3    84.6    44.7    64.4   0.291   0.342 -99.000 -99.000 -99.000    17.9    17.9 -9999.0 -9999.0 -9999.0
03759 20240523  2.623  -78.47   38.00    26.5    20.9    23.7    23.6     0.0    18.88 C    36.3    17.1    24.2    76.9    50.4    63.0   0.284   0.324 -99.000 -99.000 -99.000    18.3    18.4 -9999.0 -9999.0 -9999.0
03759 20240524  2.623  -78.47   38.00    25.7    18.6    22.1    21.8     1.0    16.43 C    37.1    16.9    22.3    94.6    58.1    73.5   0.279   0.311 -99.000 -99.000 -99.000    18.5    18.7 -9999.0 -9999.0 -9999.0
03759 20240525  2.623  -78.47   38.00    26.9    19.2    23.0    23.6     0.0    20.40 C    36.4    14.9    23.3    83.0    52.6    65.8   0.274   0.302 -99.000 -99.000 -99.000    18.7    18.9 -9999.0 -9999.0 -9999.0
03759 20240526  2.623  -78.47   38.00    27.7    17.0    22.4    22.2     4.9    24.77 C    36.6    15.7    23.9    95.5    53.0    76.7   0.269   0.293 -99.000 -99.000 -99.000    18.9    19.1 -9999.0 -9999.0 -9999.0
03759 20240527  2.623  -78.47   38.00    26.4    16.1    21.2    21.1     0.0    16.76 C    32.8    15.4    21.7    95.6    48.6    76.7   0.265   0.286 -99.000 -99.000 -99.000    19.1    19.2 -9999.0 -9999.0 -9999.0
03759 20240528  2.623  -78.47   38.00    25.4    17.6    21.5    21.5     0.0    23.87 C    34.3    12.6    21.7    71.0    41.0    54.1   0.260   0.280 -99.000 -99.000 -99.000    19.1    19.3 -9999.0 -9999.0 -9999.0
03759 20240529  2.623  -78.47   38.00    23.9    14.5    19.2    18.6     3.8    19.41 C    32.1    10.2    17.6    90.1    42.1    57.4   0.255   0.273 -99.000 -99.000 -99.000    19.0    19.2 -9999.0 -9999.0 -9999.0
03759 20240530  2.623  -78.47   38.00    23.3    12.6    18.0    17.4     0.0    25.70 C    31.5     7.6    17.5    71.7    21.5    49.3   0.251   0.266 -99.000 -99.000 -99.000    18.8    18.9 -9999.0 -9999.0 -9999.0
03759 20240531  2.623  -78.47   38.00    21.7     9.8    15.8    16.5     0.0    29.06 C    31.2     5.0    17.0    59.5    30.4    41.8   0.245   0.258 -99.000 -99.000 -99.000    18.6    18.7 -9999.0 -9999.0 -9999.0
03759 20240601  2.623  -78.47   38.00    25.2    16.4    20.8    20.4     0.0    27.11 C    32.9     9.6    20.5    63.6    35.7    42.9   0.237   0.249 -99.000 -99.000 -99.000    18.4    18.5 -9999.0 -9999.0 -9999.0
03759 20240602  2.623  -78.47   38.00    24.0    15.3    19.6    20.0     0.3    15.12 C    30.4    14.3    20.5    82.9    40.6    64.2   0.230   0.239 -99.000 -99.000 -99.000    18.5    18.6 -9999.0 -9999.0 -9999.0
03759 20240603  2.623  -78.47   38.00    26.5    17.7    22.1    22.2     0.0    19.68 C    34.9    15.8    23.2    91.2    57.4    73.7   0.224   0.231 -99.000 -99.000 -99.000    18.6    18.6 -9999.0 -9999.0 -9999.0
03759 20240604  2.623  -78.47   38.00    27.9    19.7    23.8    23.4     0.0    18.14 C    35.6    17.2    23.9    89.0    59.2    74.1   0.217   0.223 -99.000 -99.000 -99.000    18.8    18.9 -9999.0 -9999.0 -9999.0
03759 20240605  2.623  -78.47   38.00    26.1    19.4    22.7    22.1     0.4    11.70 C    37.4    18.4    22.9    95.4    70.5    84.0   0.213   0.216 -99.000 -99.000 -99.000    19.1    19.2 -9999.0 -9999.0 -9999.0
03759 20240606  2.623  -78.47   38.00    26.4    19.6    23.0    22.5     0.4    12.52 C    36.0    18.1    22.8    95.2    57.9    79.8   0.211   0.211 -99.000 -99.000 -99.000    19.2    19.3 -9999.0 -9999.0 -9999.0
03759 20240607  2.623  -78.47   38.00    27.4    18.2    22.8    23.0     0.0    25.98 C    41.0    13.1    24.3    69.7    29.6    45.2   0.207   0.204 -99.000 -99.000 -99.000    19.3    19.4 -9999.0 -9999.0 -9999.0
03759 20240608  2.623  -78.47   38.00    27.0    18.4    22.7    22.5     0.0    27.04 C    42.2    14.4    24.8    50.8    30.5    41.3   0.201   0.194 -99.000 -99.000 -99.000    19.3    19.4 -9999.0 -9999.0 -9999.0
03759 20240609  2.623  -78.47   38.00    28.8    18.7    23.7    23.6     0.0    19.36 C    42.1    14.9    24.4    56.8    33.9    43.0   0.195   0.183 -99.000 -99.000 -99.000    19.3    19.4 -9999.0 -9999.0 -9999.0
03759 20240610  2.623  -78.47   38.00    25.6    15.7    20.7    20.2     1.4    20.49 C    41.9    11.1    21.4    69.9    31.4    49.9   0.190   0.173 -99.000 -99.000 -99.000    19.2    19.3 -9999.0 -9999.0 -9999.0
03759 20240611  2.623  -78.47   38.00    22.9    14.5    18.7    18.2     0.0    19.80 C    40.6    10.8    20.1    83.0    49.0    64.7   0.187   0.165 -99.000 -99.000 -99.000    19.1    19.2 -9999.0 -9999.0 -9999.0
03759 20240612  2.623  -78.47   38.00    25.3    14.6    19.9    20.1     0.0    23.95 C    41.1    11.1    23.3    83.5    53.9    66.9   0.184   0.158 -99.000 -99.000 -99.000    19.1    19.1 -9999.0 -9999.0 -9999.0
03759 20240613  2.623  -78.47   38.00    29.4    18.5    23.9    23.9     0.0    24.36 C    43.1    15.3    26.3    88.7    44.5    66.0   0.180   0.151 -99.000 -99.000 -99.000    19.3    19.3 -9999.0 -9999.0 -9999.0
03759 20240614  2.623  -78.47   38.00    29.9    20.0    24.9    24.9     0.0    21.46 C    46.7    18.0    26.9    79.2    34.3    58.0   0.177   0.144 -99.000 -99.000 -99.000    19.6    19.6 -9999.0 -9999.0 -9999.0
03759 20240615  2.623  -78.47   38.00    27.9    17.8    22.9    22.6     0.0    27.81 C    44.0    13.9    25.8    85.5    26.0    53.9   0.174   0.137 -99.000 -99.000 -99.000    19.8    19.9 -9999.0 -9999.0 -9999.0
03759 20240616  2.623  -78.47   38.00    27.8    19.0    23.4    23.1     0.0    21.18 C    44.1    12.5    24.4    67.8    45.5    56.2   0.171   0.131 -99.000 -99.000 -99.000    19.8    20.0 -9999.0 -9999.0 -9999.0
03759 20240617  2.623  -78.47   38.00    31.2    17.9    24.5    24.1     0.0    22.69 C    46.4    16.5    27.3    80.8    54.9    68.8   0.169   0.127 -99.000 -99.000 -99.000    20.0    20.1 -9999.0 -9999.0 -9999.0
03759 20240618  2.623  -78.47   38.00    30.4    19.2    24.8    24.7     0.0    23.53 C    46.9    18.1    27.9    91.9    48.4    70.7   0.166   0.124 -99.000 -99.000 -99.000    20.3    20.4 -9999.0 -9999.0 -9999.0
03759 20240619  2.623  -78.47   38.00    29.3    18.5    23.9    23.8     0.0    24.68 C    46.8    16.1    27.0    88.6    43.8    65.3   0.164   0.120 -99.000 -99.000 -99.000    20.5    20.7 -9999.0 -9999.0 -9999.0
03759 20240620  2.623  -78.47   38.00    29.3    19.0    24.1    24.3     0.0    23.06 C    47.5    16.9    27.5    85.5    45.9    64.8   0.162   0.116 -99.000 -99.000 -99.000    20.6    20.8 -9999.0 -9999.0 -9999.0
03759 20240621  2.623  -78.47   38.00    32.6    20.6    26.6    26.8     0.0    26.52 C    48.5    18.2    30.5    79.2    36.8    54.4   0.160   0.112 -99.000 -99.000 -99.000    20.8    21.0 -9999.0 -9999.0 -9999.0
03759 20240622  2.623  -78.47   38.00    34.5    23.3    28.9    29.5     0.0    26.60 C    50.4    20.6    32.7    68.5    29.2    45.6   0.157   0.108 -99.000 -99.000 -99.000    21.1    21.3 -9999.0 -9999.0 -9999.0
03759 20240623  2.623  -78.47   38.00    33.3    24.0    28.7    28.2     0.0    21.09 C    49.2    22.5    30.8    71.5    42.8    58.2   0.154   0.105 -99.000 -99.000 -99.000    21.4    21.6 -9999.0 -9999.0 -9999.0
03759 20240624  2.623  -78.47   38.00    31.1    21.6    26.4    26.4     0.0    24.94 C    49.0    16.9    29.7    74.2    30.4    48.4   0.152   0.103 -99.000 -99.000 -99.000    21.6    21.8 -9999.0 -9999.0 -9999.0
03759 20240625  2.623  -78.47   38.00    30.6    20.0    25.3    25.5     0.0    25.79 C    46.7    13.9    28.2    57.0    31.6    44.9   0.150   0.101 -99.000 -99.000 -99.000    21.5    21.8 -9999.0 -9999.0 -9999.0
03759 20240626  2.623  -78.47   38.00    34.5    19.4    27.0    26.8    26.2    23.35 C    53.8    19.5    30.7    94.7    33.8    57.5   0.156   0.099 -99.000 -99.000 -99.000    21.7    21.8 -9999.0 -9999.0 -9999.0
03759 20240627  2.623  -78.47   38.00    29.2    19.5    24.3    24.3     0.2    23.96 C    41.9    19.5    26.9    94.7    40.5    63.8   0.220   0.112 -99.000 -99.000 -99.000    21.8    22.0 -9999.0 -9999.0 -9999.0
03759 20240628  2.623  -78.47   38.00    27.2    18.9    23.0    22.7     0.0    22.33 C    43.0    17.1    26.6    90.3    50.4    65.5   0.196   0.115 -99.000 -99.000 -99.000    21.9    22.1 -9999.0 -9999.0 -9999.0
03759 20240629  2.623  -78.47   38.00    31.2    19.8    25.5    25.0     0.0    17.11 C    43.6    18.7    28.1    95.4    56.4    76.6   0.187   0.115 -99.000 -99.000 -99.000    21.9    22.1 -9999.0 -9999.0 -9999.0
03759 20240630  2.623  -78.47   38.00    33.5    23.4    28.5    27.8     0.0    17.85 C    47.2    21.7    30.2    89.7    47.3    67.5   0.180   0.114 -99.000 -99.000 -99.000    22.2    22.3 -9999.0 -9999.0 -9999.0
03759 20240701  2.623  -78.47   38.00    24.4    15.1    19.8    20.2     0.0    28.13 C    41.4    12.6    24.4    87.2    37.6    52.8   0.175   0.113 -99.000 -99.000 -99.000    22.2    22.5 -9999.0 -9999.0 -9999.0
03759 20240702  2.623  -78.47   38.00 -9999.0 -9999.0 -9999.0 -9999.0 -9999.0 -9999.00 U -9999.0 -9999.0 -9999.0 -9999.0 -9999.0 -9999.0 -99.000 -99.000 -99.000 -99.000 -99.000 -9999.0 -9999.0 -9999.0 -9999.0 -9999.0
