25630 20240101 -9.000 -160.47   55.35 -9999.0 -9999.0 -9999.0 -9999.0 -9999.0 -9999.00 U -9999.0 -9999.0 -9999.0 -9999.0 -9999.0 -9999.0 -99.000 -99.000 -99.000 -99.000 -99.000 -9999.0 -9999.0 -9999.0 -9999.0 -9999.0
25630 20240102 -9.000 -160.47   55.35 -9999.0 -9999.0 -9999.0 -9999.0 -9999.0 -9999.00 U -9999.0 -9999.0 -9999.0 -9999.0 -9999.0 -9999.0 -99.000 -99.000 -99.000 -99.000 -99.000 -9999.0 -9999.0 -9999.0 -9999.0 -9999.0
25630 20240103 -9.000 -160.47   55.35 -9999.0 -9999.0 -9999.0 -9999.0 -9999.0 -9999.00 U -9999.0 -9999.0 -9999.0 -9999.0 -9999.0 -9999.0 -99.000 -99.000 -99.000 -99.000 -99.000 -9999.0 -9999.0 -9999.0 -9999.0 -9999.0
25630 20240104 -9.000 -160.47   55.35 -9999.0 -9999.0 -9999.0 -9999.0 -9999.0 -9999.00 U -9999.0 -9999.0 -9999.0 -9999.0 -9999.0 -9999.0 -99.000 -99.000 -99.000 -99.000 -99.000 -9999.0 -9999.0 -9999.0 -9999.0 -9999.0
25630 20240105 -9.000 -160.47   55.35 -9999.0 -9999.0 -9999.0 -9999.0 -9999.0 -9999.00 U -9999.0 -9999.0 -9999.0 -9999.0 -9999.0 -9999.0 -99.000 -99.000 -99.000 -99.000 -99.000 -9999.0 -9999.0 -9999.0 -9999.0 -9999.0
25630 20240106 -9.000 -160.47   55.35 -9999.0 -9999.0 -9999.0 -9999.0 -9999.0 -9999.00 U -9999.0 -9999.0 -9999.0 -9999.0 -9999.0 -9999.0 -99.000 -99.000 -99.000 -99.000 -99.000 -9999.0 -9999.0 -9999.0 -9999.0 -9999.0
25630 20240107 -9.000 -160.47   55.35 -9999.0 -9999.0 -9999.0 -9999.0 -9999.0 -9999.00 U -9999.0 -9999.0 -9999.0 -9999.0 -9999.0 -9999.0 -99.000 -99.000 -99.000 -99.000 -99.000 -9999.0 -9999.0 -9999.0 -9999.0 -9999.0
25630 20240108 -9.000 -160.47   55.35 -9999.0 -9999.0 -9999.0 -9999.0 -9999.0 -9999.00 U -9999.0 -9999.0 -9999.0 -9999.0 -9999.0 -9999.0 -99.000 -99.000 -99.000 -99.000 -99.000 -9999.0 -9999.0 -9999.0 -9999.0 -9999.0
25630 20240109 -9.000 -160.47   55.35 -9999.0 -9999.0 -9999.0 -9999.0 -9999.0 -9999.00 U -9999.0 -9999.0 -9999.0 -9999.0 -9999.0 -9999.0 -99.000 -99.000 -99.000 -99.000 -99.000 -9999.0 -9999.0 -9999.0 -9999.0 -9999.0
25630 20240110 -9.000 -160.47   55.35 -9999.0 -9999.0 -9999.0 -9999.0 -9999.0 -9999.00 U -9999.0 -9999.0 -9999.0 -9999.0 -9999.0 -9999.0 -99.000 -99.000 -99.000 -99.000 -99.000 -9999.0 -9999.0 -9999.0 -9999.0 -9999.0
25630 20240111 -9.000 -160.47   55.35 -9999.0 -9999.0 -9999.0 -9999.0 -9999.0 -9999.00 U -9999.0 -9999.0 -9999.0 -9999.0 -9999.0 -9999.0 -99.000 -99.000 -99.000 -99.000 -99.000 -9999.0 -9999.0 -9999.0 -9999.0 -9999.0
25630 20240112 -9.000 -160.47   55.35 -9999.0 -9999.0 -9999.0 -9999.0 -9999.0 -9999.00 U -9999.0 -9999.0 -9999.0 -9999.0 -9999.0 -9999.0 -99.000 -99.000 -99.000 -99.000 -99.000 -9999.0 -9999.0 -9999.0 -9999.0 -9999.0
25630 20240113 -9.000 -160.47   55.35 -9999.0 -9999.0 -9999.0 -9999.0 -9999.0 -9999.00 U -9999.0 -9999.0 -9999.0 -9999.0 -9999.0 -9999.0 -99.000 -99.000 -99.000 -99.000 -99.000 -9999.0 -9999.0 -9999.0 -9999.0 -9999.0
25630 20240114 -9.000 -160.47   55.35 -9999.0 -9999.0 -9999.0 -9999.0 -9999.0 -9999.00 U -9999.0 -9999.0 -9999.0 -9999.0 -9999.0 -9999.0 -99.000 -99.000 -99.000 -99.000 -99.000 -9999.0 -9999.0 -9999.0 -9999.0 -9999.0
25630 20240115 -9.000 -160.47   55.35 -9999.0 -9999.0 -9999.0 -9999.0 -9999.0 -9999.00 U -9999.0 -9999.0 -9999.0 -9999.0 -9999.0 -9999.0 -99.000 -99.000 -99.000 -99.000 -99.000 -9999.0 -9999.0 -9999.0 -9999.0 -9999.0
25630 20240116 -9.000 -160.47   55.35 -9999.0 -9999.0 -9999.0 -9999.0 -9999.0 -9999.00 U -9999.0 -9999.0 -9999.0 -9999.0 -9999.0 -9999.0 -99.000 -99.000 -99.000 -99.000 -99.000 -9999.0 -9999.0 -9999.0 -9999.0 -9999.0
25630 20240117 -9.000 -160.47   55.35 -9999.0 -9999.0 -9999.0 -9999.0 -9999.0 -9999.00 U -9999.0 -9999.0 -9999.0 -9999.0 -9999.0 -9999.0 -99.000 -99.000 -99.000 -99.000 -99.000 -9999.0 -9999.0 -9999.0 -9999.0 -9999.0
25630 20240118 -9.000 -160.47   55.35 -9999.0 -9999.0 -9999.0 -9999.0 -9999.0 -9999.00 U -9999.0 -9999.0 -9999.0 -9999.0 -9999.0 -9999.0 -99.000 -99.000 -99.000 -99.000 -99.000 -9999.0 -9999.0 -9999.0 -9999.0 -9999.0
25630 20240119 -9.000 -160.47   55.35 -9999.0 -9999.0 -9999.0 -9999.0 -9999.0 -9999.00 U -9999.0 -9999.0 -9999.0 -9999.0 -9999.0 -9999.0 -99.000 -99.000 -99.000 -99.000 -99.000 -9999.0 -9999.0 -9999.0 -9999.0 -9999.0
25630 20240120 -9.000 -160.47   55.35 -9999.0 -9999.0 -9999.0 -9999.0 -9999.0 -9999.00 U -9999.0 -9999.0 -9999.0 -9999.0 -9999.0 -9999.0 -99.000 -99.000 -99.000 -99.000 -99.000 -9999.0 -9999.0 -9999.0 -9999.0 -9999.0
25630 20240121 -9.000 -160.47   55.35 -9999.0 -9999.0 -9999.0 -9999.0 -9999.0 -9999.00 U -9999.0 -9999.0 -9999.0 -9999.0 -9999.0 -9999.0 -99.000 -99.000 -99.000 -99.000 -99.000 -9999.0 -9999.0 -9999.0 -9999.0 -9999.0
25630 20240122 -9.000 -160.47   55.35 -9999.0 -9999.0 -9999.0 -9999.0 -9999.0 -9999.00 U -9999.0 -9999.0 -9999.0 -9999.0 -9999.0 -9999.0 -99.000 -99.000 -99.000 -99.000 -99.000 -9999.0 -9999.0 -9999.0 -9999.0 -9999.0
25630 20240123 -9.000 -160.47   55.35 -9999.0 -9999.0 -9999.0 -9999.0 -9999.0 -9999.00 U -9999.0 -9999.0 -9999.0 -9999.0 -9999.0 -9999.0 -99.000 -99.000 -99.000 -99.000 -99.000 -9999.0 -9999.0 -9999.0 -9999.0 -9999.0
25630 20240124  2.424 -160.47   55.35 -9999.0 -9999.0 -9999.0 -9999.0 -9999.0 -9999.00 U -9999.0 -9999.0 -9999.0 -9999.0 -9999.0 -9999.0 -99.000 -99.000 -99.000 -99.000 -99.000 -9999.0 -9999.0 -9999.0 -9999.0 -9999.0
25630 20240125  2.424 -160.47   55.35     1.2    -3.3    -1.1    -0.7     0.0     4.39 C     5.6    -3.8    -0.8    76.7    50.7    67.0 -99.000 -99.000 -99.000 -99.000 -99.000 -9999.0 -9999.0 -9999.0 -9999.0 -9999.0
25630 20240126  2.424 -160.47   55.35    -1.4    -9.2    -5.3    -5.1     0.0     3.57 C    -2.3    -9.6    -5.2    62.3    34.8    46.2 -99.000 -99.000 -99.000 -99.000 -99.000 -9999.0 -9999.0 -9999.0 -9999.0 -9999.0
25630 20240127  2.424 -160.47   55.35    -9.1   -12.0   -10.6   -10.4     0.0     4.88 C    -7.9   -12.5   -10.4    65.8    45.3    52.3 -99.000 -99.000 -99.000 -99.000 -99.000 -9999.0 -9999.0 -9999.0 -9999.0 -9999.0
25630 20240128  2.424 -160.47   55.35   -10.2   -12.0   -11.1   -11.4     0.0     4.88 C    -8.4   -12.5   -11.3    79.1    53.5    62.4 -99.000 -99.000 -99.000 -99.000 -99.000 -9999.0 -9999.0 -9999.0 -9999.0 -9999.0
25630 20240129  2.424 -160.47   55.35   -10.3   -12.6   -11.5   -11.5     0.0     2.90 C    -8.2   -12.8   -11.6    77.7    56.6    66.6 -99.000 -99.000 -99.000 -99.000 -99.000 -9999.0 -9999.0 -9999.0 -9999.0 -9999.0
25630 20240130  2.424 -160.47   55.35    -1.4   -10.8    -6.1    -5.4     4.6     4.26 C     0.1   -11.7    -5.1    98.1    61.8    80.2 -99.000 -99.000 -99.000 -99.000 -99.000 -9999.0 -9999.0 -9999.0 -9999.0 -9999.0
25630 20240131  2.424 -160.47   55.35     0.4    -5.2    -2.4    -1.4     0.0     3.43 C     5.9    -6.2    -2.3    99.6    64.6    86.8 -99.000 -99.000 -99.000 -99.000 -99.000 -9999.0 -9999.0 -9999.0 -9999.0 -9999.0
25630 20240201  2.424 -160.47   55.35     2.8    -1.2     0.8     1.1     0.0     2.65 C     4.8    -2.1     0.8    95.7    74.2    85.8 -99.000 -99.000 -99.000 -99.000 -99.000 -9999.0 -9999.0 -9999.0 -9999.0 -9999.0
25630 20240202  2.424 -160.47   55.35     4.1     0.8     2.4     2.6     9.9     3.03 C     5.6     0.5     2.4    99.0    68.6    84.0 -99.000 -99.000 -99.000 -99.000 -99.000 -9999.0 -9999.0 -9999.0 -9999.0 -9999.0
25630 20240203  2.424 -160.47   55.35     4.9     1.3     3.1     3.5    24.8     1.11 C     5.4     0.7     3.2    98.6    75.7    91.9 -99.000 -99.000 -99.000 -99.000 -99.000 -9999.0 -9999.0 -9999.0 -9999.0 -9999.0
25630 20240204  2.424 -160.47   55.35     3.5     0.8     2.2     2.3     3.9     1.55 C     4.1     0.3     2.0    96.2    65.7    83.3 -99.000 -99.000 -99.000 -99.000 -99.000 -9999.0 -9999.0 -9999.0 -9999.0 -9999.0
25630 20240205  2.424 -160.47   55.35     4.2     0.4     2.3     2.8     3.8     1.04 C     3.9    -0.1     2.3    95.2    67.8    79.7 -99.000 -99.000 -99.000 -99.000 -99.000 -9999.0 -9999.0 -9999.0 -9999.0 -9999.0
25630 20240206  2.424 -160.47   55.35     4.4     0.7     2.5     2.9     1.7     3.05 C     4.7     0.1     2.7    93.2    50.0    71.5 -99.000 -99.000 -99.000 -99.000 -99.000 -9999.0 -9999.0 -9999.0 -9999.0 -9999.0
25630 20240207  2.424 -160.47   55.35     3.7     1.0     2.3     2.2     2.6     2.28 C     4.1     0.5     1.8    95.4    75.6    84.5 -99.000 -99.000 -99.000 -99.000 -99.000 -9999.0 -9999.0 -9999.0 -9999.0 -9999.0
25630 20240208  2.424 -160.47   55.35     3.9     0.3     2.1     2.0    13.6     0.45 C     3.7     0.0     1.7    99.1    71.3    90.3 -99.000 -99.000 -99.000 -99.000 -99.000 -9999.0 -9999.0 -9999.0 -9999.0 -9999.0
25630 20240209  2.424 -160.47   55.35     2.9     0.6     1.7     1.6     6.5     1.17 C     2.6     0.0     1.2    99.0    83.4    91.1 -99.000 -99.000 -99.000 -99.000 -99.000 -9999.0 -9999.0 -9999.0 -9999.0 -9999.0
25630 20240210  2.424 -160.47   55.35     2.2    -1.4     0.4     0.5     2.3     4.11 C     4.1    -1.9     0.3    97.5    62.6    81.2 -99.000 -99.000 -99.000 -99.000 -99.000 -9999.0 -9999.0 -9999.0 -9999.0 -9999.0
25630 20240211  2.424 -160.47   55.35     1.8    -1.7     0.0     0.3     5.0     3.51 C     4.1    -2.5     0.2    99.0    67.5    79.9 -99.000 -99.000 -99.000 -99.000 -99.000 -9999.0 -9999.0 -9999.0 -9999.0 -9999.0
25630 20240212  2.424 -160.47   55.35     3.4    -0.2     1.6     1.7     8.7     1.87 C     3.5    -0.4     1.3    99.0    68.2    84.4 -99.000 -99.000 -99.000 -99.000 -99.000 -9999.0 -9999.0 -9999.0 -9999.0 -9999.0
25630 20240213  2.424 -160.47   55.35     2.0    -1.2     0.4     0.4     0.6     6.99 C     6.0    -1.7     0.7    98.0    60.5    78.7 -99.000 -99.000 -99.000 -99.000 -99.000 -9999.0 -9999.0 -9999.0 -9999.0 -9999.0
25630 20240214  2.424 -160.47   55.35    -0.7    -3.5    -2.1    -1.9     2.9     0.10 C    -0.9    -3.5    -2.1    91.0    59.7    72.8 -99.000 -99.000 -99.000 -99.000 -99.000 -9999.0 -9999.0 -9999.0 -9999.0 -9999.0
25630 20240215  2.424 -160.47   55.35     0.7    -1.9    -0.6    -0.9    37.4     1.22 C     0.1    -1.9    -0.9    99.2    87.2    96.0 -99.000 -99.000 -99.000 -99.000 -99.000 -9999.0 -9999.0 -9999.0 -9999.0 -9999.0
25630 20240216  2.424 -160.47   55.35     3.4     0.7     2.0     2.7    11.3     0.67 C     3.1     0.1     2.3    99.8    90.4    95.8 -99.000 -99.000 -99.000 -99.000 -99.000 -9999.0 -9999.0 -9999.0 -9999.0 -9999.0
25630 20240217  2.424 -160.47   55.35     3.8     1.6     2.7     2.8     2.2     2.61 C     4.8     1.2     2.5    97.8    84.7    91.2 -99.000 -99.000 -99.000 -99.000 -99.000 -9999.0 -9999.0 -9999.0 -9999.0 -9999.0
25630 20240218  2.424 -160.47   55.35     4.0    -0.7     1.7     1.3     0.4     7.65 C     9.1    -1.2     2.0    98.3    60.8    84.4 -99.000 -99.000 -99.000 -99.000 -99.000 -9999.0 -9999.0 -9999.0 -9999.0 -9999.0
25630 20240219  2.424 -160.47   55.35     2.6    -1.1     0.8     0.6     4.1     2.11 C     3.7    -1.6     0.5    98.9    68.8    82.5 -99.000 -99.000 -99.000 -99.000 -99.000 -9999.0 -9999.0 -9999.0 -9999.0 -9999.0
25630 20240220  2.424 -160.47   55.35     2.8    -3.5    -0.4     0.0     0.0     7.51 C     8.9    -4.3     0.9    93.3    56.0    77.6 -99.000 -99.000 -99.000 -99.000 -99.000 -9999.0 -9999.0 -9999.0 -9999.0 -9999.0
25630 20240221  2.424 -160.47   55.35     3.9    -1.0     1.4     1.7     7.9     2.33 C     3.3    -1.2     1.3    97.1    64.6    85.8 -99.000 -99.000 -99.000 -99.000 -99.000 -9999.0 -9999.0 -9999.0 -9999.0 -9999.0
25630 20240222  2.424 -160.47   55.35     3.0    -1.4     0.8     1.1     0.3     5.70 C     4.0    -1.6     1.0    93.4    57.5    69.8 -99.000 -99.000 -99.000 -99.000 -99.000 -9999.0 -9999.0 -9999.0 -9999.0 -9999.0
25630 20240223  2.424 -160.47   55.35     2.5    -1.2     0.7     1.1     1.8     2.84 C     3.3    -1.8     0.9    98.8    58.0    85.8 -99.000 -99.000 -99.000 -99.000 -99.000 -9999.0 -9999.0 -9999.0 -9999.0 -9999.0
25630 20240224  2.424 -160.47   55.35     2.1    -1.9     0.1    -0.1     0.0     7.26 C     3.8    -2.5     0.0    86.8    55.0    69.5 -99.000 -99.000 -99.000 -99.000 -99.000 -9999.0 -9999.0 -9999.0 -9999.0 -9999.0
25630 20240225  2.424 -160.47   55.35     2.0    -2.5    -0.2    -0.4     4.1     1.86 C     1.8    -2.9    -0.6    99.3    60.1    87.3 -99.000 -99.000 -99.000 -99.000 -99.000 -9999.0 -9999.0 -9999.0 -9999.0 -9999.0
25630 20240226  2.424 -160.47   55.35     3.6    -2.7     0.5     1.2     0.6     5.01 C     4.1    -2.9     1.1    99.2    65.5    82.5 -99.000 -99.000 -99.000 -99.000 -99.000 -9999.0 -9999.0 -9999.0 -9999.0 -9999.0
25630 20240227  2.424 -160.47   55.35    -2.5    -6.1    -4.3    -4.0     0.0     5.38 C    -1.1    -6.3    -3.8    85.1    55.1    68.9 -99.000 -99.000 -99.000 -99.000 -99.000 -9999.0 -9999.0 -9999.0 -9999.0 -9999.0
25630 20240228  2.424 -160.47   55.35    -2.7    -7.2    -4.9    -5.2     0.2     5.95 C     0.0    -7.4    -4.8    83.3    57.3    65.6 -99.000 -99.000 -99.000 -99.000 -99.000 -9999.0 -9999.0 -9999.0 -9999.0 -9999.0
25630 20240229  2.424 -160.47   55.35    -5.9    -9.5    -7.7    -7.9     0.2     6.39 C    -3.0    -9.6    -7.6    81.9    61.5    71.4 -99.000 -99.000 -99.000 -99.000 -99.000 -9999.0 -9999.0 -9999.0 -9999.0 -9999.0
25630 20240301  2.424 -160.47   55.35    -2.1    -7.6    -4.9    -4.5     0.0     5.99 C     0.9    -8.0    -3.7    73.3    45.1    60.4 -99.000 -99.000 -99.000 -99.000 -99.000 -9999.0 -9999.0 -9999.0 -9999.0 -9999.0
25630 20240302  2.424 -160.47   55.35     0.3    -2.7    -1.2    -1.2     8.8     1.81 C     0.0    -2.8    -1.3    98.8    53.6    86.2 -99.000 -99.000 -99.000 -99.000 -99.000 -9999.0 -9999.0 -9999.0 -9999.0 -9999.0
25630 20240303  2.424 -160.47   55.35     3.5     0.1     1.8     1.5     5.1     2.79 C     4.3    -0.1     1.4    99.4    95.9    98.2 -99.000 -99.000 -99.000 -99.000 -99.000 -9999.0 -9999.0 -9999.0 -9999.0 -9999.0
25630 20240304  2.424 -160.47   55.35     4.8    -1.1     1.8     1.7     0.0     9.32 C    12.2    -1.4     2.5    98.7    51.2    79.5 -99.000 -99.000 -99.000 -99.000 -99.000 -9999.0 -9999.0 -9999.0 -9999.0 -9999.0
25630 20240305  2.424 -160.47   55.35     2.9    -2.6     0.2     0.5     5.3     8.96 C     6.5    -3.4     0.9    99.5    65.8    84.7 -99.000 -99.000 -99.000 -99.000 -99.000 -9999.0 -9999.0 -9999.0 -9999.0 -9999.0
25630 20240306  2.424 -160.47   55.35     1.0    -3.6    -1.3    -0.5     3.9     3.13 C     1.9    -4.5    -1.2    98.3    74.3    87.5 -99.000 -99.000 -99.000 -99.000 -99.000 -9999.0 -9999.0 -9999.0 -9999.0 -9999.0
25630 20240307  2.424 -160.47   55.35     0.5    -4.4    -2.0    -1.8     1.0     9.37 C     2.8    -4.8    -1.4    96.0    69.9    82.2 -99.000 -99.000 -99.000 -99.000 -99.000 -9999.0 -9999.0 -9999.0 -9999.0 -9999.0
25630 20240308  2.424 -160.47   55.35    -1.7    -5.0    -3.3    -3.8     0.0     7.09 C     4.7    -5.6    -3.3    85.9    60.5    73.2 -99.000 -99.000 -99.000 -99.000 -99.000 -9999.0 -9999.0 -9999.0 -9999.0 -9999.0
25630 20240309  2.424 -160.47   55.35    -3.4    -7.3    -5.4    -5.3     0.0     9.64 C     0.0    -7.7    -4.8    80.1    63.6    71.9 -99.000 -99.000 -99.000 -99.000 -99.000 -9999.0 -9999.0 -9999.0 -9999.0 -9999.0
25630 20240310  2.424 -160.47   55.35    -4.7    -8.5    -6.6    -7.1     0.0    12.78 C    -1.2    -8.6    -6.5    82.3    54.2    69.0 -99.000 -99.000 -99.000 -99.000 -99.000 -9999.0 -9999.0 -9999.0 -9999.0 -9999.0
25630 20240311  2.424 -160.47   55.35    -7.9    -9.9    -8.9    -9.0     0.0     9.13 C    -5.2   -10.2    -8.5    81.7    61.5    71.4 -99.000 -99.000 -99.000 -99.000 -99.000 -9999.0 -9999.0 -9999.0 -9999.0 -9999.0
25630 20240312  2.424 -160.47   55.35    -5.8    -9.9    -7.9    -8.1     0.0    13.65 C    -1.5   -10.4    -7.3    76.9    62.0    68.6 -99.000 -99.000 -99.000 -99.000 -99.000 -9999.0 -9999.0 -9999.0 -9999.0 -9999.0
25630 20240313  2.424 -160.47   55.35    -4.4    -8.4    -6.4    -6.7     0.0     7.42 C    -0.4    -9.1    -6.3    76.4    62.8    70.4 -99.000 -99.000 -99.000 -99.000 -99.000 -9999.0 -9999.0 -9999.0 -9999.0 -9999.0
25630 20240314  2.424 -160.47   55.35    -4.9    -9.1    -7.0    -6.9     0.0     8.75 C     0.5    -9.8    -5.9    78.3    61.8    70.5 -99.000 -99.000 -99.000 -99.000 -99.000 -9999.0 -9999.0 -9999.0 -9999.0 -9999.0
25630 20240315  2.424 -160.47   55.35    -0.5    -6.5    -3.5    -3.6     0.0    10.66 C     5.4    -6.8    -2.6    83.1    63.8    75.3 -99.000 -99.000 -99.000 -99.000 -99.000 -9999.0 -9999.0 -9999.0 -9999.0 -9999.0
25630 20240316  2.424 -160.47   55.35    -2.2    -5.3    -3.7    -3.8     0.0    14.58 C     2.1    -5.8    -2.7    82.4    60.2    72.2 -99.000 -99.000 -99.000 -99.000 -99.000 -9999.0 -9999.0 -9999.0 -9999.0 -9999.0
25630 20240317  2.424 -160.47   55.35    -1.0    -5.1    -3.1    -3.5     0.0    11.95 C     3.8    -5.9    -2.8    78.9    52.1    63.6 -99.000 -99.000 -99.000 -99.000 -99.000 -9999.0 -9999.0 -9999.0 -9999.0 -9999.0
25630 20240318  2.424 -160.47   55.35     4.4    -3.9     0.3     2.0     0.0     3.70 C     4.0    -5.2     1.5    92.5    64.2    79.2 -99.000 -99.000 -99.000 -99.000 -99.000 -9999.0 -9999.0 -9999.0 -9999.0 -9999.0
25630 20240319  2.424 -160.47   55.35     4.6     2.3     3.5     3.5     6.7     1.39 C     4.5     1.9     3.1    98.6    79.7    90.5 -99.000 -99.000 -99.000 -99.000 -99.000 -9999.0 -9999.0 -9999.0 -9999.0 -9999.0
25630 20240320  2.424 -160.47   55.35     4.4     2.0     3.2     3.1     1.1     6.43 C     6.2     1.3     3.0    93.8    81.1    88.3 -99.000 -99.000 -99.000 -99.000 -99.000 -9999.0 -9999.0 -9999.0 -9999.0 -9999.0
25630 20240321  2.424 -160.47   55.35     4.8     2.1     3.4     3.8     2.7     1.48 C     4.9     1.9     3.6    98.3    86.1    93.6 -99.000 -99.000 -99.000 -99.000 -99.000 -9999.0 -9999.0 -9999.0 -9999.0 -9999.0
25630 20240322  2.424 -160.47   55.35     3.5     0.7     2.1     2.5    10.9     3.35 C     4.5     0.4     2.3    98.1    84.3    93.6 -99.000 -99.000 -99.000 -99.000 -99.000 -9999.0 -9999.0 -9999.0 -9999.0 -9999.0
25630 20240323  2.424 -160.47   55.35     4.9     2.2     3.5     3.3     3.1     5.41 C     6.2     2.0     3.5    99.5    88.7    96.4 -99.000 -99.000 -99.000 -99.000 -99.000 -9999.0 -9999.0 -9999.0 -9999.0 -9999.0
25630 20240324  2.424 -160.47   55.35     5.1     0.6     2.8     2.4     0.3     8.91 C     8.5     0.3     3.0    99.3    77.3    92.7 -99.000 -99.000 -99.000 -99.000 -99.000 -9999.0 -9999.0 -9999.0 -9999.0 -9999.0
25630 20240325  2.424 -160.47   55.35     1.7    -4.0    -1.2    -0.5     0.0     7.91 C     5.6    -4.0     0.0    98.6    69.9    80.0 -99.000 -99.000 -99.000 -99.000 -99.000 -9999.0 -9999.0 -9999.0 -9999.0 -9999.0
25630 20240326  2.424 -160.47   55.35     1.5    -5.3    -1.9    -2.7     0.0    15.58 C     5.5    -5.5    -1.5    77.6    42.7    61.1 -99.000 -99.000 -99.000 -99.000 -99.000 -9999.0 -9999.0 -9999.0 -9999.0 -9999.0
25630 20240327  2.424 -160.47   55.35     5.1    -3.4     0.8    -0.1     0.0    12.35 C    10.8    -4.4     0.6    78.6    46.6    64.6 -99.000 -99.000 -99.000 -99.000 -99.000 -9999.0 -9999.0 -9999.0 -9999.0 -9999.0
25630 20240328  2.424 -160.47   55.35     4.2    -1.6     1.3     1.4     7.8     3.08 C     3.9    -2.4     1.1    98.8    58.5    80.9 -99.000 -99.000 -99.000 -99.000 -99.000 -9999.0 -9999.0 -9999.0 -9999.0 -9999.0
25630 20240329  2.424 -160.47   55.35     6.5     0.1     3.3     3.2     1.6    11.63 C     9.4    -0.2     3.6    95.2    64.2    79.8 -99.000 -99.000 -99.000 -99.000 -99.000 -9999.0 -9999.0 -9999.0 -9999.0 -9999.0
25630 20240330  2.424 -160.47   55.35     1.1    -2.0    -0.5    -0.5     8.4     9.56 C     2.4    -1.7    -0.4    98.4    54.3    78.6 -99.000 -99.000 -99.000 -99.000 -99.000 -9999.0 -9999.0 -9999.0 -9999.0 -9999.0
25630 20240331  2.424 -160.47   55.35     1.9    -5.8    -1.9    -1.2     0.3    10.96 C     4.4    -6.0    -0.8    82.6    63.8    71.6 -99.000 -99.000 -99.000 -99.000 -99.000 -9999.0 -9999.0 -9999.0 -9999.0 -9999.0
25630 20240401  2.424 -160.47   55.35    -5.2    -8.1    -6.6    -6.8     0.0    17.37 C    -2.6    -8.3    -6.1    80.9    52.9    64.4 -99.000 -99.000 -99.000 -99.000 -99.000 -9999.0 -9999.0 -9999.0 -9999.0 -9999.0
25630 20240402  2.424 -160.47   55.35     0.7    -6.8    -3.0    -2.5     4.3     4.91 C     2.9    -7.0    -1.9    99.8    59.7    80.5 -99.000 -99.000 -99.000 -99.000 -99.000 -9999.0 -9999.0 -9999.0 -9999.0 -9999.0
25630 20240403  2.424 -160.47   55.35     5.8     0.6     3.2     4.0    10.2     0.14 C     5.4     0.5     3.7    99.9    90.4    96.5 -99.000 -99.000 -99.000 -99.000 -99.000 -9999.0 -9999.0 -9999.0 -9999.0 -9999.0
25630 20240404  2.424 -160.47   55.35     7.7     0.6     4.1     3.9     0.2    14.15 C    10.3    -0.2     4.5    97.6    52.5    79.4 -99.000 -99.000 -99.000 -99.000 -99.000 -9999.0 -9999.0 -9999.0 -9999.0 -9999.0
25630 20240405  2.424 -160.47   55.35     6.1     0.2     3.2     2.3     1.1    11.14 C     9.0    -0.2     2.7    97.8    55.7    78.3 -99.000 -99.000 -99.000 -99.000 -99.000 -9999.0 -9999.0 -9999.0 -9999.0 -9999.0
25630 20240406  2.424 -160.47   55.35     4.6     0.1     2.4     1.9     6.5     6.97 C     5.8    -0.1     2.0    99.7    72.7    88.1 -99.000 -99.000 -99.000 -99.000 -99.000 -9999.0 -9999.0 -9999.0 -9999.0 -9999.0
25630 20240407  2.424 -160.47   55.35     5.0    -1.0     2.0     1.8     0.0    15.67 C     9.2    -1.4     2.8    95.9    70.9    82.7 -99.000 -99.000 -99.000 -99.000 -99.000 -9999.0 -9999.0 -9999.0 -9999.0 -9999.0
25630 20240408  2.424 -160.47   55.35     1.2    -8.4    -3.6    -3.4     0.6    11.38 C     5.5    -8.7    -2.8    94.8    55.8    71.5 -99.000 -99.000 -99.000 -99.000 -99.000 -9999.0 -9999.0 -9999.0 -9999.0 -9999.0
25630 20240409  2.424 -160.47   55.35    -3.8    -9.3    -6.6    -6.7     0.0    12.40 C    -1.2    -9.6    -6.2    86.3    54.0    67.0 -99.000 -99.000 -99.000 -99.000 -99.000 -9999.0 -9999.0 -9999.0 -9999.0 -9999.0
25630 20240410  2.424 -160.47   55.35     4.7    -5.1    -0.2     0.2     4.3     3.81 C     5.7    -6.0     0.0    98.5    61.1    87.3 -99.000 -99.000 -99.000 -99.000 -99.000 -9999.0 -9999.0 -9999.0 -9999.0 -9999.0
25630 20240411  2.424 -160.47   55.35     6.0     2.1     4.1     3.8     3.6     3.87 C     6.8     1.7     3.8    99.1    58.2    86.7 -99.000 -99.000 -99.000 -99.000 -99.000 -9999.0 -9999.0 -9999.0 -9999.0 -9999.0
25630 20240412  2.424 -160.47   55.35     3.3    -3.4    -0.1     1.1     0.3     9.09 C     4.5    -3.8     1.3    88.7    60.6    71.8 -99.000 -99.000 -99.000 -99.000 -99.000 -9999.0 -9999.0 -9999.0 -9999.0 -9999.0
25630 20240413  2.424 -160.47   55.35     2.1    -4.4    -1.2    -1.6     0.0    13.14 C     5.5    -4.7    -1.0    87.5    51.9    66.4 -99.000 -99.000 -99.000 -99.000 -99.000 -9999.0 -9999.0 -9999.0 -9999.0 -9999.0
25630 20240414  2.424 -160.47   55.35     3.7    -1.3     1.2     1.1     0.0     7.69 C     6.6    -1.8     1.8    73.8    58.3    65.4 -99.000 -99.000 -99.000 -99.000 -99.000 -9999.0 -9999.0 -9999.0 -9999.0 -9999.0
25630 20240415  2.424 -160.47   55.35     2.7     0.6     1.7     1.6     0.0     3.86 C     3.4     0.5     1.5    91.8    66.1    76.6 -99.000 -99.000 -99.000 -99.000 -99.000 -9999.0 -9999.0 -9999.0 -9999.0 -9999.0
25630 20240416  2.424 -160.47   55.35     3.1     0.4     1.7     2.2    12.2     4.54 C     3.2     0.1     2.0    99.2    76.5    91.4 -99.000 -99.000 -99.000 -99.000 -99.000 -9999.0 -9999.0 -9999.0 -9999.0 -9999.0
25630 20240417  2.424 -160.47   55.35     4.7     0.9     2.8     2.8     7.6     4.73 C     6.8     0.7     3.0    99.6    84.1    94.9 -99.000 -99.000 -99.000 -99.000 -99.000 -9999.0 -9999.0 -9999.0 -9999.0 -9999.0
25630 20240418  2.424 -160.47   55.35     4.3     2.7     3.5     3.3     3.2    11.51 C     6.6     2.5     3.7    99.2    86.4    93.8 -99.000 -99.000 -99.000 -99.000 -99.000 -9999.0 -9999.0 -9999.0 -9999.0 -9999.0
25630 20240419  2.424 -160.47   55.35     6.2     1.9     4.0     3.5     1.4    18.74 C    13.3     1.4     5.1    96.7    72.2    88.4 -99.000 -99.000 -99.000 -99.000 -99.000 -9999.0 -9999.0 -9999.0 -9999.0 -9999.0
25630 20240420  2.424 -160.47   55.35     5.6     1.4     3.5     3.1     0.4    15.82 C    11.5     0.0     4.2    97.1    68.6    85.9 -99.000 -99.000 -99.000 -99.000 -99.000 -9999.0 -9999.0 -9999.0 -9999.0 -9999.0
25630 20240421  2.424 -160.47   55.35     7.6    -0.1     3.7     3.2     0.0    21.66 C    13.5    -1.2     5.4    97.6    49.5    77.9 -99.000 -99.000 -99.000 -99.000 -99.000 -9999.0 -9999.0 -9999.0 -9999.0 -9999.0
25630 20240422  2.424 -160.47   55.35     7.4     0.0     3.7     3.3     0.0    16.08 C    12.0    -0.7     4.0    93.0    57.7    76.4 -99.000 -99.000 -99.000 -99.000 -99.000 -9999.0 -9999.0 -9999.0 -9999.0 -9999.0
25630 20240423  2.424 -160.47   55.35     3.5     2.1     2.8     2.9     5.2     3.70 C     3.7     1.7     2.8    99.5    74.9    91.9 -99.000 -99.000 -99.000 -99.000 -99.000 -9999.0 -9999.0 -9999.0 -9999.0 -9999.0
25630 20240424  2.424 -160.47   55.35     8.0     0.4     4.2     3.8     0.6    15.74 C    11.4     0.3     4.6    99.6    57.7    83.1 -99.000 -99.000 -99.000 -99.000 -99.000 -9999.0 -9999.0 -9999.0 -9999.0 -9999.0
25630 20240425  2.424 -160.47   55.35     5.1     0.5     2.8     2.8     2.6    11.99 C     8.0    -0.2     3.1    96.7    78.5    89.5 -99.000 -99.000 -99.000 -99.000 -99.000 -9999.0 -9999.0 -9999.0 -9999.0 -9999.0
25630 20240426  2.424 -160.47   55.35     1.9     0.1     1.0     1.0    10.5     4.76 C     2.3    -0.3     0.9    99.4    86.7    94.2 -99.000 -99.000 -99.000 -99.000 -99.000 -9999.0 -9999.0 -9999.0 -9999.0 -9999.0
25630 20240427  2.424 -160.47   55.35     7.0     1.9     4.4     3.8     0.0    20.54 C    10.9     1.3     5.0    90.9    70.3    82.9 -99.000 -99.000 -99.000 -99.000 -99.000 -9999.0 -9999.0 -9999.0 -9999.0 -9999.0
25630 20240428  2.424 -160.47   55.35     9.2     1.4     5.3     4.7     0.0    17.37 C    15.0     0.8     6.4    92.3    57.7    78.0 -99.000 -99.000 -99.000 -99.000 -99.000 -9999.0 -9999.0 -9999.0 -9999.0 -9999.0
25630 20240429  2.424 -160.47   55.35     3.9     1.0     2.4     2.6     7.3     6.88 C     4.9     0.8     3.0    99.0    87.9    96.4 -99.000 -99.000 -99.000 -99.000 -99.000 -9999.0 -9999.0 -9999.0 -9999.0 -9999.0
25630 20240430  2.424 -160.47   55.35     4.4     3.2     3.8     3.7     0.0     5.15 C     5.7     2.8     3.8    99.1    84.3    93.4 -99.000 -99.000 -99.000 -99.000 -99.000 -9999.0 -9999.0 -9999.0 -9999.0 -9999.0
25630 20240501  2.424 -160.47   55.35     6.9     0.7     3.8     3.8     4.4    15.89 C    11.6    -0.1     4.7    95.6    62.6    85.1 -99.000 -99.000 -99.000 -99.000 -99.000 -9999.0 -9999.0 -9999.0 -9999.0 -9999.0
25630 20240502  2.424 -160.47   55.35     9.5    -0.1     4.7     4.0     0.0    21.26 C    16.4    -0.6     6.0    97.3    51.4    78.2 -99.000 -99.000 -99.000 -99.000 -99.000 -9999.0 -9999.0 -9999.0 -9999.0 -9999.0
25630 20240503  2.424 -160.47   55.35     6.4     1.4     3.9     3.5     9.3     7.45 C    10.6     1.0     3.7    99.3    76.7    88.9 -99.000 -99.000 -99.000 -99.000 -99.000 -9999.0 -9999.0 -9999.0 -9999.0 -9999.0
25630 20240504  2.424 -160.47   55.35     8.2     1.5     4.9     4.0     1.4    12.73 C    11.3     1.0     4.3    93.9    65.6    84.8 -99.000 -99.000 -99.000 -99.000 -99.000 -9999.0 -9999.0 -9999.0 -9999.0 -9999.0
25630 20240505  2.424 -160.47   55.35     5.8     0.0     2.9     2.4     0.0    14.98 C     8.4    -0.3     2.8    89.4    68.3    78.9 -99.000 -99.000 -99.000 -99.000 -99.000 -9999.0 -9999.0 -9999.0 -9999.0 -9999.0
25630 20240506  2.424 -160.47   55.35     4.7    -1.5     1.6     1.1     0.0    18.74 C    11.5    -2.1     3.1    79.8    54.7    67.9 -99.000 -99.000 -99.000 -99.000 -99.000 -9999.0 -9999.0 -9999.0 -9999.0 -9999.0
25630 20240507  2.424 -160.47   55.35     0.8    -2.6    -0.9    -1.2     0.0    11.02 C     5.4    -2.7    -0.3    80.8    53.0    67.6 -99.000 -99.000 -99.000 -99.000 -99.000 -9999.0 -9999.0 -9999.0 -9999.0 -9999.0
25630 20240508  2.424 -160.47   55.35     4.5    -4.2     0.1     0.4     4.6    18.92 C     8.1    -4.7     1.5    98.0    44.7    69.1 -99.000 -99.000 -99.000 -99.000 -99.000 -9999.0 -9999.0 -9999.0 -9999.0 -9999.0
25630 20240509  2.424 -160.47   55.35     5.8    -2.6     1.6     1.0     4.8    15.76 C     9.1    -3.8     1.4    96.6    64.7    83.4 -99.000 -99.000 -99.000 -99.000 -99.000 -9999.0 -9999.0 -9999.0 -9999.0 -9999.0
25630 20240510  2.424 -160.47   55.35     6.7     2.0     4.4     4.0    10.1    12.75 C    11.6     1.5     4.8    96.2    78.0    90.6 -99.000 -99.000 -99.000 -99.000 -99.000 -9999.0 -9999.0 -9999.0 -9999.0 -9999.0
25630 20240511  2.424 -160.47   55.35     7.8     0.2     4.0     4.1     0.0    22.26 C    12.2    -0.3     5.3    93.0    62.0    79.0 -99.000 -99.000 -99.000 -99.000 -99.000 -9999.0 -9999.0 -9999.0 -9999.0 -9999.0
25630 20240512  2.424 -160.47   55.35     5.5    -0.7     2.4     2.5     0.0    11.69 C     9.4    -1.4     3.7    94.7    68.4    80.4 -99.000 -99.000 -99.000 -99.000 -99.000 -9999.0 -9999.0 -9999.0 -9999.0 -9999.0
25630 20240513  2.424 -160.47   55.35     7.2     0.4     3.8     3.4     0.0    27.33 C    13.1     0.0     5.2    85.8    58.9    74.3 -99.000 -99.000 -99.000 -99.000 -99.000 -9999.0 -9999.0 -9999.0 -9999.0 -9999.0
25630 20240514  2.424 -160.47   55.35     7.7    -0.7     3.5     3.0     0.0    26.95 C    13.7    -1.2     5.0    80.4    48.1    67.7 -99.000 -99.000 -99.000 -99.000 -99.000 -9999.0 -9999.0 -9999.0 -9999.0 -9999.0
25630 20240515  2.424 -160.47   55.35     5.8     2.3     4.0     3.9     5.2     6.50 C     6.7     2.0     4.0    98.9    76.3    94.5 -99.000 -99.000 -99.000 -99.000 -99.000 -9999.0 -9999.0 -9999.0 -9999.0 -9999.0
25630 20240516  2.424 -160.47   55.35     8.0     1.3     4.7     4.7     1.0    15.17 C    12.7     0.3     5.9    99.0    56.6    79.3 -99.000 -99.000 -99.000 -99.000 -99.000 -9999.0 -9999.0 -9999.0 -9999.0 -9999.0
25630 20240517  2.424 -160.47   55.35     5.7    -0.6     2.5     3.3     7.6     6.48 C     7.9    -0.9     3.2    96.0    73.2    86.3 -99.000 -99.000 -99.000 -99.000 -99.000 -9999.0 -9999.0 -9999.0 -9999.0 -9999.0
25630 20240518  2.424 -160.47   55.35     6.9     2.4     4.7     4.3     6.3    12.22 C     8.9     2.0     4.6    98.9    61.5    84.2 -99.000 -99.000 -99.000 -99.000 -99.000 -9999.0 -9999.0 -9999.0 -9999.0 -9999.0
25630 20240519  2.424 -160.47   55.35     7.8     1.9     4.8     4.8     0.0    15.54 C    14.0     1.5     6.5    88.9    57.9    72.3 -99.000 -99.000 -99.000 -99.000 -99.000 -9999.0 -9999.0 -9999.0 -9999.0 -9999.0
25630 20240520  2.424 -160.47   55.35     6.2     3.6     4.9     4.6     1.3     4.38 C     7.5     3.3     4.8    99.3    84.3    95.6 -99.000 -99.000 -99.000 -99.000 -99.000 -9999.0 -9999.0 -9999.0 -9999.0 -9999.0
25630 20240521  2.424 -160.47   55.35     5.9     3.6     4.7     4.7     1.6     6.66 C     6.7     3.1     4.7    99.1    78.9    87.9 -99.000 -99.000 -99.000 -99.000 -99.000 -9999.0 -9999.0 -9999.0 -9999.0 -9999.0
25630 20240522  2.424 -160.47   55.35     9.4     2.3     5.9     5.6     0.0    18.19 C    12.2     2.3     6.4    87.9    55.6    74.3 -99.000 -99.000 -99.000 -99.000 -99.000 -9999.0 -9999.0 -9999.0 -9999.0 -9999.0
25630 20240523  2.424 -160.47   55.35     7.3     3.2     5.2     5.1     2.5     4.61 C     8.7     2.8     5.1    98.6    80.7    93.4 -99.000 -99.000 -99.000 -99.000 -99.000 -9999.0 -9999.0 -9999.0 -9999.0 -9999.0
25630 20240524  2.424 -160.47   55.35     7.2     3.3     5.2     4.9     0.6     7.72 C     9.1     2.9     5.1    95.9    69.7    83.9 -99.000 -99.000 -99.000 -99.000 -99.000 -9999.0 -9999.0 -9999.0 -9999.0 -9999.0
25630 20240525  2.424 -160.47   55.35     8.9     2.6     5.7     4.7     0.2    20.09 C    12.7     2.3     5.6    92.2    63.6    79.8 -99.000 -99.000 -99.000 -99.000 -99.000 -9999.0 -9999.0 -9999.0 -9999.0 -9999.0
25630 20240526  2.424 -160.47   55.35     6.6     2.0     4.3     4.0     0.0    19.95 C    11.5     1.6     5.5    89.1    68.5    79.9 -99.000 -99.000 -99.000 -99.000 -99.000 -9999.0 -9999.0 -9999.0 -9999.0 -9999.0
25630 20240527  2.424 -160.47   55.35     9.7     1.4     5.5     4.9     0.0    27.68 C    18.2     1.1     7.8    91.1    64.6    80.1 -99.000 -99.000 -99.000 -99.000 -99.000 -9999.0 -9999.0 -9999.0 -9999.0 -9999.0
25630 20240528  2.424 -160.47   55.35     5.8     3.2     4.5     4.2     4.6     6.90 C     6.8     2.8     4.4    99.0    81.5    91.4 -99.000 -99.000 -99.000 -99.000 -99.000 -9999.0 -9999.0 -9999.0 -9999.0 -9999.0
25630 20240529  2.424 -160.47   55.35     7.4     3.3     5.4     4.9     3.0    11.05 C    10.5     2.9     5.4    97.8    74.7    90.0 -99.000 -99.000 -99.000 -99.000 -99.000 -9999.0 -9999.0 -9999.0 -9999.0 -9999.0
25630 20240530  2.424 -160.47   55.35     6.9     3.8     5.4     5.0     3.3     6.55 C     8.9     3.5     5.4    98.6    85.3    92.2 -99.000 -99.000 -99.000 -99.000 -99.000 -9999.0 -9999.0 -9999.0 -9999.0 -9999.0
25630 20240531  2.424 -160.47   55.35     8.9     3.0     6.0     5.8     0.0    11.71 C    13.1     2.4     7.1    97.0    72.4    86.1 -99.000 -99.000 -99.000 -99.000 -99.000 -9999.0 -9999.0 -9999.0 -9999.0 -9999.0
25630 20240601  2.424 -160.47   55.35     8.3     4.3     6.3     5.7     0.0    10.58 C    16.2     4.2     7.4    98.5    71.0    89.0 -99.000 -99.000 -99.000 -99.000 -99.000 -9999.0 -9999.0 -9999.0 -9999.0 -9999.0
25630 20240602  2.424 -160.47   55.35    11.6     5.2     8.4     7.9     0.0    24.86 C    19.8     5.2    11.1    92.6    58.7    78.5 -99.000 -99.000 -99.000 -99.000 -99.000 -9999.0 -9999.0 -9999.0 -9999.0 -9999.0
25630 20240603  2.424 -160.47   55.35    12.6     3.9     8.3     7.8     0.0    25.60 C    16.9     3.9     9.4    91.7    58.6    79.8 -99.000 -99.000 -99.000 -99.000 -99.000 -9999.0 -9999.0 -9999.0 -9999.0 -9999.0
25630 20240604  2.424 -160.47   55.35     5.9     1.1     3.5     3.7     0.0    22.70 C     9.4     0.8     5.1    86.7    59.3    73.4 -99.000 -99.000 -99.000 -99.000 -99.000 -9999.0 -9999.0 -9999.0 -9999.0 -9999.0
25630 20240605  2.424 -160.47   55.35     7.4     0.7     4.1     3.9     0.0    11.57 C    11.6     0.3     5.0    92.7    64.5    76.3 -99.000 -99.000 -99.000 -99.000 -99.000 -9999.0 -9999.0 -9999.0 -9999.0 -9999.0
25630 20240606  2.424 -160.47   55.35     8.5     3.3     5.9     5.4     2.8    18.82 C    13.6     3.2     6.5    97.6    55.3    82.2 -99.000 -99.000 -99.000 -99.000 -99.000 -9999.0 -9999.0 -9999.0 -9999.0 -9999.0
25630 20240607  2.424 -160.47   55.35     7.1     4.6     5.9     5.6     5.4     7.43 C     8.5     4.0     5.4    97.4    73.5    85.7 -99.000 -99.000 -99.000 -99.000 -99.000 -9999.0 -9999.0 -9999.0 -9999.0 -9999.0
25630 20240608  2.424 -160.47   55.35     7.0     4.9     5.9     6.0     8.3     5.77 C     8.3     4.5     6.2    98.9    81.9    91.7 -99.000 -99.000 -99.000 -99.000 -99.000 -9999.0 -9999.0 -9999.0 -9999.0 -9999.0
25630 20240609  2.424 -160.47   55.35     8.0     5.7     6.8     6.6     9.4     7.08 C    10.3     5.9     7.0    99.3    86.3    96.9 -99.000 -99.000 -99.000 -99.000 -99.000 -9999.0 -9999.0 -9999.0 -9999.0 -9999.0
25630 20240610  2.424 -160.47   55.35    10.0     5.9     7.9     7.5     5.0     8.42 C    12.8     5.3     8.0    98.2    74.8    88.1 -99.000 -99.000 -99.000 -99.000 -99.000 -9999.0 -9999.0 -9999.0 -9999.0 -9999.0
25630 20240611  2.424 -160.47   55.35    11.2     5.7     8.5     8.3     0.7    14.42 C    18.0     5.5     9.8    97.4    64.5    83.8 -99.000 -99.000 -99.000 -99.000 -99.000 -9999.0 -9999.0 -9999.0 -9999.0 -9999.0
25630 20240612  2.424 -160.47   55.35     9.1     4.9     7.0     6.9     0.0    18.63 C    17.2     5.1     9.4    94.5    73.7    84.9 -99.000 -99.000 -99.000 -99.000 -99.000 -9999.0 -9999.0 -9999.0 -9999.0 -9999.0
25630 20240613  2.424 -160.47   55.35    11.6     5.3     8.4     7.8     0.0    12.60 C    17.1     4.2     9.3    95.7    59.5    83.8 -99.000 -99.000 -99.000 -99.000 -99.000 -9999.0 -9999.0 -9999.0 -9999.0 -9999.0
25630 20240614  2.424 -160.47   55.35    14.1     4.6     9.3     8.3     0.0    30.35 C    19.5     3.1    11.5    94.4    49.4    78.2 -99.000 -99.000 -99.000 -99.000 -99.000 -9999.0 -9999.0 -9999.0 -9999.0 -9999.0
25630 20240615  2.424 -160.47   55.35    11.5     3.3     7.4     7.6     0.0    30.17 C    19.2     2.8    11.1    97.1    64.9    82.3 -99.000 -99.000 -99.000 -99.000 -99.000 -9999.0 -9999.0 -9999.0 -9999.0 -9999.0
25630 20240616  2.424 -160.47   55.35     9.6     4.8     7.2     7.3     0.0    16.45 C    13.6     4.3     8.1    93.8    74.2    85.4 -99.000 -99.000 -99.000 -99.000 -99.000 -9999.0 -9999.0 -9999.0 -9999.0 -9999.0
25630 20240617  2.424 -160.47   55.35     7.4     6.4     6.9     7.0     5.9     1.80 C     7.6     6.3     7.0    99.2    88.3    97.8 -99.000 -99.000 -99.000 -99.000 -99.000 -9999.0 -9999.0 -9999.0 -9999.0 -9999.0
25630 20240618  2.424 -160.47   55.35     7.8     6.9     7.3     7.2     5.3     4.32 C     8.5     6.8     7.4    99.3    98.6    99.1 -99.000 -99.000 -99.000 -99.000 -99.000 -9999.0 -9999.0 -9999.0 -9999.0 -9999.0
25630 20240619  2.424 -160.47   55.35     8.0     6.6     7.3     7.1     3.1     5.19 C     9.4     6.7     7.5    99.4    95.5    98.7 -99.000 -99.000 -99.000 -99.000 -99.000 -9999.0 -9999.0 -9999.0 -9999.0 -9999.0
25630 20240620  2.424 -160.47   55.35    10.1     6.8     8.4     7.8     2.0    11.80 C    13.5     6.9     8.5    99.4    79.7    94.8 -99.000 -99.000 -99.000 -99.000 -99.000 -9999.0 -9999.0 -9999.0 -9999.0 -9999.0
25630 20240621  2.424 -160.47   55.35    14.4     7.3    10.8     9.8     0.0    12.90 C    17.7     6.8    10.5    95.6    64.6    81.9 -99.000 -99.000 -99.000 -99.000 -99.000 -9999.0 -9999.0 -9999.0 -9999.0 -9999.0
25630 20240622  2.424 -160.47   55.35    15.5     5.7    10.6    10.7     0.0    29.82 C    22.9     5.7    13.8    95.0    63.0    80.1 -99.000 -99.000 -99.000 -99.000 -99.000 -9999.0 -9999.0 -9999.0 -9999.0 -9999.0
25630 20240623  2.424 -160.47   55.35    14.4     7.8    11.1    10.3     0.0    26.98 C    19.5     7.5    12.1    93.8    68.4    82.3 -99.000 -99.000 -99.000 -99.000 -99.000 -9999.0 -9999.0 -9999.0 -9999.0 -9999.0
25630 20240624  2.424 -160.47   55.35    16.7     6.6    11.6     9.7     0.0    29.13 C    23.2     6.5    12.9    95.0    61.8    82.2 -99.000 -99.000 -99.000 -99.000 -99.000 -9999.0 -9999.0 -9999.0 -9999.0 -9999.0
25630 20240625  2.424 -160.47   55.35     9.0     6.7     7.8     8.1     8.4     4.66 C     9.8     6.8     8.1    94.2    87.5    91.8 -99.000 -99.000 -99.000 -99.000 -99.000 -9999.0 -9999.0 -9999.0 -9999.0 -9999.0
25630 20240626  2.424 -160.47   55.35    10.5     6.9     8.7     8.2     2.9    14.60 C    13.8     6.9     9.0    98.2    74.0    88.0 -99.000 -99.000 -99.000 -99.000 -99.000 -9999.0 -9999.0 -9999.0 -9999.0 -9999.0
25630 20240627  2.424 -160.47   55.35    10.0     6.3     8.2     7.5     0.0     9.27 C    12.4     6.2     8.0    96.6    80.7    90.1 -99.000 -99.000 -99.000 -99.000 -99.000 -9999.0 -9999.0 -9999.0 -9999.0 -9999.0
25630 20240628  2.424 -160.47   55.35     8.2     6.3     7.2     7.2     0.0     4.92 C     9.9     6.2     7.5    94.4    83.6    89.9 -99.000 -99.000 -99.000 -99.000 -99.000 -9999.0 -9999.0 -9999.0 -9999.0 -9999.0
25630 20240629  2.424 -160.47   55.35     9.2     7.5     8.4     8.2     4.4     3.33 C     9.6     7.4     8.3    98.6    79.9    92.4 -99.000 -99.000 -99.000 -99.000 -99.000 -9999.0 -9999.0 -9999.0 -9999.0 -9999.0
25630 20240630  2.424 -160.47   55.35     8.8     6.3     7.6     7.6     4.6     6.38 C    10.1     6.1     7.9    99.0    81.7    93.3 -99.000 -99.000 -99.000 -99.000 -99.000 -9999.0 -9999.0 -9999.0 -9999.0 -9999.0
25630 20240701  2.424 -160.47   55.35    12.5     5.2     8.8     8.3     0.6    17.23 C    18.4     4.4    10.4    95.3    67.4    86.9 -99.000 -99.000 -99.000 -99.000 -99.000 -9999.0 -9999.0 -9999.0 -9999.0 -9999.0
25630 20240702  2.424 -160.47   55.35 -9999.0 -9999.0 -9999.0 -9999.0 -9999.0 -9999.00 U -9999.0 -9999.0 -9999.0 -9999.0 -9999.0 -9999.0 -99.000 -99.000 -99.000 -99.000 -99.000 -9999.0 -9999.0 -9999.0 -9999.0 -9999.0
