03761 20240101  2.622  -75.79   39.86     5.9     0.8     3.4     3.4     0.0     3.56 C    10.3    -2.2     3.4    93.7    69.5    81.6   0.363   0.340   0.350   0.359   0.260     5.4     5.7     5.7     6.6     6.9
03761 20240102  2.622  -75.79   39.86     4.3    -1.7     1.3     1.7     0.0     7.27 C     6.9    -4.2     0.7    76.6    51.0    63.7   0.359   0.338   0.347   0.357   0.258     4.7     5.2     5.3     6.4     6.7
03761 20240103  2.622  -75.79   39.86     4.8    -5.3    -0.2    -0.2     0.0     8.48 C     8.3    -5.6    -0.9    92.3    52.1    73.8   0.356   0.335   0.345   0.354   0.255     3.4     4.2     4.4     6.0     6.5
03761 20240104  2.622  -75.79   39.86     5.2    -2.2     1.5     1.1     0.0     4.01 C     8.1    -4.9     0.3    88.9    41.2    63.6   0.355   0.333   0.342   0.353   0.254     3.4     4.0     4.1     5.5     6.2
03761 20240105  2.622  -75.79   39.86     1.6    -6.3    -2.3    -2.6     0.0     9.35 C     5.2    -7.4    -3.0    85.2    45.1    59.3   0.350   0.331   0.340   0.351   0.253     2.4     3.3     3.5     5.2     5.9
03761 20240106  2.622  -75.79   39.86     2.6    -7.0    -2.2    -1.5    26.1     0.69 C     1.0    -6.6    -1.6    94.0    83.0    90.0   0.366   0.348   0.353   0.356   0.255     1.6     2.5     2.8     4.7     5.6
03761 20240107  2.622  -75.79   39.86     4.6     1.1     2.9     2.7     1.5     3.80 C     6.3    -0.7     1.6    96.1    63.6    81.1   0.396   0.374   0.378   0.381   0.302     2.2     2.5     2.6     4.1     5.1
03761 20240108  2.622  -75.79   39.86     6.1    -3.7     1.2     2.7     0.0     4.83 C     9.0    -4.8     0.9    92.7    48.0    67.1   0.381   0.357   0.363   0.368   0.280     2.7     2.9     3.0     4.1     4.9
03761 20240109  2.622  -75.79   39.86    13.8    -3.8     5.0     5.2    75.1     0.31 C    12.3    -4.1     4.1    97.4    72.8    89.1   0.401   0.396   0.377   0.374   0.311     3.2     3.1     3.1     4.0     4.7
03761 20240110  2.622  -75.79   39.86    14.3     5.1     9.7     8.0     2.0     4.45 C    12.6     3.4     6.5    91.6    43.4    57.3   0.397   0.380   0.377   0.378   0.299     5.8     5.3     5.0     4.5     4.5
03761 20240111  2.622  -75.79   39.86     7.9    -1.2     3.4     4.1     0.0     8.49 C    11.2    -3.1     2.7    86.3    45.3    59.5   0.380   0.357   0.362   0.368   0.278     4.6     4.7     4.6     5.0     5.0
03761 20240112  2.622  -75.79   39.86    11.1    -3.8     3.6     4.2    12.6     7.78 C    10.2    -4.8     2.8    95.2    43.5    70.8   0.377   0.353   0.358   0.365   0.270     3.5     3.9     4.0     4.9     5.2
03761 20240113  2.622  -75.79   39.86    12.9    -0.5     6.2     7.0     6.1     5.96 C    11.1    -3.2     5.7    97.3    37.3    66.9   0.401   0.380   0.381   0.384   0.302     5.3     5.0     4.8     4.9     5.1
03761 20240114  2.622  -75.79   39.86     5.9    -4.7     0.6    -0.7     0.3     6.73 C     8.9    -5.6    -1.9    87.6    20.8    50.2   0.382   0.357   0.363   0.369   0.281     3.0     3.8     4.0     5.0     5.2
03761 20240115  2.622  -75.79   39.86    -2.7    -5.1    -3.9    -4.3     5.6     2.21 C     1.4    -4.9    -2.8    92.9    33.4    66.2   0.372   0.350   0.357   0.365   0.271     1.9     2.7     2.9     4.5     5.1
03761 20240116  2.622  -75.79   39.86    -3.3    -8.8    -6.0    -4.8     4.2     0.16 C    -0.3   -13.9    -5.8    92.3    55.1    79.3   0.371   0.348   0.354   0.362   0.266     1.9     2.4     2.6     4.1     4.7
03761 20240117  2.622  -75.79   39.86    -5.4   -13.1    -9.3    -8.8     0.0    10.26 C    -6.6   -22.5   -14.9    62.2    30.5    46.8   0.370   0.347   0.353   0.359   0.262     1.8     2.3     2.4     3.8     4.5
03761 20240118  2.622  -75.79   39.86    -0.6   -14.1    -7.4    -5.2     0.0     4.22 C    -1.7   -20.8    -7.8    73.7    33.5    53.3   0.368   0.346   0.351   0.357   0.260     1.6     2.0     2.2     3.5     4.3
03761 20240119  2.622  -75.79   39.86    -1.8    -6.0    -3.9    -3.4     7.4     3.12 C    -2.6   -14.1    -4.9    90.3    53.7    82.4   0.369   0.345   0.350   0.356   0.257     1.8     2.1     2.2     3.4     4.1
03761 20240120  2.622  -75.79   39.86    -4.7    -9.2    -6.9    -6.7     0.0    11.02 C    -8.0   -19.6   -10.9    84.1    40.1    52.3   0.369   0.345   0.348   0.355   0.256     1.9     2.2     2.3     3.3     4.0
03761 20240121  2.622  -75.79   39.86    -1.2    -6.4    -3.8    -4.1     0.0    11.31 C    -4.2   -14.1    -9.0    59.1    42.4    52.0   0.365   0.344   0.348   0.354   0.254     1.6     2.1     2.1     3.2     4.0
03761 20240122  2.622  -75.79   39.86     0.7   -11.0    -5.2    -4.0     0.0    10.27 C    -1.7   -18.2    -9.6    79.5    37.2    58.6   0.364   0.343   0.347   0.352   0.253     1.4     2.0     1.9     3.1     3.9
03761 20240123  2.622  -75.79   39.86     7.4    -5.2     1.1     1.4     0.0     7.70 C     0.8   -10.9    -2.9    85.3    31.5    58.8   0.376   0.343   0.351   0.351   0.252     1.4     1.9     1.8     3.0     3.7
03761 20240124  2.622  -75.79   39.86     4.9     1.7     3.3     3.1     0.4     2.21 C     1.5     0.0     0.6   100.0    53.4    90.6   0.395   0.367   0.366   0.352   0.252     1.8     1.9     2.0     2.9     3.6
03761 20240125  2.622  -75.79   39.86    13.0     3.3     8.1    10.0     6.1     2.01 C    12.3     1.5     8.0   100.0    96.6    99.8   0.404   0.393   0.378   0.378   0.253     3.1     2.2     2.7     3.1     3.7
03761 20240126  2.622  -75.79   39.86    11.8     3.9     7.9     9.1     4.3     3.81 C    14.2     2.6     9.1   100.0    93.4    97.8   0.403   0.382   0.379   0.379   0.283     5.2     4.1     4.1     3.6     4.0
03761 20240127  2.622  -75.79   39.86    10.5     0.0     5.3     5.7     0.0     5.86 C    15.4    -0.7     5.5   100.0    66.5    87.3   0.389   0.365   0.367   0.370   0.285     5.2     4.8     4.8     4.4     4.5
03761 20240128  2.622  -75.79   39.86     5.8     2.7     4.2     4.1    20.3     2.18 C     7.0     3.0     4.5    94.2    87.2    91.7   0.408   0.386   0.383   0.382   0.302     5.1     4.9     4.9     4.8     4.8
03761 20240129  2.622  -75.79   39.86     4.7     1.4     3.0     3.4     0.2     4.92 C     5.9     0.6     2.8    95.3    53.6    67.7   0.393   0.368   0.370   0.374   0.286     4.4     4.5     4.6     4.9     5.1
03761 20240130  2.622  -75.79   39.86     2.8     0.3     1.5     1.4     0.0     2.94 C     5.6     0.2     1.9    89.0    60.1    67.3   0.384   0.359   0.362   0.367   0.274     3.9     4.0     4.1     4.8     5.1
03761 20240131  2.622  -75.79   39.86     4.8    -1.8     1.5     2.4     0.0     2.86 C     8.0    -3.7     2.6    96.3    68.6    83.6   0.380   0.354   0.358   0.364   0.268     4.0     4.0     4.0     4.6     5.0
03761 20240201  2.622  -75.79   39.86     8.3    -3.6     2.4     3.1     0.0     8.62 C    12.2    -4.5     2.8    97.4    56.3    76.8   0.376   0.349   0.355   0.362   0.264     3.6     3.8     3.8     4.6     4.9
03761 20240202  2.622  -75.79   39.86     7.1     3.3     5.2     4.9     2.0     4.36 C    10.2     1.3     4.4    97.1    49.9    74.1   0.378   0.351   0.353   0.361   0.261     4.5     4.3     4.2     4.6     4.8
03761 20240203  2.622  -75.79   39.86     7.1    -1.6     2.7     2.5     0.0    12.54 C    11.7    -3.7     1.6    76.2    36.7    56.7   0.376   0.351   0.352   0.360   0.259     3.9     4.1     4.1     4.7     4.9
03761 20240204  2.622  -75.79   39.86     8.3    -3.8     2.2     2.0     0.0    12.97 C    13.7    -5.2     1.1    81.0    31.9    55.2   0.371   0.346   0.351   0.358   0.257     3.3     3.6     3.7     4.5     4.8
03761 20240205  2.622  -75.79   39.86     7.7    -3.8     2.0     1.8     0.0    13.19 C    13.1    -5.3     0.8    77.3    30.5    55.1   0.367   0.343   0.348   0.357   0.255     3.0     3.3     3.4     4.4     4.7
03761 20240206  2.622  -75.79   39.86     5.3    -3.8     0.7     0.0     0.0    13.45 C    10.5    -6.0    -0.7    74.7    30.4    48.4   0.363   0.339   0.346   0.355   0.254     2.5     2.9     3.1     4.2     4.5
03761 20240207  2.622  -75.79   39.86     8.5    -5.3     1.6     0.7     0.0    13.04 C    13.5    -6.0     0.3    81.9    36.0    60.6   0.358   0.336   0.343   0.353   0.253     2.3     2.6     2.8     3.9     4.3
03761 20240208  2.622  -75.79   39.86    11.1    -4.1     3.5     3.4     0.0    11.22 C    15.4    -4.9     2.7    87.7    30.3    61.9   0.356   0.334   0.341   0.352   0.252     2.7     2.7     2.9     3.8     4.1
03761 20240209  2.622  -75.79   39.86    13.4     1.2     7.3     6.7     0.0    11.27 C    18.0    -0.4     5.4    82.4    42.9    65.4   0.354   0.332   0.340   0.351   0.251     4.0     3.5     3.6     3.9     4.0
03761 20240210  2.622  -75.79   39.86    13.2     1.8     7.5     7.9     0.0     3.49 C    12.9     0.3     5.7    88.6    62.4    75.1   0.352   0.330   0.338   0.350   0.250     4.5     4.2     4.2     4.3     4.1
03761 20240211  2.622  -75.79   39.86    11.0     5.2     8.1     7.8     0.0     3.16 C    11.0     3.3     6.2    89.0    57.6    69.1   0.352   0.329   0.336   0.348   0.249     5.1     4.7     4.6     4.6     4.3
03761 20240212  2.622  -75.79   39.86     9.7     3.1     6.4     6.1     3.8     6.92 C    14.3     1.4     6.6    95.8    53.0    74.4   0.350   0.327   0.334   0.347   0.248     5.5     5.1     5.0     4.9     4.6
03761 20240213  2.622  -75.79   39.86     4.8     0.0     2.4     2.5    24.7     9.96 C     5.0    -4.4     0.3    95.3    44.2    73.7   0.403   0.374   0.372   0.364   0.248     4.6     4.8     4.9     5.2     4.8
03761 20240214  2.622  -75.79   39.86     2.7    -1.3     0.7     0.8     0.0    15.23 C     1.1    -6.9    -2.6    58.0    32.9    44.1   0.400   0.373   0.374   0.372   0.257     3.5     3.9     4.0     4.9     4.9
03761 20240215  2.622  -75.79   39.86     3.5    -7.3    -1.9    -0.9     0.3    11.09 C     3.8   -10.9    -3.2    87.6    42.5    59.4   0.397   0.368   0.370   0.371   0.278     2.6     3.1     3.3     4.5     4.8
03761 20240216  2.622  -75.79   39.86     4.3     0.4     2.3     2.5     0.0    15.00 C     7.9    -2.9     0.8    83.1    31.7    45.1   0.401   0.374   0.374   0.375   0.267     2.5     2.8     2.9     4.1     4.5
03761 20240217  2.622  -75.79   39.86     1.8    -5.4    -1.8    -1.1     6.0    11.13 C     0.5   -14.7    -4.1    95.4    40.1    66.7   0.397   0.371   0.371   0.372   0.278     2.5     2.8     2.9     3.9     4.2
03761 20240218  2.622  -75.79   39.86     5.7    -7.6    -0.9    -0.4     0.0    15.64 C     5.3   -15.2    -5.3    67.9    28.8    45.6   0.394   0.367   0.367   0.369   0.275     2.1     2.6     2.5     3.8     4.1
03761 20240219  2.622  -75.79   39.86     4.8    -4.9    -0.1     0.3     0.0    14.61 C    10.0    -6.4    -0.9    83.8    35.6    53.0   0.392   0.372   0.366   0.367   0.274     1.9     2.3     2.3     3.5     4.0
03761 20240220  2.622  -75.79   39.86     5.3    -5.3     0.0    -0.3     0.0    15.88 C    12.5    -6.6    -0.3    82.5    33.8    49.9   0.391   0.377   0.365   0.372   0.298     1.7     1.9     2.2     3.3     4.1
03761 20240221  2.622  -75.79   39.86     6.1    -7.3    -0.6    -0.3     0.0    15.90 C    13.3    -7.4     0.1    89.2    42.2    68.3   0.388   0.372   0.362   0.371   0.310     1.7     1.9     2.1     3.2     4.1
03761 20240222  2.622  -75.79   39.86     8.1    -4.8     1.7     1.8     3.5    10.06 C    15.3    -5.3     2.6    96.9    53.7    83.3   0.387   0.367   0.359   0.367   0.308     2.2     2.2     2.3     3.2     3.9
03761 20240223  2.622  -75.79   39.86     7.3     1.4     4.3     4.9     0.0     4.99 C     9.9    -1.2     4.6    97.1    74.9    86.1   0.396   0.373   0.363   0.367   0.306     3.7     3.2     3.2     3.4     3.9
03761 20240224  2.622  -75.79   39.86     5.6    -2.8     1.4     2.6     2.8    11.85 C    12.9    -4.8     2.6    95.2    32.2    60.8   0.396   0.371   0.365   0.367   0.305     3.8     3.6     3.6     3.8     4.1
03761 20240225  2.622  -75.79   39.86     5.1    -8.1    -1.5    -1.4     0.0    16.73 C    12.5    -7.8    -0.5    82.3    31.5    48.3   0.388   0.361   0.362   0.367   0.305     2.6     2.9     3.1     3.9     4.2
03761 20240226  2.622  -75.79   39.86    15.4    -3.6     5.9     5.4     0.0    14.66 C    20.2    -4.7     4.5    86.0    35.1    61.6   0.385   0.354   0.358   0.364   0.305     3.2     3.0     3.1     3.7     4.2
03761 20240227  2.622  -75.79   39.86    17.6    -0.2     8.7     9.0     1.0    10.20 C    20.3    -1.7     8.1    94.3    36.8    75.7   0.381   0.349   0.354   0.362   0.303     4.7     4.1     4.0     4.0     4.3
03761 20240228  2.622  -75.79   39.86    15.5     3.4     9.4    12.6     6.7     1.62 C    14.2     1.2    10.9    93.4    42.4    80.0   0.394   0.362   0.359   0.361   0.302     7.0     5.9     5.6     4.7     4.5
03761 20240229  2.622  -75.79   39.86     4.7    -2.6     1.0     1.1     0.0    17.32 C    10.3    -5.1     1.1    57.9    28.9    40.9   0.400   0.368   0.369   0.365   0.301     5.0     5.3     5.4     5.3     4.9
03761 20240301  2.622  -75.79   39.86     8.3    -6.0     1.2     1.7     0.4    15.85 C    15.6    -6.3     3.0    88.3    30.2    57.2   0.389   0.356   0.361   0.365   0.301     4.0     4.2     4.3     5.1     5.1
03761 20240302  2.622  -75.79   39.86    12.5     2.2     7.4     7.6    29.0     3.00 C    13.3     2.7     7.6    95.7    78.7    93.2   0.416   0.387   0.384   0.380   0.325     5.5     4.9     4.8     5.0     5.0
03761 20240303  2.622  -75.79   39.86    17.0     5.3    11.2    10.8     0.0    17.29 C    23.6     3.5    10.9    94.5    50.3    76.6   0.400   0.368   0.371   0.377   0.326     7.5     6.5     6.1     5.4     5.1
03761 20240304  2.622  -75.79   39.86    18.1     4.8    11.4    11.2     0.0     9.96 C    21.5     3.3    11.3    95.0    50.0    76.5   0.389   0.357   0.362   0.369   0.319     8.2     7.4     7.1     6.2     5.5
03761 20240305  2.622  -75.79   39.86     8.9     5.7     7.3     7.4     8.3     4.01 C    13.2     6.1     8.2    95.3    84.4    91.3   0.400   0.370   0.369   0.371   0.315     8.1     7.7     7.5     6.8     5.9
03761 20240306  2.622  -75.79   39.86    10.6     7.4     9.0     9.3     7.4     2.49 C    11.9     5.9     9.6   100.0    92.5    95.9   0.406   0.376   0.376   0.378   0.318     8.2     7.7     7.5     7.1     6.2
03761 20240307  2.622  -75.79   39.86    13.5     5.5     9.5    11.2     0.5     9.69 C    19.0     2.7    10.8    93.3    56.8    72.6   0.404   0.374   0.376   0.381   0.327     8.9     8.3     8.0     7.4     6.5
03761 20240308  2.622  -75.79   39.86    12.8     2.8     7.8     7.0     0.0    15.79 C    20.4     0.9     8.0    92.6    37.2    67.2   0.390   0.358   0.364   0.372   0.321     8.5     8.2     8.0     7.6     6.8
03761 20240309  2.622  -75.79   39.86     9.5     3.8     6.7     5.8    38.4     1.30 C     9.1     3.7     6.2    95.9    80.9    89.2   0.402   0.374   0.370   0.374   0.325     7.7     7.8     7.7     7.7     7.0
03761 20240310  2.622  -75.79   39.86     8.4     1.2     4.8     5.3     0.4    13.72 C    14.3     0.4     5.6    94.1    32.8    60.5   0.406   0.374   0.375   0.384   0.331     7.3     7.4     7.4     7.6     7.1
03761 20240311  2.622  -75.79   39.86    10.6     2.3     6.4     6.1     0.0    19.85 C    14.2    -0.8     5.2    50.0    21.1    35.8   0.388   0.356   0.362   0.371   0.321     5.9     6.3     6.4     7.3     7.1
03761 20240312  2.622  -75.79   39.86    18.7     3.2    10.9    10.7     0.0    18.93 C    20.7    -2.0     7.8    72.8    27.2    41.1   0.375   0.346   0.355   0.367   0.316     6.6     6.5     6.3     6.9     6.9
03761 20240313  2.622  -75.79   39.86    21.1     3.0    12.0    12.4     0.0    17.11 C    24.1     0.6    10.0    84.9    21.8    50.8   0.363   0.337   0.350   0.364   0.313     7.9     7.4     7.2     7.1     6.9
03761 20240314  2.622  -75.79   39.86    23.6     4.7    14.1    14.6     0.0    18.39 C    26.4     2.5    12.4    77.6    24.2    46.8   0.351   0.330   0.345   0.362   0.311     9.1     8.4     8.0     7.5     7.0
03761 20240315  2.622  -75.79   39.86    21.9     8.8    15.4    15.5     0.0     9.80 C    23.4     6.8    13.6    81.2    46.7    58.9   0.340   0.323   0.340   0.359   0.310    10.3     9.4     9.1     8.2     7.3
03761 20240316  2.622  -75.79   39.86    15.0     3.1     9.1     9.2     0.0    20.52 C    20.7     0.2     8.8    81.9    29.8    55.0   0.331   0.318   0.336   0.357   0.307     9.6     9.3     9.1     8.6     7.7
03761 20240317  2.622  -75.79   39.86    15.7     6.2    11.0    11.1     0.0    17.89 C    19.8     3.1    10.1    85.4    26.6    51.5   0.321   0.311   0.330   0.354   0.305     9.4     9.2     9.0     8.8     7.9
03761 20240318  2.622  -75.79   39.86     7.7     0.5     4.1     4.6     0.0    16.60 C    15.5    -1.3     5.2    56.8    32.6    44.0   0.310   0.305   0.325   0.352   0.303     8.2     8.6     8.5     8.7     8.0
03761 20240319  2.622  -75.79   39.86     7.0     0.3     3.6     3.4     0.0    16.79 C    15.9    -2.3     3.9    67.5    31.3    44.9   0.300   0.299   0.321   0.349   0.301     6.9     7.5     7.5     8.4     8.0
03761 20240320  2.622  -75.79   39.86    15.5     0.2     7.8     6.3     0.0    11.78 C    20.1    -2.9     5.4    79.3    22.3    47.4   0.293   0.294   0.317   0.347   0.299     7.0     7.2     7.2     8.0     7.9
03761 20240321  2.622  -75.79   39.86     5.2    -3.2     1.0     0.5     0.0    21.55 C    12.6    -6.2     1.2    67.3    24.3    38.0   0.285   0.289   0.313   0.345   0.297     5.8     6.5     6.6     7.7     7.7
03761 20240322  2.622  -75.79   39.86     6.3    -5.0     0.6     1.7     0.0    12.77 C    16.9    -7.1     3.1    75.9    30.7    53.2   0.279   0.285   0.310   0.343   0.296     5.4     5.9     5.9     7.2     7.5
03761 20240323  2.622  -75.79   39.86    10.0    -0.8     4.6     4.4    54.1     3.28 C    11.8    -2.2     4.5    96.1    58.2    82.5   0.374   0.356   0.356   0.365   0.320     6.2     6.3     6.2     7.0     7.2
03761 20240324  2.622  -75.79   39.86     8.2    -2.6     2.8     2.5     0.0    21.91 C    16.6    -5.2     3.7    76.0    32.3    51.3   0.387   0.359   0.363   0.368   0.323     5.8     6.0     5.9     6.8     7.1
03761 20240325  2.622  -75.79   39.86    11.9    -1.0     5.4     4.9     0.0    22.02 C    19.1    -3.1     5.4    76.1    27.6    46.2   0.376   0.348   0.356   0.363   0.317     6.5     6.4     6.2     6.7     7.0
03761 20240326  2.622  -75.79   39.86    14.6    -1.8     6.4     6.2     0.0    16.78 C    21.7    -2.8     7.6    85.0    46.3    65.2   0.364   0.340   0.351   0.360   0.313     7.2     6.9     6.7     6.9     7.0
03761 20240327  2.622  -75.79   39.86     8.2     5.1     6.7     6.6    11.1     2.36 C    12.8     5.6     7.5    96.7    83.7    91.6   0.378   0.351   0.355   0.359   0.311     7.8     7.5     7.4     7.3     7.1
03761 20240328  2.622  -75.79   39.86    10.2     6.0     8.1     8.1     0.9     2.81 C    13.8     3.7     7.5    96.5    47.6    76.3   0.403   0.376   0.374   0.365   0.309     7.9     7.7     7.5     7.5     7.2
03761 20240329  2.622  -75.79   39.86    12.4     3.3     7.9     7.7     0.0    22.69 C    16.9    -0.1     7.0    54.4    26.2    40.4   0.388   0.359   0.364   0.367   0.310     7.5     7.5     7.3     7.6     7.5
03761 20240330  2.622  -75.79   39.86    14.0     2.8     8.4     8.1     2.5    15.15 C    19.2    -1.5     7.7    95.7    30.1    56.1   0.372   0.346   0.356   0.363   0.308     7.5     7.5     7.3     7.6     7.5
03761 20240331  2.622  -75.79   39.86    13.8     4.8     9.3     9.3     0.0    15.85 C    19.5     1.9     9.1    97.0    54.3    74.9   0.372   0.343   0.352   0.361   0.306     8.5     8.1     7.8     7.8     7.6
03761 20240401  2.622  -75.79   39.86    11.4     5.7     8.6     8.6    19.2     3.53 C    16.9     4.1     8.6    96.9    82.2    90.1   0.400   0.372   0.375   0.377   0.319     8.7     8.4     8.2     8.1     7.7
03761 20240402  2.622  -75.79   39.86     8.3     6.6     7.5     7.5    35.1     1.35 C     9.2     5.9     7.7    96.9    88.1    93.0   0.424   0.398   0.389   0.388   0.343     8.5     8.4     8.3     8.3     7.9
03761 20240403  2.622  -75.79   39.86     7.4     5.3     6.3     6.4    47.9     1.22 C     8.1     5.0     6.5    93.7    88.3    91.6   0.430   0.409   0.396   0.390   0.353     7.8     8.0     7.9     8.3     8.0
03761 20240404  2.622  -75.79   39.86     9.7     1.7     5.7     5.8     4.1    11.69 C    17.9     0.0     6.4    94.7    56.6    81.2   0.414   0.383   0.382   0.386   0.337     7.8     7.8     7.6     8.1     7.9
03761 20240405  2.622  -75.79   39.86     9.1     3.5     6.3     5.7     0.0    14.21 C    16.4     1.1     5.9    80.8    47.6    63.0   0.402   0.369   0.373   0.379   0.327     7.8     7.9     7.7     8.1     7.9
03761 20240406  2.622  -75.79   39.86    11.3     2.8     7.1     7.7     0.0    14.08 C    17.0     0.7     6.9    66.8    37.0    50.4   0.386   0.355   0.363   0.372   0.321     7.5     7.7     7.5     8.0     7.9
03761 20240407  2.622  -75.79   39.86    15.7     2.8     9.3     9.8     0.0    20.16 C    20.1    -0.1     8.8    92.2    27.3    46.5   0.372   0.345   0.356   0.367   0.317     8.5     8.2     7.9     8.0     7.9
03761 20240408  2.622  -75.79   39.86    18.0    -0.7     8.6    10.0     0.0    17.86 C    23.9    -2.0     9.1    96.1    28.2    59.1   0.357   0.335   0.350   0.365   0.314     8.8     8.5     8.3     8.3     8.0
03761 20240409  2.622  -75.79   39.86    24.8     3.6    14.2    15.5     0.0    22.49 C    28.2     1.8    14.0    90.8    17.8    53.7   0.342   0.326   0.344   0.362   0.311    10.4     9.4     9.1     8.6     8.1
03761 20240410  2.622  -75.79   39.86    22.2    11.0    16.6    16.9     0.0    17.09 C    27.3     8.6    16.4    84.6    50.5    67.5   0.327   0.316   0.338   0.359   0.309    12.2    10.9    10.6     9.3     8.4
03761 20240411  2.622  -75.79   39.86    22.3    13.5    17.9    16.8     0.6     9.68 C    27.0    11.7    16.8    94.8    62.8    82.2   0.318   0.310   0.332   0.357   0.306    13.1    11.9    11.6    10.2     8.9
03761 20240412  2.622  -75.79   39.86    17.6    11.4    14.5    15.3     5.8    11.58 C    20.2     9.5    14.3    94.5    39.7    65.9   0.325   0.306   0.328   0.355   0.303    13.2    12.4    12.1    10.9     9.3
03761 20240413  2.622  -75.79   39.86    14.4     8.8    11.6    11.5     0.4    19.77 C    17.7     3.8    10.3    69.6    33.4    46.9   0.325   0.304   0.325   0.353   0.301    11.8    11.7    11.5    11.1     9.7
03761 20240414  2.622  -75.79   39.86    22.5     3.5    13.0    15.5     0.3    23.89 C    24.0     1.0    13.6    77.9    28.6    46.2   0.312   0.297   0.319   0.349   0.300    11.7    11.3    11.1    10.9     9.9
03761 20240415  2.622  -75.79   39.86    25.9    13.3    19.6    19.5     0.8    20.15 C    27.7     9.6    17.6    87.2    34.2    59.3   0.295   0.288   0.313   0.347   0.298    13.8    12.6    12.2    11.2    10.0
03761 20240416  2.622  -75.79   39.86    21.0     5.7    13.3    15.3     0.0    24.89 C    29.1     2.8    14.3    83.8    26.6    45.0   0.281   0.279   0.308   0.345   0.296    13.7    13.0    12.8    11.8    10.3
03761 20240417  2.622  -75.79   39.86    17.1     9.0    13.1    13.6     0.7     8.20 C    22.4     5.3    13.4    89.6    49.8    77.1   0.274   0.274   0.305   0.344   0.295    13.1    12.7    12.6    12.0    10.6
03761 20240418  2.622  -75.79   39.86    13.9     7.8    10.9    10.6     0.0     8.54 C    20.0     8.1    12.3    94.8    68.6    82.7   0.272   0.273   0.303   0.343   0.293    13.1    12.7    12.5    12.1    10.8
03761 20240419  2.622  -75.79   39.86    12.3     7.1     9.7     9.7     0.4     7.60 C    17.5     7.3    11.4    92.2    71.9    79.9   0.268   0.284   0.300   0.341   0.292    12.5    12.4    12.2    12.0    10.9
03761 20240420  2.622  -75.79   39.86    19.4     8.4    13.9    13.6     1.5    20.71 C    28.1     4.1    14.3   100.0    20.4    59.1   0.265   0.268   0.298   0.340   0.290    13.3    12.7    12.4    12.0    10.9
03761 20240421  2.622  -75.79   39.86     9.8     1.2     5.5     6.3     0.0    12.41 C    15.7    -1.0     6.2    84.6    36.2    51.6   0.259   0.264   0.295   0.338   0.289    11.6    12.0    11.9    12.0    11.0
03761 20240422  2.622  -75.79   39.86    15.2    -1.0     7.1     8.3     0.0    26.56 C    24.9    -3.6     8.9    85.4    24.4    49.0   0.256   0.251   0.291   0.337   0.245    11.0    11.1    11.0    11.6    10.7
03761 20240423  2.622  -75.79   39.86    19.5    -0.4     9.5    10.3     0.0    25.96 C    29.7    -1.9    12.4    94.4    24.9    61.5   0.243   0.254   0.287   0.334   0.239    11.9    11.5    11.3    11.4    10.4
03761 20240424  2.622  -75.79   39.86    18.9     8.7    13.8    13.7     0.3    19.28 C    28.5     6.4    14.2    82.2    36.2    55.7   0.232   0.245   0.283   0.333   0.259    13.0    12.5    12.2    11.7    10.7
03761 20240425  2.622  -75.79   39.86    14.2     3.4     8.8     9.3     0.0    18.22 C    28.2     0.4    11.3    87.3    39.6    57.7   0.222   0.241   0.279   0.331   0.238    12.9    12.6    12.4    12.0    10.7
03761 20240426  2.622  -75.79   39.86    16.7    -0.1     8.3     8.7     0.0    27.18 C    28.5    -1.9    11.3    96.0    26.3    57.2   0.213   0.235   0.274   0.330   0.237    12.6    12.3    12.2    12.0    10.9
03761 20240427  2.622  -75.79   39.86    12.0     3.9     7.9     9.2     0.5     5.79 C    14.9     1.3     9.7    89.4    52.7    74.0   0.213   0.223   0.270   0.329   0.236    12.0    12.1    12.1    12.1    11.0
03761 20240428  2.622  -75.79   39.86    26.4    10.2    18.3    18.0     0.0    23.10 C    33.4     9.0    19.4    85.0    42.9    66.3   0.202   0.227   0.267   0.326   0.266    14.2    13.0    12.6    12.0    11.1
03761 20240429  2.622  -75.79   39.86    30.1    12.8    21.4    22.6     0.0    23.18 C    37.3    10.4    22.0    94.4    32.7    60.3   0.192   0.219   0.262   0.324   0.280    16.3    14.8    14.3    12.8    11.4
03761 20240430  2.622  -75.79   39.86    27.8    15.6    21.7    21.9     1.1    22.13 C    36.5    10.7    22.2    95.3    45.4    64.7   0.182   0.211   0.255   0.321   0.279    17.3    15.9    15.4    13.7    11.9
03761 20240501  2.622  -75.79   39.86    25.4    14.2    19.8    19.6     1.4    23.43 C    33.2    10.9    20.0   100.0    33.4    68.1   0.176   0.204   0.250   0.319   0.278    17.8    16.6    16.2    14.4    12.4
03761 20240502  2.622  -75.79   39.86    30.1    11.6    20.8    21.4     0.0    24.83 C    35.8     9.6    21.3   100.0    25.0    61.8   0.171   0.196   0.244   0.316   0.277    17.9    16.8    16.4    14.9    12.8
03761 20240503  2.622  -75.79   39.86    20.0     9.0    14.5    15.3     0.0    23.55 C    30.8     7.7    17.2    85.6    38.8    62.7   0.164   0.187   0.237   0.313   0.276    17.6    16.8    16.6    15.3    13.2
03761 20240504  2.622  -75.79   39.86    11.5     9.1    10.3    10.1     5.6     3.47 C    14.7     9.9    11.5    94.5    76.3    86.8   0.162   0.183   0.234   0.311   0.275    15.7    15.8    15.8    15.4    13.4
03761 20240505  2.622  -75.79   39.86    15.6     9.3    12.4    12.3     8.9     2.96 C    16.1     9.8    13.2    98.1    91.3    95.3   0.169   0.185   0.233   0.309   0.274    14.6    14.6    14.6    14.9    13.5
03761 20240506  2.622  -75.79   39.86    20.7    14.3    17.5    17.3     0.0     6.61 C    23.1    12.8    17.8   100.0    79.4    93.8   0.182   0.191   0.234   0.308   0.273    15.9    15.1    14.9    14.6    13.3
03761 20240507  2.622  -75.79   39.86    25.7    13.9    19.8    19.8     0.0    23.12 C    32.3    12.3    20.9   100.0    44.6    73.6   0.186   0.195   0.233   0.306   0.273    17.5    16.2    15.8    14.8    13.4
03761 20240508  2.622  -75.79   39.86    28.7    17.8    23.2    22.9     1.6    22.18 C    32.9    14.7    22.2    96.9    30.2    63.1   0.183   0.197   0.233   0.305   0.271    19.1    17.6    17.2    15.5    13.7
03761 20240509  2.622  -75.79   39.86    20.6    12.0    16.3    16.1     2.0     8.83 C    22.5    10.8    16.0    91.9    44.5    71.1   0.179   0.189   0.232   0.303   0.270    17.7    17.3    17.2    16.1    14.1
03761 20240510  2.622  -75.79   39.86    12.8     7.7    10.2     9.8     9.3     3.47 C    13.2     8.4    11.0    94.6    86.5    91.0   0.185   0.191   0.231   0.301   0.269    15.9    16.1    16.1    16.0    14.3
03761 20240511  2.622  -75.79   39.86 -9999.0 -9999.0 -9999.0 -9999.0     0.0 -9999.00 U -9999.0 -9999.0 -9999.0 -9999.0 -9999.0 -9999.0 -99.000 -99.000 -99.000 -99.000 -99.000 -9999.0 -9999.0 -9999.0 -9999.0 -9999.0
03761 20240512  2.622  -75.79   39.86    14.0     7.2    10.6    10.1     3.1     8.18 C    21.4     7.6    12.2    95.2    72.2    87.4   0.214   0.199   0.233   0.298   0.226    15.3    15.3    15.2    15.3    14.0
03761 20240513  2.622  -75.79   39.86    21.3     7.7    14.5    14.3     0.0    20.97 C    31.1     5.5    16.1    97.1    46.3    77.2   0.218   0.203   0.233   0.297   0.224    16.0    15.4    15.2    15.1    13.9
03761 20240514  2.622  -75.79   39.86    21.2    10.4    15.8    15.8     6.8     9.58 C    25.9     7.4    16.2    96.9    66.4    88.4   0.219   0.203   0.234   0.297   0.224    16.1    15.7    15.6    15.2    13.9
03761 20240515  2.622  -75.79   39.86    18.1    14.2    16.1    15.7     3.9     7.77 C    23.9    13.6    16.4    96.7    71.2    86.3   0.249   0.218   0.234   0.297   0.234    16.6    16.1    15.8    15.3    14.0
03761 20240516  2.622  -75.79   39.86    21.6    13.8    17.7    17.3     0.0    14.01 C    31.2    11.8    18.4    88.6    58.6    74.6   0.263   0.232   0.237   0.296   0.265    16.7    16.1    15.9    15.4    14.2
03761 20240517  2.622  -75.79   39.86    18.9    14.3    16.6    16.5     0.0     8.39 C    30.3    13.4    17.9    94.6    71.6    79.4   0.260   0.231   0.240   0.295   0.265    17.0    16.4    16.2    15.6    14.3
03761 20240518  2.622  -75.79   39.86    17.9    13.1    15.5    15.8     4.1     6.08 C    23.4    12.1    17.0    97.2    80.1    91.8   0.259   0.230   0.242   0.295   0.264    16.8    16.4    16.2    15.8    14.5
03761 20240519  2.622  -75.79   39.86    23.5    13.8    18.7    17.9     0.5    13.81 C    31.6    12.6    19.6    96.6    53.5    81.0   0.266   0.233   0.244   0.295   0.234    17.7    16.9    16.7    15.9    14.6
03761 20240520  2.622  -75.79   39.86    24.5    12.7    18.6    17.8     0.0    18.73 C    38.1    12.1    21.0    96.8    59.4    81.8   0.262   0.232   0.246   0.297   0.221    18.4    17.5    17.2    16.3    14.7
03761 20240521  2.622  -75.79   39.86    27.3    14.1    20.7    20.1     0.0    25.15 C    39.5    13.5    23.7    97.2    39.6    74.9   0.254   0.228   0.246   0.296   0.221    19.8    18.6    18.2    16.7    15.1
03761 20240522  2.622  -75.79   39.86    28.9    13.6    21.3    21.7     0.0    24.20 C    39.8    12.4    24.4    97.3    47.9    75.1   0.241   0.221   0.246   0.296   0.231    20.5    19.4    19.1    17.4    15.5
03761 20240523  2.622  -75.79   39.86    25.6    18.0    21.8    21.6     1.4    13.47 C    34.1    17.4    22.6    95.7    55.0    77.4   0.227   0.216   0.245   0.295   0.261    20.8    20.0    19.7    18.1    15.9
03761 20240524  2.622  -75.79   39.86    28.5    15.7    22.1    21.9     0.0    26.49 C    38.9    14.7    24.1    97.0    25.9    60.5   0.218   0.213   0.244   0.295   0.261    21.2    20.1    19.9    18.4    16.3
03761 20240525  2.622  -75.79   39.86    29.3    13.6    21.5    22.0     0.0    22.06 C    40.2    13.3    23.9    95.0    32.5    63.8   0.205   0.202   0.241   0.294   0.260    21.2    20.4    20.1    18.8    16.6
03761 20240526  2.622  -75.79   39.86    29.7    17.1    23.4    22.8     0.0    25.47 C    41.2    16.3    26.1    94.0    40.7    72.5   0.193   0.194   0.238   0.292   0.259    22.2    21.0    20.8    19.1    16.9
03761 20240527  2.622  -75.79   39.86    23.5    17.9    20.7    21.1    12.8     7.87 C    29.2    17.0    22.1    95.8    78.5    90.0   0.206   0.191   0.237   0.291   0.259    21.9    21.2    21.0    19.6    17.2
03761 20240528  2.622  -75.79   39.86    26.1    15.9    21.0    21.3     0.0    25.25 C    35.3    13.9    22.1    94.3    34.2    58.0   0.227   0.195   0.237   0.290   0.220    21.6    20.9    20.7    19.7    17.8
03761 20240529  2.622  -75.79   39.86    23.7    12.0    17.8    17.4     1.5    20.06 C    34.7    10.8    19.7    96.6    42.9    72.6   0.213   0.195   0.236   0.288   0.227    20.8    20.5    20.4    19.6    17.8
03761 20240530  2.622  -75.79   39.86    21.3     9.8    15.5    16.0     0.0    25.40 C    30.8     7.7    17.5    97.0    30.9    57.7   0.205   0.197   0.235   0.286   0.257    20.2    20.1    19.9    19.4    17.7
03761 20240531  2.622  -75.79   39.86    22.7     7.7    15.2    15.9     0.0    28.12 C    33.4     6.0    17.4    85.4    25.3    50.0   0.195   0.191   0.232   0.284   0.256    19.4    19.3    19.2    19.2    17.7
03761 20240601  2.622  -75.79   39.86    26.5     9.0    17.7    18.4     0.0    28.62 C    35.2     7.1    20.0    88.0    17.4    52.8   0.185   0.181   0.230   0.281   0.229    19.9    19.4    19.3    19.0    17.6
03761 20240602  2.622  -75.79   39.86    26.7    11.7    19.2    19.7     0.0    19.20 C    35.9    10.0    20.9    94.6    38.3    70.1   0.177   0.177   0.227   0.279   0.215    20.3    19.8    19.6    19.1    17.6
03761 20240603  2.622  -75.79   39.86    28.1    18.1    23.1    22.6     0.0    24.00 C    38.8    17.1    24.7    92.1    44.1    68.6   0.174   0.165   0.225   0.276   0.218    22.0    20.7    20.5    19.3    17.8
03761 20240604  2.622  -75.79   39.86    29.1    16.5    22.8    22.7     0.0    26.08 C    37.6    15.6    24.8    96.3    34.3    70.6   0.167   0.160   0.220   0.273   0.214    22.7    21.5    21.3    19.8    18.1
03761 20240605  2.622  -75.79   39.86    26.1    18.3    22.2    21.8    37.3    11.37 C    32.2    17.4    23.2    96.9    62.8    86.3   0.192   0.166   0.229   0.271   0.213    22.4    21.7    21.6    20.3    18.5
03761 20240606  2.622  -75.79   39.86    28.3    20.3    24.3    24.2     0.0    16.20 C    32.8    17.6    24.6    96.7    52.2    80.3   0.320   0.269   0.304   0.270   0.221    22.8    21.9    21.7    20.5    18.6
03761 20240607  2.622  -75.79   39.86    27.6    14.5    21.0    22.3     0.0    25.29 C    33.4    12.4    22.3    90.1    28.6    54.2   0.296   0.250   0.289   0.270   0.217    23.0    22.2    22.1    20.8    18.9
03761 20240608  2.622  -75.79   39.86    25.6    12.8    19.2    19.5     0.0    28.61 C    30.7    11.4    20.1    93.4    34.8    60.4   0.264   0.237   0.278   0.268   0.248    22.0    21.7    21.6    20.9    18.9
03761 20240609  2.622  -75.79   39.86    25.0    13.1    19.1    19.8     0.0    19.53 C    30.6    11.6    19.0    94.5    31.8    58.6   0.245   0.222   0.270   0.268   0.248    21.5    21.2    21.2    20.7    19.0
03761 20240610  2.622  -75.79   39.86    23.8    12.0    17.9    18.4     0.0    27.85 C    29.7    10.0    18.8    85.6    37.8    56.3   0.227   0.218   0.263   0.267   0.247    21.2    20.9    20.8    20.5    19.0
03761 20240611  2.622  -75.79   39.86    20.4    12.5    16.4    16.7     0.0    10.60 C    28.5    10.6    17.1    96.3    57.1    74.1   0.214   0.199   0.257   0.266   0.246    20.6    20.4    20.6    20.4    18.9
03761 20240612  2.622  -75.79   39.86    25.0    10.6    17.8    18.3     0.0    27.41 C    40.3     8.8    22.2    96.5    32.2    64.9   0.206   0.194   0.253   0.267   0.246    20.7    20.3    20.2    20.0    18.8
03761 20240613  2.622  -75.79   39.86    29.6    12.4    21.0    21.7     0.0    27.42 C    44.3    11.4    25.9    95.2    43.9    72.2   0.196   0.188   0.249   0.266   0.246    22.1    21.1    21.0    20.1    18.7
03761 20240614  2.622  -75.79   39.86    30.2    16.8    23.5    22.2    12.3    19.64 C    46.3    17.1    25.8    95.4    43.2    75.7   0.198   0.195   0.244   0.267   0.246    23.1    22.2    21.9    20.7    18.9
03761 20240615  2.622  -75.79   39.86    26.0    13.8    19.9    20.4     0.0    27.05 C    39.3    13.8    23.5    96.3    35.6    64.4   0.214   0.198   0.242   0.267   0.245    22.7    22.2    21.9    21.0    19.1
03761 20240616  2.622  -75.79   39.86    27.1    11.1    19.1    20.3     0.0    27.13 C    40.3    10.9    23.9    95.3    33.8    60.3   0.205   0.195   0.240   0.266   0.244    22.5    22.0    21.8    21.0    19.2
03761 20240617  2.622  -75.79   39.86    29.6    17.1    23.4    23.8     0.0    27.05 C    42.4    15.7    27.4    84.1    49.3    67.6   0.195   0.186   0.237   0.267   0.244    23.7    22.8    22.4    21.2    19.4
03761 20240618  2.622  -75.79   39.86    31.2    19.0    25.1    24.5     0.0    26.45 C    44.6    18.5    28.6    88.9    53.1    69.1   0.184   0.177   0.234   0.266   0.243    24.9    23.7    23.4    21.8    19.6
03761 20240619  2.622  -75.79   39.86    30.2    17.8    24.0    23.7     0.0    26.36 C    44.6    17.2    28.3    94.0    46.5    72.3   0.174   0.169   0.229   0.264   0.242    25.3    24.3    23.9    22.3    19.9
03761 20240620  2.622  -75.79   39.86    30.3    16.7    23.5    23.8     0.0    24.95 C    45.4    16.1    27.7    96.9    35.7    69.7   0.165   0.158   0.224   0.263   0.241    25.2    24.3    24.1    22.6    20.4
03761 20240621  2.622  -75.79   39.86    32.0    18.0    25.0    25.6     0.0    25.81 C    46.8    17.2    29.5    95.3    45.7    69.2   0.157   0.151   0.218   0.261   0.240    25.6    24.6    24.4    22.9    20.7
03761 20240622  2.622  -75.79   39.86    33.8    20.5    27.1    27.6     0.0    25.90 C    47.5    20.1    31.7    95.3    44.2    68.7   0.149   0.147   0.212   0.259   0.239    26.7    25.2    25.1    23.3    20.9
03761 20240623  2.622  -75.79   39.86    32.4    22.9    27.7    26.5     5.1    19.55 C    47.3    21.9    29.9    96.0    49.1    76.9   0.148   0.149   0.208   0.257   0.238    26.9    25.8    25.6    23.8    21.3
03761 20240624  2.622  -75.79   39.86    27.1    15.6    21.3    23.7     0.0    27.09 C    38.8    14.1    25.9    94.4    28.2    53.8   0.151   0.151   0.205   0.254   0.236    25.7    25.3    25.1    24.0    21.5
03761 20240625  2.622  -75.79   39.86    29.9    14.2    22.1    23.4     0.0    26.02 C    44.1    12.9    26.1    84.9    24.8    51.6   0.144   0.140   0.200   0.252   0.235    24.5    24.2    24.0    23.6    21.5
03761 20240626  2.622  -75.79   39.86    32.2    20.2    26.2    26.5     0.4    21.76 C    47.2    18.3    29.3    83.2    45.8    63.5   0.137   0.131   0.196   0.249   0.233    25.7    24.8    24.5    23.5    21.5
03761 20240627  2.622  -75.79   39.86    29.3    18.1    23.7    23.1     0.4    24.98 C    42.8    17.5    27.0    95.2    36.7    65.1   0.133   0.126   0.193   0.247   0.232    25.9    25.2    24.9    23.8    21.5
03761 20240628  2.622  -75.79   39.86    26.2    15.2    20.7    20.5     0.0    27.60 C    42.6    12.8    25.2    74.9    33.2    51.7   0.128   0.121   0.189   0.245   0.231    25.1    24.6    24.6    23.7    21.7
03761 20240629  2.622  -75.79   39.86    29.1    15.4    22.3    23.4    32.7    15.20 C    42.2    15.0    26.5    95.7    66.1    80.1   0.130   0.126   0.189   0.243   0.230    24.9    24.4    24.3    23.6    21.7
03761 20240630  2.622  -75.79   39.86    30.9    19.9    25.4    24.3    35.0    13.88 C    37.6    18.0    26.0    97.1    59.9    87.5   0.305   0.276   0.310   0.268   0.229    25.6    25.0    24.8    23.8    21.7
03761 20240701  2.622  -75.79   39.86    24.7    14.4    19.6    19.7     0.0    27.10 C    33.8    14.3    21.9    89.7    42.9    60.3   0.323   0.304   0.341   0.313   0.229    24.4    24.5    24.4    23.9    21.9
03761 20240702  2.622  -75.79   39.86 -9999.0 -9999.0 -9999.0 -9999.0 -9999.0 -9999.00 U -9999.0 -9999.0 -9999.0 -9999.0 -9999.0 -9999.0 -99.000 -99.000 -99.000 -99.000 -99.000 -9999.0 -9999.0 -9999.0 -9999.0 -9999.0
