13301 20240101  2.622  -93.15   39.87     1.2    -4.3    -1.6    -2.1     0.0     6.27 C     3.3    -5.2    -1.9    85.3    59.1    74.1   0.367   0.378   0.443   0.495   0.482     2.7     3.6     4.9     6.4     8.7
13301 20240102  2.622  -93.15   39.87     6.3    -5.6     0.4    -0.5     0.0     8.47 C     7.6    -6.4    -0.7    90.6    54.2    77.7   0.369   0.374   0.438   0.471   0.482     1.9     3.0     4.5     6.2     8.5
13301 20240103  2.622  -93.15   39.87     4.9    -5.9    -0.5    -1.1     0.0     6.89 C     7.1    -6.5    -1.1    95.0    57.9    83.2   0.368   0.372   0.434   0.456   0.482     1.6     2.6     4.1     5.8     8.3
13301 20240104  2.622  -93.15   39.87     2.3    -4.0    -0.8    -1.0     0.0     3.58 C     3.7    -4.6    -0.9    88.6    64.3    77.8   0.357   0.370   0.431   0.437   0.482     1.9     2.6     3.9     5.6     8.1
13301 20240105  2.622  -93.15   39.87     3.1    -3.7    -0.3    -0.4     0.0     3.45 C     4.5    -4.2    -0.5    90.0    63.8    76.9   0.357   0.369   0.431   0.420   0.482     1.9     2.6     3.9     5.4     8.0
13301 20240106  2.622  -93.15   39.87     0.9    -1.1    -0.1    -0.5     1.2     0.95 C     1.1    -1.1    -0.5    94.6    86.6    91.4   0.358   0.369   0.430   0.411   0.482     2.4     2.8     3.9     5.3     7.8
13301 20240107  2.622  -93.15   39.87     0.1    -1.9    -0.9    -0.9     0.0     3.01 C     1.3    -2.3    -0.8    90.9    67.3    76.5   0.360   0.370   0.429   0.400   0.483     2.3     2.9     4.0     5.3     7.7
13301 20240108  2.622  -93.15   39.87     3.5    -0.8     1.4     0.7    12.7     0.92 C     3.6    -1.1     0.4    93.7    74.2    84.8   0.363   0.371   0.429   0.393   0.483     2.2     2.8     3.9     5.2     7.6
13301 20240109  2.622  -93.15   39.87     0.5    -4.6    -2.1    -1.0    12.0     2.89 C     0.2    -4.8    -1.1    94.5    83.0    89.8   0.393   0.405   0.456   0.401   0.483     2.4     2.8     3.9     5.1     7.5
13301 20240110  2.622  -93.15   39.87     0.0   -11.4    -5.7    -4.1     0.0     6.64 C     2.3   -11.8    -3.8    89.0    66.9    80.6   0.393   0.409   0.478   0.463   0.483     2.5     2.9     3.9     5.1     7.4
13301 20240111  2.622  -93.15   39.87     0.7    -3.3    -1.3    -1.6     0.4     5.28 C     1.9    -3.5    -1.2    88.3    78.7    83.8   0.392   0.408   0.479   0.528   0.484     2.6     3.0     3.9     5.1     7.3
13301 20240112  2.622  -93.15   39.87    -2.1   -13.4    -7.7    -7.1     3.0     2.85 C    -2.2   -13.7    -7.1    91.9    75.8    84.5   0.390   0.407   0.478   0.529   0.484     2.5     3.0     3.9     5.1     7.2
13301 20240113  2.622  -93.15   39.87   -13.4   -23.9   -18.7   -17.5     0.5     5.49 C   -13.7   -24.2   -17.4    75.7    57.7    68.0   0.383   0.398   0.465   0.530   0.484     2.2     2.7     3.8     5.1     7.2
13301 20240114  2.622  -93.15   39.87   -21.3   -26.4   -23.8   -24.1     0.0     8.37 C   -18.9   -26.7   -23.9    66.0    53.7    59.1   0.374   0.388   0.451   0.530   0.485     1.5     2.3     3.4     5.0     7.1
13301 20240115  2.622  -93.15   39.87   -17.1   -25.9   -21.5   -20.8     0.7     6.22 C   -15.8   -26.4   -20.6    75.2    61.6    67.9   0.366   0.381   0.442   0.530   0.485     1.1     1.9     3.1     4.8     7.0
13301 20240116  2.622  -93.15   39.87   -13.4   -23.0   -18.2   -18.3     0.0    11.28 C   -12.2   -23.5   -18.1    69.7    42.9    57.9   0.360   0.377   0.436   0.531   0.485     0.9     1.6     2.8     4.6     6.9
13301 20240117  2.622  -93.15   39.87    -4.3   -18.0   -11.1    -8.9     0.0     9.85 C    -0.3   -19.1    -8.4    66.8    48.7    59.6   0.354   0.374   0.434   0.531   0.485     0.8     1.4     2.6     4.4     6.8
13301 20240118  2.622  -93.15   39.87    -1.9   -12.3    -7.1    -6.0     2.3     8.38 C     5.5   -12.4    -5.1    84.3    52.6    68.9   0.353   0.371   0.430   0.531   0.485     0.8     1.4     2.5     4.2     6.7
13301 20240119  2.622  -93.15   39.87   -12.3   -20.3   -16.3   -16.1     0.0    11.33 C   -11.8   -20.8   -15.6    74.7    52.9    63.3   0.354   0.370   0.426   0.517   0.485     0.8     1.4     2.4     4.1     6.6
13301 20240120  2.622  -93.15   39.87   -13.5   -23.1   -18.3   -18.8     0.0    11.69 C    -4.5   -23.5   -17.5    78.8    51.8    68.0   0.350   0.369   0.423   0.496   0.485     0.6     1.3     2.4     4.0     6.5
13301 20240121  2.622  -93.15   39.87    -0.8   -18.8    -9.8    -8.5     0.0     8.60 C    -1.2   -19.8    -8.5    72.4    47.7    59.3   0.346   0.368   0.423   0.479   0.485     0.5     1.1     2.2     3.9     6.4
13301 20240122  2.622  -93.15   39.87     0.6    -1.9    -0.6    -0.2     2.1     2.96 C     1.4    -2.2    -0.2    95.4    61.0    86.3   0.347   0.367   0.422   0.472   0.485     0.6     1.1     2.2     3.9     6.3
13301 20240123  2.622  -93.15   39.87     2.1     0.3     1.2     1.0     9.7     5.03 C    10.3     0.2     1.8    96.5    92.7    94.9   0.381   0.407   0.458   0.528   0.486     0.7     1.1     2.2     3.8     6.2
13301 20240124  2.622  -93.15   39.87     2.5     0.9     1.7     1.5     0.8     4.18 C     5.3     0.8     2.0    96.4    94.8    95.6   0.455   0.481   0.512   0.533   0.487     0.8     1.2     2.2     3.8     6.0
13301 20240125  2.622  -93.15   39.87     2.4     0.6     1.5     1.5    21.0     1.04 C     3.2     0.5     1.5    96.8    95.6    96.2   0.511   0.488   0.514   0.533   0.487     0.9     1.3     2.3     3.7     6.0
13301 20240126  2.622  -93.15   39.87     2.8     1.0     1.9     1.7     0.0     2.37 C     3.4     1.0     1.8    96.8    94.4    95.8   0.517   0.490   0.517   0.533   0.487     1.1     1.5     2.3     3.7     5.9
13301 20240127  2.622  -93.15   39.87     4.1    -0.1     2.0     2.0     0.2     2.52 C     4.5    -0.2     1.9    96.3    86.7    93.2   0.520   0.492   0.518   0.533   0.487     1.7     1.8     2.4     3.7     5.9
13301 20240128  2.622  -93.15   39.87     6.0    -1.3     2.4     1.3     0.0     6.29 C     8.1    -1.8     1.3    94.6    69.0    86.5   0.524   0.495   0.519   0.533   0.487     2.0     2.1     2.7     3.9     5.9
13301 20240129  2.622  -93.15   39.87    13.2    -2.8     5.2     5.0     0.0    11.96 C    14.9    -3.6     4.9    96.5    50.6    77.8   0.521   0.497   0.520   0.533   0.487     2.2     2.2     2.8     3.9     5.9
13301 20240130  2.622  -93.15   39.87     6.4    -2.7     1.8     2.5     0.0     4.03 C     6.2    -3.5     2.3    90.6    66.2    79.8   0.517   0.498   0.522   0.533   0.487     2.6     2.7     3.3     4.1     5.9
13301 20240131  2.622  -93.15   39.87    11.4    -4.5     3.4     3.5     0.0    12.56 C    13.5    -5.1     3.5    95.5    55.2    79.2   0.506   0.495   0.522   0.533   0.487     2.2     2.4     3.2     4.1     5.9
13301 20240201  2.622  -93.15   39.87    16.2     3.8    10.0     9.4     0.0     5.65 C    17.5     3.4     9.2    83.8    49.7    71.2   0.481   0.488   0.523   0.533   0.487     3.8     3.2     3.5     4.2     5.9
13301 20240202  2.622  -93.15   39.87     8.0     4.0     6.0     5.8     0.0     5.71 C     8.6     3.9     5.8    92.3    78.4    85.6   0.468   0.482   0.525   0.533   0.486     4.7     4.3     4.4     4.6     5.9
13301 20240203  2.622  -93.15   39.87    12.8     2.8     7.8     6.8     0.0     9.83 C    14.3     2.7     7.1    90.5    57.9    76.4   0.449   0.474   0.526   0.533   0.486     5.0     4.6     4.7     4.9     6.0
13301 20240204  2.622  -93.15   39.87    10.1     1.2     5.7     4.7     0.0     7.62 C    11.0     1.1     4.9    85.2    49.4    72.4   0.434   0.462   0.528   0.534   0.486     4.9     4.8     5.1     5.2     6.1
13301 20240205  2.622  -93.15   39.87    13.2    -2.2     5.5     4.9     0.0    12.42 C    17.4    -2.1     5.7    86.2    22.3    55.7   0.420   0.444   0.524   0.533   0.486     4.3     4.4     5.0     5.3     6.3
13301 20240206  2.622  -93.15   39.87    13.7    -5.1     4.3     5.3     0.0    11.03 C    16.7    -5.2     5.6    78.0    28.2    51.2   0.409   0.426   0.507   0.533   0.486     3.8     4.0     4.7     5.3     6.4
13301 20240207  2.622  -93.15   39.87    16.1     3.9    10.0     9.5     0.0     6.52 C    17.0     3.8     9.4    54.8    32.7    45.0   0.401   0.417   0.498   0.533   0.486     4.8     4.5     4.9     5.3     6.5
13301 20240208  2.622  -93.15   39.87    20.0     3.9    12.0    12.8     0.0    12.95 C    20.9     4.0    12.8    76.4    21.4    48.0   0.394   0.411   0.488   0.533   0.486     6.5     5.6     5.5     5.5     6.5
13301 20240209  2.622  -93.15   39.87    15.0     2.2     8.6     7.7     0.0    13.00 C    19.9     1.8     8.4    88.7    34.8    61.4   0.386   0.403   0.468   0.533   0.486     6.1     5.9     6.0     5.9     6.6
13301 20240210  2.622  -93.15   39.87     8.2    -2.7     2.8     2.5     0.0    13.12 C    11.6    -3.7     2.9    89.2    42.8    67.0   0.380   0.397   0.459   0.533   0.486     4.8     5.2     5.9     6.1     6.7
13301 20240211  2.622  -93.15   39.87     6.3    -3.1     1.6     1.4     0.0    10.97 C     9.3    -3.9     1.8    82.2    46.6    65.2   0.375   0.392   0.453   0.533   0.486     4.1     4.6     5.4     6.0     6.8
13301 20240212  2.622  -93.15   39.87     9.7    -6.8     1.4     1.7     0.0    14.34 C    11.6    -7.0     2.1    91.1    38.2    65.4   0.371   0.389   0.447   0.533   0.486     3.3     3.9     4.9     5.8     6.9
13301 20240213  2.622  -93.15   39.87    15.4    -2.3     6.5     6.2     0.0    12.48 C    17.2    -2.8     6.4    76.6    25.3    54.2   0.368   0.386   0.444   0.532   0.486     4.1     4.0     4.7     5.5     6.8
13301 20240214  2.622  -93.15   39.87    15.8    -1.6     7.1     7.7     0.0    14.31 C    17.6    -2.3     8.0    81.7    31.9    55.7   0.366   0.385   0.442   0.532   0.486     4.9     4.6     5.1     5.5     6.8
13301 20240215  2.622  -93.15   39.87    12.1     0.1     6.1     4.2     2.3    14.36 C    11.7     0.4     4.9    89.1    31.0    59.3   0.371   0.386   0.441   0.523   0.486     5.3     5.2     5.6     5.8     6.8
13301 20240216  2.622  -93.15   39.87     1.9    -5.3    -1.7    -2.0     5.7     6.47 C     1.7    -5.3    -1.7    89.1    44.7    66.9   0.369   0.384   0.439   0.512   0.486     3.3     4.2     5.2     5.8     6.8
13301 20240217  2.622  -93.15   39.87    -2.9   -14.2    -8.5    -7.4     0.0    15.76 C    -1.5   -14.5    -6.7    76.5    47.9    61.3   0.368   0.382   0.435   0.495   0.486     2.1     3.1     4.4     5.6     6.9
13301 20240218  2.622  -93.15   39.87     7.9    -6.2     0.8     0.4     0.0    15.84 C     9.3    -6.8     0.9    73.6    41.9    55.8   0.377   0.389   0.442   0.505   0.486     1.9     2.6     3.8     5.2     6.8
13301 20240219  2.622  -93.15   39.87    13.0    -3.0     5.0     4.2     0.0    15.01 C    14.9    -4.1     4.2    76.6    31.6    56.9   0.396   0.394   0.456   0.533   0.486     2.3     2.7     3.6     4.9     6.7
13301 20240220  2.622  -93.15   39.87    17.0    -0.6     8.2     7.9     0.0    15.35 C    19.7    -0.7     8.4    69.0    23.7    47.5   0.382   0.392   0.452   0.533   0.486     3.5     3.2     3.9     4.8     6.6
13301 20240221  2.622  -93.15   39.87    22.4     1.2    11.8    12.5     0.0    14.42 C    26.3     2.5    13.3    70.2    28.7    47.2   0.378   0.390   0.450   0.532   0.486     5.4     4.5     4.6     4.9     6.5
13301 20240222  2.622  -93.15   39.87    18.6     7.2    12.9    12.6     0.0    12.77 C    20.9     6.6    12.9    62.6    23.2    43.4   0.373   0.389   0.450   0.532   0.486     7.0     6.0     5.8     5.4     6.5
13301 20240223  2.622  -93.15   39.87    16.9    -1.2     7.9     8.3     0.0    15.54 C    18.2    -1.0     8.4    81.6    24.3    51.0   0.366   0.385   0.446   0.532   0.486     6.2     6.0     6.1     5.9     6.6
13301 20240224  2.622  -93.15   39.87    10.3    -3.9     3.2     3.6     0.0    16.07 C    11.8    -4.3     4.3    83.0    36.3    56.9   0.360   0.382   0.441   0.532   0.486     5.4     5.5     6.0     6.1     6.7
13301 20240225  2.622  -93.15   39.87    21.7     0.3    11.0    11.2     0.0    15.81 C    25.2    -0.1    11.7    73.2    16.9    41.9   0.355   0.380   0.439   0.530   0.486     6.0     5.5     5.9     6.1     6.8
13301 20240226  2.622  -93.15   39.87    24.8    -0.3    12.3    13.8     0.0    14.73 C    26.6     0.2    13.8    72.0    25.0    46.2   0.350   0.378   0.439   0.520   0.486     7.1     6.3     6.3     6.2     6.9
13301 20240227  2.622  -93.15   39.87    24.1    -6.4     8.8    10.9     2.7    15.13 C    26.3    -6.5    11.4    84.6    23.5    58.3   0.345   0.376   0.438   0.512   0.485     7.9     7.2     7.1     6.6     7.0
13301 20240228  2.622  -93.15   39.87     0.7   -10.7    -5.0    -5.0     0.4    17.35 C     2.0   -10.8    -4.5    83.7    30.8    51.5   0.337   0.376   0.434   0.492   0.486     5.0     5.9     6.8     6.9     7.1
13301 20240229  2.622  -93.15   39.87    12.4    -6.3     3.1     2.7     0.0    16.73 C    14.1    -6.9     2.9    66.4    19.4    42.8   0.337   0.377   0.429   0.508   0.486     4.0     4.5     5.6     6.5     7.2
13301 20240301  2.622  -93.15   39.87    10.3     2.1     6.2     5.1     0.0    10.05 C    12.2     2.0     5.4    88.2    36.6    65.6   0.338   0.375   0.428   0.521   0.485     5.0     4.9     5.5     6.2     7.2
13301 20240302  2.622  -93.15   39.87    20.5     1.3    10.9    11.2     0.0    16.94 C    21.7     0.8    11.5    84.2    32.5    60.1   0.337   0.374   0.429   0.507   0.486     6.3     5.6     5.8     6.1     7.2
13301 20240303  2.622  -93.15   39.87    26.0    11.8    18.9    17.7     0.0    16.65 C    27.1    11.6    17.8    76.3    22.2    48.6   0.334   0.373   0.432   0.493   0.485     9.3     7.6     7.1     6.5     7.2
13301 20240304  2.622  -93.15   39.87    24.5     6.0    15.2    14.7     0.0     7.59 C    25.6     5.8    14.9    80.8    44.5    60.9   0.328   0.370   0.434   0.477   0.485     9.9     8.7     8.2     7.2     7.2
13301 20240305  2.622  -93.15   39.87     9.6     3.1     6.3     6.2     0.6     5.73 C    10.5     2.2     6.3    93.5    71.6    83.0   0.322   0.368   0.432   0.463   0.486     8.3     8.4     8.5     7.7     7.4
13301 20240306  2.622  -93.15   39.87    15.0    -1.6     6.7     7.2     0.0    16.55 C    18.2    -2.1     7.8    97.1    27.7    65.8   0.317   0.365   0.428   0.450   0.485     7.4     7.3     7.8     7.7     7.7
13301 20240307  2.622  -93.15   39.87    10.7     4.9     7.8     8.0     6.9     2.45 C    10.4     4.7     7.8    93.2    71.5    85.5   0.314   0.364   0.427   0.431   0.486     7.7     7.5     7.8     7.6     7.8
13301 20240308  2.622  -93.15   39.87     8.8     1.4     5.1     5.7     0.5     2.88 C     8.5     1.0     5.6    93.8    65.6    87.4   0.327   0.370   0.426   0.420   0.485     7.6     7.6     7.9     7.7     7.9
13301 20240309  2.622  -93.15   39.87    10.0    -2.8     3.6     3.3     0.0    18.86 C    11.8    -3.2     3.8    70.9    28.0    51.9   0.327   0.368   0.424   0.412   0.485     6.0     6.4     7.4     7.6     7.9
13301 20240310  2.622  -93.15   39.87    14.0    -4.9     4.5     5.1     0.0    18.67 C    17.5    -5.7     6.3    80.5    24.2    48.1   0.324   0.365   0.422   0.404   0.485     5.8     5.9     6.8     7.3     8.0
13301 20240311  2.622  -93.15   39.87    20.9     3.1    12.0    11.9     0.0    18.68 C    22.5     2.2    12.0    62.8    26.7    45.2   0.319   0.362   0.421   0.396   0.485     7.4     6.7     7.0     7.2     7.9
13301 20240312  2.622  -93.15   39.87    22.0     7.6    14.8    15.4     0.6    14.24 C    23.8     7.4    15.6    74.0    35.6    52.1   0.314   0.360   0.421   0.388   0.485     9.0     7.9     7.7     7.4     7.9
13301 20240313  2.622  -93.15   39.87    22.4     6.8    14.6    15.0     3.5    14.77 C    25.9     6.3    15.9    92.7    44.0    69.9   0.310   0.358   0.421   0.384   0.484    10.4     9.1     8.6     7.9     7.9
13301 20240314  2.622  -93.15   39.87    19.1     9.3    14.2    13.5    18.3    12.59 C    21.6     9.2    13.9    92.5    63.5    79.9   0.449   0.472   0.516   0.506   0.485    11.6    10.4     9.7     8.5     8.1
13301 20240315  2.622  -93.15   39.87    16.5     5.3    10.9    10.5     0.0    17.86 C    20.6     5.2    11.3    85.2    31.5    59.4   0.434   0.461   0.536   0.526   0.485    10.7    10.2    10.0     9.0     8.3
13301 20240316  2.622  -93.15   39.87    16.8     3.4    10.1    10.3     0.0    18.86 C    18.4     2.9    10.3    80.7    24.3    51.9   0.406   0.427   0.524   0.526   0.484     9.6     9.5     9.7     9.1     8.5
13301 20240317  2.622  -93.15   39.87     6.3    -3.4     1.5     2.0     0.0    15.09 C     7.9    -4.4     2.2    63.0    38.0    50.7   0.386   0.407   0.480   0.526   0.484     7.4     8.3     9.1     9.0     8.7
13301 20240318  2.622  -93.15   39.87     2.8    -6.5    -1.9    -2.1     0.0    20.35 C     4.8    -6.9    -1.6    65.6    34.8    50.0   0.375   0.396   0.458   0.527   0.485     5.1     6.2     7.8     8.5     8.8
13301 20240319  2.622  -93.15   39.87    18.5    -3.6     7.5     8.4     0.0    20.22 C    20.6    -4.2     8.5    65.1    22.2    41.9   0.369   0.391   0.450   0.527   0.484     6.0     6.0     7.0     7.9     8.7
13301 20240320  2.622  -93.15   39.87     9.8    -0.1     4.9     5.3     0.0    19.33 C    13.6    -0.7     5.9    59.5    21.8    36.1   0.361   0.386   0.444   0.519   0.484     6.6     6.7     7.3     7.7     8.6
13301 20240321  2.622  -93.15   39.87    12.0    -0.6     5.7     5.5     0.0    17.58 C    14.8    -0.9     6.2    46.1    22.8    32.1   0.352   0.381   0.439   0.490   0.484     6.6     6.5     7.1     7.7     8.5
13301 20240322  2.622  -93.15   39.87     7.8     0.3     4.0     4.1     0.0     4.57 C     8.5     0.2     4.1    73.9    46.0    61.0   0.345   0.378   0.437   0.464   0.484     6.1     6.5     7.2     7.6     8.4
13301 20240323  2.622  -93.15   39.87     7.3    -4.2     1.5     2.5     0.8    13.93 C    11.0    -4.7     3.2    76.1    37.7    56.4   0.340   0.374   0.433   0.434   0.484     5.8     6.0     6.8     7.4     8.3
13301 20240324  2.622  -93.15   39.87    14.6     4.4     9.5    10.1     0.0     6.10 C    21.0     4.0     9.0    61.5    28.8    43.0   0.335   0.372   0.432   0.417   0.485     6.5     6.3     6.8     7.3     8.3
13301 20240325  2.622  -93.15   39.87    16.4     9.9    13.2    12.3     0.0     4.25 C    17.7     7.4    11.2    88.4    30.6    72.1   0.332   0.370   0.432   0.409   0.485     8.1     7.4     7.4     7.4     8.2
13301 20240326  2.622  -93.15   39.87    10.1    -1.0     4.5     2.1     0.3     4.01 C     9.2    -1.4     2.3    88.9    63.2    74.8   0.328   0.368   0.432   0.402   0.485     6.6     7.3     7.8     7.7     8.2
13301 20240327  2.622  -93.15   39.87     8.4    -5.1     1.6     1.5     0.0    18.80 C    23.7    -8.8     3.3    78.0    34.0    55.2   0.323   0.364   0.427   0.389   0.485     5.7     6.1     7.0     7.6     8.2
13301 20240328  2.622  -93.15   39.87    19.2    -2.2     8.5     9.3     0.0    20.77 C    28.0    -7.7     7.9    71.7    24.4    46.2   0.316   0.361   0.424   0.379   0.485     6.7     6.3     6.9     7.4     8.2
13301 20240329  2.622  -93.15   39.87    25.0     6.9    16.0    16.5     0.0    16.79 C    29.8     1.1    14.6    59.6    32.7    46.4   0.306   0.357   0.424   0.374   0.485     9.0     7.8     7.6     7.5     8.2
13301 20240330  2.622  -93.15   39.87    18.8     7.6    13.2    13.4     0.0    20.20 C    30.5     3.9    14.4    83.1    38.8    58.0   0.294   0.352   0.423   0.371   0.485    10.7     9.4     8.9     8.0     8.2
13301 20240331  2.622  -93.15   39.87    22.2     9.8    16.0    14.5     0.5     7.48 C    29.0     7.4    14.0    79.9    54.2    63.4   0.284   0.347   0.422   0.370   0.485    10.9     9.9     9.5     8.6     8.3
13301 20240401  2.622  -93.15   39.87    21.9     9.7    15.8    14.3     9.4     5.86 C    29.4     9.4    14.6    92.2    66.1    82.3   0.282   0.351   0.420   0.368   0.484    11.6    10.5    10.0     9.0     8.5
13301 20240402  2.622  -93.15   39.87    11.9     3.4     7.6     6.3    32.6     6.25 C    12.1     3.2     7.7    94.1    65.8    84.3   0.479   0.459   0.502   0.491   0.485    10.0    10.1    10.3     9.4     8.7
13301 20240403  2.622  -93.15   39.87    12.1     2.3     7.2     6.7     0.6    16.50 C    15.9    -3.7     7.4    84.6    29.0    57.1   0.507   0.479   0.519   0.527   0.485     8.1     8.5     9.3     9.3     8.9
13301 20240404  2.622  -93.15   39.87    12.3     0.1     6.2     6.0     0.0    19.83 C    20.9    -3.4     5.5    72.1    37.8    54.2   0.461   0.474   0.520   0.527   0.486     7.6     7.8     8.6     8.9     9.0
13301 20240405  2.622  -93.15   39.87    14.1    -0.6     6.7     6.8     0.0    22.32 C    27.4    -5.1     8.1    89.6    38.5    61.8   0.418   0.441   0.517   0.527   0.485     8.1     7.8     8.4     8.7     9.0
13301 20240406  2.622  -93.15   39.87    16.2     4.0    10.1    10.2     0.5    22.44 C    23.3     1.8    10.6    71.1    36.8    52.8   0.394   0.411   0.490   0.527   0.485     9.1     8.5     8.6     8.6     9.0
13301 20240407  2.622  -93.15   39.87    20.6     9.0    14.8    15.3     0.2    20.55 C    26.1     6.1    13.9    76.3    23.4    46.1   0.377   0.398   0.465   0.527   0.485    10.3     9.4     9.2     8.8     8.9
13301 20240408  2.622  -93.15   39.87    21.8     6.9    14.4    14.5     0.0    19.38 C    31.1    -0.4    12.2    58.0    26.8    44.0   0.361   0.389   0.455   0.522   0.485    10.8    10.0     9.8     9.1     9.0
13301 20240409  2.622  -93.15   39.87    17.9     5.1    11.5    11.8     0.0    23.10 C    30.8    -0.4    11.4    77.1    30.6    51.4   0.348   0.382   0.449   0.483   0.485    10.9    10.2    10.2     9.4     9.1
13301 20240410  2.622  -93.15   39.87    20.7     5.5    13.1    14.1     0.0    18.52 C    31.5     0.4    13.3    74.3    29.4    47.7   0.333   0.375   0.443   0.450   0.485    11.2    10.4    10.3     9.6     9.2
13301 20240411  2.622  -93.15   39.87    16.5     7.4    11.9    12.6     0.0    19.93 C    23.9     3.6    12.1    59.1    22.2    46.1   0.318   0.368   0.439   0.418   0.485    11.2    10.8    10.7     9.8     9.3
13301 20240412  2.622  -93.15   39.87    19.0     6.1    12.6    12.3     0.0    24.11 C    27.3     0.7    10.9    61.1    23.2    40.6   0.300   0.359   0.434   0.396   0.485    10.8    10.3    10.5    10.0     9.5
13301 20240413  2.622  -93.15   39.87    28.3     4.9    16.6    18.2     0.0    21.22 C    33.3    -0.2    16.7    66.2    28.2    42.9   0.283   0.349   0.428   0.381   0.485    11.9    10.8    10.6    10.0     9.6
13301 20240414  2.622  -93.15   39.87    27.8    14.1    20.9    21.5     0.0    21.02 C    39.1     9.5    20.3    72.4    36.0    49.7   0.265   0.337   0.424   0.373   0.485    14.3    12.5    11.7    10.4     9.7
13301 20240415  2.622  -93.15   39.87    27.1    11.8    19.4    21.0     0.0    21.50 C    36.3     5.8    19.6    50.5    25.8    35.3   0.246   0.322   0.418   0.372   0.484    14.7    13.3    12.6    11.0     9.8
13301 20240416  2.622  -93.15   39.87    26.5    16.7    21.6    21.6     1.1    12.39 C    28.4    13.9    19.6    85.3    18.6    54.4   0.233   0.309   0.411   0.370   0.486    15.3    13.9    13.2    11.5    10.1
13301 20240417  2.622  -93.15   39.87    21.7    11.9    16.8    16.4     0.0    20.82 C    30.0     6.4    16.7    69.2    38.9    55.2   0.223   0.297   0.400   0.368   0.485    14.8    13.8    13.4    11.9    10.3
13301 20240418  2.622  -93.15   39.87    14.7     5.6    10.2    10.4    30.6     2.42 C    18.6     1.9    10.7    90.1    61.7    82.1   0.318   0.360   0.424   0.385   0.485    12.8    12.9    13.2    12.0    10.6
13301 20240419  2.622  -93.15   39.87    13.7     1.7     7.7     8.6     0.0    19.37 C    26.5    -0.1     9.7    84.6    36.1    55.3   0.392   0.401   0.472   0.422   0.487    11.5    11.6    12.1    11.8    10.8
13301 20240420  2.622  -93.15   39.87    10.3     2.3     6.3     6.2     0.0    24.46 C    24.0    -1.8     7.8    75.5    39.9    50.3   0.366   0.379   0.451   0.411   0.487    10.9    11.1    11.7    11.4    10.8
13301 20240421  2.622  -93.15   39.87    14.8     0.5     7.6     8.5     0.0    25.59 C    27.9    -3.8     8.9    78.8    26.5    47.3   0.349   0.370   0.440   0.397   0.485    10.6    10.6    11.3    11.2    10.9
13301 20240422  2.622  -93.15   39.87    19.8     1.8    10.8    12.7     0.0    22.88 C    25.3    -3.1    11.3    68.5    28.0    43.5   0.333   0.362   0.434   0.389   0.487    10.9    10.6    11.1    10.9    10.8
13301 20240423  2.622  -93.15   39.87    21.6     9.8    15.7    15.1     8.7    18.51 C    28.9     2.7    15.2    91.2    22.9    53.5   0.362   0.374   0.430   0.379   0.485    12.4    11.6    11.5    10.9    10.8
13301 20240424  2.622  -93.15   39.87    19.6     5.3    12.5    13.6     0.0    23.93 C    32.6     0.6    14.2    74.6    34.1    52.5   0.356   0.364   0.427   0.373   0.486    12.8    12.0    11.9    11.1    10.8
13301 20240425  2.622  -93.15   39.87    15.6    10.2    12.9    12.4     1.8     8.65 C    18.6     8.7    11.8    77.8    45.0    64.6   0.341   0.356   0.424   0.373   0.487    12.6    12.2    12.3    11.4    10.8
13301 20240426  2.622  -93.15   39.87    20.7    10.3    15.5    15.2    22.6     6.88 C    22.5     9.9    15.6    92.3    63.8    81.0   0.453   0.444   0.485   0.483   0.486    12.6    12.0    12.1    11.5    10.9
13301 20240427  2.622  -93.15   39.87    25.6    16.0    20.8    19.8    73.1    12.80 C    30.9    15.4    19.8    92.4    65.4    82.1   0.479   0.478   0.511   0.527   0.485    15.1    13.6    12.9    11.7    11.0
13301 20240428  2.622  -93.15   39.87    20.0    15.2    17.6    17.1    36.6     7.86 C    24.1    10.3    16.3    94.6    75.8    87.7   0.510   0.479   0.524   0.528   0.486    15.4    14.4    13.9    12.3    11.1
13301 20240429  2.622  -93.15   39.87    20.5    11.4    16.0    16.2     0.0    26.41 C    28.6     8.4    16.9    91.5    46.7    67.6   0.491   0.478   0.527   0.529   0.487    16.0    14.9    14.3    12.7    11.3
13301 20240430  2.622  -93.15   39.87    26.2    11.1    18.6    18.9     0.0    17.58 C    31.2     7.6    17.5    86.0    43.4    66.3   0.450   0.455   0.525   0.528   0.486    15.9    14.9    14.5    13.0    11.5
13301 20240501  2.622  -93.15   39.87    22.5    12.7    17.6    18.0     0.0    21.45 C    29.0    10.7    17.5    86.4    33.6    54.2   0.414   0.416   0.495   0.529   0.486    16.3    15.3    14.9    13.3    11.7
13301 20240502  2.622  -93.15   39.87    20.8    13.7    17.3    17.4    40.1     2.93 C    22.1     9.3    16.1    93.7    46.5    85.4   0.466   0.448   0.498   0.529   0.485    16.0    15.3    15.0    13.5    11.9
13301 20240503  2.622  -93.15   39.87    22.2     9.6    15.9    16.3     0.0    26.85 C    29.6     3.9    15.6    94.6    40.8    69.7   0.502   0.480   0.517   0.529   0.486    16.3    15.4    15.1    13.7    12.1
13301 20240504  2.622  -93.15   39.87    19.7     8.4    14.1    15.6     1.9     9.93 C    28.7     4.6    16.0    88.5    66.5    79.5   0.487   0.480   0.522   0.529   0.485    16.3    15.7    15.4    13.9    12.3
13301 20240505  2.622  -93.15   39.87    20.3     6.5    13.4    13.6     0.3    23.95 C    30.3     3.7    15.4    90.4    47.1    74.4   0.455   0.461   0.520   0.528   0.485    15.6    15.0    15.0    14.0    12.5
13301 20240506  2.622  -93.15   39.87    23.7    13.8    18.7    19.0     0.0    16.92 C    32.5    12.1    19.9    89.8    60.6    77.8   0.428   0.430   0.507   0.531   0.485    17.1    15.9    15.4    14.0    12.6
13301 20240507  2.622  -93.15   39.87    24.1    13.0    18.6    18.4    11.2    25.13 C    32.6     9.3    18.4    93.3    29.8    66.7   0.486   0.482   0.521   0.528   0.486    18.1    16.8    16.1    14.3    12.7
13301 20240508  2.622  -93.15   39.87    24.7    10.3    17.5    18.1     0.0    19.52 C    32.3     7.1    17.7    92.4    44.4    69.9   0.448   0.454   0.521   0.528   0.485    17.5    16.6    16.3    14.7    12.9
13301 20240509  2.622  -93.15   39.87    20.7    11.3    16.0    16.3     0.0    21.29 C    29.7     8.4    16.9    92.3    49.7    69.0   0.416   0.419   0.495   0.530   0.487    17.4    16.8    16.4    14.8    13.0
13301 20240510  2.622  -93.15   39.87    22.9     9.5    16.2    16.9     0.0    26.83 C    32.9     6.7    17.6    95.0    37.4    62.5   0.398   0.402   0.474   0.521   0.486    17.2    16.4    16.3    14.9    13.2
13301 20240511  2.622  -93.15   39.87    24.7     9.4    17.0    18.3     0.0    27.23 C    33.4     4.8    17.4    82.4    28.2    49.4   0.381   0.393   0.464   0.478   0.485    17.4    16.6    16.4    15.0    13.3
13301 20240512  2.622  -93.15   39.87    27.2    12.4    19.8    20.3     0.0    21.56 C    34.4     8.7    19.2    77.3    35.9    57.3   0.362   0.384   0.457   0.439   0.485    17.9    16.9    16.6    15.1    13.4
13301 20240513  2.622  -93.15   39.87    21.3    15.2    18.2    16.9    31.9     6.34 C    24.7    12.8    17.0    94.2    65.4    88.5   0.422   0.425   0.486   0.455   0.485    17.9    17.3    17.0    15.3    13.5
13301 20240514  2.622  -93.15   39.87    22.8    14.7    18.8    17.1     6.0    12.25 C    29.9    12.2    17.6    94.9    61.9    88.9   0.512   0.483   0.538   0.529   0.486    17.8    17.1    16.9    15.4    13.7
13301 20240515  2.622  -93.15   39.87    20.7    14.7    17.7    17.2     0.4    13.81 C    27.8    14.3    18.7    93.5    71.3    85.3   0.505   0.483   0.545   0.530   0.486    18.1    17.2    17.0    15.5    13.8
13301 20240516  2.622  -93.15   39.87    23.6    14.8    19.2    19.1     0.0    18.75 C    31.5    12.2    19.6    94.8    61.5    81.9   0.482   0.479   0.543   0.529   0.486    18.8    17.7    17.2    15.7    13.9
13301 20240517  2.622  -93.15   39.87    26.4    12.1    19.2    20.7     0.0    27.72 C    34.8    10.9    20.8    95.6    42.6    70.2   0.441   0.448   0.520   0.529   0.484    19.3    18.2    17.6    15.9    14.1
13301 20240518  2.622  -93.15   39.87    28.5    15.9    22.2    22.9     0.0    28.46 C    34.9    13.2    22.8    89.5    45.9    69.4   0.410   0.414   0.490   0.529   0.486    20.4    19.0    18.1    16.1    14.2
13301 20240519  2.622  -93.15   39.87    29.6    17.4    23.5    23.7     0.0    25.04 C    35.6    14.8    23.5    88.9    49.8    62.5   0.390   0.401   0.475   0.519   0.484    21.2    19.7    18.8    16.5    14.4
13301 20240520  2.622  -93.15   39.87    28.3    18.0    23.2    23.3     0.0    24.40 C    35.4    17.4    23.9    80.9    48.3    65.1   0.372   0.392   0.466   0.471   0.486    21.8    20.4    19.4    16.9    14.6
13301 20240521  2.622  -93.15   39.87    28.7    15.5    22.1    22.8     5.5    12.66 C    32.2    13.7    21.5    82.0    56.9    69.9   0.361   0.384   0.460   0.434   0.487    21.4    20.5    19.8    17.3    14.8
13301 20240522  2.622  -93.15   39.87    22.6    12.0    17.3    17.2     0.0    25.99 C    30.6     9.3    17.7    87.1    38.3    61.9   0.363   0.378   0.454   0.408   0.485    20.0    19.6    19.4    17.5    15.0
13301 20240523  2.622  -93.15   39.87    27.0     9.4    18.2    20.1     0.0    27.49 C    34.0     6.9    20.1    85.2    50.2    65.8   0.346   0.369   0.446   0.391   0.485    19.8    19.0    18.9    17.3    15.2
13301 20240524  2.622  -93.15   39.87    27.8    13.8    20.8    21.4     2.7    15.62 C    31.3    10.6    20.5    90.5    48.1    72.3   0.335   0.361   0.441   0.383   0.484    20.8    19.9    19.3    17.4    15.3
13301 20240525  2.622  -93.15   39.87    25.7     7.7    16.7    19.0     0.7    29.47 C    31.9     5.9    19.2    92.9    34.7    59.3   0.323   0.352   0.432   0.374   0.482    19.8    19.2    19.0    17.4    15.4
13301 20240526  2.622  -93.15   39.87    25.7    16.1    20.9    20.9     5.7    26.93 C    32.7    14.6    21.8    90.4    52.6    72.0   0.334   0.343   0.419   0.375   0.482    21.0    19.8    19.2    17.4    15.5
13301 20240527  2.622  -93.15   39.87    25.1    13.1    19.1    19.6     0.0    26.51 C    31.4    10.0    19.1    95.3    32.2    64.5   0.325   0.336   0.408   0.373   0.483    20.6    19.9    19.5    17.6    15.6
13301 20240528  2.622  -93.15   39.87    24.7    12.2    18.5    18.7     0.3    24.50 C    32.1     8.0    17.6    75.5    34.4    59.1   0.307   0.327   0.398   0.371   0.483    19.6    19.3    19.2    17.7    15.7
13301 20240529  2.622  -93.15   39.87    23.6    11.0    17.3    17.9     0.0    29.31 C    32.0     7.6    18.0    83.4    37.9    58.9   0.289   0.314   0.387   0.372   0.484    19.5    18.9    18.9    17.5    15.8
13301 20240530  2.622  -93.15   39.87    26.1    12.5    19.3    20.0     0.0    24.22 C    31.6     9.3    19.6    76.2    44.9    59.3   0.271   0.301   0.377   0.369   0.485    19.7    19.0    18.8    17.5    15.8
13301 20240531  2.622  -93.15   39.87    25.1    16.4    20.7    20.5     0.0    17.80 C    31.4    14.4    20.1    85.0    42.1    61.2   0.256   0.289   0.368   0.365   0.483    20.2    19.4    19.1    17.5    15.8
13301 20240601  2.622  -93.15   39.87    25.8    17.1    21.5    20.4     2.2    17.27 C    31.0    14.6    21.0    93.7    53.7    78.5   0.249   0.281   0.361   0.365   0.484    20.5    19.6    19.2    17.6    15.9
13301 20240602  2.622  -93.15   39.87    26.7    15.8    21.2    21.8     0.0    16.04 C    29.8    13.8    21.0    93.1    59.2    75.5   0.244   0.275   0.355   0.364   0.483    20.5    19.7    19.3    17.8    16.0
13301 20240603  2.622  -93.15   39.87    28.9    19.9    24.4    24.4     0.0    22.04 C    33.1    18.6    24.1    87.5    50.7    70.7   0.238   0.268   0.348   0.362   0.475    21.7    20.4    19.7    17.9    16.1
13301 20240604  2.622  -93.15   39.87    28.3    18.4    23.3    22.9     8.7    19.65 C    35.3    17.5    23.3    89.1    54.4    75.2   0.230   0.262   0.342   0.360   0.460    22.2    21.0    20.2    18.2    16.2
13301 20240605  2.622  -93.15   39.87    27.0    14.7    20.8    21.2     0.4    29.37 C    31.6    15.1    21.8    94.4    38.3    64.2   0.244   0.298   0.338   0.356   0.452    21.9    21.0    20.4    18.4    16.3
13301 20240606  2.622  -93.15   39.87    26.7    15.1    20.9    21.5     0.0    29.28 C    31.8     9.9    19.7    83.8    21.6    45.6   0.236   0.274   0.331   0.353   0.448    21.1    20.6    20.3    18.6    16.4
13301 20240607  2.622  -93.15   39.87    31.1    11.8    21.4    22.5     1.1    27.08 C    36.1     8.1    21.6    89.0    30.1    54.4   0.225   0.256   0.321   0.349   0.442    20.7    20.0    19.9    18.5    16.6
13301 20240608  2.622  -93.15   39.87    29.3    16.0    22.6    22.4     6.7    21.12 C    35.5    12.9    25.2    91.4    57.1    75.1   0.244   0.266   0.316   0.345   0.437    22.1    21.0    20.3    18.5    16.6
13301 20240609  2.622  -93.15   39.87    26.8    15.8    21.3    21.3     0.0    26.74 C    32.8    10.7    20.6    91.2    29.1    55.4   0.235   0.254   0.312   0.341   0.425    21.4    20.8    20.5    18.7    16.7
13301 20240610  2.622  -93.15   39.87    24.7    12.3    18.5    19.2     0.0    26.94 C    33.0     9.6    19.1    72.1    44.9    56.8   0.223   0.241   0.305   0.335   0.417    20.6    20.1    20.1    18.7    16.8
13301 20240611  2.622  -93.15   39.87    27.8    12.1    19.9    21.3     0.0    24.80 C    33.2     9.3    20.3    77.9    44.2    60.8   0.214   0.231   0.299   0.330   0.413    20.6    19.9    19.9    18.6    16.9
13301 20240612  2.622  -93.15   39.87    30.3    16.5    23.4    24.5     0.0    27.76 C    36.5    12.7    23.9    90.2    43.4    63.4   0.205   0.222   0.293   0.324   0.408    21.7    20.6    20.1    18.6    16.9
13301 20240613  2.622  -93.15   39.87    32.8    21.5    27.1    26.3     7.4    24.53 C    39.3    18.2    27.2    94.0    52.7    70.2   0.200   0.213   0.288   0.316   0.405    23.3    21.7    20.8    18.8    16.9
13301 20240614  2.622  -93.15   39.87    30.1    18.6    24.4    24.8     0.0    28.20 C    35.5    13.9    26.9    94.3    27.1    61.3   0.206   0.211   0.286   0.307   0.399    23.4    22.3    21.4    19.3    17.0
13301 20240615  2.622  -93.15   39.87    29.1    16.7    22.9    22.8     4.4    13.53 C    29.6    13.4    21.5    85.1    51.0    68.4   0.208   0.207   0.283   0.305   0.398    21.7    21.3    21.1    19.4    17.2
13301 20240616  2.622  -93.15   39.87    31.1    23.8    27.4    26.8     0.0    19.32 C    34.3    22.3    26.0    85.7    54.9    70.9   0.213   0.206   0.281   0.303   0.399    23.3    21.9    21.2    19.4    17.3
13301 20240617  2.622  -93.15   39.87    31.8    23.6    27.7    27.5     0.0    24.92 C    37.0    21.8    27.1    83.5    46.6    66.8   0.206   0.205   0.279   0.296   0.397    24.1    22.7    21.8    19.6    17.4
13301 20240618  2.622  -93.15   39.87    31.2    22.6    26.9    26.8     0.0    23.97 C    36.0    21.5    26.7    86.0    50.4    67.2   0.198   0.202   0.276   0.287   0.392    24.3    23.1    22.2    20.0    17.5
13301 20240619  2.622  -93.15   39.87    27.8    22.0    24.9    23.8    19.1    12.48 C    35.4    20.8    24.7    92.0    69.3    82.4   0.240   0.235   0.272   0.280   0.389    23.8    23.0    22.3    20.2    17.7
13301 20240620  2.622  -93.15   39.87    31.4    20.7    26.1    26.1     0.0    27.27 C    36.7    18.4    26.6    93.9    53.2    75.5   0.311   0.264   0.271   0.279   0.388    24.6    23.3    22.4    20.3    17.9
13301 20240621  2.622  -93.15   39.87    31.4    20.9    26.2    26.2     0.0    22.57 C    35.5    18.7    25.8    88.4    57.3    74.7   0.290   0.252   0.271   0.276   0.385    24.9    23.8    22.9    20.6    18.0
13301 20240622  2.622  -93.15   39.87    32.4    22.4    27.4    26.8    16.5    21.49 C    35.5    20.8    26.8    90.9    54.6    71.7   0.284   0.252   0.272   0.273   0.382    25.2    24.0    23.1    20.8    18.2
13301 20240623  2.622  -93.15   39.87    30.9    19.9    25.4    25.5     0.0    29.33 C    34.7    18.2    27.0    90.5    44.4    70.0   0.350   0.312   0.285   0.270   0.377    25.1    24.1    23.4    21.0    18.3
13301 20240624  2.622  -93.15   39.87    34.7    20.3    27.5    28.3     0.0    28.14 C    36.4    17.9    27.5    91.3    53.5    69.2   0.317   0.296   0.286   0.268   0.374    25.5    24.2    23.5    21.2    18.5
13301 20240625  2.622  -93.15   39.87    34.1    23.6    28.8    28.9     1.6    23.32 C    38.0    22.7    27.8    73.2    53.5    63.6   0.293   0.282   0.286   0.263   0.368    26.2    24.9    24.0    21.4    18.6
13301 20240626  2.622  -93.15   39.87    29.4    19.4    24.4    23.9    46.6    25.65 C    34.1    17.4    25.6    94.1    45.5    73.2   0.409   0.409   0.487   0.297   0.402    24.2    23.9    23.7    21.6    18.8
13301 20240627  2.622  -93.15   39.87    29.2    17.9    23.5    24.1     0.0    24.04 C    33.6    15.0    23.5    80.6    46.2    63.0   0.367   0.368   0.460   0.292   0.394    24.2    23.6    23.3    21.5    19.0
13301 20240628  2.622  -93.15   39.87    27.6    22.3    25.0    24.3     0.0    12.54 C    30.6    20.7    23.5    85.9    65.6    73.1   0.351   0.358   0.448   0.286   0.387    24.1    23.6    23.3    21.4    19.1
13301 20240629  2.622  -93.15   39.87    29.1    19.1    24.1    24.8     1.7    15.44 C    33.5    17.5    24.3    93.6    50.4    76.8   0.343   0.351   0.441   0.282   0.380    24.3    23.6    23.2    21.3    19.1
13301 20240630  2.622  -93.15   39.87    25.1    14.5    19.8    19.9     0.0    28.91 C    31.4    12.8    20.6    85.4    44.8    63.8   0.328   0.340   0.432   0.279   0.375    23.1    22.9    22.9    21.3    19.2
13301 20240701  2.622  -93.15   39.87    23.5    14.5    19.0    18.8     0.7    18.83 C    27.1    12.9    18.5    81.6    34.5    59.9   0.310   0.330   0.421   0.275   0.371    21.8    21.9    22.2    21.0    19.2
13301 20240702  2.622  -93.15   39.87 -9999.0 -9999.0 -9999.0 -9999.0 -9999.0 -9999.00 U -9999.0 -9999.0 -9999.0 -9999.0 -9999.0 -9999.0 -99.000 -99.000 -99.000 -99.000 -99.000 -9999.0 -9999.0 -9999.0 -9999.0 -9999.0
