23801 20240101  7.001  -86.00   31.79    15.8     1.7     8.7     8.1     0.0 -9999.00 U -9999.0 -9999.0 -9999.0   100.0    44.9    70.2 -99.000 -99.000 -99.000 -99.000 -99.000 -9999.0 -9999.0 -9999.0 -9999.0 -9999.0
23801 20240102  7.001  -86.00   31.79    12.3    -4.1     4.1     2.7     0.0 -9999.00 U -9999.0 -9999.0 -9999.0    96.6    34.5    72.4 -99.000 -99.000 -99.000 -99.000 -99.000 -9999.0 -9999.0 -9999.0 -9999.0 -9999.0
23801 20240103  7.001  -86.00   31.79     6.3    -2.3     2.0     3.3     3.6 -9999.00 U -9999.0 -9999.0 -9999.0    99.7    70.2    91.9 -99.000 -99.000 -99.000 -99.000 -99.000 -9999.0 -9999.0 -9999.0 -9999.0 -9999.0
23801 20240104  7.001  -86.00   31.79    12.3    -1.2     5.6     4.2     0.0 -9999.00 U -9999.0 -9999.0 -9999.0   100.0    48.2    83.2 -99.000 -99.000 -99.000 -99.000 -99.000 -9999.0 -9999.0 -9999.0 -9999.0 -9999.0
23801 20240105  7.001  -86.00   31.79    15.6     0.7     8.2     9.3     6.1 -9999.00 U -9999.0 -9999.0 -9999.0    95.4    41.0    72.5 -99.000 -99.000 -99.000 -99.000 -99.000 -9999.0 -9999.0 -9999.0 -9999.0 -9999.0
23801 20240106  7.001  -86.00   31.79    16.2     5.5    10.8    12.2     0.0 -9999.00 U -9999.0 -9999.0 -9999.0   100.0    56.5    84.8 -99.000 -99.000 -99.000 -99.000 -99.000 -9999.0 -9999.0 -9999.0 -9999.0 -9999.0
23801 20240107  7.001  -86.00   31.79    12.0     1.4     6.7     6.5     0.0 -9999.00 U -9999.0 -9999.0 -9999.0    98.8    46.7    76.8 -99.000 -99.000 -99.000 -99.000 -99.000 -9999.0 -9999.0 -9999.0 -9999.0 -9999.0
23801 20240108  7.001  -86.00   31.79    13.5     4.6     9.1     8.7     4.8 -9999.00 U -9999.0 -9999.0 -9999.0    94.8    49.9    73.1 -99.000 -99.000 -99.000 -99.000 -99.000 -9999.0 -9999.0 -9999.0 -9999.0 -9999.0
23801 20240109  7.001  -86.00   31.79    19.9     4.3    12.1    11.7    54.1 -9999.00 U -9999.0 -9999.0 -9999.0    98.4    54.6    78.9 -99.000 -99.000 -99.000 -99.000 -99.000 -9999.0 -9999.0 -9999.0 -9999.0 -9999.0
23801 20240110  7.001  -86.00   31.79    12.4    -1.4     5.5     5.9     0.0 -9999.00 U -9999.0 -9999.0 -9999.0    93.7    37.2    64.8 -99.000 -99.000 -99.000 -99.000 -99.000 -9999.0 -9999.0 -9999.0 -9999.0 -9999.0
23801 20240111  7.001  -86.00   31.79    18.0     3.2    10.6    10.2     0.0 -9999.00 U -9999.0 -9999.0 -9999.0    96.1    49.2    75.5 -99.000 -99.000 -99.000 -99.000 -99.000 -9999.0 -9999.0 -9999.0 -9999.0 -9999.0
23801 20240112  7.001  -86.00   31.79    21.8     8.2    15.0    13.9     4.4 -9999.00 U -9999.0 -9999.0 -9999.0    97.8    36.4    77.9 -99.000 -99.000 -99.000 -99.000 -99.000 -9999.0 -9999.0 -9999.0 -9999.0 -9999.0
23801 20240113  7.001  -86.00   31.79    10.4    -0.8     4.8     3.8     0.0 -9999.00 U -9999.0 -9999.0 -9999.0    94.7    30.0    61.4 -99.000 -99.000 -99.000 -99.000 -99.000 -9999.0 -9999.0 -9999.0 -9999.0 -9999.0
23801 20240114  7.001  -86.00   31.79    16.0    -2.6     6.7     6.3     0.0 -9999.00 U -9999.0 -9999.0 -9999.0    99.2    14.3    60.9 -99.000 -99.000 -99.000 -99.000 -99.000 -9999.0 -9999.0 -9999.0 -9999.0 -9999.0
23801 20240115  7.001  -86.00   31.79    19.1    -1.2     9.0     9.8     0.0 -9999.00 U -9999.0 -9999.0 -9999.0    94.5    25.0    62.1 -99.000 -99.000 -99.000 -99.000 -99.000 -9999.0 -9999.0 -9999.0 -9999.0 -9999.0
23801 20240116  7.001  -86.00   31.79     9.0    -6.5     1.3    -0.8     2.2 -9999.00 U -9999.0 -9999.0 -9999.0    96.0    57.8    76.8 -99.000 -99.000 -99.000 -99.000 -99.000 -9999.0 -9999.0 -9999.0 -9999.0 -9999.0
23801 20240117  7.001  -86.00   31.79     5.9    -9.2    -1.7    -3.1     0.0 -9999.00 U -9999.0 -9999.0 -9999.0    90.5    20.8    58.4 -99.000 -99.000 -99.000 -99.000 -99.000 -9999.0 -9999.0 -9999.0 -9999.0 -9999.0
23801 20240118  7.001  -86.00   31.79    13.6    -6.3     3.6     5.1     1.3 -9999.00 U -9999.0 -9999.0 -9999.0    97.8    32.5    64.3 -99.000 -99.000 -99.000 -99.000 -99.000 -9999.0 -9999.0 -9999.0 -9999.0 -9999.0
23801 20240119  7.001  -86.00   31.79    12.0    -0.6     5.7     7.2     0.0 -9999.00 U -9999.0 -9999.0 -9999.0    98.4    37.1    68.8 -99.000 -99.000 -99.000 -99.000 -99.000 -9999.0 -9999.0 -9999.0 -9999.0 -9999.0
23801 20240120  7.001  -86.00   31.79     2.6    -4.6    -1.0    -1.6     0.0 -9999.00 U -9999.0 -9999.0 -9999.0    78.5    31.0    55.3 -99.000 -99.000 -99.000 -99.000 -99.000 -9999.0 -9999.0 -9999.0 -9999.0 -9999.0
23801 20240121  7.001  -86.00   31.79     6.6    -7.8    -0.6    -1.0     0.0 -9999.00 U -9999.0 -9999.0 -9999.0    68.6    23.4    47.7 -99.000 -99.000 -99.000 -99.000 -99.000 -9999.0 -9999.0 -9999.0 -9999.0 -9999.0
23801 20240122  7.001  -86.00   31.79    15.1    -0.7     7.2     7.4     0.0 -9999.00 U -9999.0 -9999.0 -9999.0    73.9    42.0    54.4 -99.000 -99.000 -99.000 -99.000 -99.000 -9999.0 -9999.0 -9999.0 -9999.0 -9999.0
23801 20240123  7.001  -86.00   31.79    18.3    10.8    14.6    14.3     1.1 -9999.00 U -9999.0 -9999.0 -9999.0    95.8    68.7    83.4 -99.000 -99.000 -99.000 -99.000 -99.000 -9999.0 -9999.0 -9999.0 -9999.0 -9999.0
23801 20240124  7.001  -86.00   31.79    24.1    14.8    19.5    19.6     6.2 -9999.00 U -9999.0 -9999.0 -9999.0    99.1    67.9    85.4 -99.000 -99.000 -99.000 -99.000 -99.000 -9999.0 -9999.0 -9999.0 -9999.0 -9999.0
23801 20240125  7.001  -86.00   31.79    23.3    15.5    19.4    18.9    52.2 -9999.00 U -9999.0 -9999.0 -9999.0   100.0    82.1    95.2 -99.000 -99.000 -99.000 -99.000 -99.000 -9999.0 -9999.0 -9999.0 -9999.0 -9999.0
23801 20240126  7.001  -86.00   31.79    22.6    13.5    18.0    18.3     0.0 -9999.00 U -9999.0 -9999.0 -9999.0   100.0    64.4    86.7 -99.000 -99.000 -99.000 -99.000 -99.000 -9999.0 -9999.0 -9999.0 -9999.0 -9999.0
23801 20240127  7.001  -86.00   31.79    18.4    10.1    14.3    16.8    27.9 -9999.00 U -9999.0 -9999.0 -9999.0    99.8    83.3    95.2 -99.000 -99.000 -99.000 -99.000 -99.000 -9999.0 -9999.0 -9999.0 -9999.0 -9999.0
23801 20240128  7.001  -86.00   31.79    10.8     6.5     8.7     8.7     0.0 -9999.00 U -9999.0 -9999.0 -9999.0    87.0    67.4    76.5 -99.000 -99.000 -99.000 -99.000 -99.000 -9999.0 -9999.0 -9999.0 -9999.0 -9999.0
23801 20240129  7.001  -86.00   31.79    14.3     1.2     7.8     8.0     0.0 -9999.00 U -9999.0 -9999.0 -9999.0    98.6    45.0    70.0 -99.000 -99.000 -99.000 -99.000 -99.000 -9999.0 -9999.0 -9999.0 -9999.0 -9999.0
23801 20240130  7.001  -86.00   31.79    18.1    -1.3     8.4     8.9     0.0 -9999.00 U -9999.0 -9999.0 -9999.0   100.0    36.1    69.3 -99.000 -99.000 -99.000 -99.000 -99.000 -9999.0 -9999.0 -9999.0 -9999.0 -9999.0
23801 20240131  7.001  -86.00   31.79    14.6     1.3     8.0     8.6     0.0 -9999.00 U -9999.0 -9999.0 -9999.0    99.9    37.9    69.7 -99.000 -99.000 -99.000 -99.000 -99.000 -9999.0 -9999.0 -9999.0 -9999.0 -9999.0
23801 20240201  7.001  -86.00   31.79    15.8    -1.5     7.2     6.7     0.0 -9999.00 U -9999.0 -9999.0 -9999.0    99.9    36.6    75.4 -99.000 -99.000 -99.000 -99.000 -99.000 -9999.0 -9999.0 -9999.0 -9999.0 -9999.0
23801 20240202  7.001  -86.00   31.79    20.2     2.0    11.1    10.5     0.0 -9999.00 U -9999.0 -9999.0 -9999.0   100.0    32.1    70.5 -99.000 -99.000 -99.000 -99.000 -99.000 -9999.0 -9999.0 -9999.0 -9999.0 -9999.0
23801 20240203  7.001  -86.00   31.79    20.5     2.5    11.5    12.6     0.0 -9999.00 U -9999.0 -9999.0 -9999.0    99.6    40.7    67.8 -99.000 -99.000 -99.000 -99.000 -99.000 -9999.0 -9999.0 -9999.0 -9999.0 -9999.0
23801 20240204  7.001  -86.00   31.79    13.9     6.6    10.3     8.6    71.8 -9999.00 U -9999.0 -9999.0 -9999.0    99.4    73.4    94.6 -99.000 -99.000 -99.000 -99.000 -99.000 -9999.0 -9999.0 -9999.0 -9999.0 -9999.0
23801 20240205  7.001  -86.00   31.79    11.8     4.8     8.3     8.1     0.4 -9999.00 U -9999.0 -9999.0 -9999.0    99.9    72.0    91.0 -99.000 -99.000 -99.000 -99.000 -99.000 -9999.0 -9999.0 -9999.0 -9999.0 -9999.0
23801 20240206  7.001  -86.00   31.79    18.6     3.0    10.8     9.4     0.0 -9999.00 U -9999.0 -9999.0 -9999.0   100.0    32.9    73.8 -99.000 -99.000 -99.000 -99.000 -99.000 -9999.0 -9999.0 -9999.0 -9999.0 -9999.0
23801 20240207  7.001  -86.00   31.79    17.3    -0.4     8.5     8.8     0.0 -9999.00 U -9999.0 -9999.0 -9999.0    99.9    26.6    63.6 -99.000 -99.000 -99.000 -99.000 -99.000 -9999.0 -9999.0 -9999.0 -9999.0 -9999.0
23801 20240208  7.001  -86.00   31.79    17.7     2.4    10.0    11.4     0.0 -9999.00 U -9999.0 -9999.0 -9999.0    86.2    40.9    59.6 -99.000 -99.000 -99.000 -99.000 -99.000 -9999.0 -9999.0 -9999.0 -9999.0 -9999.0
23801 20240209  7.001  -86.00   31.79    23.2     8.9    16.0    16.3     0.0 -9999.00 U -9999.0 -9999.0 -9999.0    93.0    55.7    77.0 -99.000 -99.000 -99.000 -99.000 -99.000 -9999.0 -9999.0 -9999.0 -9999.0 -9999.0
23801 20240210  7.001  -86.00   31.79    18.9    15.7    17.3    17.1     6.5 -9999.00 U -9999.0 -9999.0 -9999.0    99.3    83.3    94.0 -99.000 -99.000 -99.000 -99.000 -99.000 -9999.0 -9999.0 -9999.0 -9999.0 -9999.0
23801 20240211  7.001  -86.00   31.79    21.6    17.3    19.4    19.3     1.6 -9999.00 U -9999.0 -9999.0 -9999.0   100.0    82.5    95.0 -99.000 -99.000 -99.000 -99.000 -99.000 -9999.0 -9999.0 -9999.0 -9999.0 -9999.0
23801 20240212  7.001  -86.00   31.79    20.3     9.1    14.7    15.8    19.9 -9999.00 U -9999.0 -9999.0 -9999.0    99.8    65.8    89.1 -99.000 -99.000 -99.000 -99.000 -99.000 -9999.0 -9999.0 -9999.0 -9999.0 -9999.0
23801 20240213  7.001  -86.00   31.79    14.3     1.3     7.8     8.2     0.0 -9999.00 U -9999.0 -9999.0 -9999.0    97.7    35.1    66.5 -99.000 -99.000 -99.000 -99.000 -99.000 -9999.0 -9999.0 -9999.0 -9999.0 -9999.0
23801 20240214  7.001  -86.00   31.79    18.7    -1.2     8.8     8.5     0.0 -9999.00 U -9999.0 -9999.0 -9999.0    99.9    28.4    68.3 -99.000 -99.000 -99.000 -99.000 -99.000 -9999.0 -9999.0 -9999.0 -9999.0 -9999.0
23801 20240215  7.001  -86.00   31.79    20.6     3.3    11.9    11.8     0.0 -9999.00 U -9999.0 -9999.0 -9999.0    99.2    25.2    63.1 -99.000 -99.000 -99.000 -99.000 -99.000 -9999.0 -9999.0 -9999.0 -9999.0 -9999.0
23801 20240216  7.001  -86.00   31.79    18.8     7.5    13.1    13.2     0.0 -9999.00 U -9999.0 -9999.0 -9999.0    95.6    37.8    75.4 -99.000 -99.000 -99.000 -99.000 -99.000 -9999.0 -9999.0 -9999.0 -9999.0 -9999.0
23801 20240217  7.001  -86.00   31.79    14.1     3.6     8.8     9.1     0.0 -9999.00 U -9999.0 -9999.0 -9999.0    96.5    57.1    76.1 -99.000 -99.000 -99.000 -99.000 -99.000 -9999.0 -9999.0 -9999.0 -9999.0 -9999.0
23801 20240218  7.001  -86.00   31.79    11.3     1.4     6.3     4.9     0.0 -9999.00 U -9999.0 -9999.0 -9999.0    86.5    29.8    56.1 -99.000 -99.000 -99.000 -99.000 -99.000 -9999.0 -9999.0 -9999.0 -9999.0 -9999.0
23801 20240219  7.001  -86.00   31.79    16.3    -2.8     6.8     6.3     0.0 -9999.00 U -9999.0 -9999.0 -9999.0    94.1    15.5    55.0 -99.000 -99.000 -99.000 -99.000 -99.000 -9999.0 -9999.0 -9999.0 -9999.0 -9999.0
23801 20240220  7.001  -86.00   31.79    18.3    -2.2     8.1     7.9     0.0 -9999.00 U -9999.0 -9999.0 -9999.0    96.0    22.3    59.4 -99.000 -99.000 -99.000 -99.000 -99.000 -9999.0 -9999.0 -9999.0 -9999.0 -9999.0
23801 20240221  7.001  -86.00   31.79    21.0     0.5    10.7    11.4     0.0 -9999.00 U -9999.0 -9999.0 -9999.0    95.6    24.7    56.1 -99.000 -99.000 -99.000 -99.000 -99.000 -9999.0 -9999.0 -9999.0 -9999.0 -9999.0
23801 20240222  7.001  -86.00   31.79    23.2     6.9    15.1    15.1     0.0 -9999.00 U -9999.0 -9999.0 -9999.0    92.2    47.4    71.6 -99.000 -99.000 -99.000 -99.000 -99.000 -9999.0 -9999.0 -9999.0 -9999.0 -9999.0
23801 20240223  7.001  -86.00   31.79    20.8    10.1    15.5    16.9     0.0 -9999.00 U -9999.0 -9999.0 -9999.0    94.3    33.5    65.6 -99.000 -99.000 -99.000 -99.000 -99.000 -9999.0 -9999.0 -9999.0 -9999.0 -9999.0
23801 20240224  7.001  -86.00   31.79    21.3     5.3    13.3    13.6     0.0 -9999.00 U -9999.0 -9999.0 -9999.0    82.6    21.8    46.5 -99.000 -99.000 -99.000 -99.000 -99.000 -9999.0 -9999.0 -9999.0 -9999.0 -9999.0
23801 20240225  7.001  -86.00   31.79    20.8     0.7    10.8    11.7     0.0 -9999.00 U -9999.0 -9999.0 -9999.0    93.4    21.8    51.2 -99.000 -99.000 -99.000 -99.000 -99.000 -9999.0 -9999.0 -9999.0 -9999.0 -9999.0
23801 20240226  7.001  -86.00   31.79    24.2     4.4    14.3    15.0     0.0 -9999.00 U -9999.0 -9999.0 -9999.0    93.4    38.2    64.6 -99.000 -99.000 -99.000 -99.000 -99.000 -9999.0 -9999.0 -9999.0 -9999.0 -9999.0
23801 20240227  7.001  -86.00   31.79    25.3    15.1    20.2    19.8     0.0 -9999.00 U -9999.0 -9999.0 -9999.0    95.9    53.9    80.0 -99.000 -99.000 -99.000 -99.000 -99.000 -9999.0 -9999.0 -9999.0 -9999.0 -9999.0
23801 20240228  7.001  -86.00   31.79    26.8     9.3    18.1    18.9     0.0 -9999.00 U -9999.0 -9999.0 -9999.0    93.8    37.7    71.7 -99.000 -99.000 -99.000 -99.000 -99.000 -9999.0 -9999.0 -9999.0 -9999.0 -9999.0
23801 20240229  7.001  -86.00   31.79    14.5     5.9    10.2    10.7     0.0 -9999.00 U -9999.0 -9999.0 -9999.0    44.9    30.3    36.6 -99.000 -99.000 -99.000 -99.000 -99.000 -9999.0 -9999.0 -9999.0 -9999.0 -9999.0
23801 20240301  7.001  -86.00   31.79    12.7     8.5    10.6    10.4    17.8 -9999.00 U -9999.0 -9999.0 -9999.0    98.8    39.2    81.3 -99.000 -99.000 -99.000 -99.000 -99.000 -9999.0 -9999.0 -9999.0 -9999.0 -9999.0
23801 20240302  7.001  -86.00   31.79    20.0    10.8    15.4    15.1     0.4 -9999.00 U -9999.0 -9999.0 -9999.0   100.0    78.7    93.8 -99.000 -99.000 -99.000 -99.000 -99.000 -9999.0 -9999.0 -9999.0 -9999.0 -9999.0
23801 20240303  7.001  -86.00   31.79    24.6    15.6    20.1    18.6     0.0 -9999.00 U -9999.0 -9999.0 -9999.0   100.0    59.1    87.0 -99.000 -99.000 -99.000 -99.000 -99.000 -9999.0 -9999.0 -9999.0 -9999.0 -9999.0
23801 20240304  7.001  -86.00   31.79    23.3    16.0    19.7    19.0     0.0 -9999.00 U -9999.0 -9999.0 -9999.0    98.2    63.4    83.9 -99.000 -99.000 -99.000 -99.000 -99.000 -9999.0 -9999.0 -9999.0 -9999.0 -9999.0
23801 20240305  7.001  -86.00   31.79    20.7    17.2    18.9    18.5     4.6 -9999.00 U -9999.0 -9999.0 -9999.0    99.4    76.1    89.9 -99.000 -99.000 -99.000 -99.000 -99.000 -9999.0 -9999.0 -9999.0 -9999.0 -9999.0
23801 20240306  7.001  -86.00   31.79    22.7    11.3    17.0    17.5     0.0 -9999.00 U -9999.0 -9999.0 -9999.0    99.8    54.6    85.2 -99.000 -99.000 -99.000 -99.000 -99.000 -9999.0 -9999.0 -9999.0 -9999.0 -9999.0
23801 20240307  7.001  -86.00   31.79    24.5     7.7    16.1    16.5     0.0 -9999.00 U -9999.0 -9999.0 -9999.0   100.0    37.8    73.7 -99.000 -99.000 -99.000 -99.000 -99.000 -9999.0 -9999.0 -9999.0 -9999.0 -9999.0
23801 20240308  7.001  -86.00   31.79    22.5    11.7    17.1    18.1    85.1 -9999.00 U -9999.0 -9999.0 -9999.0   100.0    58.0    82.6 -99.000 -99.000 -99.000 -99.000 -99.000 -9999.0 -9999.0 -9999.0 -9999.0 -9999.0
23801 20240309  7.001  -86.00   31.79    19.7    12.5    16.1    17.7    23.0 -9999.00 U -9999.0 -9999.0 -9999.0   100.0    67.5    85.1 -99.000 -99.000 -99.000 -99.000 -99.000 -9999.0 -9999.0 -9999.0 -9999.0 -9999.0
23801 20240310  7.001  -86.00   31.79    17.5     7.2    12.4    11.8     0.0 -9999.00 U -9999.0 -9999.0 -9999.0    86.7    28.6    57.4 -99.000 -99.000 -99.000 -99.000 -99.000 -9999.0 -9999.0 -9999.0 -9999.0 -9999.0
23801 20240311  7.001  -86.00   31.79    17.5     2.5    10.0     9.7     0.0 -9999.00 U -9999.0 -9999.0 -9999.0    97.1    17.1    53.5 -99.000 -99.000 -99.000 -99.000 -99.000 -9999.0 -9999.0 -9999.0 -9999.0 -9999.0
23801 20240312  7.001  -86.00   31.79    22.0     1.9    11.9    12.7     0.0 -9999.00 U -9999.0 -9999.0 -9999.0    97.8    19.3    55.2 -99.000 -99.000 -99.000 -99.000 -99.000 -9999.0 -9999.0 -9999.0 -9999.0 -9999.0
23801 20240313  7.001  -86.00   31.79    24.0     5.1    14.5    15.6     0.0 -9999.00 U -9999.0 -9999.0 -9999.0    99.1    40.3    70.4 -99.000 -99.000 -99.000 -99.000 -99.000 -9999.0 -9999.0 -9999.0 -9999.0 -9999.0
23801 20240314  7.001  -86.00   31.79    27.8     9.2    18.5    19.2     0.0 -9999.00 U -9999.0 -9999.0 -9999.0   100.0    46.2    75.2 -99.000 -99.000 -99.000 -99.000 -99.000 -9999.0 -9999.0 -9999.0 -9999.0 -9999.0
23801 20240315  7.001  -86.00   31.79    26.7    16.5    21.6    19.1     8.1 -9999.00 U -9999.0 -9999.0 -9999.0   100.0    64.7    93.8 -99.000 -99.000 -99.000 -99.000 -99.000 -9999.0 -9999.0 -9999.0 -9999.0 -9999.0
23801 20240316  7.001  -86.00   31.79    20.2    11.8    16.0    16.1     0.0 -9999.00 U -9999.0 -9999.0 -9999.0   100.0    70.2    92.1 -99.000 -99.000 -99.000 -99.000 -99.000 -9999.0 -9999.0 -9999.0 -9999.0 -9999.0
23801 20240317  7.001  -86.00   31.79    17.6    11.5    14.5    14.0    13.8 -9999.00 U -9999.0 -9999.0 -9999.0   100.0    70.3    93.3 -99.000 -99.000 -99.000 -99.000 -99.000 -9999.0 -9999.0 -9999.0 -9999.0 -9999.0
23801 20240318  7.001  -86.00   31.79    18.3     4.9    11.6    12.5     0.0 -9999.00 U -9999.0 -9999.0 -9999.0   100.0    24.5    59.9 -99.000 -99.000 -99.000 -99.000 -99.000 -9999.0 -9999.0 -9999.0 -9999.0 -9999.0
23801 20240319  7.001  -86.00   31.79    16.3     0.1     8.2     7.7     0.0 -9999.00 U -9999.0 -9999.0 -9999.0    92.6    18.9    47.6 -99.000 -99.000 -99.000 -99.000 -99.000 -9999.0 -9999.0 -9999.0 -9999.0 -9999.0
23801 20240320  7.001  -86.00   31.79    21.9     0.4    11.2    11.5     0.0 -9999.00 U -9999.0 -9999.0 -9999.0    97.9    23.2    58.0 -99.000 -99.000 -99.000 -99.000 -99.000 -9999.0 -9999.0 -9999.0 -9999.0 -9999.0
23801 20240321  7.001  -86.00   31.79    23.6     4.9    14.2    15.4     0.0 -9999.00 U -9999.0 -9999.0 -9999.0    97.1    29.2    60.5 -99.000 -99.000 -99.000 -99.000 -99.000 -9999.0 -9999.0 -9999.0 -9999.0 -9999.0
23801 20240322  7.001  -86.00   31.79    17.5    12.5    15.0    15.5     1.7 -9999.00 U -9999.0 -9999.0 -9999.0   100.0    60.7    86.7 -99.000 -99.000 -99.000 -99.000 -99.000 -9999.0 -9999.0 -9999.0 -9999.0 -9999.0
23801 20240323  7.001  -86.00   31.79    21.6    10.4    16.0    16.3     2.3 -9999.00 U -9999.0 -9999.0 -9999.0    99.4    42.7    73.9 -99.000 -99.000 -99.000 -99.000 -99.000 -9999.0 -9999.0 -9999.0 -9999.0 -9999.0
23801 20240324  7.001  -86.00   31.79    22.7     5.9    14.3    15.4     0.0 -9999.00 U -9999.0 -9999.0 -9999.0    88.4    39.1    57.5 -99.000 -99.000 -99.000 -99.000 -99.000 -9999.0 -9999.0 -9999.0 -9999.0 -9999.0
23801 20240325  7.001  -86.00   31.79    23.4    11.3    17.3    17.0     0.0 -9999.00 U -9999.0 -9999.0 -9999.0    80.6    51.6    67.0 -99.000 -99.000 -99.000 -99.000 -99.000 -9999.0 -9999.0 -9999.0 -9999.0 -9999.0
23801 20240326  7.001  -86.00   31.79    18.0    11.9    14.9    15.4    11.7 -9999.00 U -9999.0 -9999.0 -9999.0   100.0    75.8    89.2 -99.000 -99.000 -99.000 -99.000 -99.000 -9999.0 -9999.0 -9999.0 -9999.0 -9999.0
23801 20240327  7.001  -86.00   31.79    23.2    10.0    16.6    16.6     0.0 -9999.00 U -9999.0 -9999.0 -9999.0   100.0    34.7    68.8 -99.000 -99.000 -99.000 -99.000 -99.000 -9999.0 -9999.0 -9999.0 -9999.0 -9999.0
23801 20240328  7.001  -86.00   31.79    21.9     6.3    14.1    14.2     0.0 -9999.00 U -9999.0 -9999.0 -9999.0    85.8    18.7    49.0 -99.000 -99.000 -99.000 -99.000 -99.000 -9999.0 -9999.0 -9999.0 -9999.0 -9999.0
23801 20240329  7.001  -86.00   31.79    22.9     3.6    13.3    14.1     0.0 -9999.00 U -9999.0 -9999.0 -9999.0    94.2    18.4    49.4 -99.000 -99.000 -99.000 -99.000 -99.000 -9999.0 -9999.0 -9999.0 -9999.0 -9999.0
23801 20240330  7.001  -86.00   31.79    24.8     7.9    16.3    17.1     0.0 -9999.00 U -9999.0 -9999.0 -9999.0    93.1    32.9    61.1 -99.000 -99.000 -99.000 -99.000 -99.000 -9999.0 -9999.0 -9999.0 -9999.0 -9999.0
23801 20240331  7.001  -86.00   31.79    26.0    11.2    18.6    18.8     0.0 -9999.00 U -9999.0 -9999.0 -9999.0   100.0    47.8    75.9 -99.000 -99.000 -99.000 -99.000 -99.000 -9999.0 -9999.0 -9999.0 -9999.0 -9999.0
23801 20240401  7.001  -86.00   31.79    26.1    17.2    21.6    21.1     0.0 -9999.00 U -9999.0 -9999.0 -9999.0    98.3    61.9    84.0 -99.000 -99.000 -99.000 -99.000 -99.000 -9999.0 -9999.0 -9999.0 -9999.0 -9999.0
23801 20240402  7.001  -86.00   31.79    27.0    18.8    22.9    22.5     0.3 -9999.00 U -9999.0 -9999.0 -9999.0    97.9    59.8    84.9 -99.000 -99.000 -99.000 -99.000 -99.000 -9999.0 -9999.0 -9999.0 -9999.0 -9999.0
23801 20240403  7.001  -86.00   31.79    23.2     6.9    15.0    16.3    12.4 -9999.00 U -9999.0 -9999.0 -9999.0    98.4    32.3    60.1 -99.000 -99.000 -99.000 -99.000 -99.000 -9999.0 -9999.0 -9999.0 -9999.0 -9999.0
23801 20240404  7.001  -86.00   31.79    20.0     3.1    11.5    11.9     0.0 -9999.00 U -9999.0 -9999.0 -9999.0    95.1    25.0    56.0 -99.000 -99.000 -99.000 -99.000 -99.000 -9999.0 -9999.0 -9999.0 -9999.0 -9999.0
23801 20240405  7.001  -86.00   31.79    21.1     3.1    12.1    12.2     0.0 -9999.00 U -9999.0 -9999.0 -9999.0    98.6    28.1    62.1 -99.000 -99.000 -99.000 -99.000 -99.000 -9999.0 -9999.0 -9999.0 -9999.0 -9999.0
23801 20240406  7.001  -86.00   31.79    20.5     3.8    12.2    11.9     0.0 -9999.00 U -9999.0 -9999.0 -9999.0    96.1    28.8    64.4 -99.000 -99.000 -99.000 -99.000 -99.000 -9999.0 -9999.0 -9999.0 -9999.0 -9999.0
23801 20240407  7.001  -86.00   31.79    25.4     4.9    15.1    16.4     0.0 -9999.00 U -9999.0 -9999.0 -9999.0    98.3    27.9    59.7 -99.000 -99.000 -99.000 -99.000 -99.000 -9999.0 -9999.0 -9999.0 -9999.0 -9999.0
23801 20240408  7.001  -86.00   31.79    25.4    11.2    18.3    18.4     1.6 -9999.00 U -9999.0 -9999.0 -9999.0    99.8    45.4    75.8 -99.000 -99.000 -99.000 -99.000 -99.000 -9999.0 -9999.0 -9999.0 -9999.0 -9999.0
23801 20240409  7.001  -86.00   31.79    25.0    15.6    20.3    19.5     0.0 -9999.00 U -9999.0 -9999.0 -9999.0    99.3    60.4    79.7 -99.000 -99.000 -99.000 -99.000 -99.000 -9999.0 -9999.0 -9999.0 -9999.0 -9999.0
23801 20240410  7.001  -86.00   31.79    23.2    15.1    19.1    18.6    69.2 -9999.00 U -9999.0 -9999.0 -9999.0    99.1    70.1    87.8 -99.000 -99.000 -99.000 -99.000 -99.000 -9999.0 -9999.0 -9999.0 -9999.0 -9999.0
23801 20240411  7.001  -86.00   31.79    20.5    10.0    15.3    16.6     0.0 -9999.00 U -9999.0 -9999.0 -9999.0    99.7    63.4    85.2 -99.000 -99.000 -99.000 -99.000 -99.000 -9999.0 -9999.0 -9999.0 -9999.0 -9999.0
23801 20240412  7.001  -86.00   31.79    22.3     7.1    14.7    15.2     0.0 -9999.00 U -9999.0 -9999.0 -9999.0    90.4    23.7    57.0 -99.000 -99.000 -99.000 -99.000 -99.000 -9999.0 -9999.0 -9999.0 -9999.0 -9999.0
23801 20240413  7.001  -86.00   31.79    25.9     4.6    15.2    15.9     0.0 -9999.00 U -9999.0 -9999.0 -9999.0    99.0    26.1    63.8 -99.000 -99.000 -99.000 -99.000 -99.000 -9999.0 -9999.0 -9999.0 -9999.0 -9999.0
23801 20240414  7.001  -86.00   31.79    28.2     9.6    18.9    19.4     0.0 -9999.00 U -9999.0 -9999.0 -9999.0   100.0    34.3    63.9 -99.000 -99.000 -99.000 -99.000 -99.000 -9999.0 -9999.0 -9999.0 -9999.0 -9999.0
23801 20240415  7.001  -86.00   31.79    27.7    10.0    18.8    19.8     0.0 -9999.00 U -9999.0 -9999.0 -9999.0    99.5    27.4    66.1 -99.000 -99.000 -99.000 -99.000 -99.000 -9999.0 -9999.0 -9999.0 -9999.0 -9999.0
23801 20240416  7.001  -86.00   31.79    27.4    14.3    20.9    20.3     0.0 -9999.00 U -9999.0 -9999.0 -9999.0   100.0    44.2    76.3 -99.000 -99.000 -99.000 -99.000 -99.000 -9999.0 -9999.0 -9999.0 -9999.0 -9999.0
23801 20240417  7.001  -86.00   31.79    28.0    14.9    21.5    21.1     0.0 -9999.00 U -9999.0 -9999.0 -9999.0    98.9    52.4    77.3 -99.000 -99.000 -99.000 -99.000 -99.000 -9999.0 -9999.0 -9999.0 -9999.0 -9999.0
23801 20240418  7.001  -86.00   31.79    27.1    15.4    21.2    20.8     0.2 -9999.00 U -9999.0 -9999.0 -9999.0   100.0    57.9    87.1 -99.000 -99.000 -99.000 -99.000 -99.000 -9999.0 -9999.0 -9999.0 -9999.0 -9999.0
23801 20240419  7.001  -86.00   31.79    28.3    18.7    23.5    22.7     0.0 -9999.00 U -9999.0 -9999.0 -9999.0    99.7    56.4    81.9 -99.000 -99.000 -99.000 -99.000 -99.000 -9999.0 -9999.0 -9999.0 -9999.0 -9999.0
23801 20240420  7.001  -86.00   31.79    28.2    17.7    22.9    21.4    43.5 -9999.00 U -9999.0 -9999.0 -9999.0   100.0    54.4    92.6 -99.000 -99.000 -99.000 -99.000 -99.000 -9999.0 -9999.0 -9999.0 -9999.0 -9999.0
23801 20240421  7.001  -86.00   31.79    18.3     7.5    12.9    14.6     0.0 -9999.00 U -9999.0 -9999.0 -9999.0   100.0    48.7    84.0 -99.000 -99.000 -99.000 -99.000 -99.000 -9999.0 -9999.0 -9999.0 -9999.0 -9999.0
23801 20240422  7.001  -86.00   31.79    19.7     6.3    13.0    12.1     0.0 -9999.00 U -9999.0 -9999.0 -9999.0    98.4    28.5    64.4 -99.000 -99.000 -99.000 -99.000 -99.000 -9999.0 -9999.0 -9999.0 -9999.0 -9999.0
23801 20240423  7.001  -86.00   31.79    23.4     5.1    14.2    15.0     0.0 -9999.00 U -9999.0 -9999.0 -9999.0   100.0    34.0    68.3 -99.000 -99.000 -99.000 -99.000 -99.000 -9999.0 -9999.0 -9999.0 -9999.0 -9999.0
23801 20240424  7.001  -86.00   31.79    25.9     8.7    17.3    17.8     0.0 -9999.00 U -9999.0 -9999.0 -9999.0   100.0    48.5    78.0 -99.000 -99.000 -99.000 -99.000 -99.000 -9999.0 -9999.0 -9999.0 -9999.0 -9999.0
23801 20240425  7.001  -86.00   31.79    27.4    13.6    20.5    20.4     0.0 -9999.00 U -9999.0 -9999.0 -9999.0   100.0    43.1    78.8 -99.000 -99.000 -99.000 -99.000 -99.000 -9999.0 -9999.0 -9999.0 -9999.0 -9999.0
23801 20240426  7.001  -86.00   31.79    29.4    14.7    22.0    22.2     0.0 -9999.00 U -9999.0 -9999.0 -9999.0   100.0    41.1    71.2 -99.000 -99.000 -99.000 -99.000 -99.000 -9999.0 -9999.0 -9999.0 -9999.0 -9999.0
23801 20240427  7.001  -86.00   31.79    26.8    17.2    22.0    22.3     0.0 -9999.00 U -9999.0 -9999.0 -9999.0    92.8    53.4    69.6 -99.000 -99.000 -99.000 -99.000 -99.000 -9999.0 -9999.0 -9999.0 -9999.0 -9999.0
23801 20240428  7.001  -86.00   31.79    27.6    18.0    22.8    22.2     0.0 -9999.00 U -9999.0 -9999.0 -9999.0    89.6    43.6    65.9 -99.000 -99.000 -99.000 -99.000 -99.000 -9999.0 -9999.0 -9999.0 -9999.0 -9999.0
23801 20240429  7.001  -86.00   31.79    27.6    16.1    21.8    21.7     0.0 -9999.00 U -9999.0 -9999.0 -9999.0    86.5    51.0    71.2 -99.000 -99.000 -99.000 -99.000 -99.000 -9999.0 -9999.0 -9999.0 -9999.0 -9999.0
23801 20240430  7.001  -86.00   31.79    26.9    17.5    22.2    21.0     0.9 -9999.00 U -9999.0 -9999.0 -9999.0    98.5    59.4    84.8 -99.000 -99.000 -99.000 -99.000 -99.000 -9999.0 -9999.0 -9999.0 -9999.0 -9999.0
23801 20240501  7.001  -86.00   31.79    30.1    16.0    23.0    22.4     0.0 -9999.00 U -9999.0 -9999.0 -9999.0   100.0    42.9    79.3 -99.000 -99.000 -99.000 -99.000 -99.000 -9999.0 -9999.0 -9999.0 -9999.0 -9999.0
23801 20240502  7.001  -86.00   31.79    31.0    15.8    23.4    23.5     0.0 -9999.00 U -9999.0 -9999.0 -9999.0   100.0    38.0    73.1 -99.000 -99.000 -99.000 -99.000 -99.000 -9999.0 -9999.0 -9999.0 -9999.0 -9999.0
23801 20240503  7.001  -86.00   31.79    29.9    18.3    24.1    23.1     0.7 -9999.00 U -9999.0 -9999.0 -9999.0    98.3    46.7    76.6 -99.000 -99.000 -99.000 -99.000 -99.000 -9999.0 -9999.0 -9999.0 -9999.0 -9999.0
23801 20240504  7.001  -86.00   31.79    30.2    18.2    24.2    23.8     0.0 -9999.00 U -9999.0 -9999.0 -9999.0   100.0    46.6    77.0 -99.000 -99.000 -99.000 -99.000 -99.000 -9999.0 -9999.0 -9999.0 -9999.0 -9999.0
23801 20240505  7.001  -86.00   31.79    31.1    17.8    24.5    24.8     0.0 -9999.00 U -9999.0 -9999.0 -9999.0    99.7    46.1    72.8 -99.000 -99.000 -99.000 -99.000 -99.000 -9999.0 -9999.0 -9999.0 -9999.0 -9999.0
23801 20240506  7.001  -86.00   31.79    31.3    18.5    24.9    24.4     0.0 -9999.00 U -9999.0 -9999.0 -9999.0    97.6    44.9    72.7 -99.000 -99.000 -99.000 -99.000 -99.000 -9999.0 -9999.0 -9999.0 -9999.0 -9999.0
23801 20240507  7.001  -86.00   31.79    31.8    19.2    25.5    25.6     0.0 -9999.00 U -9999.0 -9999.0 -9999.0    99.0    45.5    74.7 -99.000 -99.000 -99.000 -99.000 -99.000 -9999.0 -9999.0 -9999.0 -9999.0 -9999.0
23801 20240508  7.001  -86.00   31.79    32.2    22.0    27.1    26.0     0.0 -9999.00 U -9999.0 -9999.0 -9999.0    96.4    51.5    77.7 -99.000 -99.000 -99.000 -99.000 -99.000 -9999.0 -9999.0 -9999.0 -9999.0 -9999.0
23801 20240509  7.001  -86.00   31.79    30.5    19.0    24.7    24.6     7.7 -9999.00 U -9999.0 -9999.0 -9999.0    96.2    63.1    85.6 -99.000 -99.000 -99.000 -99.000 -99.000 -9999.0 -9999.0 -9999.0 -9999.0 -9999.0
23801 20240510  7.001  -86.00   31.79    27.9    17.2    22.5    21.8    50.7 -9999.00 U -9999.0 -9999.0 -9999.0    99.5    56.7    81.4 -99.000 -99.000 -99.000 -99.000 -99.000 -9999.0 -9999.0 -9999.0 -9999.0 -9999.0
23801 20240511  7.001  -86.00   31.79    25.1    12.6    18.8    18.5     0.0 -9999.00 U -9999.0 -9999.0 -9999.0    98.5    37.0    73.2 -99.000 -99.000 -99.000 -99.000 -99.000 -9999.0 -9999.0 -9999.0 -9999.0 -9999.0
23801 20240512  7.001  -86.00   31.79    25.4    12.3    18.9    19.2     0.0 -9999.00 U -9999.0 -9999.0 -9999.0    99.5    44.4    79.4 -99.000 -99.000 -99.000 -99.000 -99.000 -9999.0 -9999.0 -9999.0 -9999.0 -9999.0
23801 20240513  7.001  -86.00   31.79    19.5    16.9    18.2    18.1    32.7 -9999.00 U -9999.0 -9999.0 -9999.0    98.7    77.5    91.8 -99.000 -99.000 -99.000 -99.000 -99.000 -9999.0 -9999.0 -9999.0 -9999.0 -9999.0
23801 20240514  7.001  -86.00   31.79    28.5    17.5    23.0    22.2    10.1 -9999.00 U -9999.0 -9999.0 -9999.0    99.6    61.9    83.6 -99.000 -99.000 -99.000 -99.000 -99.000 -9999.0 -9999.0 -9999.0 -9999.0 -9999.0
23801 20240515  7.001  -86.00   31.79    27.9    16.7    22.3    22.9     0.0 -9999.00 U -9999.0 -9999.0 -9999.0    98.8    50.0    77.1 -99.000 -99.000 -99.000 -99.000 -99.000 -9999.0 -9999.0 -9999.0 -9999.0 -9999.0
23801 20240516  7.001  -86.00   31.79    29.1    14.9    22.0    22.2     0.0 -9999.00 U -9999.0 -9999.0 -9999.0   100.0    51.1    78.3 -99.000 -99.000 -99.000 -99.000 -99.000 -9999.0 -9999.0 -9999.0 -9999.0 -9999.0
23801 20240517  7.001  -86.00   31.79    21.1    18.9    20.0    19.8    94.3 -9999.00 U -9999.0 -9999.0 -9999.0    99.2    84.3    95.1 -99.000 -99.000 -99.000 -99.000 -99.000 -9999.0 -9999.0 -9999.0 -9999.0 -9999.0
23801 20240518  7.001  -86.00   31.79    26.7    19.6    23.1    22.1     9.1 -9999.00 U -9999.0 -9999.0 -9999.0    99.8    65.4    88.5 -99.000 -99.000 -99.000 -99.000 -99.000 -9999.0 -9999.0 -9999.0 -9999.0 -9999.0
23801 20240519  7.001  -86.00   31.79    28.2    18.9    23.6    22.5     0.0 -9999.00 U -9999.0 -9999.0 -9999.0    99.0    55.8    82.8 -99.000 -99.000 -99.000 -99.000 -99.000 -9999.0 -9999.0 -9999.0 -9999.0 -9999.0
23801 20240520  7.001  -86.00   31.79    27.7    17.1    22.4    22.2     0.0 -9999.00 U -9999.0 -9999.0 -9999.0    99.2    54.5    78.1 -99.000 -99.000 -99.000 -99.000 -99.000 -9999.0 -9999.0 -9999.0 -9999.0 -9999.0
23801 20240521  7.001  -86.00   31.79    29.5    15.0    22.3    22.2     0.0 -9999.00 U -9999.0 -9999.0 -9999.0   100.0    43.4    76.4 -99.000 -99.000 -99.000 -99.000 -99.000 -9999.0 -9999.0 -9999.0 -9999.0 -9999.0
23801 20240522  7.001  -86.00   31.79    30.1    15.7    22.9    23.3     0.0 -9999.00 U -9999.0 -9999.0 -9999.0   100.0    47.6    76.4 -99.000 -99.000 -99.000 -99.000 -99.000 -9999.0 -9999.0 -9999.0 -9999.0 -9999.0
23801 20240523  7.001  -86.00   31.79    30.7    18.6    24.7    25.0     0.0 -9999.00 U -9999.0 -9999.0 -9999.0    99.1    50.5    75.7 -99.000 -99.000 -99.000 -99.000 -99.000 -9999.0 -9999.0 -9999.0 -9999.0 -9999.0
23801 20240524  7.001  -86.00   31.79    30.9    21.1    26.0    25.2     0.0 -9999.00 U -9999.0 -9999.0 -9999.0    98.8    49.3    77.4 -99.000 -99.000 -99.000 -99.000 -99.000 -9999.0 -9999.0 -9999.0 -9999.0 -9999.0
23801 20240525  7.001  -86.00   31.79    28.7    19.7    24.2    22.9    33.5 -9999.00 U -9999.0 -9999.0 -9999.0   100.0    72.3    94.4 -99.000 -99.000 -99.000 -99.000 -99.000 -9999.0 -9999.0 -9999.0 -9999.0 -9999.0
23801 20240526  7.001  -86.00   31.79    32.0    20.6    26.3    25.9     0.0 -9999.00 U -9999.0 -9999.0 -9999.0   100.0    49.4    80.0 -99.000 -99.000 -99.000 -99.000 -99.000 -9999.0 -9999.0 -9999.0 -9999.0 -9999.0
23801 20240527  7.001  -86.00   31.79    30.6    19.5    25.0    24.8     6.5 -9999.00 U -9999.0 -9999.0 -9999.0    98.9    69.0    89.4 -99.000 -99.000 -99.000 -99.000 -99.000 -9999.0 -9999.0 -9999.0 -9999.0 -9999.0
23801 20240528  7.001  -86.00   31.79    31.1    17.3    24.2    23.8     0.0 -9999.00 U -9999.0 -9999.0 -9999.0   100.0    38.2    76.4 -99.000 -99.000 -99.000 -99.000 -99.000 -9999.0 -9999.0 -9999.0 -9999.0 -9999.0
23801 20240529  7.001  -86.00   31.79    30.1    15.7    22.9    22.9     0.0 -9999.00 U -9999.0 -9999.0 -9999.0    99.9    32.1    70.0 -99.000 -99.000 -99.000 -99.000 -99.000 -9999.0 -9999.0 -9999.0 -9999.0 -9999.0
23801 20240530  7.001  -86.00   31.79    27.0    17.5    22.2    21.5     0.2 -9999.00 U -9999.0 -9999.0 -9999.0    99.4    49.4    82.2 -99.000 -99.000 -99.000 -99.000 -99.000 -9999.0 -9999.0 -9999.0 -9999.0 -9999.0
23801 20240531  7.001  -86.00   31.79    31.2    16.9    24.0    24.6     0.0 -9999.00 U -9999.0 -9999.0 -9999.0   100.0    39.0    67.0 -99.000 -99.000 -99.000 -99.000 -99.000 -9999.0 -9999.0 -9999.0 -9999.0 -9999.0
23801 20240601  7.001  -86.00   31.79    24.6    17.9    21.2    21.1     9.0 -9999.00 U -9999.0 -9999.0 -9999.0    96.1    64.0    84.9 -99.000 -99.000 -99.000 -99.000 -99.000 -9999.0 -9999.0 -9999.0 -9999.0 -9999.0
23801 20240602  7.001  -86.00   31.79    29.7    18.7    24.2    22.3     1.2 -9999.00 U -9999.0 -9999.0 -9999.0   100.0    58.6    87.9 -99.000 -99.000 -99.000 -99.000 -99.000 -9999.0 -9999.0 -9999.0 -9999.0 -9999.0
23801 20240603  7.001  -86.00   31.79    29.8    18.3    24.1    23.4     2.7 -9999.00 U -9999.0 -9999.0 -9999.0   100.0    57.3    85.5 -99.000 -99.000 -99.000 -99.000 -99.000 -9999.0 -9999.0 -9999.0 -9999.0 -9999.0
23801 20240604  7.001  -86.00   31.79    30.7    20.3    25.5    24.5    11.6 -9999.00 U -9999.0 -9999.0 -9999.0   100.0    60.8    87.7 -99.000 -99.000 -99.000 -99.000 -99.000 -9999.0 -9999.0 -9999.0 -9999.0 -9999.0
23801 20240605  7.001  -86.00   31.79    31.5    22.0    26.7    26.1     0.0 -9999.00 U -9999.0 -9999.0 -9999.0    98.4    57.1    80.6 -99.000 -99.000 -99.000 -99.000 -99.000 -9999.0 -9999.0 -9999.0 -9999.0 -9999.0
23801 20240606  7.001  -86.00   31.79    30.1    21.6    25.8    25.4     1.5 -9999.00 U -9999.0 -9999.0 -9999.0    99.2    60.8    85.7 -99.000 -99.000 -99.000 -99.000 -99.000 -9999.0 -9999.0 -9999.0 -9999.0 -9999.0
23801 20240607  7.001  -86.00   31.79    32.2    17.5    24.8    25.3     0.0 -9999.00 U -9999.0 -9999.0 -9999.0   100.0    41.0    75.6 -99.000 -99.000 -99.000 -99.000 -99.000 -9999.0 -9999.0 -9999.0 -9999.0 -9999.0
23801 20240608  7.001  -86.00   31.79    30.4    14.8    22.6    22.9     0.0 -9999.00 U -9999.0 -9999.0 -9999.0   100.0    34.6    70.5 -99.000 -99.000 -99.000 -99.000 -99.000 -9999.0 -9999.0 -9999.0 -9999.0 -9999.0
23801 20240609  7.001  -86.00   31.79    33.0    16.6    24.8    25.5     0.0 -9999.00 U -9999.0 -9999.0 -9999.0    98.5    46.3    74.6 -99.000 -99.000 -99.000 -99.000 -99.000 -9999.0 -9999.0 -9999.0 -9999.0 -9999.0
23801 20240610  7.001  -86.00   31.79    31.1    21.2    26.2    26.2     0.0 -9999.00 U -9999.0 -9999.0 -9999.0    97.6    59.2    78.3 -99.000 -99.000 -99.000 -99.000 -99.000 -9999.0 -9999.0 -9999.0 -9999.0 -9999.0
23801 20240611  7.001  -86.00   31.79 -9999.0 -9999.0 -9999.0 -9999.0 -9999.0 -9999.00 U -9999.0 -9999.0 -9999.0 -9999.0 -9999.0 -9999.0 -99.000 -99.000 -99.000 -99.000 -99.000 -9999.0 -9999.0 -9999.0 -9999.0 -9999.0
23801 20240612  7.001  -86.00   31.79    30.5    15.8    23.1    23.0     0.0 -9999.00 U -9999.0 -9999.0 -9999.0    99.7    34.6    73.9 -99.000 -99.000 -99.000 -99.000 -99.000 -9999.0 -9999.0 -9999.0 -9999.0 -9999.0
23801 20240613  7.001  -86.00   31.79    32.9    17.8    25.3    25.2     0.0 -9999.00 U -9999.0 -9999.0 -9999.0    99.7    49.0    77.7 -99.000 -99.000 -99.000 -99.000 -99.000 -9999.0 -9999.0 -9999.0 -9999.0 -9999.0
23801 20240614  7.001  -86.00   31.79    33.3    18.6    25.9    26.2     0.0 -9999.00 U -9999.0 -9999.0 -9999.0    99.4    41.4    72.9 -99.000 -99.000 -99.000 -99.000 -99.000 -9999.0 -9999.0 -9999.0 -9999.0 -9999.0
23801 20240615  7.001  -86.00   31.79    34.8    19.8    27.3    27.5     0.0 -9999.00 U -9999.0 -9999.0 -9999.0    98.7    39.5    69.9 -99.000 -99.000 -99.000 -99.000 -99.000 -9999.0 -9999.0 -9999.0 -9999.0 -9999.0
23801 20240616  7.001  -86.00   31.79    34.1    20.6    27.4    25.8     0.0 -9999.00 U -9999.0 -9999.0 -9999.0   100.0    45.2    83.1 -99.000 -99.000 -99.000 -99.000 -99.000 -9999.0 -9999.0 -9999.0 -9999.0 -9999.0
23801 20240617  7.001  -86.00   31.79    33.6    21.8    27.7    26.3     1.5 -9999.00 U -9999.0 -9999.0 -9999.0    99.4    41.9    78.3 -99.000 -99.000 -99.000 -99.000 -99.000 -9999.0 -9999.0 -9999.0 -9999.0 -9999.0
23801 20240618  7.001  -86.00   31.79    31.6    21.2    26.4    26.3     0.0 -9999.00 U -9999.0 -9999.0 -9999.0    86.2    47.7    66.9 -99.000 -99.000 -99.000 -99.000 -99.000 -9999.0 -9999.0 -9999.0 -9999.0 -9999.0
23801 20240619  7.001  -86.00   31.79    31.0    22.7    26.9    26.3     0.0 -9999.00 U -9999.0 -9999.0 -9999.0    81.4    44.9    66.6 -99.000 -99.000 -99.000 -99.000 -99.000 -9999.0 -9999.0 -9999.0 -9999.0 -9999.0
23801 20240620  7.001  -86.00   31.79    30.4    19.6    25.0    24.3     0.0 -9999.00 U -9999.0 -9999.0 -9999.0    98.0    58.7    80.1 -99.000 -99.000 -99.000 -99.000 -99.000 -9999.0 -9999.0 -9999.0 -9999.0 -9999.0
23801 20240621  7.001  -86.00   31.79    32.7    18.8    25.8    26.1     0.0 -9999.00 U -9999.0 -9999.0 -9999.0    97.7    41.8    67.3 -99.000 -99.000 -99.000 -99.000 -99.000 -9999.0 -9999.0 -9999.0 -9999.0 -9999.0
23801 20240622  7.001  -86.00   31.79    34.7    18.1    26.4    26.5     0.0 -9999.00 U -9999.0 -9999.0 -9999.0    99.4    35.8    69.2 -99.000 -99.000 -99.000 -99.000 -99.000 -9999.0 -9999.0 -9999.0 -9999.0 -9999.0
23801 20240623  7.001  -86.00   31.79    35.3    19.5    27.4    27.9     0.0 -9999.00 U -9999.0 -9999.0 -9999.0    98.5    41.0    68.3 -99.000 -99.000 -99.000 -99.000 -99.000 -9999.0 -9999.0 -9999.0 -9999.0 -9999.0
23801 20240624  7.001  -86.00   31.79    33.7    23.4    28.6    27.2     0.0 -9999.00 U -9999.0 -9999.0 -9999.0    95.7    50.3    80.3 -99.000 -99.000 -99.000 -99.000 -99.000 -9999.0 -9999.0 -9999.0 -9999.0 -9999.0
23801 20240625  7.001  -86.00   31.79    36.7    20.6    28.7    28.5     0.0 -9999.00 U -9999.0 -9999.0 -9999.0    99.8    26.5    64.1 -99.000 -99.000 -99.000 -99.000 -99.000 -9999.0 -9999.0 -9999.0 -9999.0 -9999.0
23801 20240626  7.001  -86.00   31.79    36.4    19.8    28.1    26.4     0.2 -9999.00 U -9999.0 -9999.0 -9999.0   100.0    35.5    78.0 -99.000 -99.000 -99.000 -99.000 -99.000 -9999.0 -9999.0 -9999.0 -9999.0 -9999.0
23801 20240627  7.001  -86.00   31.79    30.8    22.2    26.5    25.6     1.5 -9999.00 U -9999.0 -9999.0 -9999.0    99.2    67.1    88.4 -99.000 -99.000 -99.000 -99.000 -99.000 -9999.0 -9999.0 -9999.0 -9999.0 -9999.0
23801 20240628  7.001  -86.00   31.79    33.7    23.9    28.8    27.8     0.9 -9999.00 U -9999.0 -9999.0 -9999.0    98.7    53.1    80.9 -99.000 -99.000 -99.000 -99.000 -99.000 -9999.0 -9999.0 -9999.0 -9999.0 -9999.0
23801 20240629  7.001  -86.00   31.79    33.2    23.6    28.4    27.1     1.4 -9999.00 U -9999.0 -9999.0 -9999.0    98.2    56.2    84.2 -99.000 -99.000 -99.000 -99.000 -99.000 -9999.0 -9999.0 -9999.0 -9999.0 -9999.0
23801 20240630  7.001  -86.00   31.79    35.3    23.4    29.3    27.1     1.5 -9999.00 U -9999.0 -9999.0 -9999.0    99.2    48.9    84.1 -99.000 -99.000 -99.000 -99.000 -99.000 -9999.0 -9999.0 -9999.0 -9999.0 -9999.0
23801 20240701  7.001  -86.00   31.79    35.4    22.6    29.0    28.3     0.0 -9999.00 U -9999.0 -9999.0 -9999.0   100.0    49.1    77.2 -99.000 -99.000 -99.000 -99.000 -99.000 -9999.0 -9999.0 -9999.0 -9999.0 -9999.0
23801 20240702  7.001  -86.00   31.79 -9999.0 -9999.0 -9999.0 -9999.0 -9999.0 -9999.00 U -9999.0 -9999.0 -9999.0 -9999.0 -9999.0 -9999.0 -99.000 -99.000 -99.000 -99.000 -99.000 -9999.0 -9999.0 -9999.0 -9999.0 -9999.0
