96405 20240101 -9.000 -145.35   60.47 -9999.0 -9999.0 -9999.0 -9999.0 -9999.0 -9999.00 U -9999.0 -9999.0 -9999.0 -9999.0 -9999.0 -9999.0 -99.000 -99.000 -99.000 -99.000 -99.000 -9999.0 -9999.0 -9999.0 -9999.0 -9999.0
96405 20240102 -9.000 -145.35   60.47 -9999.0 -9999.0 -9999.0 -9999.0 -9999.0 -9999.00 U -9999.0 -9999.0 -9999.0 -9999.0 -9999.0 -9999.0 -99.000 -99.000 -99.000 -99.000 -99.000 -9999.0 -9999.0 -9999.0 -9999.0 -9999.0
96405 20240103 -9.000 -145.35   60.47 -9999.0 -9999.0 -9999.0 -9999.0 -9999.0 -9999.00 U -9999.0 -9999.0 -9999.0 -9999.0 -9999.0 -9999.0 -99.000 -99.000 -99.000 -99.000 -99.000 -9999.0 -9999.0 -9999.0 -9999.0 -9999.0
96405 20240104 -9.000 -145.35   60.47 -9999.0 -9999.0 -9999.0 -9999.0 -9999.0 -9999.00 U -9999.0 -9999.0 -9999.0 -9999.0 -9999.0 -9999.0 -99.000 -99.000 -99.000 -99.000 -99.000 -9999.0 -9999.0 -9999.0 -9999.0 -9999.0
96405 20240105 -9.000 -145.35   60.47 -9999.0 -9999.0 -9999.0 -9999.0 -9999.0 -9999.00 U -9999.0 -9999.0 -9999.0 -9999.0 -9999.0 -9999.0 -99.000 -99.000 -99.000 -99.000 -99.000 -9999.0 -9999.0 -9999.0 -9999.0 -9999.0
96405 20240106 -9.000 -145.35   60.47 -9999.0 -9999.0 -9999.0 -9999.0 -9999.0 -9999.00 U -9999.0 -9999.0 -9999.0 -9999.0 -9999.0 -9999.0 -99.000 -99.000 -99.000 -99.000 -99.000 -9999.0 -9999.0 -9999.0 -9999.0 -9999.0
96405 20240107 -9.000 -145.35   60.47 -9999.0 -9999.0 -9999.0 -9999.0 -9999.0 -9999.00 U -9999.0 -9999.0 -9999.0 -9999.0 -9999.0 -9999.0 -99.000 -99.000 -99.000 -99.000 -99.000 -9999.0 -9999.0 -9999.0 -9999.0 -9999.0
96405 20240108 -9.000 -145.35   60.47 -9999.0 -9999.0 -9999.0 -9999.0 -9999.0 -9999.00 U -9999.0 -9999.0 -9999.0 -9999.0 -9999.0 -9999.0 -99.000 -99.000 -99.000 -99.000 -99.000 -9999.0 -9999.0 -9999.0 -9999.0 -9999.0
96405 20240109 -9.000 -145.35   60.47 -9999.0 -9999.0 -9999.0 -9999.0 -9999.0 -9999.00 U -9999.0 -9999.0 -9999.0 -9999.0 -9999.0 -9999.0 -99.000 -99.000 -99.000 -99.000 -99.000 -9999.0 -9999.0 -9999.0 -9999.0 -9999.0
96405 20240110  2.514 -145.35   60.47 -9999.0 -9999.0 -9999.0 -9999.0 -9999.0 -9999.00 U -9999.0 -9999.0 -9999.0 -9999.0 -9999.0 -9999.0 -99.000 -99.000 -99.000 -99.000 -99.000 -9999.0 -9999.0 -9999.0 -9999.0 -9999.0
96405 20240111 -9.000 -145.35   60.47 -9999.0 -9999.0 -9999.0 -9999.0 -9999.0 -9999.00 U -9999.0 -9999.0 -9999.0 -9999.0 -9999.0 -9999.0 -99.000 -99.000 -99.000 -99.000 -99.000 -9999.0 -9999.0 -9999.0 -9999.0 -9999.0
96405 20240112 -9.000 -145.35   60.47 -9999.0 -9999.0 -9999.0 -9999.0 -9999.0 -9999.00 U -9999.0 -9999.0 -9999.0 -9999.0 -9999.0 -9999.0 -99.000 -99.000 -99.000 -99.000 -99.000 -9999.0 -9999.0 -9999.0 -9999.0 -9999.0
96405 20240113 -9.000 -145.35   60.47 -9999.0 -9999.0 -9999.0 -9999.0 -9999.0 -9999.00 U -9999.0 -9999.0 -9999.0 -9999.0 -9999.0 -9999.0 -99.000 -99.000 -99.000 -99.000 -99.000 -9999.0 -9999.0 -9999.0 -9999.0 -9999.0
96405 20240114 -9.000 -145.35   60.47 -9999.0 -9999.0 -9999.0 -9999.0 -9999.0 -9999.00 U -9999.0 -9999.0 -9999.0 -9999.0 -9999.0 -9999.0 -99.000 -99.000 -99.000 -99.000 -99.000 -9999.0 -9999.0 -9999.0 -9999.0 -9999.0
96405 20240115  2.514 -145.35   60.47 -9999.0 -9999.0 -9999.0 -9999.0 -9999.0 -9999.00 U -9999.0 -9999.0 -9999.0 -9999.0 -9999.0 -9999.0 -99.000 -99.000 -99.000 -99.000 -99.000 -9999.0 -9999.0 -9999.0 -9999.0 -9999.0
96405 20240116  2.514 -145.35   60.47    -0.2    -8.9    -4.6    -4.6     0.0     1.50 C    -5.3   -11.3    -8.4    97.1    59.9    92.5 -99.000 -99.000 -99.000 -99.000 -99.000 -9999.0 -9999.0 -9999.0 -9999.0 -9999.0
96405 20240117  2.514 -145.35   60.47     3.5    -1.5     1.0     1.2     0.0     0.82 C    -4.4    -8.9    -5.8    63.9    21.5    26.9 -99.000 -99.000 -99.000 -99.000 -99.000 -9999.0 -9999.0 -9999.0 -9999.0 -9999.0
96405 20240118  2.514 -145.35   60.47     2.3   -11.7    -4.7    -3.5     0.0     0.87 C    -5.4   -14.9   -10.4    90.3    19.2    50.2 -99.000 -99.000 -99.000 -99.000 -99.000 -9999.0 -9999.0 -9999.0 -9999.0 -9999.0
96405 20240119  2.514 -145.35   60.47    -2.2   -13.8    -8.0   -10.4     0.0     1.05 C   -10.3   -15.7   -14.1    92.8    56.4    84.8 -99.000 -99.000 -99.000 -99.000 -99.000 -9999.0 -9999.0 -9999.0 -9999.0 -9999.0
96405 20240120  2.514 -145.35   60.47    -2.8   -13.9    -8.3   -10.0     0.0     1.20 C   -10.5   -16.1   -14.1    92.7    61.7    85.4 -99.000 -99.000 -99.000 -99.000 -99.000 -9999.0 -9999.0 -9999.0 -9999.0 -9999.0
96405 20240121  2.514 -145.35   60.47    -4.6   -12.6    -8.6    -7.2     0.0     0.69 C    -5.0   -16.0    -7.8    90.4    68.0    82.1 -99.000 -99.000 -99.000 -99.000 -99.000 -9999.0 -9999.0 -9999.0 -9999.0 -9999.0
96405 20240122  2.514 -145.35   60.47    -6.0    -7.6    -6.8    -7.0     0.0     0.42 C    -5.1    -7.8    -6.7    92.8    76.2    85.4 -99.000 -99.000 -99.000 -99.000 -99.000 -9999.0 -9999.0 -9999.0 -9999.0 -9999.0
96405 20240123  2.514 -145.35   60.47    -4.4    -9.6    -7.0    -6.9     0.5     0.45 C    -4.0   -12.0    -7.4    93.9    83.4    91.4 -99.000 -99.000 -99.000 -99.000 -99.000 -9999.0 -9999.0 -9999.0 -9999.0 -9999.0
96405 20240124  2.514 -145.35   60.47    -3.4   -14.7    -9.1   -10.0     0.0     1.38 C    -9.7   -16.2   -13.3    93.6    74.4    88.8 -99.000 -99.000 -99.000 -99.000 -99.000 -9999.0 -9999.0 -9999.0 -9999.0 -9999.0
96405 20240125  2.514 -145.35   60.47    -3.3   -15.0    -9.1    -7.0     1.5     0.51 C    -1.1   -16.2    -6.2    96.5    86.1    93.4 -99.000 -99.000 -99.000 -99.000 -99.000 -9999.0 -9999.0 -9999.0 -9999.0 -9999.0
96405 20240126  2.514 -145.35   60.47    -3.1    -7.4    -5.2    -5.9     0.5     0.43 C    -2.6    -7.0    -5.3    95.7    93.0    94.0 -99.000 -99.000 -99.000 -99.000 -99.000 -9999.0 -9999.0 -9999.0 -9999.0 -9999.0
96405 20240127  2.514 -145.35   60.47     0.8    -8.3    -3.8    -3.4    11.4     0.17 C    -0.1    -9.7    -3.7    98.6    85.9    94.0 -99.000 -99.000 -99.000 -99.000 -99.000 -9999.0 -9999.0 -9999.0 -9999.0 -9999.0
96405 20240128  2.514 -145.35   60.47     6.1    -3.9     1.1     2.1    59.7     0.18 C     0.7    -3.1    -0.4    98.5    80.2    91.1 -99.000 -99.000 -99.000 -99.000 -99.000 -9999.0 -9999.0 -9999.0 -9999.0 -9999.0
96405 20240129  2.514 -145.35   60.47     6.6    -2.7     1.9     2.1    51.2     0.01 C     1.2    -3.7    -0.6    97.4    78.4    89.2 -99.000 -99.000 -99.000 -99.000 -99.000 -9999.0 -9999.0 -9999.0 -9999.0 -9999.0
96405 20240130  2.514 -145.35   60.47    -2.4   -11.0    -6.7    -5.5     2.6     0.57 C    -3.2   -17.3    -7.2    93.2    71.3    84.0 -99.000 -99.000 -99.000 -99.000 -99.000 -9999.0 -9999.0 -9999.0 -9999.0 -9999.0
96405 20240131  2.514 -145.35   60.47    -7.9   -21.1   -14.5   -13.9     0.7     0.59 C   -11.5   -26.4   -21.0    92.2    61.1    83.9 -99.000 -99.000 -99.000 -99.000 -99.000 -9999.0 -9999.0 -9999.0 -9999.0 -9999.0
96405 20240201  2.514 -145.35   60.47    -7.7   -23.2   -15.5   -16.7     0.3     0.69 C   -15.2   -27.4   -23.6    87.9    38.3    73.6 -99.000 -99.000 -99.000 -99.000 -99.000 -9999.0 -9999.0 -9999.0 -9999.0 -9999.0
96405 20240202  2.514 -145.35   60.47   -11.0   -24.4   -17.7   -18.8     0.3     0.79 C   -19.7   -29.3   -26.0    88.3    32.9    76.3 -99.000 -99.000 -99.000 -99.000 -99.000 -9999.0 -9999.0 -9999.0 -9999.0 -9999.0
96405 20240203  2.514 -145.35   60.47    -7.7   -25.2   -16.5   -15.8     1.8     0.79 C    -7.4   -29.1   -18.8    92.0    67.2    81.9 -99.000 -99.000 -99.000 -99.000 -99.000 -9999.0 -9999.0 -9999.0 -9999.0 -9999.0
96405 20240204  2.514 -145.35   60.47     3.6    -7.7    -2.0     0.5     3.8     0.74 C     0.4    -7.4    -1.8    93.8    74.5    84.2 -99.000 -99.000 -99.000 -99.000 -99.000 -9999.0 -9999.0 -9999.0 -9999.0 -9999.0
96405 20240205  2.514 -145.35   60.47     3.2    -2.9     0.1     1.0     0.7     1.47 C     0.0    -3.4    -0.9    95.9    70.9    84.8 -99.000 -99.000 -99.000 -99.000 -99.000 -9999.0 -9999.0 -9999.0 -9999.0 -9999.0
96405 20240206  2.514 -145.35   60.47    -0.1    -7.7    -3.9    -3.9     0.0     2.49 C    -0.9   -12.6    -8.9    97.7    74.3    91.4 -99.000 -99.000 -99.000 -99.000 -99.000 -9999.0 -9999.0 -9999.0 -9999.0 -9999.0
96405 20240207  2.514 -145.35   60.47     1.9    -7.8    -2.9    -3.3     0.2     2.07 C    -0.6   -10.9    -6.0    95.1    63.7    84.6 -99.000 -99.000 -99.000 -99.000 -99.000 -9999.0 -9999.0 -9999.0 -9999.0 -9999.0
96405 20240208  2.514 -145.35   60.47     4.2    -7.5    -1.7    -1.1     0.6     2.50 C     0.1   -11.8    -5.2    96.6    47.8    74.0 -99.000 -99.000 -99.000 -99.000 -99.000 -9999.0 -9999.0 -9999.0 -9999.0 -9999.0
96405 20240209  2.514 -145.35   60.47     4.2     1.9     3.1     2.9    24.7     0.66 C     0.4    -0.1     0.2    92.1    66.2    83.1 -99.000 -99.000 -99.000 -99.000 -99.000 -9999.0 -9999.0 -9999.0 -9999.0 -9999.0
96405 20240210  2.514 -145.35   60.47     3.4     0.2     1.8     1.5    25.3     0.63 C     0.7    -2.1    -0.2    96.8    80.0    89.5 -99.000 -99.000 -99.000 -99.000 -99.000 -9999.0 -9999.0 -9999.0 -9999.0 -9999.0
96405 20240211  2.514 -145.35   60.47     2.0     0.1     1.1     0.7    30.4     1.25 C     0.2    -0.4    -0.2    96.6    74.5    90.8 -99.000 -99.000 -99.000 -99.000 -99.000 -9999.0 -9999.0 -9999.0 -9999.0 -9999.0
96405 20240212  2.514 -145.35   60.47     3.8     0.2     2.0     2.4     5.3     0.94 C     0.2    -0.2     0.0    96.8    72.0    86.4 -99.000 -99.000 -99.000 -99.000 -99.000 -9999.0 -9999.0 -9999.0 -9999.0 -9999.0
96405 20240213  2.514 -145.35   60.47     9.8    -2.1     3.8     5.0     1.4     3.29 C     0.3    -7.0    -1.2    90.1    20.7    56.2 -99.000 -99.000 -99.000 -99.000 -99.000 -9999.0 -9999.0 -9999.0 -9999.0 -9999.0
96405 20240214  2.514 -145.35   60.47     7.0    -6.2     0.4    -0.7     0.3     3.51 C    -1.9   -10.8    -7.6    95.9    46.1    77.7 -99.000 -99.000 -99.000 -99.000 -99.000 -9999.0 -9999.0 -9999.0 -9999.0 -9999.0
96405 20240215  2.514 -145.35   60.47 -9999.0 -9999.0 -9999.0 -9999.0 -9999.0 -9999.00 U -9999.0 -9999.0 -9999.0 -9999.0 -9999.0 -9999.0 -99.000 -99.000 -99.000 -99.000 -99.000 -9999.0 -9999.0 -9999.0 -9999.0 -9999.0
96405 20240216 -9.000 -145.35   60.47 -9999.0 -9999.0 -9999.0 -9999.0 -9999.0 -9999.00 U -9999.0 -9999.0 -9999.0 -9999.0 -9999.0 -9999.0 -99.000 -99.000 -99.000 -99.000 -99.000 -9999.0 -9999.0 -9999.0 -9999.0 -9999.0
96405 20240217 -9.000 -145.35   60.47 -9999.0 -9999.0 -9999.0 -9999.0 -9999.0 -9999.00 U -9999.0 -9999.0 -9999.0 -9999.0 -9999.0 -9999.0 -99.000 -99.000 -99.000 -99.000 -99.000 -9999.0 -9999.0 -9999.0 -9999.0 -9999.0
96405 20240218 -9.000 -145.35   60.47 -9999.0 -9999.0 -9999.0 -9999.0 -9999.0 -9999.00 U -9999.0 -9999.0 -9999.0 -9999.0 -9999.0 -9999.0 -99.000 -99.000 -99.000 -99.000 -99.000 -9999.0 -9999.0 -9999.0 -9999.0 -9999.0
96405 20240219 -9.000 -145.35   60.47 -9999.0 -9999.0 -9999.0 -9999.0 -9999.0 -9999.00 U -9999.0 -9999.0 -9999.0 -9999.0 -9999.0 -9999.0 -99.000 -99.000 -99.000 -99.000 -99.000 -9999.0 -9999.0 -9999.0 -9999.0 -9999.0
96405 20240220 -9.000 -145.35   60.47 -9999.0 -9999.0 -9999.0 -9999.0 -9999.0 -9999.00 U -9999.0 -9999.0 -9999.0 -9999.0 -9999.0 -9999.0 -99.000 -99.000 -99.000 -99.000 -99.000 -9999.0 -9999.0 -9999.0 -9999.0 -9999.0
96405 20240221 -9.000 -145.35   60.47 -9999.0 -9999.0 -9999.0 -9999.0 -9999.0 -9999.00 U -9999.0 -9999.0 -9999.0 -9999.0 -9999.0 -9999.0 -99.000 -99.000 -99.000 -99.000 -99.000 -9999.0 -9999.0 -9999.0 -9999.0 -9999.0
96405 20240222 -9.000 -145.35   60.47 -9999.0 -9999.0 -9999.0 -9999.0 -9999.0 -9999.00 U -9999.0 -9999.0 -9999.0 -9999.0 -9999.0 -9999.0 -99.000 -99.000 -99.000 -99.000 -99.000 -9999.0 -9999.0 -9999.0 -9999.0 -9999.0
96405 20240223 -9.000 -145.35   60.47 -9999.0 -9999.0 -9999.0 -9999.0 -9999.0 -9999.00 U -9999.0 -9999.0 -9999.0 -9999.0 -9999.0 -9999.0 -99.000 -99.000 -99.000 -99.000 -99.000 -9999.0 -9999.0 -9999.0 -9999.0 -9999.0
96405 20240224 -9.000 -145.35   60.47 -9999.0 -9999.0 -9999.0 -9999.0 -9999.0 -9999.00 U -9999.0 -9999.0 -9999.0 -9999.0 -9999.0 -9999.0 -99.000 -99.000 -99.000 -99.000 -99.000 -9999.0 -9999.0 -9999.0 -9999.0 -9999.0
96405 20240225 -9.000 -145.35   60.47 -9999.0 -9999.0 -9999.0 -9999.0 -9999.0 -9999.00 U -9999.0 -9999.0 -9999.0 -9999.0 -9999.0 -9999.0 -99.000 -99.000 -99.000 -99.000 -99.000 -9999.0 -9999.0 -9999.0 -9999.0 -9999.0
96405 20240226 -9.000 -145.35   60.47 -9999.0 -9999.0 -9999.0 -9999.0 -9999.0 -9999.00 U -9999.0 -9999.0 -9999.0 -9999.0 -9999.0 -9999.0 -99.000 -99.000 -99.000 -99.000 -99.000 -9999.0 -9999.0 -9999.0 -9999.0 -9999.0
96405 20240227 -9.000 -145.35   60.47 -9999.0 -9999.0 -9999.0 -9999.0 -9999.0 -9999.00 U -9999.0 -9999.0 -9999.0 -9999.0 -9999.0 -9999.0 -99.000 -99.000 -99.000 -99.000 -99.000 -9999.0 -9999.0 -9999.0 -9999.0 -9999.0
96405 20240228 -9.000 -145.35   60.47 -9999.0 -9999.0 -9999.0 -9999.0 -9999.0 -9999.00 U -9999.0 -9999.0 -9999.0 -9999.0 -9999.0 -9999.0 -99.000 -99.000 -99.000 -99.000 -99.000 -9999.0 -9999.0 -9999.0 -9999.0 -9999.0
96405 20240229 -9.000 -145.35   60.47 -9999.0 -9999.0 -9999.0 -9999.0 -9999.0 -9999.00 U -9999.0 -9999.0 -9999.0 -9999.0 -9999.0 -9999.0 -99.000 -99.000 -99.000 -99.000 -99.000 -9999.0 -9999.0 -9999.0 -9999.0 -9999.0
96405 20240301 -9.000 -145.35   60.47 -9999.0 -9999.0 -9999.0 -9999.0 -9999.0 -9999.00 U -9999.0 -9999.0 -9999.0 -9999.0 -9999.0 -9999.0 -99.000 -99.000 -99.000 -99.000 -99.000 -9999.0 -9999.0 -9999.0 -9999.0 -9999.0
96405 20240302 -9.000 -145.35   60.47 -9999.0 -9999.0 -9999.0 -9999.0 -9999.0 -9999.00 U -9999.0 -9999.0 -9999.0 -9999.0 -9999.0 -9999.0 -99.000 -99.000 -99.000 -99.000 -99.000 -9999.0 -9999.0 -9999.0 -9999.0 -9999.0
96405 20240303 -9.000 -145.35   60.47 -9999.0 -9999.0 -9999.0 -9999.0 -9999.0 -9999.00 U -9999.0 -9999.0 -9999.0 -9999.0 -9999.0 -9999.0 -99.000 -99.000 -99.000 -99.000 -99.000 -9999.0 -9999.0 -9999.0 -9999.0 -9999.0
96405 20240304 -9.000 -145.35   60.47 -9999.0 -9999.0 -9999.0 -9999.0 -9999.0 -9999.00 U -9999.0 -9999.0 -9999.0 -9999.0 -9999.0 -9999.0 -99.000 -99.000 -99.000 -99.000 -99.000 -9999.0 -9999.0 -9999.0 -9999.0 -9999.0
96405 20240305 -9.000 -145.35   60.47 -9999.0 -9999.0 -9999.0 -9999.0 -9999.0 -9999.00 U -9999.0 -9999.0 -9999.0 -9999.0 -9999.0 -9999.0 -99.000 -99.000 -99.000 -99.000 -99.000 -9999.0 -9999.0 -9999.0 -9999.0 -9999.0
96405 20240306 -9.000 -145.35   60.47 -9999.0 -9999.0 -9999.0 -9999.0 -9999.0 -9999.00 U -9999.0 -9999.0 -9999.0 -9999.0 -9999.0 -9999.0 -99.000 -99.000 -99.000 -99.000 -99.000 -9999.0 -9999.0 -9999.0 -9999.0 -9999.0
96405 20240307 -9.000 -145.35   60.47 -9999.0 -9999.0 -9999.0 -9999.0 -9999.0 -9999.00 U -9999.0 -9999.0 -9999.0 -9999.0 -9999.0 -9999.0 -99.000 -99.000 -99.000 -99.000 -99.000 -9999.0 -9999.0 -9999.0 -9999.0 -9999.0
96405 20240308 -9.000 -145.35   60.47 -9999.0 -9999.0 -9999.0 -9999.0 -9999.0 -9999.00 U -9999.0 -9999.0 -9999.0 -9999.0 -9999.0 -9999.0 -99.000 -99.000 -99.000 -99.000 -99.000 -9999.0 -9999.0 -9999.0 -9999.0 -9999.0
96405 20240309 -9.000 -145.35   60.47 -9999.0 -9999.0 -9999.0 -9999.0 -9999.0 -9999.00 U -9999.0 -9999.0 -9999.0 -9999.0 -9999.0 -9999.0 -99.000 -99.000 -99.000 -99.000 -99.000 -9999.0 -9999.0 -9999.0 -9999.0 -9999.0
96405 20240310 -9.000 -145.35   60.47 -9999.0 -9999.0 -9999.0 -9999.0 -9999.0 -9999.00 U -9999.0 -9999.0 -9999.0 -9999.0 -9999.0 -9999.0 -99.000 -99.000 -99.000 -99.000 -99.000 -9999.0 -9999.0 -9999.0 -9999.0 -9999.0
96405 20240311 -9.000 -145.35   60.47 -9999.0 -9999.0 -9999.0 -9999.0 -9999.0 -9999.00 U -9999.0 -9999.0 -9999.0 -9999.0 -9999.0 -9999.0 -99.000 -99.000 -99.000 -99.000 -99.000 -9999.0 -9999.0 -9999.0 -9999.0 -9999.0
96405 20240312 -9.000 -145.35   60.47 -9999.0 -9999.0 -9999.0 -9999.0 -9999.0 -9999.00 U -9999.0 -9999.0 -9999.0 -9999.0 -9999.0 -9999.0 -99.000 -99.000 -99.000 -99.000 -99.000 -9999.0 -9999.0 -9999.0 -9999.0 -9999.0
96405 20240313 -9.000 -145.35   60.47 -9999.0 -9999.0 -9999.0 -9999.0 -9999.0 -9999.00 U -9999.0 -9999.0 -9999.0 -9999.0 -9999.0 -9999.0 -99.000 -99.000 -99.000 -99.000 -99.000 -9999.0 -9999.0 -9999.0 -9999.0 -9999.0
96405 20240314 -9.000 -145.35   60.47 -9999.0 -9999.0 -9999.0 -9999.0 -9999.0 -9999.00 U -9999.0 -9999.0 -9999.0 -9999.0 -9999.0 -9999.0 -99.000 -99.000 -99.000 -99.000 -99.000 -9999.0 -9999.0 -9999.0 -9999.0 -9999.0
96405 20240315 -9.000 -145.35   60.47 -9999.0 -9999.0 -9999.0 -9999.0 -9999.0 -9999.00 U -9999.0 -9999.0 -9999.0 -9999.0 -9999.0 -9999.0 -99.000 -99.000 -99.000 -99.000 -99.000 -9999.0 -9999.0 -9999.0 -9999.0 -9999.0
96405 20240316 -9.000 -145.35   60.47 -9999.0 -9999.0 -9999.0 -9999.0 -9999.0 -9999.00 U -9999.0 -9999.0 -9999.0 -9999.0 -9999.0 -9999.0 -99.000 -99.000 -99.000 -99.000 -99.000 -9999.0 -9999.0 -9999.0 -9999.0 -9999.0
96405 20240317 -9.000 -145.35   60.47 -9999.0 -9999.0 -9999.0 -9999.0 -9999.0 -9999.00 U -9999.0 -9999.0 -9999.0 -9999.0 -9999.0 -9999.0 -99.000 -99.000 -99.000 -99.000 -99.000 -9999.0 -9999.0 -9999.0 -9999.0 -9999.0
96405 20240318 -9.000 -145.35   60.47 -9999.0 -9999.0 -9999.0 -9999.0 -9999.0 -9999.00 U -9999.0 -9999.0 -9999.0 -9999.0 -9999.0 -9999.0 -99.000 -99.000 -99.000 -99.000 -99.000 -9999.0 -9999.0 -9999.0 -9999.0 -9999.0
96405 20240319 -9.000 -145.35   60.47 -9999.0 -9999.0 -9999.0 -9999.0 -9999.0 -9999.00 U -9999.0 -9999.0 -9999.0 -9999.0 -9999.0 -9999.0 -99.000 -99.000 -99.000 -99.000 -99.000 -9999.0 -9999.0 -9999.0 -9999.0 -9999.0
96405 20240320 -9.000 -145.35   60.47 -9999.0 -9999.0 -9999.0 -9999.0 -9999.0 -9999.00 U -9999.0 -9999.0 -9999.0 -9999.0 -9999.0 -9999.0 -99.000 -99.000 -99.000 -99.000 -99.000 -9999.0 -9999.0 -9999.0 -9999.0 -9999.0
96405 20240321 -9.000 -145.35   60.47 -9999.0 -9999.0 -9999.0 -9999.0 -9999.0 -9999.00 U -9999.0 -9999.0 -9999.0 -9999.0 -9999.0 -9999.0 -99.000 -99.000 -99.000 -99.000 -99.000 -9999.0 -9999.0 -9999.0 -9999.0 -9999.0
96405 20240322 -9.000 -145.35   60.47 -9999.0 -9999.0 -9999.0 -9999.0 -9999.0 -9999.00 U -9999.0 -9999.0 -9999.0 -9999.0 -9999.0 -9999.0 -99.000 -99.000 -99.000 -99.000 -99.000 -9999.0 -9999.0 -9999.0 -9999.0 -9999.0
96405 20240323 -9.000 -145.35   60.47 -9999.0 -9999.0 -9999.0 -9999.0 -9999.0 -9999.00 U -9999.0 -9999.0 -9999.0 -9999.0 -9999.0 -9999.0 -99.000 -99.000 -99.000 -99.000 -99.000 -9999.0 -9999.0 -9999.0 -9999.0 -9999.0
96405 20240324 -9.000 -145.35   60.47 -9999.0 -9999.0 -9999.0 -9999.0 -9999.0 -9999.00 U -9999.0 -9999.0 -9999.0 -9999.0 -9999.0 -9999.0 -99.000 -99.000 -99.000 -99.000 -99.000 -9999.0 -9999.0 -9999.0 -9999.0 -9999.0
96405 20240325 -9.000 -145.35   60.47 -9999.0 -9999.0 -9999.0 -9999.0 -9999.0 -9999.00 U -9999.0 -9999.0 -9999.0 -9999.0 -9999.0 -9999.0 -99.000 -99.000 -99.000 -99.000 -99.000 -9999.0 -9999.0 -9999.0 -9999.0 -9999.0
96405 20240326 -9.000 -145.35   60.47 -9999.0 -9999.0 -9999.0 -9999.0 -9999.0 -9999.00 U -9999.0 -9999.0 -9999.0 -9999.0 -9999.0 -9999.0 -99.000 -99.000 -99.000 -99.000 -99.000 -9999.0 -9999.0 -9999.0 -9999.0 -9999.0
96405 20240327  2.514 -145.35   60.47 -9999.0 -9999.0 -9999.0 -9999.0 -9999.0 -9999.00 U -9999.0 -9999.0 -9999.0 -9999.0 -9999.0 -9999.0 -99.000 -99.000 -99.000 -99.000 -99.000 -9999.0 -9999.0 -9999.0 -9999.0 -9999.0
96405 20240328  2.514 -145.35   60.47 -9999.0 -9999.0 -9999.0 -9999.0 -9999.0 -9999.00 U -9999.0 -9999.0 -9999.0 -9999.0 -9999.0 -9999.0 -99.000 -99.000 -99.000 -99.000 -99.000 -9999.0 -9999.0 -9999.0 -9999.0 -9999.0
96405 20240329 -9.000 -145.35   60.47 -9999.0 -9999.0 -9999.0 -9999.0 -9999.0 -9999.00 U -9999.0 -9999.0 -9999.0 -9999.0 -9999.0 -9999.0 -99.000 -99.000 -99.000 -99.000 -99.000 -9999.0 -9999.0 -9999.0 -9999.0 -9999.0
96405 20240330 -9.000 -145.35   60.47 -9999.0 -9999.0 -9999.0 -9999.0 -9999.0 -9999.00 U -9999.0 -9999.0 -9999.0 -9999.0 -9999.0 -9999.0 -99.000 -99.000 -99.000 -99.000 -99.000 -9999.0 -9999.0 -9999.0 -9999.0 -9999.0
96405 20240331 -9.000 -145.35   60.47 -9999.0 -9999.0 -9999.0 -9999.0 -9999.0 -9999.00 U -9999.0 -9999.0 -9999.0 -9999.0 -9999.0 -9999.0 -99.000 -99.000 -99.000 -99.000 -99.000 -9999.0 -9999.0 -9999.0 -9999.0 -9999.0
96405 20240401 -9.000 -145.35   60.47 -9999.0 -9999.0 -9999.0 -9999.0 -9999.0 -9999.00 U -9999.0 -9999.0 -9999.0 -9999.0 -9999.0 -9999.0 -99.000 -99.000 -99.000 -99.000 -99.000 -9999.0 -9999.0 -9999.0 -9999.0 -9999.0
96405 20240402 -9.000 -145.35   60.47 -9999.0 -9999.0 -9999.0 -9999.0 -9999.0 -9999.00 U -9999.0 -9999.0 -9999.0 -9999.0 -9999.0 -9999.0 -99.000 -99.000 -99.000 -99.000 -99.000 -9999.0 -9999.0 -9999.0 -9999.0 -9999.0
96405 20240403 -9.000 -145.35   60.47 -9999.0 -9999.0 -9999.0 -9999.0 -9999.0 -9999.00 U -9999.0 -9999.0 -9999.0 -9999.0 -9999.0 -9999.0 -99.000 -99.000 -99.000 -99.000 -99.000 -9999.0 -9999.0 -9999.0 -9999.0 -9999.0
96405 20240404 -9.000 -145.35   60.47 -9999.0 -9999.0 -9999.0 -9999.0 -9999.0 -9999.00 U -9999.0 -9999.0 -9999.0 -9999.0 -9999.0 -9999.0 -99.000 -99.000 -99.000 -99.000 -99.000 -9999.0 -9999.0 -9999.0 -9999.0 -9999.0
96405 20240405 -9.000 -145.35   60.47 -9999.0 -9999.0 -9999.0 -9999.0 -9999.0 -9999.00 U -9999.0 -9999.0 -9999.0 -9999.0 -9999.0 -9999.0 -99.000 -99.000 -99.000 -99.000 -99.000 -9999.0 -9999.0 -9999.0 -9999.0 -9999.0
96405 20240406 -9.000 -145.35   60.47 -9999.0 -9999.0 -9999.0 -9999.0 -9999.0 -9999.00 U -9999.0 -9999.0 -9999.0 -9999.0 -9999.0 -9999.0 -99.000 -99.000 -99.000 -99.000 -99.000 -9999.0 -9999.0 -9999.0 -9999.0 -9999.0
96405 20240407 -9.000 -145.35   60.47 -9999.0 -9999.0 -9999.0 -9999.0 -9999.0 -9999.00 U -9999.0 -9999.0 -9999.0 -9999.0 -9999.0 -9999.0 -99.000 -99.000 -99.000 -99.000 -99.000 -9999.0 -9999.0 -9999.0 -9999.0 -9999.0
96405 20240408 -9.000 -145.35   60.47 -9999.0 -9999.0 -9999.0 -9999.0 -9999.0 -9999.00 U -9999.0 -9999.0 -9999.0 -9999.0 -9999.0 -9999.0 -99.000 -99.000 -99.000 -99.000 -99.000 -9999.0 -9999.0 -9999.0 -9999.0 -9999.0
96405 20240409 -9.000 -145.35   60.47 -9999.0 -9999.0 -9999.0 -9999.0 -9999.0 -9999.00 U -9999.0 -9999.0 -9999.0 -9999.0 -9999.0 -9999.0 -99.000 -99.000 -99.000 -99.000 -99.000 -9999.0 -9999.0 -9999.0 -9999.0 -9999.0
96405 20240410 -9.000 -145.35   60.47 -9999.0 -9999.0 -9999.0 -9999.0 -9999.0 -9999.00 U -9999.0 -9999.0 -9999.0 -9999.0 -9999.0 -9999.0 -99.000 -99.000 -99.000 -99.000 -99.000 -9999.0 -9999.0 -9999.0 -9999.0 -9999.0
96405 20240411 -9.000 -145.35   60.47 -9999.0 -9999.0 -9999.0 -9999.0 -9999.0 -9999.00 U -9999.0 -9999.0 -9999.0 -9999.0 -9999.0 -9999.0 -99.000 -99.000 -99.000 -99.000 -99.000 -9999.0 -9999.0 -9999.0 -9999.0 -9999.0
96405 20240412 -9.000 -145.35   60.47 -9999.0 -9999.0 -9999.0 -9999.0 -9999.0 -9999.00 U -9999.0 -9999.0 -9999.0 -9999.0 -9999.0 -9999.0 -99.000 -99.000 -99.000 -99.000 -99.000 -9999.0 -9999.0 -9999.0 -9999.0 -9999.0
96405 20240413 -9.000 -145.35   60.47 -9999.0 -9999.0 -9999.0 -9999.0 -9999.0 -9999.00 U -9999.0 -9999.0 -9999.0 -9999.0 -9999.0 -9999.0 -99.000 -99.000 -99.000 -99.000 -99.000 -9999.0 -9999.0 -9999.0 -9999.0 -9999.0
96405 20240414 -9.000 -145.35   60.47 -9999.0 -9999.0 -9999.0 -9999.0 -9999.0 -9999.00 U -9999.0 -9999.0 -9999.0 -9999.0 -9999.0 -9999.0 -99.000 -99.000 -99.000 -99.000 -99.000 -9999.0 -9999.0 -9999.0 -9999.0 -9999.0
96405 20240415 -9.000 -145.35   60.47 -9999.0 -9999.0 -9999.0 -9999.0 -9999.0 -9999.00 U -9999.0 -9999.0 -9999.0 -9999.0 -9999.0 -9999.0 -99.000 -99.000 -99.000 -99.000 -99.000 -9999.0 -9999.0 -9999.0 -9999.0 -9999.0
96405 20240416 -9.000 -145.35   60.47 -9999.0 -9999.0 -9999.0 -9999.0 -9999.0 -9999.00 U -9999.0 -9999.0 -9999.0 -9999.0 -9999.0 -9999.0 -99.000 -99.000 -99.000 -99.000 -99.000 -9999.0 -9999.0 -9999.0 -9999.0 -9999.0
96405 20240417 -9.000 -145.35   60.47 -9999.0 -9999.0 -9999.0 -9999.0 -9999.0 -9999.00 U -9999.0 -9999.0 -9999.0 -9999.0 -9999.0 -9999.0 -99.000 -99.000 -99.000 -99.000 -99.000 -9999.0 -9999.0 -9999.0 -9999.0 -9999.0
96405 20240418 -9.000 -145.35   60.47 -9999.0 -9999.0 -9999.0 -9999.0 -9999.0 -9999.00 U -9999.0 -9999.0 -9999.0 -9999.0 -9999.0 -9999.0 -99.000 -99.000 -99.000 -99.000 -99.000 -9999.0 -9999.0 -9999.0 -9999.0 -9999.0
96405 20240419 -9.000 -145.35   60.47 -9999.0 -9999.0 -9999.0 -9999.0 -9999.0 -9999.00 U -9999.0 -9999.0 -9999.0 -9999.0 -9999.0 -9999.0 -99.000 -99.000 -99.000 -99.000 -99.000 -9999.0 -9999.0 -9999.0 -9999.0 -9999.0
96405 20240420 -9.000 -145.35   60.47 -9999.0 -9999.0 -9999.0 -9999.0 -9999.0 -9999.00 U -9999.0 -9999.0 -9999.0 -9999.0 -9999.0 -9999.0 -99.000 -99.000 -99.000 -99.000 -99.000 -9999.0 -9999.0 -9999.0 -9999.0 -9999.0
96405 20240421 -9.000 -145.35   60.47 -9999.0 -9999.0 -9999.0 -9999.0 -9999.0 -9999.00 U -9999.0 -9999.0 -9999.0 -9999.0 -9999.0 -9999.0 -99.000 -99.000 -99.000 -99.000 -99.000 -9999.0 -9999.0 -9999.0 -9999.0 -9999.0
96405 20240422 -9.000 -145.35   60.47 -9999.0 -9999.0 -9999.0 -9999.0 -9999.0 -9999.00 U -9999.0 -9999.0 -9999.0 -9999.0 -9999.0 -9999.0 -99.000 -99.000 -99.000 -99.000 -99.000 -9999.0 -9999.0 -9999.0 -9999.0 -9999.0
96405 20240423 -9.000 -145.35   60.47 -9999.0 -9999.0 -9999.0 -9999.0 -9999.0 -9999.00 U -9999.0 -9999.0 -9999.0 -9999.0 -9999.0 -9999.0 -99.000 -99.000 -99.000 -99.000 -99.000 -9999.0 -9999.0 -9999.0 -9999.0 -9999.0
96405 20240424  2.514 -145.35   60.47 -9999.0 -9999.0 -9999.0 -9999.0 -9999.0 -9999.00 U -9999.0 -9999.0 -9999.0 -9999.0 -9999.0 -9999.0 -99.000 -99.000 -99.000 -99.000 -99.000 -9999.0 -9999.0 -9999.0 -9999.0 -9999.0
96405 20240425  2.514 -145.35   60.47 -9999.0 -9999.0 -9999.0 -9999.0 -9999.0 -9999.00 U -9999.0 -9999.0 -9999.0 -9999.0 -9999.0 -9999.0 -99.000 -99.000 -99.000 -99.000 -99.000 -9999.0 -9999.0 -9999.0 -9999.0 -9999.0
96405 20240426 -9.000 -145.35   60.47 -9999.0 -9999.0 -9999.0 -9999.0 -9999.0 -9999.00 U -9999.0 -9999.0 -9999.0 -9999.0 -9999.0 -9999.0 -99.000 -99.000 -99.000 -99.000 -99.000 -9999.0 -9999.0 -9999.0 -9999.0 -9999.0
96405 20240427 -9.000 -145.35   60.47 -9999.0 -9999.0 -9999.0 -9999.0 -9999.0 -9999.00 U -9999.0 -9999.0 -9999.0 -9999.0 -9999.0 -9999.0 -99.000 -99.000 -99.000 -99.000 -99.000 -9999.0 -9999.0 -9999.0 -9999.0 -9999.0
96405 20240428 -9.000 -145.35   60.47 -9999.0 -9999.0 -9999.0 -9999.0 -9999.0 -9999.00 U -9999.0 -9999.0 -9999.0 -9999.0 -9999.0 -9999.0 -99.000 -99.000 -99.000 -99.000 -99.000 -9999.0 -9999.0 -9999.0 -9999.0 -9999.0
96405 20240429 -9.000 -145.35   60.47 -9999.0 -9999.0 -9999.0 -9999.0 -9999.0 -9999.00 U -9999.0 -9999.0 -9999.0 -9999.0 -9999.0 -9999.0 -99.000 -99.000 -99.000 -99.000 -99.000 -9999.0 -9999.0 -9999.0 -9999.0 -9999.0
96405 20240430  2.514 -145.35   60.47 -9999.0 -9999.0 -9999.0 -9999.0 -9999.0 -9999.00 U -9999.0 -9999.0 -9999.0 -9999.0 -9999.0 -9999.0 -99.000 -99.000 -99.000 -99.000 -99.000 -9999.0 -9999.0 -9999.0 -9999.0 -9999.0
96405 20240501  2.514 -145.35   60.47     8.8     2.2     5.5     5.7     0.5    11.52 C    17.3     0.8     7.5    98.0    58.2    79.2 -99.000 -99.000 -99.000 -99.000 -99.000 -9999.0 -9999.0 -9999.0 -9999.0 -9999.0
96405 20240502  2.514 -145.35   60.47    11.4     1.6     6.5     7.9     0.0    12.98 C    21.3     0.1     8.6    94.8    42.0    61.0 -99.000 -99.000 -99.000 -99.000 -99.000 -9999.0 -9999.0 -9999.0 -9999.0 -9999.0
96405 20240503  2.514 -145.35   60.47    15.5     3.1     9.3    10.3     0.0    10.43 C    22.1    -0.9     9.8    77.4    30.2    48.9 -99.000 -99.000 -99.000 -99.000 -99.000 -9999.0 -9999.0 -9999.0 -9999.0 -9999.0
96405 20240504  2.514 -145.35   60.47     7.9     5.2     6.5     6.3    21.9     5.00 C    12.7     4.5     6.6    94.6    70.7    86.6 -99.000 -99.000 -99.000 -99.000 -99.000 -9999.0 -9999.0 -9999.0 -9999.0 -9999.0
96405 20240505  2.514 -145.35   60.47     8.7     2.1     5.4     5.2     5.7     5.83 C    12.8     0.5     6.1    98.3    72.3    92.1 -99.000 -99.000 -99.000 -99.000 -99.000 -9999.0 -9999.0 -9999.0 -9999.0 -9999.0
96405 20240506  2.514 -145.35   60.47    10.0     0.3     5.2     5.2     1.3    17.60 C    25.5    -0.3     7.7    98.3    54.1    81.7 -99.000 -99.000 -99.000 -99.000 -99.000 -9999.0 -9999.0 -9999.0 -9999.0 -9999.0
96405 20240507  2.514 -145.35   60.47    10.3     0.0     5.1     5.9     0.8    17.56 C    22.1    -1.4     7.8    98.0    51.6    73.7 -99.000 -99.000 -99.000 -99.000 -99.000 -9999.0 -9999.0 -9999.0 -9999.0 -9999.0
96405 20240508  2.514 -145.35   60.47     7.4     3.3     5.4     5.2    10.5     4.13 C    11.2     3.3     5.8    97.1    72.9    88.9 -99.000 -99.000 -99.000 -99.000 -99.000 -9999.0 -9999.0 -9999.0 -9999.0 -9999.0
96405 20240509  2.514 -145.35   60.47     6.9     0.4     3.6     3.8    11.9     6.42 C    13.4     0.0     5.3    97.2    74.0    89.3 -99.000 -99.000 -99.000 -99.000 -99.000 -9999.0 -9999.0 -9999.0 -9999.0 -9999.0
96405 20240510  2.514 -145.35   60.47     6.4     0.1     3.2     3.1    10.7    12.31 C    14.9    -0.1     4.8    98.2    69.9    86.9 -99.000 -99.000 -99.000 -99.000 -99.000 -9999.0 -9999.0 -9999.0 -9999.0 -9999.0
96405 20240511  2.514 -145.35   60.47     5.3     3.1     4.2     4.3    10.3     5.11 C     7.4     2.7     4.4    91.3    77.0    82.1 -99.000 -99.000 -99.000 -99.000 -99.000 -9999.0 -9999.0 -9999.0 -9999.0 -9999.0
96405 20240512  2.514 -145.35   60.47     7.5     2.6     5.0     4.7     5.5    11.91 C    17.6     2.2     6.7    97.4    71.1    86.8 -99.000 -99.000 -99.000 -99.000 -99.000 -9999.0 -9999.0 -9999.0 -9999.0 -9999.0
96405 20240513  2.514 -145.35   60.47    12.0     2.8     7.4     7.4     0.4    19.58 C    25.6     0.5     9.6    95.9    48.6    68.1 -99.000 -99.000 -99.000 -99.000 -99.000 -9999.0 -9999.0 -9999.0 -9999.0 -9999.0
96405 20240514  2.514 -145.35   60.47    11.2     0.7     6.0     7.0     2.3    13.52 C    18.6    -1.1     8.7    98.4    60.6    80.7 -99.000 -99.000 -99.000 -99.000 -99.000 -9999.0 -9999.0 -9999.0 -9999.0 -9999.0
96405 20240515  2.514 -145.35   60.47    13.6    -2.2     5.7     6.3     0.3    17.43 C    29.4    -2.8     8.9    98.7    56.8    80.1 -99.000 -99.000 -99.000 -99.000 -99.000 -9999.0 -9999.0 -9999.0 -9999.0 -9999.0
96405 20240516  2.514 -145.35   60.47     9.1     3.5     6.3     6.5     3.0     6.24 C    13.9     2.8     8.3    97.9    57.4    82.1 -99.000 -99.000 -99.000 -99.000 -99.000 -9999.0 -9999.0 -9999.0 -9999.0 -9999.0
96405 20240517  2.514 -145.35   60.47     9.7     1.7     5.7     6.1     2.5     8.69 C    15.7    -0.2     7.6    97.8    49.5    81.3 -99.000 -99.000 -99.000 -99.000 -99.000 -9999.0 -9999.0 -9999.0 -9999.0 -9999.0
96405 20240518  2.514 -145.35   60.47     8.3    -1.5     3.4     4.8     5.0     9.10 C    16.4    -2.3     6.2    98.5    72.0    87.3 -99.000 -99.000 -99.000 -99.000 -99.000 -9999.0 -9999.0 -9999.0 -9999.0 -9999.0
96405 20240519  2.514 -145.35   60.47     9.7     0.0     4.8     6.2    11.2    16.31 C    19.8    -1.8     7.6    96.3    47.3    71.7 -99.000 -99.000 -99.000 -99.000 -99.000 -9999.0 -9999.0 -9999.0 -9999.0 -9999.0
96405 20240520  2.514 -145.35   60.47    11.6    -1.8     4.9     6.6     0.2    12.07 C    26.0    -2.5     9.0    97.6    57.7    75.7 -99.000 -99.000 -99.000 -99.000 -99.000 -9999.0 -9999.0 -9999.0 -9999.0 -9999.0
96405 20240521  2.514 -145.35   60.47    10.0     2.9     6.4     6.7     8.8     6.70 C    17.2     1.4     7.9    97.3    63.0    85.3 -99.000 -99.000 -99.000 -99.000 -99.000 -9999.0 -9999.0 -9999.0 -9999.0 -9999.0
96405 20240522  2.514 -145.35   60.47     8.3     3.9     6.1     6.4     7.7     3.78 C    11.4     4.2     6.8    96.8    69.7    83.5 -99.000 -99.000 -99.000 -99.000 -99.000 -9999.0 -9999.0 -9999.0 -9999.0 -9999.0
96405 20240523  2.514 -145.35   60.47    13.6     5.2     9.4     9.6     0.0    11.91 C    23.6     1.5    10.8    95.6    55.5    73.0 -99.000 -99.000 -99.000 -99.000 -99.000 -9999.0 -9999.0 -9999.0 -9999.0 -9999.0
96405 20240524  2.514 -145.35   60.47     8.4     2.0     5.2     6.6     9.5     4.16 C    11.4    -0.1     7.1    98.3    79.7    89.9 -99.000 -99.000 -99.000 -99.000 -99.000 -9999.0 -9999.0 -9999.0 -9999.0 -9999.0
96405 20240525  2.514 -145.35   60.47    11.8     5.1     8.5     8.3     0.3    12.83 C    22.8     4.9    10.1    94.2    55.6    73.0 -99.000 -99.000 -99.000 -99.000 -99.000 -9999.0 -9999.0 -9999.0 -9999.0 -9999.0
96405 20240526  2.514 -145.35   60.47    15.0     4.9    10.0     9.5     0.8    19.05 C    28.5     5.0    13.0    95.9    54.0    74.3 -99.000 -99.000 -99.000 -99.000 -99.000 -9999.0 -9999.0 -9999.0 -9999.0 -9999.0
96405 20240527  2.514 -145.35   60.47    13.6     5.9     9.7     8.9     0.4     9.92 C    25.5     5.2    10.8    96.4    55.6    79.2 -99.000 -99.000 -99.000 -99.000 -99.000 -9999.0 -9999.0 -9999.0 -9999.0 -9999.0
96405 20240528  2.514 -145.35   60.47     7.9     4.5     6.2     6.4    11.4     4.85 C    10.1     4.4     7.7    97.1    82.1    92.8 -99.000 -99.000 -99.000 -99.000 -99.000 -9999.0 -9999.0 -9999.0 -9999.0 -9999.0
96405 20240529  2.514 -145.35   60.47    11.5     3.9     7.7     7.7     1.3    12.12 C    20.8     3.7     9.4    97.6    59.5    81.7 -99.000 -99.000 -99.000 -99.000 -99.000 -9999.0 -9999.0 -9999.0 -9999.0 -9999.0
96405 20240530  2.514 -145.35   60.47    11.5     4.8     8.1     8.4     4.5    10.88 C    17.7     3.5     9.6    97.7    57.5    81.6 -99.000 -99.000 -99.000 -99.000 -99.000 -9999.0 -9999.0 -9999.0 -9999.0 -9999.0
96405 20240531  2.514 -145.35   60.47    16.6     4.7    10.6    11.7     0.0    13.67 C    22.2     3.2    12.1    81.2    27.3    51.8 -99.000 -99.000 -99.000 -99.000 -99.000 -9999.0 -9999.0 -9999.0 -9999.0 -9999.0
96405 20240601  2.514 -145.35   60.47    12.9     7.3    10.1    10.3     0.6     9.07 C    21.1     6.1    10.5    81.9    50.1    62.0 -99.000 -99.000 -99.000 -99.000 -99.000 -9999.0 -9999.0 -9999.0 -9999.0 -9999.0
96405 20240602  2.514 -145.35   60.47    12.7     6.2     9.4     9.5     1.7    10.73 C    20.1     5.8    10.7    96.8    53.3    73.5 -99.000 -99.000 -99.000 -99.000 -99.000 -9999.0 -9999.0 -9999.0 -9999.0 -9999.0
96405 20240603  2.514 -145.35   60.47    14.1     5.8     9.9    10.1     1.5    12.32 C    19.8     5.4    11.4    96.9    53.9    78.8 -99.000 -99.000 -99.000 -99.000 -99.000 -9999.0 -9999.0 -9999.0 -9999.0 -9999.0
96405 20240604  2.514 -145.35   60.47    20.0     2.4    11.2    12.4     1.3    24.71 C    29.0     1.2    15.6    97.6    34.3    66.5 -99.000 -99.000 -99.000 -99.000 -99.000 -9999.0 -9999.0 -9999.0 -9999.0 -9999.0
96405 20240605  2.514 -145.35   60.47    11.9     7.3     9.6     9.5    12.6     7.35 C    15.0     7.9    10.5    97.0    67.1    85.3 -99.000 -99.000 -99.000 -99.000 -99.000 -9999.0 -9999.0 -9999.0 -9999.0 -9999.0
96405 20240606  2.514 -145.35   60.47    10.2     6.7     8.4     8.2    15.5     8.06 C    14.9     6.8     9.2    96.4    72.3    87.4 -99.000 -99.000 -99.000 -99.000 -99.000 -9999.0 -9999.0 -9999.0 -9999.0 -9999.0
96405 20240607  2.514 -145.35   60.47    15.4     5.8    10.6    10.5     0.0    20.99 C    25.8     5.3    13.0    95.9    47.0    73.2 -99.000 -99.000 -99.000 -99.000 -99.000 -9999.0 -9999.0 -9999.0 -9999.0 -9999.0
96405 20240608  2.514 -145.35   60.47    23.5     3.3    13.4    14.2     0.0    14.79 C    27.0     3.2    14.7    97.3    15.9    53.6 -99.000 -99.000 -99.000 -99.000 -99.000 -9999.0 -9999.0 -9999.0 -9999.0 -9999.0
96405 20240609  2.514 -145.35   60.47    15.0     8.7    11.8    11.3     2.3     8.34 C    22.5     8.5    12.0    94.4    57.1    76.0 -99.000 -99.000 -99.000 -99.000 -99.000 -9999.0 -9999.0 -9999.0 -9999.0 -9999.0
96405 20240610  2.514 -145.35   60.47    13.2     7.7    10.5    10.5     1.3     6.73 C    15.8     7.8    10.8    95.4    60.1    78.7 -99.000 -99.000 -99.000 -99.000 -99.000 -9999.0 -9999.0 -9999.0 -9999.0 -9999.0
96405 20240611  2.514 -145.35   60.47    11.2     7.0     9.1     9.0     3.6     8.62 C    15.8     7.6    10.5    96.9    76.7    90.8 -99.000 -99.000 -99.000 -99.000 -99.000 -9999.0 -9999.0 -9999.0 -9999.0 -9999.0
96405 20240612  2.514 -145.35   60.47    14.2     3.5     8.8     9.1     1.0    14.00 C    23.3     1.8    10.7    97.4    56.4    83.4 -99.000 -99.000 -99.000 -99.000 -99.000 -9999.0 -9999.0 -9999.0 -9999.0 -9999.0
96405 20240613  2.514 -145.35   60.47    17.1     1.7     9.4    10.1     0.0    20.89 C    26.4     0.5    11.6    98.6    47.7    70.5 -99.000 -99.000 -99.000 -99.000 -99.000 -9999.0 -9999.0 -9999.0 -9999.0 -9999.0
96405 20240614  2.514 -145.35   60.47    23.8     1.5    12.6    14.5     0.2    25.27 C    29.6     0.6    15.6    95.7    26.5    61.9 -99.000 -99.000 -99.000 -99.000 -99.000 -9999.0 -9999.0 -9999.0 -9999.0 -9999.0
96405 20240615  2.514 -145.35   60.47    16.2     4.2    10.2    10.6     0.0    12.83 C    23.8     2.8    11.7    97.7    66.5    82.2 -99.000 -99.000 -99.000 -99.000 -99.000 -9999.0 -9999.0 -9999.0 -9999.0 -9999.0
96405 20240616  2.514 -145.35   60.47    18.4     2.3    10.3    11.6     0.3    26.52 C    25.6     1.0    14.2    98.6    62.6    83.4 -99.000 -99.000 -99.000 -99.000 -99.000 -9999.0 -9999.0 -9999.0 -9999.0 -9999.0
96405 20240617  2.514 -145.35   60.47    13.8     8.7    11.3    11.0     0.9     7.00 C    18.8     9.5    12.6    97.4    80.4    91.4 -99.000 -99.000 -99.000 -99.000 -99.000 -9999.0 -9999.0 -9999.0 -9999.0 -9999.0
96405 20240618  2.514 -145.35   60.47    12.8     8.5    10.6    10.4     1.8     6.73 C    15.6     9.1    11.5    96.8    84.2    92.5 -99.000 -99.000 -99.000 -99.000 -99.000 -9999.0 -9999.0 -9999.0 -9999.0 -9999.0
96405 20240619  2.514 -145.35   60.47    14.0     8.1    11.0    10.9     0.2     9.86 C    18.0     7.7    12.3    95.7    68.1    80.7 -99.000 -99.000 -99.000 -99.000 -99.000 -9999.0 -9999.0 -9999.0 -9999.0 -9999.0
96405 20240620  2.514 -145.35   60.47    16.1     7.7    11.9    11.2     0.0    12.99 C    22.4     7.1    13.0    94.3    65.1    81.0 -99.000 -99.000 -99.000 -99.000 -99.000 -9999.0 -9999.0 -9999.0 -9999.0 -9999.0
96405 20240621  2.514 -145.35   60.47    20.8     5.7    13.2    13.6     0.2    23.63 C    27.2     4.5    15.2    96.7    42.4    69.2 -99.000 -99.000 -99.000 -99.000 -99.000 -9999.0 -9999.0 -9999.0 -9999.0 -9999.0
96405 20240622  2.514 -145.35   60.47    20.1     4.2    12.1    13.4     0.6    26.12 C    26.8     2.8    15.3    97.4    47.9    75.2 -99.000 -99.000 -99.000 -99.000 -99.000 -9999.0 -9999.0 -9999.0 -9999.0 -9999.0
96405 20240623  2.514 -145.35   60.47    18.9     6.4    12.6    13.4     0.7    23.70 C    26.0     5.4    15.6    95.8    55.6    79.2 -99.000 -99.000 -99.000 -99.000 -99.000 -9999.0 -9999.0 -9999.0 -9999.0 -9999.0
96405 20240624  2.514 -145.35   60.47    18.5     6.0    12.2    12.4     0.0    18.78 C    28.1     4.5    15.2    96.3    64.8    81.9 -99.000 -99.000 -99.000 -99.000 -99.000 -9999.0 -9999.0 -9999.0 -9999.0 -9999.0
96405 20240625  2.514 -145.35   60.47    13.4     9.4    11.4    11.5     0.4     5.58 C    15.3    10.0    12.6    96.8    81.4    88.7 -99.000 -99.000 -99.000 -99.000 -99.000 -9999.0 -9999.0 -9999.0 -9999.0 -9999.0
96405 20240626  2.514 -145.35   60.47    16.6     9.4    13.0    12.4     0.0     9.17 C    23.3     9.0    14.1    92.1    70.5    83.8 -99.000 -99.000 -99.000 -99.000 -99.000 -9999.0 -9999.0 -9999.0 -9999.0 -9999.0
96405 20240627  2.514 -145.35   60.47    16.0     7.4    11.7    12.7     0.3     9.98 C    21.1     6.8    14.4    95.4    74.2    82.2 -99.000 -99.000 -99.000 -99.000 -99.000 -9999.0 -9999.0 -9999.0 -9999.0 -9999.0
96405 20240628  2.514 -145.35   60.47    18.2    10.2    14.2    13.0     0.3    13.94 C    26.6    10.0    15.0    94.7    67.2    83.6 -99.000 -99.000 -99.000 -99.000 -99.000 -9999.0 -9999.0 -9999.0 -9999.0 -9999.0
96405 20240629  2.514 -145.35   60.47    20.5    10.3    15.4    14.4     0.0    23.59 C    27.7     9.0    17.1    95.7    60.4    79.8 -99.000 -99.000 -99.000 -99.000 -99.000 -9999.0 -9999.0 -9999.0 -9999.0 -9999.0
96405 20240630  2.514 -145.35   60.47    15.9    10.2    13.0    12.1     5.1     4.79 C    17.5    10.6    12.8    95.9    73.7    91.0 -99.000 -99.000 -99.000 -99.000 -99.000 -9999.0 -9999.0 -9999.0 -9999.0 -9999.0
96405 20240701  2.514 -145.35   60.47    13.1     8.6    10.8    10.8     2.0     5.11 C    15.8     9.2    11.7    96.0    82.2    92.5 -99.000 -99.000 -99.000 -99.000 -99.000 -9999.0 -9999.0 -9999.0 -9999.0 -9999.0
96405 20240702  2.514 -145.35   60.47 -9999.0 -9999.0 -9999.0 -9999.0 -9999.0 -9999.00 U -9999.0 -9999.0 -9999.0 -9999.0 -9999.0 -9999.0 -99.000 -99.000 -99.000 -99.000 -99.000 -9999.0 -9999.0 -9999.0 -9999.0 -9999.0
