94088 20240101  2.622 -104.44   44.52     3.9    -3.6     0.1     0.4     0.0     6.74 C     2.7    -7.5    -3.5    68.8    37.6    54.8 -99.000 -99.000 -99.000   0.314   0.419    -0.6    -0.7    -0.2     1.0     2.2
94088 20240102  2.622 -104.44   44.52     1.6    -5.1    -1.8    -2.3     0.0     7.10 C     0.9   -11.8    -6.3    91.4    44.7    63.9 -99.000 -99.000 -99.000   0.313   0.420    -0.7    -0.8    -0.2     1.0     2.2
94088 20240103  2.622 -104.44   44.52     0.7    -8.6    -3.9    -2.9     0.0     6.92 C     0.8   -13.1    -7.0    81.2    32.0    58.3 -99.000 -99.000 -99.000   0.313   0.420    -0.8    -1.0    -0.3     0.9     2.1
94088 20240104  2.622 -104.44   44.52     0.7    -5.5    -2.4    -2.5     0.0     4.96 C     0.4    -9.7    -5.2    78.8    46.3    59.9 -99.000 -99.000 -99.000   0.313   0.420    -0.8    -1.0    -0.3     0.9     2.1
94088 20240105  2.622 -104.44   44.52    -2.4    -7.9    -5.2    -4.2     4.6     3.00 C    -2.5    -8.0    -4.7    93.3    70.6    83.0 -99.000 -99.000 -99.000   0.313   0.419    -0.7    -0.9    -0.3     0.8     2.1
94088 20240106  2.622 -104.44   44.52    -3.5   -10.5    -7.0    -6.4     0.0     7.12 C    -5.2   -15.4    -9.1    90.3    44.4    64.7 -99.000 -99.000 -99.000   0.312   0.417    -0.7    -0.8    -0.3     0.8     2.0
94088 20240107  2.622 -104.44   44.52    -2.8   -10.8    -6.8    -6.1     4.8     3.04 C    -3.1   -13.7    -8.3    89.2    36.5    59.5 -99.000 -99.000 -99.000   0.312   0.416    -0.8    -1.0    -0.4     0.8     2.0
94088 20240108  2.622 -104.44   44.52   -10.0   -15.3   -12.7   -12.4     1.2     6.76 C    -9.8   -19.1   -14.1    88.5    67.0    80.2 -99.000 -99.000 -99.000   0.312   0.415    -0.7    -0.9    -0.4     0.8     1.9
94088 20240109  2.622 -104.44   44.52    -0.5   -11.2    -5.8    -6.3     1.9     4.61 C    -2.8   -16.7    -8.8    89.0    39.3    59.2 -99.000 -99.000 -99.000   0.313   0.416    -0.7    -0.8    -0.4     0.7     1.9
94088 20240110  2.622 -104.44   44.52    -4.1   -15.3    -9.7    -7.2     0.2     4.88 C    -3.9   -16.6    -8.5    91.2    59.2    74.7 -99.000 -99.000 -99.000   0.315   0.417    -0.6    -0.8    -0.4     0.7     1.9
94088 20240111  2.622 -104.44   44.52   -10.2   -21.0   -15.6   -17.3     0.9     5.64 C   -12.5   -25.9   -18.3    83.6    61.6    79.1 -99.000 -99.000 -99.000   0.315   0.417    -0.7    -0.9    -0.4     0.7     1.8
94088 20240112  2.622 -104.44   44.52   -18.4   -37.8   -28.1   -27.4     1.0     3.64 C   -19.9   -40.3   -28.4    83.3    68.0    75.3 -99.000 -99.000 -99.000   0.316   0.417    -0.9    -1.2    -0.5     0.7     1.8
94088 20240113  2.622 -104.44   44.52   -30.4   -39.3   -34.9   -34.8     0.0     7.43 C   -30.6   -41.7   -36.7    69.5    57.0    67.5 -99.000 -99.000 -99.000   0.320   0.417    -1.2    -1.8    -0.7     0.6     1.8
94088 20240114  2.622 -104.44   44.52   -21.2   -32.0   -26.6   -26.2     0.7     6.81 C   -18.5   -38.1   -28.1    76.8    25.4    54.5 -99.000 -99.000 -99.000   0.323   0.418    -1.6    -2.4    -1.0     0.5     1.7
94088 20240115  2.622 -104.44   44.52   -22.7   -33.7   -28.2   -28.8     0.0     7.72 C   -25.2   -35.4   -30.1    79.2    38.8    63.2 -99.000 -99.000 -99.000   0.323   0.418    -1.7    -2.7    -1.3     0.4     1.7
94088 20240116  2.622 -104.44   44.52    -9.1   -22.7   -15.9   -14.3     0.7     5.38 C    -9.9   -26.6   -16.2    83.0    31.0    50.4 -99.000 -99.000 -99.000   0.323   0.417    -1.9    -2.9    -1.5     0.4     1.6
94088 20240117  2.622 -104.44   44.52    -2.8    -9.5    -6.2    -6.3     1.0     3.18 C    -3.3   -12.6    -7.3    92.1    59.9    75.8 -99.000 -99.000 -99.000   0.320   0.417    -1.5    -2.2    -1.4     0.3     1.6
94088 20240118  2.622 -104.44   44.52    -2.7   -23.4   -13.1   -18.5     1.1     4.32 C    -3.8   -25.1   -18.5    90.6    70.0    78.6 -99.000 -99.000 -99.000   0.317   0.418    -1.3    -1.9    -1.2     0.2     1.5
94088 20240119  2.622 -104.44   44.52    -8.1   -23.3   -15.7   -16.5     0.0     8.02 C    -9.5   -24.9   -19.0    80.3    37.0    64.6 -99.000 -99.000 -99.000 -99.000   0.417    -1.6    -2.5    -1.5     0.1     1.4
94088 20240120  2.622 -104.44   44.52     4.5    -9.5    -2.5     0.1     0.0     7.83 C     2.7   -12.7    -2.5    63.3    48.1    56.2 -99.000 -99.000 -99.000 -99.000   0.415    -1.6    -2.3    -1.5     0.1     1.4
94088 20240121  2.622 -104.44   44.52     6.2     1.4     3.8     3.3     0.0     7.27 C     4.4    -3.6     0.5    83.9    44.9    62.2 -99.000 -99.000 -99.000 -99.000   0.415    -1.1    -1.5    -1.2     0.0     1.3
94088 20240122  2.622 -104.44   44.52     7.3    -0.8     3.2     3.1     0.0     8.35 C     5.7    -6.7    -1.3    71.1    34.5    52.8 -99.000 -99.000 -99.000 -99.000   0.415    -1.0    -1.2    -0.9     0.0     1.3
94088 20240123  2.622 -104.44   44.52     4.9    -0.3     2.3     2.7     0.0     8.39 C     3.4    -5.4    -0.3    68.7    51.7    62.2 -99.000 -99.000 -99.000 -99.000   0.416    -0.8    -1.0    -0.8     0.0     1.2
94088 20240124  2.622 -104.44   44.52     4.2    -1.8     1.2     1.4     0.0     4.83 C     3.3    -6.3    -1.6    74.0    51.9    61.4 -99.000 -99.000 -99.000 -99.000   0.416    -0.7    -0.8    -0.7     0.0     1.2
94088 20240125  2.622 -104.44   44.52     4.3    -2.9     0.7     1.0     0.0     5.85 C     5.0    -8.2    -2.3    82.3    50.9    63.7 -99.000 -99.000 -99.000 -99.000   0.416    -0.7    -0.7    -0.6     0.1     1.2
94088 20240126  2.622 -104.44   44.52     2.7    -3.1    -0.2    -0.4     0.0     8.36 C     3.2    -8.9    -4.1    69.8    42.1    58.1 -99.000 -99.000 -99.000 -99.000   0.416    -0.8    -0.9    -0.7     0.1     1.2
94088 20240127  2.622 -104.44   44.52     4.2    -3.9     0.1     1.3     0.0     9.04 C     2.6    -9.8    -2.9    65.9    31.6    45.2 -99.000 -99.000 -99.000 -99.000   0.416    -0.9    -1.2    -0.8     0.1     1.2
94088 20240128  2.622 -104.44   44.52     8.5     3.0     5.7     5.6     0.0     8.93 C     4.7    -0.5     1.9    61.0    43.4    51.8 -99.000 -99.000 -99.000 -99.000   0.416    -0.7    -0.9    -0.7     0.1     1.1
94088 20240129  2.622 -104.44   44.52     8.2     3.7     5.9     5.8     0.0     8.93 C     4.9     0.0     2.3    71.1    49.9    59.8 -99.000 -99.000 -99.000 -99.000   0.416    -0.4    -0.6    -0.5     0.1     1.1
94088 20240130  2.622 -104.44   44.52    12.6     5.0     8.8     8.5     0.0     9.30 C     9.3     0.9     4.1    62.5    31.0    44.9 -99.000 -99.000 -99.000 -99.000   0.416    -0.3    -0.5    -0.5     0.1     1.1
94088 20240131  2.622 -104.44   44.52    12.8     1.3     7.1     8.1     0.0     9.26 C    14.8    -1.9     4.5    59.5    20.7    37.7 -99.000 -99.000 -99.000 -99.000   0.416    -0.3    -0.4    -0.5     0.1     1.1
94088 20240201  2.622 -104.44   44.52    10.8     3.5     7.2     7.9     0.0     9.80 C    11.7    -1.6     4.0    57.1    25.9    36.3 -99.000 -99.000 -99.000 -99.000   0.416    -0.3    -0.4    -0.4     0.1     1.1
94088 20240202  2.622 -104.44   44.52    10.7     4.8     7.8     7.4     0.0     5.71 C    14.8     1.8     4.7    60.7    21.4    32.6 -99.000 -99.000 -99.000 -99.000   0.416    -0.3    -0.4    -0.4     0.1     1.1
94088 20240203  2.622 -104.44   44.52     5.5     0.0     2.8     2.8     0.0     4.35 C     8.4    -1.8     2.2    96.5    61.4    87.6 -99.000 -99.000 -99.000 -99.000   0.417    -0.3    -0.3    -0.4     0.1     1.1
94088 20240204  2.622 -104.44   44.52     3.2    -2.1     0.6     0.8     0.0     7.40 C     7.7    -4.2     0.6    95.7    58.6    78.8 -99.000 -99.000 -99.000 -99.000   0.416    -0.2    -0.3    -0.4     0.2     1.1
94088 20240205  2.622 -104.44   44.52     8.8    -2.5     3.1     3.0     0.0     9.77 C     9.9    -4.6     1.7    67.1    36.6    48.6 -99.000 -99.000 -99.000 -99.000   0.417    -0.3    -0.3    -0.3     0.2     1.1
94088 20240206  2.622 -104.44   44.52    10.2     2.3     6.3     6.2     0.0     7.48 C    13.4    -0.1     4.3    66.1    30.3    48.0 -99.000 -99.000 -99.000 -99.000   0.417    -0.2    -0.3    -0.3     0.2     1.1
94088 20240207  2.622 -104.44   44.52     7.8    -4.6     1.6     3.2     0.9     6.35 C    14.8    -4.4     2.8    96.8    35.6    65.8 -99.000 -99.000 -99.000 -99.000   0.416    -0.1    -0.2    -0.3     0.2     1.1
94088 20240208  2.622 -104.44   44.52    -4.6    -7.3    -5.9    -6.2     3.5     2.86 C    -4.4    -9.3    -6.2    92.3    89.6    90.6 -99.000 -99.000 -99.000 -99.000   0.416    -0.3    -0.3    -0.3     0.2     1.1
94088 20240209  2.622 -104.44   44.52    -2.8    -8.4    -5.6    -5.8     0.0     6.29 C     0.6   -10.0    -5.8    93.4    83.0    89.8 -99.000 -99.000 -99.000   0.325   0.416    -0.3    -0.3    -0.3     0.3     1.1
94088 20240210  2.622 -104.44   44.52    -7.0    -9.2    -8.1    -8.2     0.0     4.35 C    -4.4   -11.9    -8.1    90.0    80.3    86.9 -99.000 -99.000 -99.000   0.321   0.416    -0.3    -0.3    -0.3     0.3     1.1
94088 20240211  2.622 -104.44   44.52     1.2    -8.4    -3.6    -3.4     0.0     9.77 C     1.0   -10.7    -5.3    83.8    44.7    57.7 -99.000 -99.000 -99.000   0.322   0.416    -0.3    -0.3    -0.3     0.3     1.2
94088 20240212  2.622 -104.44   44.52     1.4    -3.7    -1.2    -1.0     0.6     6.41 C     1.5    -5.8    -2.0    92.1    49.8    68.9 -99.000 -99.000 -99.000   0.322   0.416    -0.3    -0.3    -0.3     0.4     1.2
94088 20240213  2.622 -104.44   44.52     1.6    -5.7    -2.0    -2.7     0.4     9.53 C     3.9    -6.5    -2.9    94.2    47.3    81.4 -99.000 -99.000 -99.000   0.324   0.416    -0.3    -0.3    -0.3     0.4     1.2
94088 20240214  2.622 -104.44   44.52    -5.6   -10.6    -8.1    -8.6     4.1     5.10 C    -3.0   -13.5    -7.9    91.3    86.6    88.7 -99.000 -99.000 -99.000   0.325   0.415    -0.3    -0.3    -0.2     0.4     1.2
94088 20240215  2.622 -104.44   44.52    -8.2   -14.1   -11.1   -10.6     4.6     3.82 C    -7.8   -14.4   -10.2    88.9    83.5    86.7 -99.000 -99.000 -99.000   0.326   0.415    -0.4    -0.4    -0.2     0.4     1.2
94088 20240216  2.622 -104.44   44.52   -14.1   -17.6   -15.9   -16.2     0.7     8.18 C   -10.9   -21.8   -17.0    83.4    80.7    82.0 -99.000 -99.000 -99.000   0.325   0.414    -0.4    -0.4    -0.2     0.4     1.2
94088 20240217  2.622 -104.44   44.52    -1.9   -16.6    -9.2    -7.2     0.0    13.11 C    -3.8   -20.1   -11.4    82.0    17.0    39.7 -99.000 -99.000 -99.000   0.326   0.415    -0.4    -0.5    -0.2     0.4     1.2
94088 20240218  2.622 -104.44   44.52     2.0    -2.8    -0.4    -0.5     0.0     9.73 C     0.1   -10.5    -4.4    63.6    10.4    33.4 -99.000 -99.000 -99.000   0.325   0.415    -0.4    -0.5    -0.2     0.4     1.2
94088 20240219  2.622 -104.44   44.52     4.6    -3.4     0.6     0.4     0.0    12.75 C     4.0    -6.6    -1.7    75.0    46.5    58.4 -99.000 -99.000 -99.000   0.325   0.415    -0.4    -0.5    -0.2     0.4     1.2
94088 20240220  2.622 -104.44   44.52     7.8    -0.6     3.6     4.1     0.0    13.00 C     9.3    -3.0     1.7    65.5    30.9    45.3 -99.000 -99.000 -99.000   0.325   0.415    -0.3    -0.4    -0.2     0.4     1.2
94088 20240221  2.622 -104.44   44.52     5.5    -1.5     2.0     2.1     0.0     6.69 C     6.3    -4.2     0.1    70.3    42.8    51.8 -99.000 -99.000 -99.000   0.325   0.415    -0.3    -0.4    -0.2     0.4     1.2
94088 20240222  2.622 -104.44   44.52     5.7    -2.0     1.9     1.0     0.0    12.41 C     9.0    -4.1    -0.3    74.2    38.1    56.5 -99.000 -99.000 -99.000   0.326   0.415    -0.4    -0.4    -0.2     0.4     1.2
94088 20240223  2.622 -104.44   44.52     5.0    -3.7     0.7     0.5     0.0    12.43 C     8.5    -5.2    -0.5    71.4    31.6    50.4 -99.000 -99.000 -99.000   0.326   0.415    -0.4    -0.5    -0.2     0.4     1.2
94088 20240224  2.622 -104.44   44.52     7.4    -1.4     3.0     2.9     0.0    11.52 C    12.1    -3.8     1.1    51.6    24.0    36.1 -99.000 -99.000 -99.000   0.326   0.416    -0.4    -0.6    -0.2     0.4     1.2
94088 20240225  2.622 -104.44   44.52    10.1    -2.4     3.8     5.1     0.0    12.29 C    16.5    -5.5     3.8    62.5    25.0    37.7 -99.000 -99.000 -99.000   0.326   0.416    -0.3    -0.5    -0.2     0.4     1.2
94088 20240226  2.622 -104.44   44.52    10.4   -11.9    -0.8     3.5     0.7     8.61 C    13.6   -10.5     2.8    94.2    20.8    43.1 -99.000 -99.000 -99.000   0.324   0.416    -0.3    -0.4    -0.2     0.4     1.2
94088 20240227  2.622 -104.44   44.52   -11.8   -19.9   -15.9   -16.5     2.1    13.05 C   -10.3   -22.5   -15.8    87.7    67.2    78.1 -99.000 -99.000 -99.000   0.325   0.416    -0.2    -0.3    -0.2     0.4     1.2
94088 20240228  2.622 -104.44   44.52     3.2   -12.9    -4.9    -4.2     0.0    14.86 C     5.9   -14.8    -5.3    69.8    33.4    49.7 -99.000 -99.000 -99.000   0.324   0.416    -0.3    -0.4    -0.2     0.4     1.2
94088 20240229  2.622 -104.44   44.52    11.0    -0.9     5.1     4.5     0.0    14.84 C    12.9    -3.0     3.1    54.2    23.9    39.6 -99.000 -99.000 -99.000   0.324   0.416    -0.3    -0.4    -0.2     0.4     1.2
94088 20240301  2.622 -104.44   44.52    11.0    -1.6     4.7     4.8     0.0    11.26 C    19.0    -2.9     3.9    79.1    27.1    43.5 -99.000 -99.000 -99.000   0.324   0.416    -0.2    -0.3    -0.2     0.4     1.1
94088 20240302  2.622 -104.44   44.52     9.5    -2.6     3.4     5.0     0.0     9.48 C    12.8    -3.3     3.7    87.5    26.1    47.5 -99.000 -99.000 -99.000   0.326   0.416    -0.1    -0.3    -0.2     0.4     1.1
94088 20240303  2.622 -104.44   44.52     3.4    -9.8    -3.2    -4.5     4.7     9.50 C     1.2   -15.0    -6.3    89.1    34.9    71.5 -99.000 -99.000 -99.000   0.326   0.416    -0.2    -0.3    -0.1     0.4     1.1
94088 20240304  2.622 -104.44   44.52    -0.4   -12.9    -6.6    -5.2     0.3    12.32 C     1.0   -16.5    -6.4    85.2    26.5    62.5 -99.000 -99.000 -99.000   0.327   0.416    -0.2    -0.3    -0.1     0.4     1.1
94088 20240305  2.622 -104.44   44.52     1.3    -7.4    -3.1    -2.7     0.9    12.51 C     0.1   -11.0    -5.3    87.5    19.0    47.9 -99.000 -99.000 -99.000   0.326   0.416    -0.2    -0.3    -0.1     0.4     1.1
94088 20240306  2.622 -104.44   44.52    -0.4    -8.8    -4.6    -4.9     0.0    11.34 C     2.4    -9.8    -4.8    92.4    46.8    71.6 -99.000 -99.000 -99.000   0.326   0.416    -0.2    -0.3    -0.1     0.4     1.1
94088 20240307  2.622 -104.44   44.52    -5.2    -8.9    -7.1    -7.0     0.2     2.98 C    -2.3   -12.1    -6.3    92.7    59.7    79.5 -99.000 -99.000 -99.000   0.327   0.416    -0.3    -0.3    -0.1     0.5     1.1
94088 20240308  2.622 -104.44   44.52     1.1    -7.9    -3.4    -3.4     0.0    16.95 C     6.2   -12.7    -4.5    85.9    27.6    55.0 -99.000 -99.000 -99.000   0.327   0.416    -0.4    -0.5    -0.1     0.4     1.1
94088 20240309  2.622 -104.44   44.52     9.1    -2.3     3.4     3.5     0.0    17.05 C    12.7    -5.9     2.1    34.8    18.0    25.0 -99.000 -99.000 -99.000   0.326   0.416    -0.5    -0.6    -0.2     0.4     1.1
94088 20240310  2.622 -104.44   44.52    11.3     2.5     6.9     6.9     0.0    15.75 C    17.3    -2.4     5.5    35.3    13.3    22.5 -99.000 -99.000 -99.000   0.324   0.416    -0.3    -0.4    -0.2     0.4     1.1
94088 20240311  2.622 -104.44   44.52    10.1     2.2     6.1     6.1     0.0    11.22 C    21.3    -1.3     4.9    37.9    21.3    30.2 -99.000 -99.000 -99.000   0.324   0.415    -0.2    -0.3    -0.2     0.4     1.1
94088 20240312  2.622 -104.44   44.52     9.5     1.8     5.6     5.0     0.0    14.15 C    18.1    -1.8     4.2    54.1    26.6    39.1 -99.000 -99.000 -99.000   0.323   0.416     0.1    -0.3    -0.2     0.4     1.1
94088 20240313  2.622 -104.44   44.52     3.1    -0.7     1.2     1.1     4.2     4.92 C     5.9    -1.7     1.0    96.3    50.2    81.6 -99.000 -99.000 -99.000   0.326   0.415     0.1    -0.2    -0.1     0.4     1.1
94088 20240314  2.622 -104.44   44.52    -0.7    -9.2    -5.0    -4.2     0.0     4.19 C    -1.1   -11.2    -4.2    96.1    84.3    92.1 -99.000 -99.000 -99.000   0.328   0.415    -0.1    -0.2    -0.1     0.4     1.1
94088 20240315  2.622 -104.44   44.52     7.2    -9.2    -1.0     0.3     0.0    17.71 C    11.8   -10.9    -0.5    89.1    31.2    55.7 -99.000 -99.000 -99.000   0.328   0.415     0.0    -0.2    -0.1     0.4     1.1
94088 20240316  2.622 -104.44   44.52     4.0    -3.6     0.2    -0.5     0.0    16.85 C    11.1    -5.4     0.4    84.8    31.3    57.1 -99.000 -99.000 -99.000   0.328   0.415     0.3    -0.2    -0.1     0.4     1.1
94088 20240317  2.622 -104.44   44.52     0.8    -7.0    -3.1    -3.2     0.0    17.71 C     8.5    -8.4    -1.7    77.2    31.1    50.7   0.352 -99.000 -99.000   0.328   0.415     0.3    -0.2    -0.1     0.5     1.1
94088 20240318  2.622 -104.44   44.52    13.3    -5.3     4.0     4.9     0.0    18.77 C    18.2    -7.0     4.3    63.2    21.3    40.9 -99.000 -99.000 -99.000   0.328   0.415     0.5     0.0    -0.1     0.5     1.1
94088 20240319  2.622 -104.44   44.52    14.1    -2.5     5.8     6.2     0.0    18.44 C    23.5    -4.0     5.4    90.5    20.9    41.5   0.332 -99.000 -99.000   0.328   0.415     1.5     0.6     0.1     0.5     1.1
94088 20240320  2.622 -104.44   44.52     9.5    -3.4     3.1     3.6     0.0    17.95 C    17.9    -4.0     4.5    95.1    37.6    56.7   0.313 -99.000   0.302   0.327   0.415     2.0     1.2     0.4     0.6     1.2
94088 20240321  2.622 -104.44   44.52     6.8    -4.2     1.3     1.0     0.2    10.50 C    17.5    -4.0     1.9    95.3    43.5    68.3   0.308   0.311   0.284   0.328   0.416     2.1     1.5     0.9     0.8     1.2
94088 20240322  2.622 -104.44   44.52    -2.7    -7.5    -5.1    -5.8     0.8     6.92 C     4.0    -6.1    -3.2    94.1    89.3    91.2   0.303   0.306   0.268   0.318   0.418     1.3     0.9     1.0     1.0     1.3
94088 20240323  2.622 -104.44   44.52     6.9    -7.5    -0.3    -1.7     4.3    16.94 C    18.9    -7.6     1.6    95.6    52.0    82.6   0.305 -99.000   0.273   0.313   0.418     1.9     1.4     1.1     1.1     1.4
94088 20240324  2.622 -104.44   44.52     0.5   -13.7    -6.6    -7.2     8.6     4.53 C    -0.1   -13.7    -6.5    95.8    84.2    89.8   0.318   0.319   0.274   0.314   0.419     1.1     1.0     1.3     1.2     1.5
94088 20240325  2.622 -104.44   44.52   -10.6   -19.5   -15.1   -13.9     0.3    11.55 C    -4.7   -22.8   -13.1    86.8    78.2    83.9   0.306   0.319   0.276   0.315   0.419     0.6     0.5     0.8     1.2     1.5
94088 20240326  2.622 -104.44   44.52    -5.2   -17.5   -11.4    -9.8     0.0    14.88 C    -1.2   -22.3   -10.9    86.1    71.2    80.2   0.321   0.317   0.292   0.314   0.419     0.4     0.3     0.7     1.1     1.6
94088 20240327  2.622 -104.44   44.52     4.4    -6.1    -0.8    -1.3     0.0    16.59 C     7.9    -8.4    -2.0    81.8    37.5    61.5   0.364 -99.000   0.323   0.315   0.419     0.3     0.2     0.5     1.0     1.6
94088 20240328  2.622 -104.44   44.52    10.2     0.7     5.5     5.4     0.0    14.55 C    14.0    -2.6     4.5    86.8    25.0    39.9   0.366 -99.000   0.322   0.315   0.418     1.0     0.9     0.7     1.0     1.6
94088 20240329  2.622 -104.44   44.52     4.3    -3.4     0.5     0.0     0.0    17.40 C    16.6    -3.3     3.0    94.9    40.8    73.4   0.342   0.342   0.305   0.318   0.418     2.6     2.4     1.5     1.1     1.5
94088 20240330  2.622 -104.44   44.52     2.0    -3.3    -0.7    -0.5     0.6     9.07 C     8.4    -5.4     0.9    95.6    67.2    82.5   0.336   0.336   0.303   0.325   0.418     2.3     2.4     2.0     1.5     1.6
94088 20240331  2.622 -104.44   44.52    -1.4    -6.3    -3.9    -4.1    11.0     4.94 C    -0.7    -6.4    -3.4    95.6    89.5    92.8   0.335   0.334   0.303   0.329   0.418     1.4     1.5     1.8     1.7     1.7
94088 20240401  2.622 -104.44   44.52    -1.0    -6.1    -3.5    -3.4     5.4    13.23 C     4.6    -6.3    -3.0    92.3    70.3    86.0   0.335   0.335   0.303   0.331   0.417     1.0     1.1     1.4     1.6     1.8
94088 20240402  2.622 -104.44   44.52     9.2    -1.8     3.7     3.2     0.0    21.31 C     9.3    -7.1     0.1    72.5    38.8    55.4   0.348   0.353   0.312   0.341   0.424     0.8     0.8     1.1     1.5     1.9
94088 20240403  2.622 -104.44   44.52    15.8     3.1     9.5     9.7     0.0    22.02 C    24.5    -1.3     9.0    56.2    23.5    40.7   0.351   0.356   0.321   0.357   0.481     3.1     2.7     1.6     1.4     1.9
94088 20240404  2.622 -104.44   44.52    18.0     8.6    13.3    13.0     0.0    20.17 C    26.3     2.5    12.4    41.0    18.4    31.6   0.341   0.346   0.317   0.355   0.486     5.1     5.0     3.2     1.9     1.9
94088 20240405  2.622 -104.44   44.52    16.5     3.5    10.0    11.4     0.0    12.26 C    24.6    -0.2    10.7    58.9    19.1    36.1   0.331   0.338   0.313   0.352   0.483     5.7     5.6     4.3     2.5     2.1
94088 20240406  2.622 -104.44   44.52     9.3    -3.0     3.1     3.1    33.0    10.51 C    20.7    -3.2     3.6    96.2    46.6    72.3   0.347   0.350   0.317   0.354   0.459     4.6     4.7     4.3     3.0     2.3
94088 20240407  2.622 -104.44   44.52    -2.4    -3.6    -3.0    -3.0    22.8     2.84 C    -0.6    -3.7    -2.7    94.9    93.1    94.1   0.366   0.367   0.329   0.370   0.482     2.7     3.0     3.5     3.1     2.6
94088 20240408  2.622 -104.44   44.52    -0.9    -3.0    -1.9    -2.3    18.4     4.63 C    -0.6    -5.5    -2.6    95.1    81.9    93.3   0.357   0.359   0.324   0.366   0.473     1.8     2.0     2.6     2.9     2.8
94088 20240409  2.622 -104.44   44.52     4.4    -1.4     1.5     1.8     0.0    20.29 C     4.8    -5.0    -0.1    81.5    55.0    69.1   0.360   0.359   0.323   0.364   0.469     1.4     1.6     2.1     2.6     2.8
94088 20240410  2.622 -104.44   44.52     2.2    -1.9     0.1     0.5     0.0    15.06 C     2.3    -6.4    -1.2    89.9    42.4    63.1   0.360   0.361   0.325   0.368   0.481     1.1     1.3     1.8     2.4     2.8
94088 20240411  2.622 -104.44   44.52     5.8    -3.5     1.2     1.3     0.0    23.71 C     5.1    -8.8    -1.2    54.0    31.5    42.4   0.361   0.359   0.323   0.381   0.473     1.0     1.1     1.6     2.2     2.7
94088 20240412  2.622 -104.44   44.52    16.6     2.7     9.7    10.3     0.0    23.39 C     9.1    -1.4     4.3    44.1    18.5    33.4   0.380   0.372   0.337   0.403   0.489     0.8     1.0     1.4     2.0     2.5
94088 20240413  2.622 -104.44   44.52    20.2     8.3    14.3    14.8     0.0    24.04 C    20.8     2.7     8.8    55.2    18.2    31.2   0.390   0.381   0.357   0.419   0.511     2.2     2.5     1.8     1.8     2.4
94088 20240414  2.622 -104.44   44.52    20.2     8.3    14.2    15.3     0.0    23.14 C    26.9     2.8    13.7    56.3    18.9    32.8   0.355   0.359   0.331   0.406   0.484     5.6     5.6     3.5     2.2     2.3
94088 20240415  2.622 -104.44   44.52    18.0     5.6    11.8    12.7    11.3    19.28 C    31.9     5.7    14.1    95.2    29.9    53.1   0.350   0.355   0.328   0.400   0.472     8.0     7.7     5.3     3.0     2.5
94088 20240416  2.622 -104.44   44.52    10.6     1.6     6.1     5.7     3.6    15.33 C    15.5    -1.1     6.0    96.0    36.4    66.6   0.368   0.372   0.339   0.414   0.502     7.1     6.9     6.0     3.9     2.9
94088 20240417  2.622 -104.44   44.52     1.6    -5.2    -1.8    -1.7     3.0     8.17 C     6.1    -5.2    -0.8    90.5    57.0    73.7   0.353   0.357   0.329   0.405   0.471     4.3     4.4     4.9     4.2     3.2
94088 20240418  2.622 -104.44   44.52     0.7    -7.7    -3.5    -4.2     0.0    21.82 C    13.7    -7.1    -1.8    90.2    29.4    55.3   0.345   0.352   0.323   0.398   0.468     3.2     3.1     3.7     3.9     3.5
94088 20240419  2.622 -104.44   44.52    -1.1   -10.3    -5.7    -6.3     0.0    20.73 C    11.4   -10.9    -3.2    87.8    44.3    59.7   0.336   0.346   0.319   0.392   0.464     2.3     2.3     3.0     3.5     3.5
94088 20240420  2.622 -104.44   44.52     1.9   -10.9    -4.5    -4.5     0.0    23.57 C    18.5   -11.5    -0.8    87.1    34.8    59.7   0.331   0.343   0.316   0.386   0.463     2.5     2.4     2.5     3.2     3.5
94088 20240421  2.622 -104.44   44.52    14.7    -4.0     5.4     6.7     0.0    22.97 C    20.6    -7.4     6.8    56.4    14.6    34.6   0.326   0.339   0.314   0.382   0.462     3.2     3.2     2.8     3.0     3.3
94088 20240422  2.622 -104.44   44.52    10.1     1.2     5.7     5.2     0.0    25.85 C    20.6    -1.2     7.1    84.8    22.4    38.3   0.320   0.336   0.313   0.379   0.462     5.2     5.1     3.8     3.1     3.3
94088 20240423  2.622 -104.44   44.52    10.6     0.2     5.4     5.0     0.0    25.35 C    26.4    -3.1     7.6    52.1    24.1    39.2   0.311   0.331   0.312   0.378   0.459     5.9     5.6     4.4     3.5     3.3
94088 20240424  2.622 -104.44   44.52    17.4     3.2    10.3    11.1     0.0    25.76 C    30.9    -0.4    13.0    53.2    14.7    37.9   0.299   0.325   0.310   0.377   0.458     7.6     7.3     5.4     3.8     3.4
94088 20240425  2.622 -104.44   44.52    17.7     7.7    12.7    12.6     0.0    16.40 C    29.7     3.9    12.4    72.2    32.9    49.2   0.286   0.318   0.309   0.377   0.456     8.4     8.3     6.5     4.4     3.7
94088 20240426  2.622 -104.44   44.52    13.1     2.4     7.7     8.1     0.0    17.56 C    22.4     0.4     9.2    95.2    32.8    67.0   0.275   0.311   0.307   0.376   0.458     8.0     8.0     6.7     4.9     3.9
94088 20240427  2.622 -104.44   44.52     7.0    -1.6     2.7     2.6     0.0    14.43 C    17.8    -3.9     4.1    96.2    42.4    74.6   0.266   0.305   0.304   0.375   0.456     6.9     6.7     6.4     5.2     4.2
94088 20240428  2.622 -104.44   44.52     8.7    -4.0     2.3     2.6     0.0    23.59 C    24.0    -6.8     5.8    95.7    30.6    67.5   0.258   0.299   0.302   0.373   0.456     6.9     6.6     6.0     5.2     4.4
94088 20240429  2.622 -104.44   44.52    12.7     3.7     8.2     8.2     0.3    18.37 C    26.4     0.2     9.1    70.9    34.6    52.0   0.249   0.290   0.300   0.372   0.457     7.4     7.5     6.4     5.2     4.5
94088 20240430  2.622 -104.44   44.52     9.8    -0.3     4.7     3.5     2.4    14.29 C    17.6    -4.1     4.0    95.8    29.6    56.1   0.243   0.285   0.298   0.372   0.457     6.8     6.7     6.4     5.4     4.7
94088 20240501  2.622 -104.44   44.52    10.9    -2.4     4.2     3.1     3.3    15.88 C    21.3    -5.7     4.2    95.6    31.4    53.6   0.239   0.280   0.295   0.370   0.456     5.8     5.8     5.7     5.4     4.8
94088 20240502  2.622 -104.44   44.52     6.3    -2.9     1.7     1.2     0.0    21.90 C    15.4    -6.5     2.1    91.0    24.5    58.0   0.245   0.276   0.295   0.368   0.456     6.0     6.2     5.7     5.3     4.8
94088 20240503  2.622 -104.44   44.52     4.9    -3.0     1.0    -0.1     0.0    12.28 C    19.9    -6.2     1.4    80.1    43.0    60.5   0.247   0.274   0.295   0.367   0.456     5.1     5.1     5.3     5.2     4.8
94088 20240504  2.622 -104.44   44.52    10.6    -2.2     4.2     4.6     0.0    26.45 C    23.9    -5.2     7.3    68.5    35.3    48.7   0.242   0.268   0.294   0.367   0.456     6.1     6.0     5.3     5.0     4.9
94088 20240505  2.622 -104.44   44.52    19.4     7.4    13.4    13.3     0.0    24.05 C    28.8     5.0    14.2    81.2    28.0    47.3   0.232   0.255   0.291   0.365   0.455     8.2     8.1     6.4     5.2     4.8
94088 20240506  2.622 -104.44   44.52    11.5    -0.2     5.6     6.0    45.2    10.65 C    20.3    -0.3     7.5    96.3    73.7    91.6   0.255   0.255   0.290   0.365   0.455     8.7     8.8     7.5     5.7     4.9
94088 20240507  2.622 -104.44   44.52     2.0    -1.1     0.4     0.1    48.4    10.19 C     1.5    -1.4    -0.2    95.0    71.6    88.5   0.350   0.323   0.300   0.365   0.455     4.8     5.2     6.2     5.9     5.1
94088 20240508  2.622 -104.44   44.52     3.3    -1.5     0.9     0.7    20.6     9.67 C     2.5    -1.9     0.4    96.5    92.7    94.9   0.363   0.347   0.314   0.368   0.457     3.1     3.6     4.7     5.4     5.2
94088 20240509  2.622 -104.44   44.52     8.2     1.7     5.0     4.3     2.9    10.53 C     5.8     0.9     2.3    96.7    67.7    91.2   0.396   0.375   0.351   0.429   0.523     1.5     2.3     3.4     4.6     5.1
94088 20240510  2.622 -104.44   44.52    12.0     3.3     7.7     7.5     0.0    27.18 C     8.3     0.1     4.0    96.3    40.2    66.0   0.431   0.396   0.404   0.464   0.539     1.1     2.1     2.8     3.9     4.8
94088 20240511  2.622 -104.44   44.52    17.8     7.8    12.8    12.1     0.0    28.45 C    24.9     1.1     9.6    54.8    22.6    41.7   0.410   0.395   0.378   0.455   0.535     3.9     4.3     3.5     3.6     4.4
94088 20240512  2.622 -104.44   44.52    17.1     7.9    12.5    13.0     0.0    24.29 C    27.0     2.6    13.1    64.1    30.8    45.6   0.366   0.371   0.348   0.426   0.513     7.8     7.8     5.7     4.2     4.3
94088 20240513  2.622 -104.44   44.52    20.5     9.4    15.0    13.8     0.0    23.23 C    31.1     6.7    14.5    65.9    24.9    45.9   0.348   0.359   0.337   0.409   0.484     9.7     9.8     7.4     5.1     4.5
94088 20240514  2.622 -104.44   44.52    12.9     5.8     9.4     8.5 -9999.0     4.90 C    14.2     3.9     8.4    96.0    47.8    80.7   0.391   0.389   0.365   0.431   0.507     8.8     9.0     8.1     6.0     4.9
94088 20240515  2.622 -104.44   44.52    12.2     5.4     8.8     7.9 -9999.0    14.15 C    20.7     2.8     8.9    96.7    50.9    77.1   0.406   0.402   0.375   0.448   0.526     9.1     9.0     8.0     6.5     5.6
94088 20240516  2.622 -104.44   44.52    17.8     8.2    13.0    13.0 -9999.0    22.15 C    25.4     5.6    13.2    63.9    31.4    44.7   0.364   0.370   0.343   0.415   0.482    10.0    10.1     8.5     6.7     5.6
94088 20240517  2.622 -104.44   44.52    22.4     2.2    12.3    14.0 -9999.0    26.71 C    28.6     2.5    14.8    92.2    18.5    46.8   0.346   0.357   0.335   0.408   0.472    11.3    11.4     9.4     7.1     5.8
94088 20240518  2.622 -104.44   44.52    12.9     1.2     7.0     6.7 -9999.0    29.30 C    22.3     0.0     9.8    87.7    32.7    52.4   0.329   0.348   0.328   0.401   0.470    11.1    11.2     9.7     7.6     6.1
94088 20240519  2.622 -104.44   44.52    18.2     1.7     9.9    11.6 -9999.0    23.76 C    28.5     0.9    12.9    90.2    24.4    50.8   0.311   0.337   0.323   0.394   0.469    11.5    11.5    10.0     7.9     6.4
94088 20240520  2.622 -104.44   44.52     5.5     1.0     3.2     2.7 -9999.0     8.28 C    12.4     0.0     4.4    94.4    49.1    81.4   0.297   0.328   0.320   0.390   0.468     9.6     9.7     9.6     8.1     6.7
94088 20240521  2.622 -104.44   44.52     6.8     0.8     3.8     3.1 -9999.0     7.50 C    14.2     0.5     4.4    94.3    66.0    86.3   0.298   0.327   0.317   0.387   0.468     8.3     8.5     8.6     8.0     6.9
94088 20240522  2.622 -104.44   44.52    13.4     1.6     7.5     8.4 -9999.0    23.57 C    22.5     0.9     9.3    89.6    34.7    52.7   0.305   0.324   0.316   0.384   0.466     8.9     9.2     8.3     7.7     7.0
94088 20240523  2.622 -104.44   44.52    12.0    -0.7     5.6     7.7 -9999.0    11.95 C    17.2    -0.6     7.7    96.4    22.4    52.2   0.299   0.319   0.314   0.382   0.466     8.8     9.1     8.8     7.8     7.0
94088 20240524  2.622 -104.44   44.52    11.6     0.0     5.8     5.9 -9999.0    24.29 C    20.9    -0.1     7.3    96.4    34.0    61.7   0.302   0.314   0.311   0.380   0.465     8.9     9.1     8.4     7.7     7.0
94088 20240525  2.622 -104.44   44.52    15.1     4.7     9.9    10.1 -9999.0    18.98 C    25.1     1.0    10.8    78.8    33.2    47.5   0.299   0.308   0.309   0.379   0.465     9.9     9.8     8.9     7.8     7.1
94088 20240526  2.622 -104.44   44.52    12.3     3.1     7.7     8.3 -9999.0    15.51 C    19.4     1.1     9.2    90.3    46.0    70.7   0.292   0.303   0.308   0.378   0.464    10.3    10.3     9.4     8.0     7.1
94088 20240527  2.622 -104.44   44.52    14.2     3.8     9.0     9.0 -9999.0    28.60 C    23.1     1.2    10.5    74.0    35.7    52.2   0.295   0.297   0.306   0.377   0.464    10.9    10.8     9.5     8.1     7.2
94088 20240528  2.622 -104.44   44.52    18.8     4.5    11.6    12.9 -9999.0    28.46 C    29.5     1.6    14.4    71.0    29.4    48.5   0.283   0.286   0.303   0.376   0.463    12.1    11.9    10.2     8.4     7.3
94088 20240529  2.622 -104.44   44.52    22.2     8.5    15.3    15.7 -9999.0    20.01 C    28.3     7.5    15.6    95.5    32.3    57.3   0.273   0.273   0.300   0.375   0.462    12.8    12.9    11.2     8.8     7.5
94088 20240530  2.622 -104.44   44.52    10.8     4.1     7.5     7.4 -9999.0    19.56 C    19.4     2.1     9.5    96.1    47.2    68.8   0.345   0.319   0.303   0.376   0.461    12.2    12.4    11.2     9.2     7.7
94088 20240531  2.622 -104.44   44.52    13.1     3.1     8.1     8.2     0.0    18.68 C    20.6     2.1     9.7    75.6    39.4    63.3   0.333   0.324   0.306   0.376   0.465    11.4    11.5    10.9     9.4     8.0
94088 20240601  2.622 -104.44   44.52    18.6     9.1    13.8    13.7     0.0    22.42 C    27.5     7.3    15.0    86.9    36.7    63.3   0.320   0.314   0.304   0.374   0.465    12.7    12.6    11.2     9.4     8.2
94088 20240602  2.622 -104.44   44.52    18.1     7.9    13.0    14.5     0.0    26.88 C    26.3     6.4    15.9    80.1    40.7    56.6   0.299   0.301   0.301   0.373   0.465    14.1    14.0    12.1     9.7     8.3
94088 20240603  2.622 -104.44   44.52    21.5    10.8    16.2    16.6     0.0    19.64 C    28.3     8.6    16.4    74.5    34.2    49.9   0.278   0.284   0.296   0.372   0.465    13.8    13.9    12.5    10.1     8.5
94088 20240604  2.622 -104.44   44.52    15.7     3.6     9.7    11.3     0.5    28.37 C    22.3     3.3    12.6    81.1    28.7    47.1   0.259   0.267   0.291   0.371   0.465    13.9    14.0    12.6    10.4     8.8
94088 20240605  2.622 -104.44   44.52    16.3     7.2    11.8    12.7     0.0    26.21 C    25.7     4.1    14.1    63.4    35.2    46.6   0.239   0.249   0.285   0.369   0.464    14.1    14.0    12.7    10.6     9.0
94088 20240606  2.622 -104.44   44.52    20.1     8.5    14.3    14.0     0.0    30.82 C    26.6     5.1    14.9    55.3    25.7    38.1   0.219   0.231   0.276   0.366   0.464    14.3    14.1    12.7    10.7     9.2
94088 20240607  2.622 -104.44   44.52    22.3     7.2    14.8    16.8     0.0    22.37 C    30.8     6.6    17.1    77.4    30.5    44.6   0.203   0.212   0.266   0.363   0.462    14.8    14.7    13.2    10.9     9.3
94088 20240608  2.622 -104.44   44.52    19.1     7.3    13.2    12.8     0.0    25.16 C    27.7     6.6    15.1    91.9    45.5    59.7   0.190   0.199   0.256   0.360   0.459    14.9    14.7    13.4    11.2     9.5
94088 20240609  2.622 -104.44   44.52    18.8     7.5    13.1    14.0     0.6    16.43 C    25.2     5.8    14.8    93.9    53.5    75.5   0.181   0.191   0.249   0.358   0.457    14.4    14.2    13.3    11.4     9.7
94088 20240610  2.622 -104.44   44.52    20.5     7.9    14.2    14.4    18.6    20.78 C    27.7     6.6    15.1    94.6    55.4    75.3   0.242   0.243   0.273   0.376   0.475    14.1    14.3    13.3    11.5    10.0
94088 20240611  2.622 -104.44   44.52    23.4    12.2    17.8    17.3     0.0    27.12 C    29.2     9.6    17.7    70.4    31.0    50.3   0.291   0.282   0.299   0.383   0.475    15.0    14.9    13.4    11.5    10.0
94088 20240612  2.622 -104.44   44.52    24.7    10.5    17.6    19.2     0.0    30.39 C    31.0     8.1    20.1    75.7    26.3    45.1   0.259   0.257   0.288   0.374   0.470    16.4    16.1    14.3    11.8    10.2
94088 20240613  2.622 -104.44   44.52    20.8     9.1    14.9    15.9     0.0    30.45 C    28.9     6.7    17.3    55.3    26.5    41.0   0.230   0.231   0.274   0.369   0.466    16.4    16.1    14.7    12.2    10.4
94088 20240614  2.622 -104.44   44.52    23.8    12.6    18.2    18.7     1.1    21.67 C    28.4    10.3    18.8    88.1    31.2    60.6   0.209   0.211   0.261   0.364   0.464    16.1    16.1    14.7    12.4    10.6
94088 20240615  2.622 -104.44   44.52    27.0     7.7    17.4    20.9     0.0    28.99 C    31.7     7.5    20.8    81.6    18.0    41.7   0.195   0.196   0.248   0.359   0.460    17.0    17.0    15.1    12.6    10.8
94088 20240616  2.622 -104.44   44.52    13.7     3.8     8.8     9.8     0.0    18.94 C    22.8     2.7    11.5    73.8    40.2    54.1   0.180   0.184   0.237   0.354   0.460    15.2    15.3    14.9    12.8    11.0
94088 20240617  2.622 -104.44   44.52    19.8     5.1    12.4    12.0     0.9    19.34 C    25.0     5.0    13.6    96.1    44.3    71.6   0.174   0.178   0.231   0.350   0.460    14.7    14.5    14.0    12.7    11.2
94088 20240618  2.622 -104.44   44.52    11.0    -1.6     4.7     5.8     7.0    21.03 C    16.9    -1.2     8.1    96.4    50.4    80.2   0.201   0.187   0.226   0.347   0.460    14.5    14.3    13.9    12.6    11.2
94088 20240619  2.622 -104.44   44.52    16.3    -2.6     6.9     9.7     0.0    25.57 C    21.3    -2.7    10.5    95.0    33.3    59.0   0.195   0.182   0.224   0.344   0.459    13.4    13.3    13.2    12.4    11.2
94088 20240620  2.622 -104.44   44.52    17.6     6.3    11.9    12.7     0.0    24.59 C    26.6     4.5    15.1    96.2    46.7    83.0   0.184   0.178   0.220   0.340   0.459    14.9    14.7    13.5    12.2    11.2
94088 20240621  2.622 -104.44   44.52    19.1     9.4    14.2    13.1    27.2     9.53 C    20.7     9.3    14.0    96.2    63.8    90.9   0.209   0.206   0.225   0.349   0.473    15.0    14.8    14.1    12.4    11.2
94088 20240622  2.622 -104.44   44.52    23.1     6.5    14.8    16.1     0.0    27.80 C    29.2     5.3    17.1    95.4    35.9    66.3   0.309   0.311   0.273   0.372   0.480    15.4    15.2    14.0    12.5    11.3
94088 20240623  2.622 -104.44   44.52    29.0    11.9    20.4    23.0     0.0    30.24 C    32.5     9.3    22.2    77.9    18.7    40.8   0.280   0.280   0.270   0.360   0.467    16.9    16.7    14.9    12.7    11.4
94088 20240624  2.622 -104.44   44.52    27.6    16.1    21.9    23.0     0.0    30.38 C    32.8    13.8    22.9    76.0    22.8    39.3   0.249   0.249   0.259   0.353   0.464    17.9    17.7    15.8    13.1    11.5
94088 20240625  2.622 -104.44   44.52 -9999.0 -9999.0 -9999.0 -9999.0     0.0 -9999.00 U -9999.0 -9999.0 -9999.0 -9999.0 -9999.0 -9999.0 -99.000 -99.000 -99.000 -99.000 -99.000 -9999.0 -9999.0 -9999.0 -9999.0 -9999.0
94088 20240626  2.622 -104.44   44.52    22.8     8.6    15.7    17.1     0.0    23.77 C    33.0     5.5    18.0    82.1    37.8    56.0   0.212   0.213   0.244   0.348   0.459    17.5    17.9    16.5    13.6    11.9
94088 20240627  2.622 -104.44   44.52    28.0    10.1    19.0    19.1     0.0    26.56 C    36.9     7.1    20.2    94.1    23.7    60.3   0.199   0.203   0.237   0.345   0.460    18.3    18.8    16.8    13.7    12.2
94088 20240628  2.622 -104.44   44.52    19.1     6.5    12.8    13.2     0.0    25.94 C    32.1     3.5    15.0    94.1    31.8    58.0   0.186   0.194   0.232   0.343   0.462    17.6    18.1    16.8    14.0    12.4
94088 20240629  2.622 -104.44   44.52    17.3     5.5    11.4    11.2     0.0    25.53 C    30.6     6.3    14.6    94.3    49.6    71.4   0.176   0.187   0.226   0.341   0.462    17.1    17.6    16.4    14.0    12.6
94088 20240630  2.622 -104.44   44.52    26.4    14.4    20.4    20.0     0.0    23.83 C    33.9    12.8    20.7    71.4    27.9    50.7   0.169   0.180   0.220   0.339   0.462    17.7    18.3    16.7    14.1    12.7
94088 20240701  2.622 -104.44   44.52    20.1     9.8    15.0    15.5     0.8    21.26 C    31.5     6.1    17.1    90.5    51.0    69.7   0.162   0.175   0.214   0.338   0.461    17.9    18.5    16.9    14.2    12.8
94088 20240702  2.622 -104.44   44.52 -9999.0 -9999.0 -9999.0 -9999.0 -9999.0 -9999.00 U -9999.0 -9999.0 -9999.0 -9999.0 -9999.0 -9999.0 -99.000 -99.000 -99.000 -99.000 -99.000 -9999.0 -9999.0 -9999.0 -9999.0 -9999.0
