63829 20240101  2.622  -84.45   31.19    20.5     1.3    10.9    10.2     0.0    11.41 C    23.2     2.4    10.1 -9999.0 -9999.0 -9999.0   0.160   0.138   0.193   0.267   0.388    10.7    11.3    11.7    12.5    16.2
63829 20240102  2.622  -84.45   31.19    12.1    -2.3     4.9     4.4     0.0    12.67 C    19.4    -1.1     6.1 -9999.0 -9999.0 -9999.0   0.159   0.134   0.192   0.266   0.388     9.7    10.5    11.4    12.5    16.0
63829 20240103  2.622  -84.45   31.19    10.4    -2.3     4.0     4.4     2.7     3.08 C    13.7    -1.1     5.7    50.6     7.3    38.5   0.159   0.132   0.189   0.266   0.388     8.8     9.5    10.5    11.9    15.8
63829 20240104  2.622  -84.45   31.19    14.5     0.6     7.6     6.3     0.0    12.63 C    20.0     1.2     7.4 -9999.0 -9999.0 -9999.0   0.159   0.132   0.188   0.266   0.388     9.6    10.2    10.8    11.7    15.4
63829 20240105  2.622  -84.45   31.19    18.5    -1.1     8.7     9.2     5.7    11.84 C    23.0    -0.4     9.6    50.4     0.5    26.7   0.158   0.131   0.186   0.265   0.388     9.9    10.2    10.7    11.5    15.2
63829 20240106  2.622  -84.45   31.19    21.8     8.7    15.3    16.0    26.9     9.58 C    25.0     8.6    15.4    54.7     0.2    35.0   0.217   0.215   0.245   0.273   0.389    13.6    13.4    12.8    12.3    15.1
63829 20240107  2.622  -84.45   31.19    12.9     3.9     8.4     8.6     0.0    10.43 C    18.0     4.7     9.4 -9999.0 -9999.0 -9999.0   0.191   0.183   0.234   0.274   0.396    11.7    12.2    12.7    13.0    15.4
63829 20240108  2.622  -84.45   31.19    14.2     2.8     8.5     9.2    11.8     5.06 C    19.2     3.7     9.7    50.3     5.1    25.2   0.187   0.175   0.222   0.273   0.398    11.0    11.3    11.9    12.7    15.5
63829 20240109  2.622  -84.45   31.19    21.2     7.3    14.2    14.8    47.4     1.79 C    18.8     5.8    13.7    50.4     1.3    34.9   0.223   0.228   0.254   0.285   0.409    13.5    13.6    13.2    13.0    15.4
63829 20240110  2.622  -84.45   31.19    12.4     1.5     7.0     7.1     0.0    13.04 C    17.8     1.6     7.8 -9999.0 -9999.0 -9999.0   0.199   0.199   0.244   0.278   0.421    10.7    11.6    12.2    13.0    15.5
63829 20240111  2.622  -84.45   31.19    16.2     4.2    10.2     9.3     0.0     6.09 C    19.1     4.9     9.5    50.6     2.4    33.9   0.188   0.181   0.229   0.274   0.407    10.9    11.4    11.8    12.5    15.4
63829 20240112  2.622  -84.45   31.19    21.3     8.2    14.7    14.9    11.5     1.26 C    18.9     6.5    13.5    51.0    13.4    39.7   0.195   0.186   0.230   0.273   0.401    12.3    12.4    12.3    12.5    15.3
63829 20240113  2.622  -84.45   31.19    16.4     2.6     9.5     7.5     0.0    11.52 C    16.9     3.2     8.3 -9999.0 -9999.0 -9999.0   0.200   0.194   0.244   0.275   0.404    11.3    12.0    12.6    12.9    15.3
63829 20240114  2.622  -84.45   31.19    16.4    -0.2     8.1     6.9     0.0    13.21 C    21.1     0.9     8.0 -9999.0 -9999.0 -9999.0   0.187   0.177   0.226   0.274   0.403    10.2    10.9    11.5    12.4    15.3
63829 20240115  2.622  -84.45   31.19    19.1    -0.4     9.4     9.6     0.0    11.67 C    22.8     0.7     9.9    46.9     0.3    28.9   0.181   0.167   0.217   0.273   0.400    10.5    11.0    11.3    12.0    15.2
63829 20240116  2.622  -84.45   31.19    14.2    -3.0     5.6     6.2     2.7     4.03 C    12.6    -2.0     7.2    52.5     3.3    29.9   0.178   0.163   0.213   0.272   0.398    10.5    11.1    11.8    12.3    15.1
63829 20240117  2.622  -84.45   31.19     7.1    -7.1     0.0    -1.3     0.0    12.86 C    15.8    -5.0     1.7 -9999.0 -9999.0 -9999.0   0.176   0.159   0.209   0.271   0.397     7.0     8.1     9.5    11.3    14.9
63829 20240118  2.622  -84.45   31.19    13.1    -5.8     3.6     4.1     0.0    11.39 C    17.5    -3.9     5.5 -9999.0 -9999.0 -9999.0   0.173   0.154   0.206   0.271   0.396     7.4     8.1     8.9    10.3    14.5
63829 20240119  2.622  -84.45   31.19    15.0     3.6     9.3    10.5     0.7    12.92 C    20.0     2.4    10.5 -9999.0 -9999.0 -9999.0   0.178   0.157   0.207   0.270   0.395    10.4    10.6    10.5    10.7    14.1
63829 20240120  2.622  -84.45   31.19     6.1    -2.3     1.9     1.3     0.0    13.81 C    14.3    -2.1     3.2 -9999.0 -9999.0 -9999.0   0.173   0.154   0.205   0.270   0.394     7.7     8.6     9.7    10.8    14.1
63829 20240121  2.622  -84.45   31.19     7.0    -5.4     0.8     0.4     0.0    12.87 C    15.4    -4.5     2.2 -9999.0 -9999.0 -9999.0   0.170   0.149   0.202   0.270   0.394     6.3     7.2     8.4     9.9    13.9
63829 20240122  2.622  -84.45   31.19    17.8    -1.6     8.1     8.4     0.5    11.15 C    22.7    -1.5     8.4 -9999.0 -9999.0 -9999.0   0.167   0.145   0.201   0.269   0.393     8.0     8.3     8.6     9.4    13.5
63829 20240123  2.622  -84.45   31.19    17.5    11.9    14.7    14.8     0.7     2.64 C    18.0    10.4    13.4    43.9    17.3    30.9   0.164   0.143   0.199   0.269   0.393    11.1    11.0    10.5    10.3    13.4
63829 20240124  2.622  -84.45   31.19    26.1    15.4    20.7    19.5     1.1     8.24 C    29.2    14.0    18.3    51.1     3.7    34.9   0.167   0.145   0.199   0.268   0.392    14.6    13.9    12.7    11.6    13.6
63829 20240125  2.622  -84.45   31.19    23.8    16.8    20.3    20.5     3.5     4.71 C    24.9    15.8    19.3    49.7    23.5    41.3   0.176   0.151   0.202   0.267   0.391    16.5    15.8    14.7    13.3    14.3
63829 20240126  2.622  -84.45   31.19    24.3    15.6    20.0    19.0     0.0     6.75 C    27.3    14.8    18.6    51.2     4.6    36.7   0.177   0.158   0.205   0.267   0.390    17.0    16.4    15.7    14.5    15.0
63829 20240127  2.622  -84.45   31.19    24.9    15.8    20.3    19.4     8.6     5.20 C    27.3    14.8    18.7    51.0     5.3    39.8   0.182   0.163   0.207   0.267   0.390    17.3    16.8    16.2    15.3    15.6
63829 20240128  2.622  -84.45   31.19    17.7     9.0    13.3    12.5     0.0    13.20 C    22.7     8.8    13.7 -9999.0 -9999.0 -9999.0   0.190   0.179   0.217   0.268   0.390    15.6    15.8    15.9    15.6    16.1
63829 20240129  2.622  -84.45   31.19    16.1     6.2    11.1    10.3     0.0    14.48 C    21.7     5.1    11.4 -9999.0 -9999.0 -9999.0   0.178   0.165   0.210   0.270   0.391    13.6    14.1    14.6    15.0    16.4
63829 20240130  2.622  -84.45   31.19    17.0     0.1     8.6     8.6     0.0    14.80 C    22.7     1.1     9.5 -9999.0 -9999.0 -9999.0   0.173   0.157   0.206   0.270   0.391    12.2    12.9    13.5    14.2    16.3
63829 20240131  2.622  -84.45   31.19    16.8     3.6    10.2    10.5     0.0    15.03 C    22.1     3.0    10.4 -9999.0 -9999.0 -9999.0   0.169   0.151   0.202   0.269   0.391    12.4    12.9    13.2    13.8    16.1
63829 20240201  2.622  -84.45   31.19    17.1    -1.0     8.0     7.6     0.4    13.45 C    22.5     0.3     9.0 -9999.0 -9999.0 -9999.0   0.166   0.146   0.200   0.268   0.392    11.5    12.1    12.6    13.3    15.9
63829 20240202  2.622  -84.45   31.19    20.2     3.8    12.0    10.7     0.0    14.20 C    25.8     3.6    11.6 -9999.0 -9999.0 -9999.0   0.163   0.142   0.197   0.268   0.391    12.6    12.8    12.9    13.2    15.7
63829 20240203  2.622  -84.45   31.19    21.5     1.9    11.7    12.1     0.0    13.60 C    26.7     2.9    12.4 -9999.0 -9999.0 -9999.0   0.160   0.138   0.195   0.268   0.391    12.7    12.8    13.0    13.3    15.6
63829 20240204  2.622  -84.45   31.19    14.0     9.4    11.7    11.6    26.2     0.75 C    13.2    10.0    11.5    46.0     9.8    33.7   0.199   0.183   0.218   0.270   0.391    12.6    12.9    13.2    13.5    15.6
63829 20240205  2.622  -84.45   31.19    11.0     6.7     8.8     9.3     0.0     2.78 C    13.9     6.7    10.1    47.5    19.2    36.3   0.207   0.205   0.249   0.278   0.394    11.9    12.2    12.7    13.3    15.6
63829 20240206  2.622  -84.45   31.19    18.4     3.0    10.7    10.1     0.0    15.72 C    23.5     2.9    10.3 -9999.0 -9999.0 -9999.0   0.190   0.183   0.231   0.275   0.400    11.9    12.1    12.4    12.9    15.5
63829 20240207  2.622  -84.45   31.19    16.7     0.6     8.6     7.8     0.0    15.81 C    22.8     1.6     9.0 -9999.0 -9999.0 -9999.0   0.182   0.170   0.219   0.274   0.400    11.3    11.7    12.2    12.8    15.3
63829 20240208  2.622  -84.45   31.19    21.0     0.3    10.6    10.6     0.0    14.22 C    25.4     1.4    11.3 -9999.0 -9999.0 -9999.0   0.176   0.160   0.212   0.272   0.398    12.0    12.1    12.2    12.6    15.2
63829 20240209  2.622  -84.45   31.19    23.2     7.0    15.1    15.3     0.0    12.16 C    26.9     7.0    15.4 -9999.0 -9999.0 -9999.0   0.171   0.153   0.208   0.271   0.397    14.0    13.7    13.3    13.1    15.2
63829 20240210  2.622  -84.45   31.19    24.2    12.6    18.4    17.9     0.0     8.99 C    27.5    11.8    17.1 -9999.0 -9999.0 -9999.0   0.168   0.149   0.204   0.271   0.395    15.7    15.3    14.7    14.0    15.4
63829 20240211  2.622  -84.45   31.19    20.7    15.6    18.2    18.4     3.8     2.73 C    20.9    13.9    17.7    48.0    40.3    45.8   0.175   0.153   0.205   0.269   0.393    16.2    15.8    15.4    14.8    15.8
63829 20240212  2.622  -84.45   31.19    20.4    13.3    16.8    18.1    23.3     1.27 C    19.5    11.8    17.4    49.3    13.0    43.6   0.214   0.213   0.234   0.278   0.400    16.8    16.6    16.2    15.5    16.2
63829 20240213  2.622  -84.45   31.19    16.0     5.8    10.9    11.3     0.0    15.88 C    22.5     5.3    12.3 -9999.0 -9999.0 -9999.0   0.198   0.198   0.241   0.278   0.410    14.8    15.2    15.4    15.5    16.6
63829 20240214  2.622  -84.45   31.19    18.6     0.5     9.5     9.0     0.0    16.32 C    24.4     1.6    10.4 -9999.0 -9999.0 -9999.0   0.185   0.178   0.225   0.275   0.403    13.3    13.7    14.2    14.8    16.6
63829 20240215  2.622  -84.45   31.19    21.3     5.3    13.3    12.2     0.0    14.94 C    26.4     5.8    13.3 -9999.0 -9999.0 -9999.0   0.177   0.166   0.215   0.273   0.400    14.1    14.1    14.2    14.4    16.5
63829 20240216  2.622  -84.45   31.19    18.0     8.7    13.3    12.8     5.5     4.97 C    19.9     8.5    13.2    47.4     0.1    30.6   0.173   0.158   0.210   0.272   0.398    14.2    14.3    14.5    14.6    16.4
63829 20240217  2.622  -84.45   31.19    16.3     7.7    12.0    12.0     0.3     3.02 C    18.5     7.7    12.4 -9999.0 -9999.0 -9999.0   0.176   0.159   0.208   0.271   0.396    14.0    14.2    14.4    14.6    16.4
63829 20240218  2.622  -84.45   31.19    10.4     2.1     6.3     6.6     0.0     6.90 C    16.3     2.8     8.0 -9999.0 -9999.0 -9999.0   0.175   0.158   0.208   0.270   0.395    11.8    12.4    13.2    14.2    16.4
63829 20240219  2.622  -84.45   31.19    16.9    -0.2     8.3     7.6     0.0    17.50 C    23.4     0.6     8.9 -9999.0 -9999.0 -9999.0   0.170   0.152   0.205   0.270   0.394    11.6    12.1    12.6    13.4    16.1
63829 20240220  2.622  -84.45   31.19    19.0    -1.7     8.6     8.3     0.0    17.42 C    25.4    -0.8     9.4 -9999.0 -9999.0 -9999.0   0.166   0.146   0.202   0.269   0.394    11.7    12.1    12.5    13.1    15.8
63829 20240221  2.622  -84.45   31.19    20.0    -0.5     9.8     9.6     0.0    17.20 C    27.1     0.7    10.8 -9999.0 -9999.0 -9999.0   0.162   0.141   0.199   0.269   0.393    12.4    12.5    12.8    13.1    15.7
63829 20240222  2.622  -84.45   31.19    22.6     3.3    12.9    13.4     0.0    17.35 C    27.7     2.6    13.5 -9999.0 -9999.0 -9999.0   0.159   0.135   0.195   0.268   0.393    13.4    13.3    13.2    13.4    15.6
63829 20240223  2.622  -84.45   31.19    24.5    10.6    17.6    17.8     0.4    12.70 C    27.8     7.9    16.7 -9999.0 -9999.0 -9999.0   0.157   0.131   0.191   0.268   0.392    15.6    15.2    14.7    14.1    15.7
63829 20240224  2.622  -84.45   31.19    22.6     4.5    13.6    15.0     0.0    17.80 C    27.5     3.3    13.3 -9999.0 -9999.0 -9999.0   0.155   0.127   0.189   0.267   0.391    14.3    14.4    14.5    14.6    16.0
63829 20240225  2.622  -84.45   31.19    19.9     1.8    10.8    11.2     0.0    18.16 C    29.0     1.6    12.1 -9999.0 -9999.0 -9999.0   0.150   0.122   0.186   0.266   0.391    14.1    14.1    14.3    14.5    16.2
63829 20240226  2.622  -84.45   31.19    24.0     2.6    13.3    13.6     0.0    17.73 C    31.5     2.2    14.3 -9999.0 -9999.0 -9999.0   0.146   0.118   0.184   0.266   0.390    14.5    14.3    14.3    14.5    16.2
63829 20240227  2.622  -84.45   31.19    26.0    14.5    20.3    19.3     0.0    12.07 C    32.2    12.4    18.7 -9999.0 -9999.0 -9999.0   0.141   0.115   0.181   0.265   0.389    16.7    16.0    15.6    15.1    16.3
63829 20240228  2.622  -84.45   31.19    26.9    13.3    20.1    20.9     4.8    11.01 C    31.9    11.7    20.3 -9999.0 -9999.0 -9999.0   0.138   0.110   0.178   0.264   0.389    17.9    17.2    16.6    15.9    16.6
63829 20240229  2.622  -84.45   31.19    15.9     8.5    12.2    12.9     0.0    10.08 C    23.5     7.5    13.8 -9999.0 -9999.0 -9999.0   0.135   0.106   0.175   0.264   0.389    16.0    15.7    16.2    16.3    17.0
63829 20240301  2.622  -84.45   31.19    16.1     9.8    12.9    12.8    15.0     3.24 C    20.1    11.2    13.7 -9999.0 -9999.0 -9999.0   0.142   0.107   0.174   0.263   0.389    15.2    15.1    15.5    15.9    17.2
63829 20240302  2.622  -84.45   31.19    20.2     9.7    15.0    14.8     0.7     6.47 C    24.3    11.2    16.4    49.7    38.2    46.1   0.180   0.133   0.184   0.263   0.388    16.1    15.7    15.6    15.7    17.1
63829 20240303  2.622  -84.45   31.19    25.8    15.8    20.8    19.4     0.8    14.63 C    33.2    15.2    20.8    49.9     0.1    31.4   0.168   0.133   0.186   0.262   0.388    18.9    17.9    17.1    16.3    17.2
63829 20240304  2.622  -84.45   31.19    24.5    15.9    20.2    19.1     0.0    11.28 C    33.1    14.6    19.9    46.6     0.2    26.8   0.160   0.127   0.183   0.262   0.388    19.1    18.3    17.9    17.2    17.5
63829 20240305  2.622  -84.45   31.19    18.9    16.5    17.7    17.9     8.3     1.68 C    19.9    16.0    17.9    46.9    20.7    39.7   0.179   0.142   0.189   0.262   0.388    18.2    17.9    17.9    17.5    17.9
63829 20240306  2.622  -84.45   31.19    23.7    15.3    19.5    19.3     0.7    12.27 C    28.1    14.0    19.5    48.7     0.1    26.4   0.178   0.153   0.197   0.262   0.388    18.9    18.5    18.1    17.6    18.1
63829 20240307  2.622  -84.45   31.19    24.4     9.3    16.9    17.0     0.0    17.25 C    32.5     9.5    18.2 -9999.0 -9999.0 -9999.0   0.167   0.145   0.194   0.264   0.387    18.8    18.5    18.2    17.8    18.4
63829 20240308  2.622  -84.45   31.19    25.0    12.1    18.5    18.9     6.2     8.62 C    26.4    11.8    19.0    45.7     1.4    28.1   0.163   0.139   0.191   0.264   0.387    18.8    18.4    18.3    18.0    18.6
63829 20240309  2.622  -84.45   31.19    24.2    16.8    20.5    20.6    54.4     5.96 C    29.4    16.1    20.5    46.5     9.9    29.8   0.225   0.220   0.241   0.280   0.404    19.9    19.5    19.1    18.4    18.8
63829 20240310  2.622  -84.45   31.19    18.6    11.7    15.1    14.8     0.0    19.64 C    25.8    10.5    16.1 -9999.0 -9999.0 -9999.0   0.196   0.191   0.236   0.275   0.407    18.2    18.4    18.6    18.4    19.1
63829 20240311  2.622  -84.45   31.19    15.3     6.0    10.6    10.8     0.0    11.56 C    23.2     6.0    12.2 -9999.0 -9999.0 -9999.0   0.181   0.169   0.221   0.273   0.400    16.0    16.5    17.2    17.7    19.1
63829 20240312  2.622  -84.45   31.19 -9999.0 -9999.0 -9999.0 -9999.0     0.0 -9999.00 U -9999.0 -9999.0 -9999.0 -9999.0 -9999.0 -9999.0 -99.000 -99.000 -99.000 -99.000 -99.000 -9999.0 -9999.0 -9999.0 -9999.0 -9999.0
63829 20240313  2.622  -84.45   31.19    23.4     0.0    11.7    14.3     0.0    17.59 C    31.2     5.4    15.5    62.1     5.5    33.4   0.165   0.147   0.205   0.271   0.396    16.7    16.7    16.8    16.9    18.6
63829 20240314  2.622  -84.45   31.19    27.8     7.5    17.7    17.7     0.0    20.26 C    34.2     7.5    18.6    58.9    18.8    37.1   0.159   0.137   0.199   0.270   0.394    18.1    17.7    17.3    17.1    18.5
63829 20240315  2.622  -84.45   31.19    28.4    13.2    20.8    19.8    19.7    12.05 C    34.9    12.4    20.1    62.5    22.6    43.4   0.169   0.146   0.201   0.269   0.393    19.2    18.7    18.3    17.7    18.6
63829 20240316  2.622  -84.45   31.19    24.7     0.0    12.4    11.3     0.0    10.09 C    32.7    -4.7    15.3 -9999.0 -9999.0 -9999.0   0.201   0.196   0.242   0.270   0.392    20.9    20.1    19.4    18.4    18.9
63829 20240317  2.622  -84.45   31.19    23.2    13.7    18.5    17.7     7.2    12.39 C    30.7    13.9    19.4    66.5    26.0    45.7   0.190   0.183   0.228   0.271   0.393    20.0    19.7    19.5    19.0    19.2
63829 20240318  2.622  -84.45   31.19    20.4     9.1    14.8    15.7     0.0    14.49 C    28.0     7.2    17.1 -9999.0 -9999.0 -9999.0   0.193   0.187   0.232   0.272   0.395    19.1    19.1    19.2    19.0    19.5
63829 20240319  2.622  -84.45   31.19    16.0     2.2     9.1     9.0     0.0    23.21 C    28.3     2.6    12.5    49.5    14.4    26.2   0.179   0.166   0.217   0.271   0.395    16.5    16.8    17.5    18.2    19.5
63829 20240320  2.622  -84.45   31.19    21.4     2.4    11.9    12.4     0.0    20.95 C    31.1     3.3    14.3    68.7    15.7    34.1   0.169   0.153   0.209   0.271   0.395    16.4    16.4    16.9    17.5    19.3
63829 20240321  2.622  -84.45   31.19    25.1     5.7    15.4    15.7     0.0    19.45 C    35.7     5.8    17.5    70.0    20.0    37.9   0.162   0.144   0.204   0.270   0.394    17.6    17.2    17.2    17.3    19.0
63829 20240322  2.622  -84.45   31.19    19.4    14.2    16.8    17.1     8.6     2.29 C    22.4    14.4    17.2    68.7    40.1    58.2   0.179   0.157   0.207   0.269   0.393    17.8    17.6    17.7    17.8    19.0
63829 20240323  2.622  -84.45   31.19    20.9    13.5    17.2    17.7     0.4    11.84 C    29.1    12.5    18.4    66.8    32.6    50.6   0.185   0.170   0.214   0.268   0.392    18.7    18.4    18.2    17.9    19.1
63829 20240324  2.622  -84.45   31.19    22.4     9.9    16.1    15.8     0.0    22.11 C    35.1     8.7    18.4    54.3    25.2    38.7   0.173   0.158   0.209   0.269   0.392    18.7    18.3    18.1    18.0    19.1
63829 20240325  2.622  -84.45   31.19    24.4    10.9    17.7    16.6     0.0    18.69 C    37.9    10.3    19.3    61.9    29.8    43.3   0.163   0.147   0.203   0.268   0.392    18.9    18.6    18.4    18.2    19.2
63829 20240326  2.622  -84.45   31.19    22.9    15.4    19.1    18.1    17.0     2.31 C    25.2    14.4    18.2    97.9    42.6    72.6   0.179   0.160   0.206   0.267   0.391    18.6    18.5    18.6    18.4    19.3
63829 20240327  2.622  -84.45   31.19    22.9    16.4    19.7    18.7     2.8    10.26 C    30.7    16.4    20.5    98.7    65.2    90.3   0.207   0.207   0.256   0.270   0.391    19.8    19.3    18.9    18.5    19.4
63829 20240328  2.622  -84.45   31.19    23.2    11.5    17.3    17.3     0.0    23.73 C    35.7     9.7    19.8    98.8    17.6    53.4   0.185   0.180   0.230   0.272   0.394    19.8    19.5    19.3    18.8    19.6
63829 20240329  2.622  -84.45   31.19    21.9     5.7    13.8    13.9     0.0    24.51 C    39.0     5.9    18.6    89.2    20.5    49.6   0.172   0.160   0.215   0.271   0.395    18.7    18.5    18.7    18.7    19.7
63829 20240330  2.622  -84.45   31.19    24.6     7.6    16.1    16.6     0.0    23.98 C    41.0     8.6    20.8    97.4    27.2    57.8   0.163   0.148   0.206   0.270   0.395    19.4    18.9    18.8    18.7    19.7
63829 20240331  2.622  -84.45   31.19    26.0     8.9    17.4    18.0     0.0    20.31 C    43.1     9.7    22.1    96.2    45.6    70.8   0.155   0.137   0.199   0.269   0.393    20.1    19.5    19.3    18.9    19.8
63829 20240401  2.622  -84.45   31.19    26.9    15.3    21.1    21.2     0.0    17.08 C    42.6    15.4    24.6    97.1    50.6    76.4   0.147   0.128   0.193   0.268   0.393    21.6    20.9    20.3    19.5    20.0
63829 20240402  2.622  -84.45   31.19    26.8    17.0    21.9    22.1     0.0    11.44 C    37.2    15.7    23.9    98.5    58.3    81.4   0.141   0.123   0.190   0.267   0.392    21.8    21.3    20.8    20.1    20.3
63829 20240403  2.622  -84.45   31.19    24.9    14.1    19.5    19.6    25.6    14.05 C    30.4    12.0    20.7    95.7    35.2    67.3   0.195   0.198   0.234   0.268   0.392    21.3    21.1    21.0    20.5    20.6
63829 20240404  2.622  -84.45   31.19    20.0     8.6    14.3    14.4     0.0    25.21 C    33.5     8.1    17.6    80.9    27.3    46.1   0.184   0.185   0.230   0.269   0.391    19.2    19.3    19.6    19.9    20.8
63829 20240405  2.622  -84.45   31.19    22.8     6.3    14.6    15.3     0.0    25.06 C    38.0     7.1    19.3    96.6    25.1    54.0   0.170   0.163   0.214   0.269   0.392    19.3    19.1    19.2    19.4    20.6
63829 20240406  2.622  -84.45   31.19    20.5     6.1    13.3    13.4     0.0    24.39 C    40.3     6.9    19.4    90.3    28.0    56.6   0.161   0.150   0.206   0.268   0.392    19.3    19.0    19.2    19.3    20.5
63829 20240407  2.622  -84.45   31.19    24.6     5.4    15.0    15.3     0.0    23.71 C    42.9     7.2    21.4    97.6    27.9    63.4   0.153   0.139   0.200   0.267   0.391    19.9    19.3    19.3    19.3    20.5
63829 20240408  2.622  -84.45   31.19    25.3    11.6    18.5    18.5     0.0    19.72 C    43.8    11.2    22.9    90.1    43.0    69.0   0.144   0.129   0.193   0.266   0.391    20.9    20.2    20.0    19.7    20.5
63829 20240409  2.622  -84.45   31.19    25.7    15.5    20.6    19.6     0.0    13.45 C    40.0    15.1    22.4    92.5    50.6    72.9   0.137   0.123   0.189   0.265   0.391    21.3    20.7    20.5    20.1    20.6
63829 20240410  2.622  -84.45   31.19    26.9    15.8    21.3    20.3   124.1    13.85 C    40.7    15.9    23.1    97.2    49.9    79.2   0.175   0.172   0.206   0.281   0.397    21.2    20.7    20.7    20.5    20.9
63829 20240411  2.622  -84.45   31.19    24.6    12.7    18.7    20.7    36.7    18.12 C    33.5    12.6    21.8    97.8    47.3    72.8   0.234   0.247   0.260   0.290   0.425    21.4    21.0    20.7    20.6    21.4
63829 20240412  2.622  -84.45   31.19    23.3    11.7    17.5    17.2     0.0    25.85 C    33.3    10.7    19.1    89.1    24.1    53.6   0.192   0.190   0.231   0.274   0.415    20.2    20.0    20.2    20.5    21.4
63829 20240413  2.622  -84.45   31.19    26.1     7.5    16.8    17.4     0.0    25.97 C    39.6     7.8    20.8    92.8    23.6    54.5   0.177   0.167   0.218   0.272   0.406    20.3    19.9    20.0    20.2    21.3
63829 20240414  2.622  -84.45   31.19    28.4    10.5    19.4    20.3     0.0    24.96 C    45.2    10.7    24.5    97.1    26.2    59.1   0.165   0.152   0.208   0.271   0.403    21.9    21.0    20.7    20.4    21.2
63829 20240415  2.622  -84.45   31.19    28.2    11.1    19.6    20.6     0.0    25.04 C    46.4    11.8    25.6    91.1    30.3    59.8   0.155   0.138   0.200   0.269   0.400    23.1    22.1    21.7    21.0    21.3
63829 20240416  2.622  -84.45   31.19 -9999.0 -9999.0 -9999.0 -9999.0 -9999.0 -9999.00 U -9999.0 -9999.0 -9999.0 -9999.0 -9999.0 -9999.0 -99.000 -99.000 -99.000 -99.000 -99.000 -9999.0 -9999.0 -9999.0 -9999.0 -9999.0
63829 20240417  2.622  -84.45   31.19 -9999.0 -9999.0 -9999.0 -9999.0 -9999.0 -9999.00 U -9999.0 -9999.0 -9999.0 -9999.0 -9999.0 -9999.0 -99.000 -99.000 -99.000 -99.000 -99.000 -9999.0 -9999.0 -9999.0 -9999.0 -9999.0
63829 20240418  2.622  -84.45   31.19    26.3    15.0    20.6    21.0     0.0    13.36 C    38.4    15.2    24.1    98.5    56.2    82.8   0.133   0.113   0.185   0.266   0.394    23.5    22.8    22.8    22.4    22.2
63829 20240419  2.622  -84.45   31.19    29.7    17.3    23.5    23.2     0.2    19.31 C    50.5    17.1    28.0    98.4    48.1    77.8   0.127   0.107   0.179   0.264   0.392    24.8    23.8    23.2    22.4    22.5
63829 20240420  2.622  -84.45   31.19    28.8    18.4    23.6    23.1     0.0    15.61 C    49.1    18.2    27.2    98.4    57.3    82.3   0.121   0.102   0.174   0.263   0.391    25.2    24.3    23.8    23.0    22.8
63829 20240421  2.622  -84.45   31.19    23.7    11.9    17.8    17.9     9.3     6.66 C    31.2    12.8    20.3    98.5    76.7    89.9   0.143   0.110   0.173   0.262   0.390    22.9    22.8    23.2    23.2    23.1
63829 20240422  2.622  -84.45   31.19    20.7     8.3    14.5    14.1     0.0    26.47 C    37.9     9.1    19.8    89.0    40.7    66.5   0.156   0.126   0.175   0.261   0.390    21.5    21.2    21.6    22.1    23.0
63829 20240423  2.622  -84.45   31.19    23.8     7.0    15.4    15.8     0.0    26.59 C    44.2     8.4    22.5    97.9    28.5    64.4   0.140   0.116   0.173   0.260   0.390    22.0    21.5    21.5    21.7    22.8
63829 20240424  2.622  -84.45   31.19    26.1     8.3    17.2    17.9     0.0    26.10 C    47.2     9.8    24.8    97.9    30.9    63.8   0.129   0.108   0.170   0.259   0.389    23.0    22.2    22.0    21.8    22.7
63829 20240425  2.622  -84.45   31.19    28.7    15.6    22.2    21.6     0.0    19.78 C    49.1    15.7    26.6    97.1    37.6    68.9   0.117   0.102   0.166   0.258   0.389    24.1    23.2    22.9    22.3    22.7
63829 20240426  2.622  -84.45   31.19    30.0    15.6    22.8    23.1     0.0    19.93 C    51.0    15.6    27.7    98.3    39.8    66.8   0.106   0.095   0.163   0.256   0.388    24.9    23.8    23.4    22.8    23.0
63829 20240427  2.622  -84.45   31.19    27.6    18.1    22.9    22.3     0.0    15.37 C    46.6    17.1    25.6    91.7    52.8    70.8   0.098   0.087   0.160   0.255   0.388    24.8    24.0    23.8    23.2    23.2
63829 20240428  2.622  -84.45   31.19    28.0    17.5    22.8    22.4     0.0    21.37 C    50.2    16.3    27.4    89.8    39.1    64.2   0.089   0.081   0.155   0.253   0.388    25.4    24.4    24.0    23.4    23.4
63829 20240429  2.622  -84.45   31.19    28.6    16.1    22.3    22.4     0.0    22.85 C    53.1    15.3    28.3    90.1    39.5    63.9   0.078   0.074   0.151   0.250   0.387    26.0    24.9    24.4    23.7    23.6
63829 20240430  2.622  -84.45   31.19    29.3    16.3    22.8    21.7     2.1    18.26 C    54.6    17.0    26.8    98.0    44.9    78.1   0.072   0.069   0.149   0.247   0.387    25.9    25.1    24.7    24.1    23.8
63829 20240501  2.622  -84.45   31.19    30.2    16.7    23.4    22.3     0.0    18.97 C    50.0    17.6    27.4    98.6    37.2    78.1   0.070   0.067   0.147   0.245   0.387    25.9    25.1    24.7    24.2    24.1
63829 20240502  2.622  -84.45   31.19    32.1    16.0    24.0    23.9     0.0    22.82 C    55.5    16.5    30.0    98.3    37.0    71.8   0.066   0.064   0.145   0.242   0.386    26.8    25.8    25.1    24.4    24.2
63829 20240503  2.622  -84.45   31.19    30.8    18.0    24.4    24.1     0.2    17.24 C    52.9    18.4    29.2    96.9    44.6    74.3   0.062   0.061   0.142   0.239   0.386    26.9    26.1    25.5    24.8    24.5
63829 20240504  2.622  -84.45   31.19    29.8    19.0    24.4    22.8    22.1    17.37 C    52.8    20.0    27.5    97.7    52.5    84.6   0.083   0.074   0.144   0.238   0.386    27.0    26.1    25.8    25.1    24.8
63829 20240505  2.622  -84.45   31.19    30.8    16.4    23.6    23.8     0.0    24.36 C    44.1    17.7    28.3    99.1    47.5    77.6   0.155   0.132   0.154   0.236   0.386    27.0    26.0    25.5    24.9    24.9
63829 20240506  2.622  -84.45   31.19    30.8    19.7    25.3    24.2     0.0    19.93 C    47.0    20.4    28.9    98.4    49.1    80.3   0.136   0.120   0.151   0.236   0.386    27.8    26.8    26.3    25.4    25.0
63829 20240507  2.622  -84.45   31.19    30.8    17.9    24.4    24.5     0.0    19.77 C    48.3    18.9    28.9    98.9    49.5    76.3   0.122   0.110   0.149   0.235   0.385    27.6    26.7    26.4    25.6    25.2
63829 20240508  2.622  -84.45   31.19    32.8    20.0    26.4    25.9     0.0    23.31 C    51.4    20.2    31.5    98.4    47.1    75.6   0.107   0.101   0.146   0.234   0.385    28.9    27.5    26.9    25.9    25.4
63829 20240509  2.622  -84.45   31.19    31.6    19.5    25.6    24.4     0.7    14.38 C    45.5    21.3    27.9    97.1    58.2    82.1   0.096   0.093   0.144   0.233   0.385    28.1    27.2    27.1    26.4    25.7
63829 20240510  2.622  -84.45   31.19    27.9    19.1    23.5    22.7    54.6    16.84 C    38.1    19.8    24.9    97.6    66.8    84.4   0.182   0.188   0.206   0.233   0.385    26.1    25.2    25.6    25.9    25.9
63829 20240511  2.622  -84.45   31.19    26.5    15.2    20.8    21.1     0.0    26.82 C    40.4    16.0    25.4    95.8    36.1    66.5   0.173   0.172   0.204   0.235   0.386    26.2    25.3    25.5    25.5    25.7
63829 20240512  2.622  -84.45   31.19    27.0    13.7    20.4    20.5     0.0    17.92 C    41.9    15.2    24.6    96.4    43.1    72.3   0.160   0.151   0.191   0.238   0.386    25.1    24.5    24.9    25.2    25.5
63829 20240513  2.622  -84.45   31.19    21.1    17.6    19.3    19.6    52.8     1.94 C    22.7    18.3    20.0    96.9    77.7    89.9   0.198   0.202   0.218   0.255   0.394    22.8    22.9    23.9    24.7    25.4
63829 20240514  2.622  -84.45   31.19    28.8    19.2    24.0    23.3    10.7    17.74 C    38.3    19.4    25.2    98.2    58.6    81.8   0.209   0.222   0.249   0.274   0.415    25.0    23.9    23.6    23.7    25.1
63829 20240515  2.622  -84.45   31.19    29.8    19.3    24.5    24.9     0.0    22.81 C    41.3    19.7    27.1    94.0    44.1    72.5   0.181   0.177   0.221   0.269   0.401    26.6    25.4    25.1    24.5    25.0
63829 20240516  2.622  -84.45   31.19    30.4    17.0    23.7    23.6     0.0    26.41 C    45.1    17.2    28.3    98.2    48.0    74.6   0.165   0.152   0.202   0.267   0.398    26.8    25.6    25.4    24.9    25.1
63829 20240517  2.622  -84.45   31.19    27.3    19.9    23.6    22.6    27.6    10.61 C    36.8    20.5    24.4    97.7    65.0    85.3   0.185   0.177   0.212   0.267   0.395    25.6    25.0    25.4    25.3    25.3
63829 20240518  2.622  -84.45   31.19    26.3    19.8    23.1    22.2    31.3     6.36 C    31.0    20.1    22.9    98.4    66.9    89.1   0.232   0.251   0.259   0.283   0.407    24.2    23.9    24.3    24.8    25.4
63829 20240519  2.622  -84.45   31.19    28.4    19.4    23.9    23.4     0.0    22.13 C    37.4    19.2    25.9    98.4    55.6    81.2   0.198   0.203   0.235   0.274   0.405    25.8    24.9    24.6    24.4    25.3
63829 20240520  2.622  -84.45   31.19    26.4    17.7    22.0    21.3     0.0    13.01 C    36.8    18.2    23.7    98.7    57.2    83.4   0.182   0.178   0.217   0.271   0.402    24.9    24.5    24.7    24.8    25.3
63829 20240521  2.622  -84.45   31.19    29.1    15.3    22.2    22.3     0.0    24.44 C    44.5    16.1    27.0    99.2    47.8    77.1   0.170   0.159   0.206   0.269   0.399    25.9    24.9    24.8    24.6    25.2
63829 20240522  2.622  -84.45   31.19    30.7    16.9    23.8    23.7     0.0    25.93 C    48.1    17.6    29.6    98.7    45.2    77.8   0.160   0.143   0.197   0.267   0.396    27.4    26.1    25.7    25.1    25.3
63829 20240523  2.622  -84.45   31.19    31.5    18.5    25.0    25.3     0.0    19.39 C    51.1    19.3    30.1    98.9    54.0    77.2   0.150   0.131   0.190   0.266   0.394    27.9    26.7    26.4    25.7    25.5
63829 20240524  2.622  -84.45   31.19    31.0    19.5    25.2    25.3     0.0    24.65 C    49.1    20.1    31.3    98.7    51.7    76.7   0.142   0.122   0.184   0.264   0.392    28.7    27.4    27.0    26.2    25.8
63829 20240525  2.622  -84.45   31.19    30.5    22.2    26.3    25.6     0.0    14.74 C    48.5    22.2    29.6    98.0    60.0    83.5   0.134   0.115   0.182   0.263   0.391    28.3    27.4    27.2    26.6    26.2
63829 20240526  2.622  -84.45   31.19    33.0    21.5    27.3    26.8     0.0    23.49 C    53.3    21.5    32.9    98.9    42.0    75.9   0.127   0.111   0.179   0.261   0.390    29.5    28.4    27.7    26.8    26.4
63829 20240527  2.622  -84.45   31.19    32.3    20.0    26.1    26.2    22.9    17.84 C    50.7    21.6    31.2    97.7    53.5    79.3   0.128   0.116   0.180   0.259   0.389    29.3    28.4    28.1    27.3    26.7
63829 20240528  2.622  -84.45   31.19    32.1    19.5    25.8    25.4     0.0    27.21 C    43.2    20.8    29.5    99.0    40.1    73.1   0.183   0.184   0.220   0.257   0.389    29.0    28.2    27.9    27.3    27.0
63829 20240529  2.622  -84.45   31.19    31.1    18.0    24.5    24.4     0.0    25.57 C    46.7    18.8    29.7    97.1    31.8    66.8   0.161   0.157   0.203   0.257   0.389    28.5    27.9    27.8    27.4    27.1
63829 20240530  2.622  -84.45   31.19    28.8    17.6    23.2    22.8     0.0    18.24 C    47.0    18.8    27.9    95.3    42.0    70.8   0.149   0.141   0.195   0.257   0.388    27.4    26.9    27.1    27.1    27.2
63829 20240531  2.622  -84.45   31.19    31.7    17.6    24.6    25.7     0.0    25.42 C    51.2    19.2    31.6    96.7    38.7    61.3   0.138   0.131   0.190   0.256   0.388    28.6    27.7    27.3    26.9    27.1
63829 20240601  2.622  -84.45   31.19    25.0    19.2    22.1    22.3     4.8     9.76 C    30.4    19.5    24.2    97.3    59.8    75.2   0.140   0.130   0.186   0.256   0.388    26.5    26.1    26.7    27.0    27.2
63829 20240602  2.622  -84.45   31.19    30.7    19.3    25.0    23.8     1.5    20.54 C    49.1    19.7    28.8    98.7    54.7    80.5   0.144   0.132   0.186   0.255   0.387    27.6    26.9    26.6    26.5    27.2
63829 20240603  2.622  -84.45   31.19    31.6    19.9    25.8    25.0     0.0    24.30 C    51.6    20.8    31.6    99.1    50.3    80.5   0.138   0.128   0.184   0.254   0.387    29.1    28.2    27.6    26.8    28.0
63829 20240604  2.622  -84.45   31.19    31.8    20.2    26.0    25.9     0.0    20.11 C    50.9    21.2    31.9    98.6    51.1    78.2   0.128   0.122   0.182   0.252   0.387    29.3    28.5    28.1    27.4    27.6
63829 20240605  2.622  -84.45   31.19    31.8    20.6    26.2    26.3     0.0    18.04 C    52.6    21.0    31.4    99.0    54.7    79.6   0.119   0.116   0.177   0.251   0.387    29.4    28.5    28.2    27.6    27.8
63829 20240606  2.622  -84.45   31.19    30.8    21.4    26.1    25.4     3.4    17.70 C    51.3    21.7    29.4    99.1    63.6    85.5   0.114   0.116   0.175   0.250   0.386    29.1    28.5    28.3    27.8    29.0
63829 20240607  2.622  -84.45   31.19    33.9    22.6    28.2    28.0     0.0    25.74 C    52.5    22.8    33.2    98.8    44.2    70.8   0.116   0.117   0.174   0.248   0.386    30.3    29.5    28.7    27.8    29.2
63829 20240608  2.622  -84.45   31.19    32.4    17.5    25.0    25.1     0.0    27.90 C    54.1    18.7    33.2    96.6    33.0    64.1   0.104   0.110   0.170   0.246   0.386    30.3    29.5    29.1    28.3    29.1
63829 20240609  2.622  -84.45   31.19    34.3    16.3    25.3    26.1     0.0    26.92 C    56.5    18.1    34.3    96.2    34.8    65.3   0.089   0.103   0.165   0.242   0.386    30.7    29.7    29.2    28.5    28.5
63829 20240610  2.622  -84.45   31.19    34.7    21.2    27.9    27.6     0.0    21.78 C    56.5    22.1    34.7    97.8    47.1    73.9   0.076   0.097   0.163   0.238   0.385    31.6    30.6    30.0    29.0    28.6
63829 20240611  2.622  -84.45   31.19    32.1    19.8    25.9    26.0     0.0    24.84 C    56.7    21.2    34.0    97.0    38.6    68.0   0.068   0.092   0.160   0.235   0.385    31.7    30.7    30.3    29.3    29.0
63829 20240612  2.622  -84.45   31.19    33.8    17.7    25.8    25.7    38.2    20.86 C    58.2    19.5    33.2    97.0    42.6    75.0   0.074   0.103   0.161   0.233   0.384    30.6    29.9    29.9    29.4    29.2
63829 20240613  2.622  -84.45   31.19    33.0    20.4    26.7    26.4     0.0    26.09 C    42.1    22.5    30.1    98.2    39.3    73.2   0.167   0.183   0.187   0.231   0.385    30.1    29.4    29.3    29.0    29.4
63829 20240614  2.622  -84.45   31.19    33.2    19.8    26.5    26.5     0.0    26.14 C    47.7    21.0    31.3    97.7    38.2    69.0   0.144   0.154   0.176   0.231   0.385    30.1    29.6    29.4    28.9    29.3
63829 20240615  2.622  -84.45   31.19    34.8    20.1    27.4    27.4     0.0    26.13 C    53.0    21.3    34.0    97.9    36.2    70.7   0.128   0.135   0.170   0.231   0.385    30.9    30.2    29.6    28.9    29.3
63829 20240616  2.622  -84.45   31.19    33.5    21.4    27.4    26.4     2.3    18.07 C    55.1    22.5    31.9    98.1    52.6    82.8   0.115   0.124   0.167   0.230   0.385    30.8    30.2    30.0    29.3    29.3
63829 20240617  2.622  -84.45   31.19    33.1    22.7    27.9    27.3     0.0    22.89 C    49.9    22.9    31.8    98.5    48.4    72.5   0.109   0.121   0.165   0.230   0.385    30.9    30.3    29.9    29.3    29.4
63829 20240618  2.622  -84.45   31.19    32.4    21.9    27.1    27.0     0.0    21.23 C    50.4    21.4    31.5    86.8    43.6    64.6   0.099   0.113   0.163   0.230   0.385    30.4    29.7    29.6    29.2    29.5
63829 20240619  2.622  -84.45   31.19    32.1    24.0    28.0    27.6     0.0    20.82 C    52.4    23.4    32.5    83.4    41.4    62.3   0.089   0.104   0.159   0.229   0.385    31.0    30.1    29.8    29.3    29.5
63829 20240620  2.622  -84.45   31.19    32.7    21.6    27.2    26.5     0.4    20.84 C    53.1    21.5    31.5    91.9    41.9    68.4   0.080   0.098   0.157   0.228   0.384    30.7    30.0    29.8    29.4    29.6
63829 20240621  2.622  -84.45   31.19    33.6    18.5    26.1    26.4     0.0    28.07 C    55.3    19.6    33.9    96.5    31.3    64.2   0.070   0.093   0.155   0.226   0.384    31.6    30.7    30.1    29.4    29.6
63829 20240622  2.622  -84.45   31.19    35.2    20.0    27.6    27.8     0.0    25.75 C    58.4    21.6    35.9    95.4    37.1    68.9   0.062   0.088   0.151   0.223   0.384    32.4    31.5    30.8    29.8    29.8
63829 20240623  2.622  -84.45   31.19    35.8    21.9    28.9    29.6     0.0    26.67 C    58.9    22.6    37.3    94.8    39.8    64.0   0.057   0.083   0.147   0.219   0.384    33.4    32.3    31.5    30.3    30.0
63829 20240624  2.622  -84.45   31.19    33.9    24.4    29.1    28.5     0.0    20.32 C    54.1    24.7    34.5    95.1    52.8    75.4   0.053   0.079   0.142   0.216   0.383    32.9    32.1    31.6    30.8    30.4
63829 20240625  2.622  -84.45   31.19    37.0    23.1    30.0    29.8     0.0    24.19 C    59.5    24.0    36.8    98.5    34.9    69.6   0.050   0.075   0.138   0.213   0.383    33.6    32.6    31.8    30.8    30.5
63829 20240626  2.622  -84.45   31.19    35.8    24.4    30.1    29.0     0.0    25.21 C    59.3    24.9    36.2    96.5    43.8    74.7   0.048   0.072   0.135   0.208   0.383    34.2    33.2    32.3    31.2    30.9
63829 20240627  2.622  -84.45   31.19    29.4    24.8    27.1    26.8     1.0    12.94 C    42.0    25.6    30.3    94.9    70.1    84.7   0.048   0.069   0.132   0.206   0.383    32.0    31.6    31.7    31.3    31.1
63829 20240628  2.622  -84.45   31.19    32.9    23.0    28.0    28.0     1.5    20.33 C    47.0    23.5    32.2    98.3    53.5    79.6   0.048   0.066   0.130   0.206   0.383    31.8    31.2    31.0    30.7    31.1
63829 20240629  2.622  -84.45   31.19    35.6    23.6    29.6    28.0    95.2    22.92 C    56.5    24.1    33.5    98.9    47.3    81.6   0.084   0.107   0.144   0.206   0.383    31.7    31.0    31.0    30.6    31.1
63829 20240630  2.622  -84.45   31.19    33.1    23.1    28.1    27.4     0.0    16.66 C    42.8    24.1    30.1    98.8    62.9    85.7   0.187   0.197   0.226   0.233   0.385    30.5    29.9    29.9    30.0    31.1
63829 20240701  2.622  -84.45   31.19    34.1    24.8    29.5    28.5     0.0    20.42 C    45.1    25.3    31.9    97.9    59.6    83.3   0.166   0.166   0.210   0.236   0.386    31.7    31.1    30.7    30.1    30.9
63829 20240702  2.622  -84.45   31.19 -9999.0 -9999.0 -9999.0 -9999.0 -9999.0 -9999.00 U -9999.0 -9999.0 -9999.0 -9999.0 -9999.0 -9999.0 -99.000 -99.000 -99.000 -99.000 -99.000 -9999.0 -9999.0 -9999.0 -9999.0 -9999.0
