53968 20240101  2.622  -95.72   31.78    12.6     2.5     7.6     8.1     0.0    11.01 C    19.6     0.1     7.8    70.7    42.1    56.1   0.268   0.294   0.311   0.296   0.374    10.2    10.8    10.9    11.2    12.5
53968 20240102  2.622  -95.72   31.78    13.5     1.2     7.4     6.7    21.5     9.44 C    20.8    -0.9     6.8    87.0    38.3    61.9   0.270   0.300   0.317   0.309   0.375     9.4    10.1    10.1    10.9    12.4
53968 20240103  2.622  -95.72   31.78    13.8     4.0     8.9     7.9     0.0     8.14 C    18.8     3.2     8.8    88.7    55.0    80.2   0.325   0.347   0.352   0.420   0.394    10.1    10.5    10.6    10.9    12.3
53968 20240104  2.622  -95.72   31.78    15.6     1.1     8.3     8.8     0.0    11.49 C    17.5     0.8     7.6    89.3    42.2    66.6   0.319   0.338   0.345   0.420   0.394     9.8    10.4    10.4    10.9    12.3
53968 20240105  2.622  -95.72   31.78    10.3     3.0     6.7     7.3    15.1     3.14 C    12.9     2.5     7.7    89.2    53.7    80.7   0.327   0.337   0.349   0.422   0.395    10.3    10.7    10.8    11.1    12.3
53968 20240106  2.622  -95.72   31.78     9.4     1.8     5.6     4.9     0.0     5.46 C    12.7     0.8     5.9    91.9    62.3    84.7   0.332   0.341   0.353   0.423   0.396     9.5    10.1    10.2    10.9    12.3
53968 20240107  2.622  -95.72   31.78    15.7    -0.4     7.6     7.8     0.0    10.99 C    17.6    -0.9     6.2    89.7    36.0    66.3   0.324   0.330   0.340   0.424   0.396     9.0     9.6     9.6    10.4    12.0
53968 20240108  2.622  -95.72   31.78    16.3     8.0    12.1    11.6     4.5     1.92 C    16.0     3.8     9.7    84.5    38.3    67.7   0.321   0.334   0.343   0.424   0.396    10.4    10.6    10.6    10.8    11.9
53968 20240109  2.622  -95.72   31.78     9.6    -1.1     4.3     4.8     0.0    11.76 C    12.0    -1.9     3.4    76.9    35.9    50.1   0.326   0.337   0.345   0.422   0.397     8.5     9.6     9.6    10.6    12.0
53968 20240110  2.622  -95.72   31.78    18.6    -1.3     8.6     9.1     0.0    11.77 C    18.3    -2.2     5.5    77.6    21.0    48.4   0.313   0.321   0.332   0.356   0.397     8.0     8.7     8.7     9.6    11.4
53968 20240111  2.622  -95.72   31.78    22.1     9.5    15.8    16.0     0.0     4.17 C    20.7     4.4    13.0    90.8    60.9    77.9   0.303   0.318   0.329   0.349   0.397    10.9    10.6    10.6    10.4    11.4
53968 20240112  2.622  -95.72   31.78    20.2    -1.3     9.4     6.5     2.4    11.63 C    16.6    -1.8     6.3    77.7    32.2    56.6   0.306   0.322   0.333   0.366   0.397    11.0    11.6    11.6    11.8    12.2
53968 20240113  2.622  -95.72   31.78    16.3    -2.4     7.0     5.4     0.0    11.04 C    17.7    -2.7     4.2    75.6    22.1    50.4   0.296   0.313   0.325   0.321   0.397     8.5     9.3     9.3    10.3    11.9
53968 20240114  2.622  -95.72   31.78    -1.0    -7.2    -4.1    -5.4     0.0     1.25 C    -0.1    -5.2    -3.1    85.4    49.1    69.4   0.286   0.309   0.322   0.311   0.384     5.8     7.4     7.4     9.2    11.3
53968 20240115  2.622  -95.72   31.78    -6.7    -8.8    -7.8    -7.5     0.7     1.55 C    -4.3    -9.0    -5.9    85.4    62.9    81.2   0.279   0.306   0.321   0.305   0.381     3.5     5.2     5.1     7.2    10.1
53968 20240116  2.622  -95.72   31.78    -3.0    -9.8    -6.4    -7.4     0.0    12.40 C     3.5   -10.2    -5.9    66.3    36.1    53.4   0.268   0.303   0.318   0.297   0.378     2.2     3.8     3.6     5.8     8.9
53968 20240117  2.622  -95.72   31.78     6.0   -10.8    -2.4    -2.1     0.0    12.77 C    10.6   -10.0    -1.5    75.0    24.2    51.4   0.263   0.300   0.316   0.294   0.379     2.5     3.6     3.4     5.1     8.0
53968 20240118  2.622  -95.72   31.78    18.7     3.8    11.3    10.0     0.0    12.17 C    21.7     1.0     8.1    89.5    26.0    57.7   0.262   0.299   0.316   0.300   0.382     6.4     6.3     6.1     6.1     7.9
53968 20240119  2.622  -95.72   31.78     8.5    -2.6     3.0     3.0     0.0    12.59 C    13.2    -4.0     2.4    54.3    27.4    38.6   0.256   0.295   0.313   0.294   0.379     5.9     6.7     6.7     7.1     8.6
53968 20240120  2.622  -95.72   31.78     5.0    -5.7    -0.3    -0.6     0.0    12.07 C    15.6    -7.0     0.5    46.3    22.7    35.4   0.250   0.292   0.311   0.284   0.376     4.7     5.7     5.6     6.5     8.5
53968 20240121  2.622  -95.72   31.78     5.1    -0.8     2.1     1.7     0.0     2.79 C     7.1     0.1     2.8    51.1    33.7    37.7   0.246   0.289   0.309   0.279   0.375     4.9     5.6     5.6     6.4     8.3
53968 20240122  2.622  -95.72   31.78    14.9     3.4     9.2     9.8    47.9     0.32 C    12.0     2.9     8.3    91.5    53.3    86.1   0.304   0.331   0.343   0.378   0.392     7.7     7.5     7.2     7.2     8.4
53968 20240123  2.622  -95.72   31.78    17.7    13.2    15.5    15.2    67.0     1.04 C    16.5    11.6    13.4    92.3    90.6    91.4   0.322   0.344   0.354   0.421   0.399    12.3    11.5    11.0     9.9     9.5
53968 20240124  2.622  -95.72   31.78    13.3    10.4    11.8    11.7    20.2     0.28 C    12.4    10.2    11.3    92.8    91.6    91.9   0.325   0.345   0.354   0.421   0.398    11.8    11.7    11.6    11.2    10.8
53968 20240125  2.622  -95.72   31.78    12.7    10.1    11.4    11.1     5.4     1.93 C    13.0    10.1    11.1    92.9    85.5    89.9   0.328   0.347   0.355   0.422   0.399    11.9    11.8    11.7    11.4    11.3
53968 20240126  2.622  -95.72   31.78    14.0     9.2    11.6    11.7     5.3     2.33 C    14.3     9.4    11.6    92.8    86.5    90.2   0.329   0.348   0.355   0.423   0.399    12.0    12.0    11.9    11.7    11.7
53968 20240127  2.622  -95.72   31.78    12.9     5.5     9.2     9.7     0.6     3.65 C    13.7     4.1     9.3    89.7    67.1    80.7   0.332   0.350   0.357   0.424   0.399    11.7    12.0    12.0    12.0    12.0
53968 20240128  2.622  -95.72   31.78    15.0     0.3     7.6     7.0     0.0    13.84 C    18.3     0.7     7.5    87.1    39.3    69.0   0.331   0.345   0.352   0.425   0.400    10.2    10.7    10.6    11.1    11.9
53968 20240129  2.622  -95.72   31.78    21.1     1.1    11.1    11.0     0.0    13.44 C    21.0     1.5     9.1    88.2    26.9    61.0   0.321   0.326   0.337   0.419   0.400    10.4    10.7    10.6    10.7    11.6
53968 20240130  2.622  -95.72   31.78    23.8     6.2    15.0    14.1     0.0    13.91 C    22.3     3.7    10.8    79.1    22.4    53.0   0.310   0.320   0.332   0.356   0.400    11.5    11.5    11.5    11.2    11.8
53968 20240131  2.622  -95.72   31.78    24.1     5.7    14.9    14.9     0.0    14.02 C    24.3     3.8    11.7    81.0    25.0    53.7   0.301   0.315   0.327   0.333   0.399    12.2    12.1    12.1    11.7    12.1
53968 20240201  2.622  -95.72   31.78    20.9     9.2    15.1    15.1     0.0    11.85 C    22.3     5.6    11.9    76.4    41.8    59.7   0.293   0.311   0.323   0.321   0.399    12.6    12.6    12.6    12.2    12.5
53968 20240202  2.622  -95.72   31.78    20.8    12.8    16.8    16.5     0.5     3.76 C    23.1     9.6    14.5    89.2    64.0    80.4   0.288   0.309   0.322   0.319   0.398    13.7    13.4    13.5    12.8    12.9
53968 20240203  2.622  -95.72   31.78    19.3    11.5    15.4    14.5    20.3     5.94 C    22.5     9.5    13.8    90.0    64.0    83.3   0.323   0.349   0.355   0.417   0.399    14.4    14.3    14.2    13.6    13.4
53968 20240204  2.622  -95.72   31.78    16.3     8.7    12.5    11.9     0.0     8.39 C    17.6     7.9    11.7    91.3    53.2    78.5   0.325   0.351   0.356   0.424   0.399    13.7    13.8    13.8    13.6    13.7
53968 20240205  2.622  -95.72   31.78    17.3     8.0    12.6    12.5     0.0    11.86 C    19.5     5.1    11.3    84.2    44.8    67.2   0.317   0.327   0.338   0.404   0.399    13.3    13.5    13.5    13.4    13.7
53968 20240206  2.622  -95.72   31.78    20.7     3.0    11.9    11.7     0.0    14.66 C    23.0     2.0    10.3    86.0    24.4    56.3   0.304   0.319   0.330   0.341   0.399    12.6    12.9    12.8    12.9    13.6
53968 20240207  2.622  -95.72   31.78    19.9     9.4    14.6    15.3     0.0    11.69 C    20.5     4.6    12.0    71.0    28.3    46.3   0.294   0.313   0.325   0.323   0.399    13.1    13.2    13.2    13.0    13.5
53968 20240208  2.622  -95.72   31.78    20.8    15.1    17.9    17.4     0.0     4.11 C    20.6    12.0    15.2    84.7    65.8    76.4   0.286   0.309   0.322   0.318   0.399    14.7    14.4    14.4    13.7    13.8
53968 20240209  2.622  -95.72   31.78    22.5    16.3    19.4    19.1     0.0     4.56 C    22.8    13.5    16.7    87.2    63.9    78.3   0.282   0.307   0.321   0.316   0.399    15.9    15.5    15.5    14.7    14.3
53968 20240210  2.622  -95.72   31.78    18.1    12.9    15.5    15.2    33.6     1.09 C    15.8    11.8    14.0    89.9    83.7    87.1   0.313   0.337   0.345   0.395   0.400    15.2    15.4    15.4    15.2    14.9
53968 20240211  2.622  -95.72   31.78    16.0     7.9    11.9    12.5    35.6     3.98 C    19.7     8.4    12.9    89.3    83.1    86.8   0.334   0.355   0.359   0.429   0.399    14.8    14.9    14.9    14.8    14.9
53968 20240212  2.622  -95.72   31.78    13.2     2.7     7.9     7.5     0.0    11.63 C    15.8     2.5     7.6    83.0    38.9    65.3   0.335   0.351   0.356   0.431   0.400    12.0    12.9    12.9    13.8    14.6
53968 20240213  2.622  -95.72   31.78    17.3    -0.3     8.5     8.4     0.0    16.28 C    20.8     0.0     8.2    88.3    29.9    62.0   0.319   0.329   0.339   0.402   0.400    11.4    11.9    11.8    12.4    13.8
53968 20240214  2.622  -95.72   31.78    19.2     5.2    12.2    12.1     0.0    15.73 C    22.3     2.9    10.1    80.4    33.2    56.0   0.307   0.322   0.333   0.347   0.401    12.2    12.5    12.4    12.5    13.5
53968 20240215  2.622  -95.72   31.78    20.7    10.8    15.8    15.6     0.0     9.14 C    22.0     7.4    13.8    79.0    56.7    70.1   0.297   0.316   0.328   0.330   0.400    13.9    13.7    13.6    13.1    13.6
53968 20240216  2.622  -95.72   31.78    22.1     7.8    14.9    17.1     0.0     7.18 C    22.5     5.6    15.0    86.1    48.1    67.8   0.290   0.313   0.325   0.325   0.400    15.4    15.1    15.1    14.4    14.2
53968 20240217  2.622  -95.72   31.78     7.8     2.9     5.3     5.0     0.0     6.86 C     9.3     0.5     4.8    59.7    37.3    51.5   0.279   0.308   0.321   0.312   0.384    11.4    12.6    12.6    13.6    14.4
53968 20240218  2.622  -95.72   31.78    11.2    -2.2     4.5     4.2     0.0    17.30 C    18.8    -2.7     5.2    64.9    18.2    38.1   0.268   0.304   0.319   0.305   0.382    10.2    11.1    10.9    11.8    13.5
53968 20240219  2.622  -95.72   31.78    17.4    -1.6     7.9     8.7     0.0    16.73 C    21.6    -1.7     7.5    73.4    27.3    47.9   0.258   0.299   0.316   0.299   0.380    10.3    10.9    10.7    11.2    12.8
53968 20240220  2.622  -95.72   31.78    25.0     6.7    15.8    15.8     0.0    16.49 C    27.4     3.1    13.0    87.0    34.8    61.1   0.250   0.295   0.313   0.293   0.378    12.6    12.5    12.4    11.9    12.8
53968 20240221  2.622  -95.72   31.78    24.7    15.5    20.1    19.6     0.0    14.84 C    28.1    11.1    17.8    84.6    46.8    66.7   0.243   0.290   0.310   0.288   0.377    15.4    14.8    14.8    13.6    13.5
53968 20240222  2.622  -95.72   31.78    26.9    16.5    21.7    21.1     0.0    12.57 C    31.5    10.5    18.2    73.8    20.6    53.0   0.236   0.285   0.306   0.282   0.376    16.7    16.2    16.2    15.0    14.5
53968 20240223  2.622  -95.72   31.78    22.4     8.8    15.6    16.2     0.0    17.26 C    26.9     5.2    13.4    64.9    18.0    41.5   0.227   0.279   0.301   0.271   0.373    15.2    15.5    15.4    15.1    15.1
53968 20240224  2.622  -95.72   31.78    24.5     4.4    14.5    15.0     0.0    17.54 C    29.6     2.4    12.6    74.7    14.4    41.6   0.219   0.272   0.296   0.260   0.369    14.5    14.7    14.6    14.5    15.0
53968 20240225  2.622  -95.72   31.78    26.2     9.7    18.0    18.7     0.0    16.28 C    30.0     5.2    15.9    73.6    37.2    53.7   0.213   0.266   0.291   0.253   0.367    15.4    15.2    15.2    14.6    15.0
53968 20240226  2.622  -95.72   31.78    29.1    17.5    23.3    22.2     0.0    15.57 C    32.9    13.5    20.5    85.4    44.2    69.0   0.207   0.260   0.286   0.248   0.365    17.9    17.2    17.2    15.9    15.5
53968 20240227  2.622  -95.72   31.78    26.3    19.8    23.0    22.3     0.0     7.09 C    27.4    16.3    20.3    79.7    55.9    70.8   0.203   0.254   0.282   0.244   0.364    18.8    18.3    18.3    17.1    16.3
53968 20240228  2.622  -95.72   31.78    22.0     7.6    14.8    11.6     0.0     6.09 C    19.5     6.1    11.4    86.4    31.6    46.4   0.200   0.251   0.278   0.237   0.360    16.0    16.7    16.8    16.9    16.8
53968 20240229  2.622  -95.72   31.78    12.4     6.1     9.3     8.3     0.9     6.31 C    17.6     5.6     9.0    86.6    25.6    48.5   0.197   0.247   0.275   0.230   0.355    13.3    14.1    14.0    14.9    16.0
53968 20240301  2.622  -95.72   31.78    19.6     6.1    12.8    11.2     1.0    14.84 C    26.2     6.6    12.7    88.4    43.1    73.4   0.199   0.247   0.274   0.228   0.353    14.4    14.6    14.4    14.4    15.3
53968 20240302  2.622  -95.72   31.78    24.0     9.6    16.8    16.4     0.0    18.01 C    30.7     6.0    15.1    89.4    46.5    73.2   0.193   0.242   0.271   0.226   0.351    15.6    15.5    15.4    14.9    15.4
53968 20240303  2.622  -95.72   31.78    26.3    15.6    21.0    20.1     0.0    11.70 C    30.3    11.0    18.7    88.6    46.6    73.2   0.187   0.237   0.268   0.224   0.350    17.3    16.9    16.8    15.9    15.8
53968 20240304  2.622  -95.72   31.78    28.5    19.4    24.0    22.7     0.0    11.65 C    32.3    16.1    21.1    87.0    42.6    70.0   0.181   0.233   0.265   0.222   0.348    19.2    18.5    18.4    17.1    16.5
53968 20240305  2.622  -95.72   31.78    26.2    15.6    20.9    21.3    22.0    15.51 C    29.7    13.6    20.2    87.8    50.6    71.5   0.271   0.285   0.300   0.324   0.377    19.6    19.1    19.1    18.0    17.3
53968 20240306  2.622  -95.72   31.78    26.0    14.8    20.4    20.3     0.0    15.09 C    31.3    12.3    19.6    90.4    55.1    74.3   0.274   0.287   0.303   0.301   0.384    19.8    19.5    19.4    18.4    17.8
53968 20240307  2.622  -95.72   31.78    21.3    17.0    19.1    19.4     0.5     4.34 C    22.0    14.1    17.5    84.6    62.2    72.0   0.252   0.281   0.300   0.290   0.372    19.2    19.2    19.2    18.6    18.2
53968 20240308  2.622  -95.72   31.78    22.0    13.2    17.6    18.7     2.4     9.06 C    24.6    12.2    17.7    89.5    54.3    76.7   0.249   0.282   0.302   0.288   0.375    19.3    19.1    19.1    18.5    18.2
53968 20240309  2.622  -95.72   31.78    14.3     5.8    10.1     9.6     0.0    10.75 C    21.5     3.5    10.2    81.6    47.1    68.1   0.241   0.279   0.300   0.279   0.371    16.5    17.3    17.2    17.7    18.1
53968 20240310  2.622  -95.72   31.78    18.9     2.5    10.7    11.1     0.0    19.64 C    26.9     0.5    11.2    85.1    21.7    51.2   0.228   0.272   0.295   0.265   0.368    15.6    16.0    15.9    16.3    17.3
53968 20240311  2.622  -95.72   31.78    20.8    10.4    15.6    15.1     0.0    13.89 C    29.5     8.3    14.0    63.9    27.0    44.1   0.217   0.265   0.290   0.253   0.365    16.3    16.5    16.4    16.3    17.0
53968 20240312  2.622  -95.72   31.78    24.3    10.8    17.5    17.7     0.0    14.95 C    29.9     7.3    16.2    84.9    47.1    66.2   0.210   0.257   0.285   0.245   0.362    17.0    17.0    16.9    16.5    17.0
53968 20240313  2.622  -95.72   31.78    25.8    18.0    21.9    21.4     0.0    11.64 C    31.1    15.3    20.2    87.5    56.3    73.8   0.204   0.252   0.280   0.240   0.360    19.0    18.5    18.4    17.5    17.3
53968 20240314  2.622  -95.72   31.78    28.2    21.6    24.9    23.9     0.0     7.35 C    30.3    18.5    21.7    81.6    48.3    70.7   0.198   0.247   0.276   0.234   0.358    20.3    19.8    19.7    18.6    18.0
53968 20240315  2.622  -95.72   31.78    22.8    17.0    19.9    19.8     0.6     6.39 C    24.9    15.2    18.9    89.9    70.2    80.7   0.196   0.243   0.273   0.229   0.355    20.1    19.9    19.9    19.2    18.6
53968 20240316  2.622  -95.72   31.78    18.6    15.3    17.0    17.4     4.8     2.56 C    20.3    13.2    16.7    88.7    79.2    85.0   0.198   0.244   0.272   0.225   0.352    18.9    19.0    19.0    18.8    18.7
53968 20240317  2.622  -95.72   31.78    19.6    15.3    17.4    16.8     3.4     6.32 C    25.9    12.6    16.4    91.5    50.1    78.4   0.214   0.259   0.285   0.230   0.353    18.7    18.7    18.7    18.5    18.5
53968 20240318  2.622  -95.72   31.78    17.4     4.5    11.0    13.1     0.0    20.25 C    24.0     2.6    12.3    65.6    22.0    37.2   0.207   0.255   0.283   0.232   0.353    17.4    17.8    17.8    18.0    18.3
53968 20240319  2.622  -95.72   31.78    18.3     0.9     9.6    10.8     0.0    20.93 C    28.3    -0.1    11.4    74.1    20.3    43.2   0.199   0.248   0.277   0.227   0.351    16.1    16.7    16.6    16.9    17.8
53968 20240320  2.622  -95.72   31.78    18.0     7.1    12.5    13.4     0.0     7.94 C    22.7     5.8    13.2    74.9    39.9    61.0   0.193   0.242   0.272   0.224   0.349    16.3    16.7    16.6    16.6    17.5
53968 20240321  2.622  -95.72   31.78    16.4    13.7    15.0    14.7    21.2     3.04 C    18.7    12.3    14.4    89.6    69.2    81.2   0.204   0.248   0.275   0.222   0.348    16.8    17.0    17.0    16.9    17.4
53968 20240322  2.622  -95.72   31.78    19.0    10.1    14.5    14.3     1.4     7.31 C    22.2     8.1    13.9    90.6    63.7    82.1   0.271   0.311   0.318   0.362   0.389    16.8    16.9    16.9    16.8    17.3
53968 20240323  2.622  -95.72   31.78    22.4     9.0    15.7    15.6     0.0    19.33 C    28.9     7.3    15.8    91.4    44.4    72.3   0.250   0.296   0.309   0.302   0.384    17.5    17.4    17.3    16.9    17.2
53968 20240324  2.622  -95.72   31.78    20.8    12.5    16.6    16.7     0.0     8.75 C    23.9    11.1    15.7    74.6    58.6    65.7   0.239   0.288   0.304   0.289   0.373    17.6    17.7    17.6    17.4    17.6
53968 20240325  2.622  -95.72   31.78    21.6    12.1    16.8    17.1    17.8    11.73 C    26.4     9.1    16.7    88.7    47.1    71.3   0.303   0.320   0.332   0.361   0.385    18.6    18.5    18.2    17.7    17.7
53968 20240326  2.622  -95.72   31.78    16.4     5.0    10.7    10.5     0.0    21.87 C    25.6     3.8    11.8    75.4    35.8    49.9   0.321   0.317   0.327   0.370   0.394    17.3    17.7    17.4    17.4    17.8
53968 20240327  2.622  -95.72   31.78    20.0     5.3    12.7    12.7     0.0    17.59 C    27.8     4.3    13.4    78.6    30.7    54.3   0.294   0.304   0.317   0.312   0.394    17.0    17.2    17.0    16.9    17.6
53968 20240328  2.622  -95.72   31.78    22.7     5.5    14.1    14.9     0.0    21.26 C    31.1     4.3    15.1    85.9    34.8    58.0   0.272   0.298   0.312   0.301   0.377    17.7    17.7    17.5    17.1    17.5
53968 20240329  2.622  -95.72   31.78    24.9    11.9    18.4    18.5     0.0    20.31 C    31.7     9.1    17.8    84.9    35.6    58.6   0.252   0.291   0.308   0.292   0.375    18.7    18.5    18.4    17.7    17.8
53968 20240330  2.622  -95.72   31.78    25.1    14.4    19.8    19.6     0.0    11.68 C    32.4    11.3    18.6    84.4    54.4    69.6   0.239   0.285   0.304   0.280   0.372    19.2    19.0    18.9    18.2    18.1
53968 20240331  2.622  -95.72   31.78    27.0    17.5    22.2    21.6     0.0     9.59 C    30.9    15.2    20.4    87.2    58.0    76.0   0.231   0.280   0.301   0.271   0.370    20.2    19.8    19.7    18.9    18.5
53968 20240401  2.622  -95.72   31.78    27.5    20.7    24.1    23.6     0.0    10.32 C    31.7    18.0    22.3    84.7    55.5    73.9   0.224   0.275   0.297   0.264   0.368    21.3    20.8    20.7    19.7    19.0
53968 20240402  2.622  -95.72   31.78    22.6    12.0    17.3    17.6     0.4    21.25 C    30.7     9.7    18.7    85.0    44.6    61.5   0.216   0.269   0.293   0.254   0.365    21.3    21.1    21.0    20.2    19.5
53968 20240403  2.622  -95.72   31.78    23.3     6.0    14.7    14.4     0.0    22.98 C    31.8     4.8    15.2    88.3    25.7    54.3   0.206   0.261   0.287   0.241   0.361    19.5    19.8    19.6    19.5    19.5
53968 20240404  2.622  -95.72   31.78    27.1     4.8    16.0    16.4     0.0    23.03 C    35.3     4.3    17.0    84.0    23.0    52.8   0.196   0.252   0.280   0.231   0.357    19.6    19.6    19.4    19.0    19.3
53968 20240405  2.622  -95.72   31.78    28.9    12.4    20.6    20.5     0.0    22.99 C    36.6     9.2    19.8    66.5    23.9    46.3   0.186   0.242   0.272   0.223   0.353    20.8    20.5    20.3    19.5    19.4
53968 20240406  2.622  -95.72   31.78    28.0    14.1    21.1    21.0     0.0    18.77 C    35.5    10.6    20.6    83.3    35.6    59.1   0.177   0.234   0.265   0.218   0.349    21.1    20.9    20.7    20.0    19.7
53968 20240407  2.622  -95.72   31.78    25.9    16.8    21.3    21.0     0.0    19.76 C    35.5    14.6    21.8    88.0    14.2    51.6   0.167   0.226   0.258   0.213   0.346    22.0    21.7    21.5    20.5    20.0
53968 20240408  2.622  -95.72   31.78    27.9    16.4    22.1    21.7    12.9    10.18 C    34.2    14.4    21.8    89.9    60.2    78.8   0.176   0.224   0.254   0.210   0.343    22.1    21.8    21.6    20.8    20.4
53968 20240409  2.622  -95.72   31.78    20.9    16.7    18.8    18.4    82.4     1.42 C    20.9    16.0    17.9    90.9    80.4    86.6   0.325   0.315   0.329   0.364   0.381    20.1    20.5    20.5    20.6    20.5
53968 20240410  2.622  -95.72   31.78    19.2    13.0    16.1    15.8    23.1     4.32 C    21.7    11.9    16.1    90.1    75.9    85.4   0.360   0.339   0.350   0.413   0.394    19.0    19.3    19.4    19.7    20.0
53968 20240411  2.622  -95.72   31.78    23.2     8.4    15.8    16.1     0.0    23.52 C    28.0     8.5    16.4    88.0    28.3    60.2   0.353   0.336   0.345   0.417   0.395    19.3    19.2    19.1    19.0    19.5
53968 20240412  2.622  -95.72   31.78    26.3     7.5    16.9    17.4     0.0    23.40 C    30.6     8.0    17.5    87.6    22.9    56.8   0.322   0.311   0.321   0.342   0.396    20.3    20.1    19.8    19.4    19.5
53968 20240413  2.622  -95.72   31.78    27.2    12.0    19.6    20.1     0.0    21.96 C    31.3    11.0    19.2    78.5    23.4    51.0   0.295   0.299   0.312   0.309   0.387    21.2    20.9    20.7    20.0    19.8
53968 20240414  2.622  -95.72   31.78    26.4    17.1    21.8    21.4     0.0    13.28 C    29.2    15.4    20.6    85.6    56.4    72.2   0.273   0.291   0.308   0.299   0.377    21.6    21.3    21.1    20.5    20.2
53968 20240415  2.622  -95.72   31.78    26.7    19.8    23.3    22.5     0.0     8.78 C    28.6    17.8    21.7    81.2    62.6    73.9   0.258   0.286   0.305   0.292   0.374    22.1    21.8    21.7    21.0    20.5
53968 20240416  2.622  -95.72   31.78    25.9    19.7    22.8    22.8     0.0     4.64 C    26.1    18.0    21.3    85.2    71.1    77.4   0.248   0.283   0.303   0.283   0.372    22.1    21.9    21.8    21.3    20.8
53968 20240417  2.622  -95.72   31.78    28.3    20.8    24.5    23.9     0.0    12.80 C    33.7    19.0    23.5    89.9    59.6    78.3   0.237   0.278   0.300   0.274   0.370    23.3    22.7    22.6    21.7    21.0
53968 20240418  2.622  -95.72   31.78    29.9    21.6    25.8    24.5     0.0    12.72 C    34.3    20.2    24.2    85.8    61.2    76.5   0.225   0.272   0.295   0.262   0.367    24.3    23.7    23.5    22.5    21.5
53968 20240419  2.622  -95.72   31.78    22.6    17.6    20.1    20.0     0.0    11.75 C    26.7    18.0    21.0    88.1    68.8    77.1   0.214   0.264   0.290   0.250   0.364    23.4    23.4    23.2    22.7    21.9
53968 20240420  2.622  -95.72   31.78    19.2     9.4    14.3    14.2    28.6     2.98 C    19.2    10.8    15.3    89.4    77.7    86.6   0.240   0.280   0.302   0.273   0.367    20.8    21.5    21.4    21.8    21.8
53968 20240421  2.622  -95.72   31.78    19.8    10.0    14.9    14.1     0.5    22.19 C    26.4     9.5    15.7    88.8    36.2    64.2   0.335   0.336   0.345   0.422   0.394    19.5    19.8    19.7    20.0    20.9
53968 20240422  2.622  -95.72   31.78    21.1     6.3    13.7    14.8     0.0    25.17 C    28.6     6.9    16.2    82.8    36.1    55.3   0.303   0.307   0.320   0.334   0.395    20.1    20.2    19.9    19.9    20.4
53968 20240423  2.622  -95.72   31.78    25.4    10.8    18.1    18.6     0.0    21.56 C    32.4    10.5    19.6    79.1    50.4    65.2   0.272   0.295   0.312   0.304   0.384    21.3    21.0    20.7    20.3    20.4
53968 20240424  2.622  -95.72   31.78    28.4    19.6    24.0    22.6     0.0    16.11 C    40.2    17.7    23.3    84.5    56.4    73.9   0.247   0.287   0.307   0.291   0.374    23.0    22.5    22.3    21.4    20.9
53968 20240425  2.622  -95.72   31.78    26.7    18.2    22.5    22.1     0.0    10.17 C    37.8    16.6    22.5    87.2    63.3    77.5   0.236   0.282   0.304   0.280   0.372    22.7    22.5    22.4    21.8    21.3
53968 20240426  2.622  -95.72   31.78    27.3    22.0    24.6    23.7     0.0     5.23 C    33.1    19.9    22.8    80.9    59.6    73.2   0.229   0.278   0.300   0.269   0.370    22.5    22.4    22.3    21.8    21.5
53968 20240427  2.622  -95.72   31.78    29.1    22.9    26.0    25.2     0.0    16.89 C    40.0    20.3    26.4    80.3    53.1    69.4   0.218   0.270   0.295   0.256   0.367    23.5    23.1    23.0    22.1    21.6
53968 20240428  2.622  -95.72   31.78    26.0    17.0    21.5    21.6    58.4     5.00 C    32.0    16.8    21.1    90.3    63.0    77.5   0.255   0.288   0.309   0.302   0.373    22.4    22.6    22.6    22.3    21.9
53968 20240429  2.622  -95.72   31.78    27.5    16.4    21.9    21.0     0.0    17.51 C    37.2    16.3    23.3    92.5    47.0    80.8   0.335   0.337   0.346   0.417   0.394    22.9    22.5    22.4    21.8    21.7
53968 20240430  2.622  -95.72   31.78    29.5    18.6    24.0    23.5     0.0    22.91 C    39.3    17.3    25.9    90.8    49.1    72.1   0.304   0.308   0.323   0.356   0.394    24.7    24.1    23.9    22.8    22.1
53968 20240501  2.622  -95.72   31.78    29.3    19.7    24.5    23.7     3.5    16.60 C    40.2    17.8    25.0    84.6    48.3    68.0   0.277   0.296   0.313   0.305   0.385    24.8    24.5    24.4    23.5    22.6
53968 20240502  2.622  -95.72   31.78    26.3    18.8    22.6    21.7    32.8    16.64 C    34.7    18.3    23.4    90.1    64.2    80.6   0.330   0.339   0.351   0.415   0.393    24.8    24.5    24.2    23.5    22.9
53968 20240503  2.622  -95.72   31.78    27.5    17.2    22.4    21.8     2.1    17.94 C    34.1    17.4    23.7    88.5    51.7    75.2   0.322   0.332   0.346   0.421   0.393    24.8    24.6    24.4    23.8    23.1
53968 20240504  2.622  -95.72   31.78    27.9    18.9    23.4    23.2     8.8    15.80 C    40.6    18.0    24.7    88.4    57.9    74.1   0.302   0.309   0.325   0.348   0.392    24.9    24.6    24.5    23.8    23.2
53968 20240505  2.622  -95.72   31.78    28.2    19.0    23.6    22.2    68.4    15.11 C    33.9    18.6    23.6    89.6    62.0    82.3   0.337   0.340   0.353   0.421   0.394    24.8    24.6    24.5    23.9    23.3
53968 20240506  2.622  -95.72   31.78    29.0    19.6    24.3    24.2     0.0    10.22 C    35.1    19.5    24.1    89.9    60.7    78.4   0.323   0.331   0.346   0.421   0.393    24.8    24.6    24.5    24.0    23.4
53968 20240507  2.622  -95.72   31.78    31.1    23.5    27.3    26.7     0.0    19.03 C    39.6    21.8    27.8    86.4    56.7    75.1   0.304   0.309   0.326   0.365   0.392    26.3    25.6    25.5    24.4    23.5
53968 20240508  2.622  -95.72   31.78    29.8    23.8    26.8    26.0     0.0    10.67 C    37.7    22.5    26.4    86.6    67.6    79.9   0.288   0.298   0.316   0.317   0.385    26.5    26.2    26.0    25.2    24.0
53968 20240509  2.622  -95.72   31.78    30.9    22.8    26.8    26.3     1.2    16.36 C    40.6    20.7    27.8    87.3    61.4    75.6   0.270   0.292   0.312   0.305   0.375    27.0    26.5    26.4    25.5    24.3
53968 20240510  2.622  -95.72   31.78    28.7    16.2    22.4    22.8     0.3    23.03 C    40.7    16.5    25.5    82.7    37.0    58.9   0.249   0.284   0.307   0.287   0.370    26.2    26.1    25.8    25.4    24.5
53968 20240511  2.622  -95.72   31.78    27.3    18.8    23.0    22.5     0.0    19.47 C    41.4    16.8    24.9    85.0    40.9    60.7   0.228   0.274   0.299   0.264   0.365    25.7    25.6    25.4    25.1    24.5
53968 20240512  2.622  -95.72   31.78    20.4    17.9    19.2    19.0    65.4     0.60 C    20.5    17.5    18.7    90.0    69.2    83.3   0.288   0.310   0.328   0.344   0.379    23.0    23.6    23.7    24.2    24.2
53968 20240513  2.622  -95.72   31.78    22.5    18.6    20.5    20.7     0.0     3.79 C    25.3    18.0    21.1    91.5    86.1    89.7   0.345   0.345   0.356   0.428   0.395    22.5    22.7    22.7    22.9    23.4
53968 20240514  2.622  -95.72   31.78    28.4    17.2    22.8    22.5     0.0    25.90 C    33.6    16.7    24.3    93.0    34.8    70.9   0.320   0.325   0.340   0.394   0.395    24.4    24.1    23.9    23.3    23.1
53968 20240515  2.622  -95.72   31.78    30.9    15.9    23.4    23.7     0.0    24.21 C    38.4    15.2    24.8    86.5    37.8    62.6   0.286   0.302   0.319   0.316   0.385    25.0    24.7    24.5    23.9    23.4
53968 20240516  2.622  -95.72   31.78    26.3    16.9    21.6    20.6    27.0     3.21 C    29.7    16.9    20.3    89.6    64.7    80.8   0.297   0.317   0.334   0.363   0.383    23.6    24.0    24.0    24.1    23.7
53968 20240517  2.622  -95.72   31.78    27.6    16.2    21.9    21.6     0.0    23.36 C    35.4    16.1    23.7    90.2    52.6    75.4   0.326   0.335   0.350   0.427   0.391    23.7    23.5    23.5    23.2    23.3
53968 20240518  2.622  -95.72   31.78    31.5    18.1    24.8    25.0     0.0    26.59 C    38.2    17.7    26.5    91.8    48.4    72.6   0.296   0.308   0.327   0.352   0.389    25.6    25.1    24.9    24.2    23.5
53968 20240519  2.622  -95.72   31.78    31.8    22.0    26.9    26.4     0.0    24.91 C    39.1    20.8    27.4    87.1    44.7    68.2   0.267   0.295   0.315   0.308   0.375    26.7    26.2    26.1    25.2    24.0
53968 20240520  2.622  -95.72   31.78    31.3    19.4    25.3    26.1     0.0    26.16 C    39.1    18.7    27.1    88.0    42.4    63.0   0.242   0.284   0.308   0.285   0.370    27.0    26.5    26.4    25.7    24.5
53968 20240521  2.622  -95.72   31.78    31.3    23.5    27.4    27.3     0.0    14.31 C    36.6    21.7    27.2    85.8    58.4    73.9   0.224   0.273   0.300   0.263   0.365    27.1    26.7    26.6    25.9    24.8
53968 20240522  2.622  -95.72   31.78    31.5    21.3    26.4    26.4     3.9    14.34 C    37.6    21.2    26.8    87.7    57.6    77.0   0.215   0.265   0.293   0.248   0.361    27.4    27.0    26.9    26.2    25.1
53968 20240523  2.622  -95.72   31.78    26.9    23.0    24.9    25.0     1.1     2.93 C    26.5    22.6    24.2    89.1    81.4    84.8   0.219   0.267   0.294   0.245   0.359    26.2    26.2    26.1    25.9    25.2
53968 20240524  2.622  -95.72   31.78    31.9    23.5    27.7    27.2    17.1    14.79 C    36.5    22.0    26.9    88.8    60.6    76.7   0.223   0.269   0.295   0.255   0.361    26.8    26.4    26.3    25.7    25.0
53968 20240525  2.622  -95.72   31.78    32.6    23.7    28.2    27.5     0.0    17.38 C    35.7    22.5    27.3    91.3    62.2    79.4   0.299   0.310   0.326   0.361   0.392    27.4    26.9    26.8    26.1    25.2
53968 20240526  2.622  -95.72   31.78    31.6    24.6    28.1    27.7     0.0    16.77 C    35.8    23.3    27.4    86.5    58.3    76.4   0.263   0.294   0.313   0.303   0.377    27.9    27.5    27.4    26.6    25.5
53968 20240527  2.622  -95.72   31.78    33.1    24.7    28.9    28.2     0.0    18.52 C    37.8    23.1    28.4    90.0    62.8    79.3   0.238   0.284   0.306   0.285   0.368    28.3    27.9    27.8    26.9    25.8
53968 20240528  2.622  -95.72   31.78    26.7    18.4    22.6    23.3    35.0    12.53 C    29.5    17.6    23.2    90.1    55.7    78.6   0.279   0.312   0.327   0.354   0.380    26.2    26.5    26.5    26.5    26.0
53968 20240529  2.622  -95.72   31.78    30.2    19.3    24.7    24.1     0.3    20.22 C    34.9    19.2    24.9    88.4    54.8    76.2   0.291   0.310   0.327   0.356   0.391    26.0    25.9    25.8    25.7    25.5
53968 20240530  2.622  -95.72   31.78    29.4    18.4    23.9    23.4    25.2    10.12 C    34.5    18.3    23.5    87.3    66.3    80.2   0.286   0.312   0.329   0.344   0.384    25.8    26.0    25.9    25.9    25.4
53968 20240531  2.622  -95.72   31.78    26.8    18.3    22.5    22.0    23.6    16.85 C    31.8    18.4    22.6    90.7    58.0    79.6   0.328   0.342   0.354   0.423   0.386    24.4    24.6    24.6    24.9    25.0
53968 20240601  2.622  -95.72   31.78    30.8    18.7    24.7    24.1     0.0    23.22 C    34.3    18.1    24.7    91.1    56.5    76.0   0.308   0.324   0.339   0.389   0.386    25.3    25.2    25.1    24.9    24.7
53968 20240602  2.622  -95.72   31.78    31.0    20.1    25.6    25.0    29.4    17.60 C    33.9    19.5    25.5    88.1    64.6    80.0   0.291   0.312   0.330   0.347   0.385    26.1    25.9    25.9    25.5    24.8
53968 20240603  2.622  -95.72   31.78    30.8    19.5    25.2    24.6     0.0    12.06 C    31.8    19.3    24.2    89.7    68.1    80.1   0.326   0.342   0.357   0.430   0.391    25.5    25.4    25.5    25.4    25.0
53968 20240604  2.622  -95.72   31.78    32.2    22.2    27.2    27.6     0.0    13.40 C    32.8    21.3    26.6    85.0    64.6    77.7   0.310   0.321   0.338   0.403   0.390    26.4    26.1    26.0    25.6    25.0
53968 20240605  2.622  -95.72   31.78    30.5    19.1    24.8    24.5    25.9    18.25 C    32.7    19.0    24.4    90.6    53.1    76.1   0.333   0.338   0.351   0.416   0.391    26.0    26.0    25.9    25.7    25.1
53968 20240606  2.622  -95.72   31.78    33.4    19.3    26.4    26.2     0.0    25.51 C    34.7    18.0    25.5    91.9    34.6    68.6   0.315   0.323   0.340   0.385   0.391    26.3    26.1    26.0    25.7    25.1
53968 20240607  2.622  -95.72   31.78    33.2    19.9    26.5    26.7     0.0    24.77 C    35.2    18.8    26.2    88.6    45.3    69.0   0.279   0.301   0.321   0.318   0.381    26.7    26.5    26.3    26.0    25.2
53968 20240608  2.622  -95.72   31.78    33.1    22.0    27.6    27.8     0.0    25.28 C    35.9    20.8    27.3    87.9    47.5    69.1   0.251   0.291   0.313   0.297   0.370    27.5    27.2    27.0    26.5    25.5
53968 20240609  2.622  -95.72   31.78    32.4    21.3    26.8    27.0     0.0    24.94 C    35.7    19.9    26.8    90.9    48.1    72.8   0.230   0.280   0.305   0.271   0.366    27.8    27.5    27.4    26.9    25.8
53968 20240610  2.622  -95.72   31.78    32.3    22.1    27.2    25.2    22.8    12.08 C    35.6    21.1    25.0    90.6    56.0    82.3   0.264   0.298   0.319   0.314   0.373    26.8    26.9    26.9    26.9    26.0
53968 20240611  2.622  -95.72   31.78    30.7    22.1    26.4    25.1     2.9    15.82 C    35.0    21.3    25.0    91.6    58.0    79.4   0.311   0.321   0.336   0.393   0.392    26.5    26.5    26.4    26.3    25.8
53968 20240612  2.622  -95.72   31.78    31.4    21.4    26.4    25.8     0.0    23.30 C    33.8    20.4    25.3    92.0    50.6    69.3   0.290   0.307   0.325   0.330   0.385    26.8    26.7    26.6    26.3    25.7
53968 20240613  2.622  -95.72   31.78    32.5    20.3    26.4    26.5     0.0    25.33 C    35.5    19.2    25.7    85.5    43.0    64.1   0.259   0.295   0.315   0.301   0.371    26.8    26.7    26.6    26.4    25.7
53968 20240614  2.622  -95.72   31.78    33.0    19.0    26.0    26.5     0.0    26.59 C    35.1    18.0    25.6    88.2    35.4    60.8   0.234   0.284   0.306   0.275   0.366    26.7    26.7    26.6    26.4    25.7
53968 20240615  2.622  -95.72   31.78    32.7    19.8    26.3    26.9     0.0    25.49 C    36.0    18.4    26.2    85.5    42.1    65.2   0.215   0.270   0.296   0.251   0.360    26.9    26.8    26.7    26.5    25.7
53968 20240616  2.622  -95.72   31.78    33.0    22.4    27.7    27.7     0.0    24.70 C    35.8    20.7    26.9    86.6    42.0    67.0   0.201   0.255   0.284   0.237   0.355    27.5    27.3    27.2    26.8    25.9
53968 20240617  2.622  -95.72   31.78    33.1    23.2    28.2    27.8     0.3    22.65 C    36.1    21.7    27.2    88.8    48.1    71.8   0.188   0.241   0.273   0.228   0.350    28.0    27.7    27.6    27.1    26.1
53968 20240618  2.622  -95.72   31.78    32.6    22.8    27.7    27.1     0.0    23.31 C    36.0    21.2    26.9    87.7    51.2    70.8   0.175   0.229   0.261   0.221   0.346    28.2    28.0    27.9    27.4    26.3
53968 20240619  2.622  -95.72   31.78    30.2    22.4    26.3    25.5     0.0     9.13 C    32.2    21.0    24.6    88.2    61.1    77.0   0.164   0.220   0.254   0.216   0.341    27.1    27.2    27.1    27.1    26.4
53968 20240620  2.622  -95.72   31.78    32.6    23.8    28.2    27.8     0.0    23.02 C    35.9    22.5    27.1    84.5    47.2    68.6   0.154   0.211   0.247   0.211   0.337    27.7    27.5    27.3    27.0    26.2
53968 20240621  2.622  -95.72   31.78    33.2    22.6    27.9    27.8     0.0    25.11 C    36.7    21.1    27.2    88.2    39.6    66.2   0.139   0.198   0.232   0.203   0.332    27.9    27.7    27.6    27.2    26.3
53968 20240622  2.622  -95.72   31.78    33.6    22.4    28.0    28.0     0.0    26.63 C    38.4    20.7    28.3    89.7    47.2    69.4   0.122   0.183   0.215   0.194   0.327    27.9    27.7    27.6    27.3    26.4
53968 20240623  2.622  -95.72   31.78    34.1    23.4    28.7    28.5     0.0    25.04 C    38.6    21.9    28.6    87.1    48.2    70.2   0.107   0.167   0.198   0.182   0.319    28.2    28.0    27.9    27.5    26.5
53968 20240624  2.622  -95.72   31.78    34.8    23.3    29.1    28.9     0.0    25.01 C    38.8    21.6    28.7    89.1    44.1    67.2   0.094   0.153   0.181   0.167   0.308    28.3    28.1    28.0    27.6    26.7
53968 20240625  2.622  -95.72   31.78    34.7    24.4    29.5    29.4     0.0    24.17 C    39.5    23.0    29.5    88.4    48.6    69.8   0.081   0.139   0.165   0.149   0.291    28.7    28.4    28.3    27.8    26.8
53968 20240626  2.622  -95.72   31.78    34.5    24.3    29.4    27.7     0.3    18.92 C    39.8    22.6    27.9    87.4    49.9    72.4   0.073   0.128   0.154   0.130   0.269    28.6    28.5    28.4    28.0    27.0
53968 20240627  2.622  -95.72   31.78    34.6    23.6    29.1    28.5     0.0    20.04 C    39.4    22.3    28.3    89.4    53.9    72.4   0.066   0.121   0.147   0.112   0.248    28.3    28.1    28.1    27.7    27.0
53968 20240628  2.622  -95.72   31.78    35.9    24.1    30.0    29.7     0.0    24.65 C    41.4    22.1    30.1    85.8    46.1    67.0   0.059   0.114   0.139   0.091   0.229    28.9    28.6    28.5    27.9    27.0
53968 20240629  2.622  -95.72   31.78    36.4    25.9    31.1    30.5     0.0    23.36 C    44.1    24.7    31.3    86.8    43.8    67.6   0.055   0.109   0.133   0.081   0.220    29.5    29.0    29.0    28.2    27.2
53968 20240630  2.622  -95.72   31.78    35.6    24.6    30.1    29.8     0.0    23.50 C    46.4    23.0    31.3    89.5    42.2    68.1   0.053   0.105   0.129   0.077   0.215    29.8    29.3    29.3    28.4    27.4
53968 20240701  2.622  -95.72   31.78    36.8    24.5    30.7    29.9     0.0    25.52 C    46.5    23.1    32.1    88.1    39.6    66.1   0.051   0.102   0.127   0.074   0.212    30.5    29.8    29.7    28.6    27.6
53968 20240702  2.622  -95.72   31.78 -9999.0 -9999.0 -9999.0 -9999.0 -9999.0 -9999.00 U -9999.0 -9999.0 -9999.0 -9999.0 -9999.0 -9999.0 -99.000 -99.000 -99.000 -99.000 -99.000 -9999.0 -9999.0 -9999.0 -9999.0 -9999.0
